0.00781161 0 2.13587e-05 0 0 0.0109797 0 0 2.13587e-05 0 0.00766097 0 0 0 0 0.0109797 
0.00953279 -0.0118304 6.74632e-06 -4.91366e-06 -0.0118304 0.0313656 -4.91366e-06 9.88077e-06 6.74632e-06 -4.91366e-06 0.00936408 -0.0116246 -4.91366e-06 9.88077e-06 -0.0116246 0.0309709 
0.00976982 -0.0182111 -2.38829e-05 0.000103054 -0.0182111 0.067096 0.000103054 -0.000359098 -2.38829e-05 0.000103054 0.00966846 -0.0180046 0.000103054 -0.000359098 -0.0180046 0.066456 
0.00915649 -0.0176902 -1.0122e-05 0.000210633 -0.0176902 0.0793306 0.000212992 -0.00105798 -1.0122e-05 0.000212992 0.00915144 -0.0176741 0.000210633 -0.00105798 -0.0176741 0.0793448 
0.00886363 -0.0165489 1.56023e-05 0.000163122 -0.0165489 0.0798579 0.00016477 -0.0011976 1.56023e-05 0.00016477 0.00887691 -0.0166524 0.000163122 -0.0011976 -0.0166524 0.0804133 
0.00862315 -0.0158313 3.11558e-05 8.10382e-05 -0.0158313 0.0777358 7.65456e-05 -0.000869723 3.11558e-05 7.65456e-05 0.0086391 -0.0159366 8.10382e-05 -0.000869723 -0.0159366 0.0783756 
0.00836974 -0.0153268 2.51e-05 3.69697e-05 -0.0153268 0.0755124 2.83916e-05 -0.000546765 2.51e-05 2.83916e-05 0.00840313 -0.0154184 3.69697e-05 -0.000546765 -0.0154184 0.0760638 
0.00811728 -0.014853 1.46721e-05 3.78655e-05 -0.014853 0.0733196 2.85277e-05 -0.000391086 1.46721e-05 2.85277e-05 0.00816303 -0.0149608 3.78655e-05 -0.000391086 -0.0149608 0.0738318 
0.0111309 -0.0203323 1.5045e-06 7.52728e-05 -0.0203323 0.100448 6.28519e-05 -0.000508191 1.5045e-06 6.28519e-05 0.0111951 -0.0205054 7.52728e-05 -0.000508191 -0.0205054 0.101184 
0.0110135 -0.0200948 -1.47783e-05 0.000106025 -0.0200948 0.099217 0.000100014 -0.000568678 -1.47783e-05 0.000100014 0.0110649 -0.0202673 0.000106025 -0.000568678 -0.0202673 0.099963 
0.0109701 -0.0200012 -1.67951e-05 0.000127712 -0.0200012 0.0986467 0.000131891 -0.000652629 -1.67951e-05 0.000131891 0.0109895 -0.0201516 0.000127712 -0.000652629 -0.0201516 0.0993553 
0.0109595 -0.0199866 -3.23724e-06 0.000129584 -0.0199866 0.0984707 0.000139362 -0.000701234 -3.23724e-06 0.000139362 0.0109389 -0.0200932 0.000129584 -0.000701234 -0.0200932 0.0990851 
0.0109146 -0.0199513 -1.28931e-05 0.000108948 -0.0199513 0.0982391 0.000122143 -0.000684382 -1.28931e-05 0.000122143 0.0109009 -0.0200015 0.000108948 -0.000684382 -0.0200015 0.0987115 
0.0108775 -0.0199533 -1.71366e-05 0.000118594 -0.0199533 0.0983087 0.000132373 -0.000684546 -1.71366e-05 0.000132373 0.0109279 -0.0200032 0.000118594 -0.000684546 -0.0200032 0.0987061 
0.0108517 -0.0199079 -1.60594e-05 0.00012471 -0.0199079 0.0982605 0.000138157 -0.000698879 -1.60594e-05 0.000138157 0.010935 -0.0200361 0.00012471 -0.000698879 -0.0200361 0.098754 
0.0108439 -0.0198692 -2.01623e-05 0.000121899 -0.0198692 0.0981589 0.000134042 -0.000697616 -2.01623e-05 0.000134042 0.0109227 -0.0200449 0.000121899 -0.000697616 -0.0200449 0.098788 
0.0108316 -0.0198383 -2.37473e-05 0.000125622 -0.0198383 0.0980022 0.000135417 -0.000694141 -2.37473e-05 0.000135417 0.0109004 -0.0200096 0.000125622 -0.000694141 -0.0200096 0.0986765 
0.0108405 -0.0198598 -1.3724e-05 0.000127455 -0.0198598 0.098086 0.000136074 -0.000690417 -1.3724e-05 0.000136074 0.0108995 -0.0200076 0.000127455 -0.000690417 -0.0200076 0.0987166 
0.0108575 -0.0198751 -1.47756e-05 0.000116042 -0.0198751 0.0981637 0.000122873 -0.000667932 -1.47756e-05 0.000122873 0.01089 -0.0200047 0.000116042 -0.000667932 -0.0200047 0.0987317 
0.0108813 -0.0198864 -6.79085e-06 0.000116468 -0.0198864 0.098182 0.00011977 -0.000649996 -6.79085e-06 0.00011977 0.0108607 -0.0199789 0.000116468 -0.000649996 -0.0199789 0.0986607 
0.0108504 -0.0198388 -3.97482e-06 0.000105444 -0.0198388 0.0978493 0.000105812 -0.000619316 -3.97482e-06 0.000105812 0.0108233 -0.0198575 0.000105444 -0.000619316 -0.0198575 0.0981599 
0.0108806 -0.0198804 -2.48969e-06 0.000104504 -0.0198804 0.0980233 0.000100436 -0.000601901 -2.48969e-06 0.000100436 0.0108177 -0.0198842 0.000104504 -0.000601901 -0.0198842 0.0982243 
0.0108943 -0.0199107 2.90501e-06 0.000108773 -0.0199107 0.0981223 9.94747e-05 -0.000603147 2.90501e-06 9.94747e-05 0.0108082 -0.0198774 0.000108773 -0.000603147 -0.0198774 0.098239 
0.0109077 -0.0199609 8.88347e-06 0.000102981 -0.0199609 0.0983587 9.2788e-05 -0.000595792 8.88347e-06 9.2788e-05 0.0108211 -0.0199027 0.000102981 -0.000595792 -0.0199027 0.0984048 
0.0108822 -0.019932 1.75189e-05 9.16464e-05 -0.019932 0.0982684 8.74563e-05 -0.000576625 1.75189e-05 8.74563e-05 0.0108192 -0.0198753 9.16464e-05 -0.000576625 -0.0198753 0.0982916 
0.0108299 -0.0198939 1.56555e-05 7.51534e-05 -0.0198939 0.0981479 8.02851e-05 -0.000549094 1.56555e-05 8.02851e-05 0.0108469 -0.0198698 7.51534e-05 -0.000549094 -0.0198698 0.0982245 
0.0107753 -0.0197764 7.96386e-06 7.44676e-05 -0.0197764 0.0977299 8.26408e-05 -0.000535106 7.96386e-06 8.26408e-05 0.0108311 -0.0198493 7.44676e-05 -0.000535106 -0.0198493 0.0979832 
0.0107791 -0.0197201 7.83068e-06 8.45351e-05 -0.0197201 0.0974977 8.57111e-05 -0.000538626 7.83068e-06 8.57111e-05 0.0107995 -0.019852 8.45351e-05 -0.000538626 -0.019852 0.0979421 
0.0107851 -0.0196801 1.01723e-05 8.56031e-05 -0.0196801 0.0971918 7.89154e-05 -0.000532482 1.01723e-05 7.89154e-05 0.0107353 -0.0197753 8.56031e-05 -0.000532482 -0.0197753 0.0976601 
0.0107955 -0.0196984 1.63633e-05 8.00905e-05 -0.0196984 0.0971187 7.29958e-05 -0.000513836 1.63633e-05 7.29958e-05 0.0107031 -0.0197039 8.00905e-05 -0.000513836 -0.0197039 0.0974378 
0.010762 -0.0196958 1.8112e-05 6.88169e-05 -0.0196958 0.0970164 6.44337e-05 -0.000485358 1.8112e-05 6.44337e-05 0.0106952 -0.0196373 6.88169e-05 -0.000485358 -0.0196373 0.0971487 
0.0107446 -0.0197031 2.56542e-05 6.65049e-05 -0.0197031 0.0971261 6.44013e-05 -0.000471452 2.56542e-05 6.44013e-05 0.0107156 -0.0196702 6.65049e-05 -0.000471452 -0.0196702 0.0972182 
0.010741 -0.0196928 2.93168e-05 6.15467e-05 -0.0196928 0.0971916 5.57741e-05 -0.000460433 2.93168e-05 5.57741e-05 0.010736 -0.0197159 6.15467e-05 -0.000460433 -0.0197159 0.0973845 
0.0107507 -0.0196962 2.40265e-05 6.13238e-05 -0.0196962 0.0972592 4.98268e-05 -0.000452038 2.40265e-05 4.98268e-05 0.0107455 -0.0197562 6.13238e-05 -0.000452038 -0.0197562 0.097569 
0.0107429 -0.0197049 1.16387e-05 6.91232e-05 -0.0197049 0.0973039 5.65918e-05 -0.000461607 1.16387e-05 5.65918e-05 0.0107568 -0.0197686 6.91232e-05 -0.000461607 -0.0197686 0.0976711 
0.01074 -0.0196951 -1.52837e-06 8.07351e-05 -0.0196951 0.0973162 7.26733e-05 -0.0004879 -1.52837e-06 7.26733e-05 0.0107589 -0.0197804 8.07351e-05 -0.0004879 -0.0197804 0.0977322 
0.0107284 -0.0196512 -1.38232e-05 9.32705e-05 -0.0196512 0.0971231 8.88517e-05 -0.000518308 -1.38232e-05 8.88517e-05 0.0107428 -0.0197448 9.32705e-05 -0.000518308 -0.0197448 0.097579 
0.0107195 -0.0196021 -2.02665e-05 0.000107138 -0.0196021 0.0968504 0.000102108 -0.000549015 -2.02665e-05 0.000102108 0.0107006 -0.0196935 0.000107138 -0.000549015 -0.0196935 0.0973214 
0.0107186 -0.0196115 -9.38682e-06 0.000112486 -0.0196115 0.0968146 0.000108358 -0.000567196 -9.38682e-06 0.000108358 0.0106811 -0.0196648 0.000112486 -0.000567196 -0.0196648 0.0972357 
0.010736 -0.0196576 1.50763e-05 9.65878e-05 -0.0196576 0.0970239 9.55544e-05 -0.000549628 1.50763e-05 9.55544e-05 0.0106929 -0.0196822 9.65878e-05 -0.000549628 -0.0196822 0.0973672 
0.0107149 -0.0196362 2.95768e-05 6.35915e-05 -0.0196362 0.0969387 6.57675e-05 -0.000486186 2.95768e-05 6.57675e-05 0.0106952 -0.0196543 6.35915e-05 -0.000486186 -0.0196543 0.0972403 
0.0106871 -0.0195986 3.25486e-05 4.33902e-05 -0.0195986 0.0968016 4.62749e-05 -0.000422939 3.25486e-05 4.62749e-05 0.0107031 -0.0196455 4.33902e-05 -0.000422939 -0.0196455 0.0971335 
0.0106797 -0.0195783 2.80217e-05 3.85863e-05 -0.0195783 0.096753 4.42312e-05 -0.000394633 2.80217e-05 4.42312e-05 0.0107115 -0.0196729 3.85863e-05 -0.000394633 -0.0196729 0.0971837 
0.0106879 -0.0196106 1.90689e-05 4.4445e-05 -0.0196106 0.0969195 5.37662e-05 -0.000401575 1.90689e-05 5.37662e-05 0.0107478 -0.0197246 4.4445e-05 -0.000401575 -0.0197246 0.0974258 
0.0107069 -0.0196294 1.78343e-05 5.49949e-05 -0.0196294 0.0970517 6.48303e-05 -0.000424429 1.78343e-05 6.48303e-05 0.010768 -0.0197707 5.49949e-05 -0.000424429 -0.0197707 0.0976159 
0.0107002 -0.0195964 1.16377e-05 5.71453e-05 -0.0195964 0.0968626 6.53364e-05 -0.000435968 1.16377e-05 6.53364e-05 0.01074 -0.0197302 5.71453e-05 -0.000435968 -0.0197302 0.0974266 
0.0107068 -0.0196323 1.01778e-05 6.67255e-05 -0.0196323 0.0969752 7.22603e-05 -0.000452813 1.01778e-05 7.22603e-05 0.0107437 -0.0197315 6.67255e-05 -0.000452813 -0.0197315 0.0974659 
0.0107141 -0.019647 1.58059e-05 7.07373e-05 -0.019647 0.0970641 7.44359e-05 -0.000466679 1.58059e-05 7.44359e-05 0.0107461 -0.0197336 7.07373e-05 -0.000466679 -0.0197336 0.0974843 
0.0107041 -0.0196321 3.93986e-05 6.73703e-05 -0.0196321 0.0969972 6.79691e-05 -0.000467608 3.93986e-05 6.79691e-05 0.0107474 -0.0197115 6.73703e-05 -0.000467608 -0.0197115 0.0973767 
0.0107246 -0.0196805 2.70624e-05 4.29981e-05 -0.0196805 0.0972455 4.08384e-05 -0.000432036 2.70624e-05 4.08384e-05 0.0107879 -0.0197754 4.29981e-05 -0.000432036 -0.0197754 0.0976346 
0.0107441 -0.019706 1.99993e-05 5.2858e-05 -0.019706 0.0974059 5.32337e-05 -0.000425566 1.99993e-05 5.32337e-05 0.0108101 -0.0198328 5.2858e-05 -0.000425566 -0.0198328 0.0978616 
0.0107163 -0.0196574 9.07278e-06 6.26819e-05 -0.0196574 0.0971652 6.82325e-05 -0.000452664 9.07278e-06 6.82325e-05 0.0107884 -0.019794 6.26819e-05 -0.000452664 -0.019794 0.0976747 
0.0106985 -0.0196147 3.38628e-06 7.46249e-05 -0.0196147 0.0969651 8.50895e-05 -0.000489201 3.38628e-06 8.50895e-05 0.0107621 -0.019761 7.46249e-05 -0.000489201 -0.019761 0.0975109 
0.0106927 -0.0196027 2.0578e-06 8.16428e-05 -0.0196027 0.0968901 9.58356e-05 -0.000521121 2.0578e-06 9.58356e-05 0.010747 -0.0197402 8.16428e-05 -0.000521121 -0.0197402 0.0974384 
0.0107078 -0.0196122 7.26735e-06 8.52791e-05 -0.0196122 0.0969251 9.74802e-05 -0.000539121 7.26735e-06 9.74802e-05 0.0107395 -0.0197355 8.52791e-05 -0.000539121 -0.0197355 0.0974443 
0.0107119 -0.0196161 -9.17212e-07 8.27078e-05 -0.0196161 0.0968994 8.5292e-05 -0.000532093 -9.17212e-07 8.5292e-05 0.0107209 -0.0197112 8.27078e-05 -0.000532093 -0.0197112 0.0973604 
0.0106949 -0.0195905 -1.02705e-05 9.34646e-05 -0.0195905 0.0967435 9.06637e-05 -0.000536458 -1.02705e-05 9.06637e-05 0.0106979 -0.0196563 9.34646e-05 -0.000536458 -0.0196563 0.0971303 
0.0107014 -0.019575 -1.19361e-05 0.00010349 -0.019575 0.0966569 0.000102415 -0.000556526 -1.19361e-05 0.000102415 0.0106687 -0.0196267 0.00010349 -0.000556526 -0.0196267 0.0969831 
0.0107117 -0.0196014 -2.16109e-05 0.000102517 -0.0196014 0.0967017 0.000108043 -0.000569733 -2.16109e-05 0.000108043 0.0106474 -0.0195976 0.000102517 -0.000569733 -0.0195976 0.0969065 
0.0107257 -0.0196524 -2.03318e-05 0.000109624 -0.0196524 0.096922 0.000119505 -0.000585059 -2.03318e-05 0.000119505 0.0106577 -0.0195993 0.000109624 -0.000585059 -0.0195993 0.0969766 
0.0106861 -0.0196095 -2.16523e-05 0.000111465 -0.0196095 0.0967472 0.000118525 -0.000595061 -2.16523e-05 0.000118525 0.010651 -0.0195478 0.000111465 -0.000595061 -0.0195478 0.0967171 
0.01065 -0.0195789 -1.55268e-05 0.000112695 -0.0195789 0.0966839 0.000114842 -0.000592872 -1.55268e-05 0.000114842 0.0106722 -0.0195648 0.000112695 -0.000592872 -0.0195648 0.0967089 
0.0106272 -0.0195235 -9.06162e-06 0.000102172 -0.0195235 0.0965325 0.000104905 -0.000570904 -9.06162e-06 0.000104905 0.0106737 -0.0195857 0.000102172 -0.000570904 -0.0195857 0.0967183 
0.0106267 -0.0195051 4.90035e-06 8.99455e-05 -0.0195051 0.0964735 9.70683e-05 -0.000541072 4.90035e-06 9.70683e-05 0.0106744 -0.019602 8.99455e-05 -0.000541072 -0.019602 0.096793 
0.0106013 -0.0194433 2.49409e-05 7.14686e-05 -0.0194433 0.0961523 8.06726e-05 -0.000499715 2.49409e-05 8.06726e-05 0.0106312 -0.019541 7.14686e-05 -0.000499715 -0.019541 0.0965169 
0.010607 -0.0194371 2.68863e-05 4.63295e-05 -0.0194371 0.0960805 5.43277e-05 -0.000440534 2.68863e-05 5.43277e-05 0.0106051 -0.0195066 4.63295e-05 -0.000440534 -0.0195066 0.0964014 
0.0106247 -0.0194706 1.83245e-05 4.42954e-05 -0.0194706 0.0961843 5.00402e-05 -0.000408445 1.83245e-05 5.00402e-05 0.0105894 -0.0194923 4.42954e-05 -0.000408445 -0.0194923 0.0963933 
0.010618 -0.0194601 6.72595e-06 5.65201e-05 -0.0194601 0.096094 5.82245e-05 -0.00041438 6.72595e-06 5.82245e-05 0.0105615 -0.0194303 5.65201e-05 -0.00041438 -0.0194303 0.0961578 
0.0105962 -0.0194674 -2.42062e-06 7.35602e-05 -0.0194674 0.096108 6.98035e-05 -0.000442055 -2.42062e-06 6.98035e-05 0.010566 -0.0194028 7.35602e-05 -0.000442055 -0.0194028 0.0960438 
0.0105611 -0.01941 -1.38078e-05 8.65001e-05 -0.01941 0.0959197 7.99763e-05 -0.000472076 -1.38078e-05 7.99763e-05 0.0105458 -0.0193789 8.65001e-05 -0.000472076 -0.0193789 0.0958565 
0.0105543 -0.0193716 -1.68718e-05 9.92798e-05 -0.0193716 0.0957931 9.24607e-05 -0.000501946 -1.68718e-05 9.24607e-05 0.010531 -0.0193675 9.92798e-05 -0.000501946 -0.0193675 0.0957959 
0.0105168 -0.0193234 -2.03577e-06 9.94913e-05 -0.0193234 0.0955298 9.64817e-05 -0.000514213 -2.03577e-06 9.64817e-05 0.0105171 -0.0193123 9.94913e-05 -0.000514213 -0.0193123 0.0955553 
0.0104991 -0.0193004 1.52338e-05 7.756e-05 -0.0193004 0.0954512 8.15163e-05 -0.000488244 1.52338e-05 8.15163e-05 0.0105248 -0.0193143 7.756e-05 -0.000488244 -0.0193143 0.0955122 
0.0105051 -0.0192856 1.93033e-05 5.23001e-05 -0.0192856 0.0954224 5.92994e-05 -0.000432287 1.93033e-05 5.92994e-05 0.0105152 -0.0193394 5.23001e-05 -0.000432287 -0.0193394 0.0955742 
0.0105157 -0.0193128 1.98642e-05 4.63107e-05 -0.0193128 0.0955181 5.14822e-05 -0.000394631 1.98642e-05 5.14822e-05 0.0105179 -0.0193487 4.63107e-05 -0.000394631 -0.0193487 0.0956851 
0.0105063 -0.0192929 1.90866e-05 4.80804e-05 -0.0192929 0.0954167 5.23121e-05 -0.000385045 1.90866e-05 5.23121e-05 0.0105045 -0.0193123 4.80804e-05 -0.000385045 -0.0193123 0.0955469 
0.0105008 -0.0193187 1.20401e-05 4.98976e-05 -0.0193187 0.0955397 5.34393e-05 -0.000387263 1.20401e-05 5.34393e-05 0.0105327 -0.0193329 4.98976e-05 -0.000387263 -0.0193329 0.0956433 
0.0104924 -0.0193322 6.38795e-06 5.81637e-05 -0.0193322 0.0956791 6.25416e-05 -0.000401362 6.38795e-06 6.25416e-05 0.0105723 -0.019382 5.81637e-05 -0.000401362 -0.019382 0.0958207 
0.0104975 -0.0192829 -1.13245e-06 6.61882e-05 -0.0192829 0.0955354 6.95768e-05 -0.000420812 -1.13245e-06 6.95768e-05 0.0105506 -0.0193931 6.61882e-05 -0.000420812 -0.0193931 0.0957945 
0.0105005 -0.0192762 -6.89964e-06 7.5329e-05 -0.0192762 0.0954228 7.64184e-05 -0.000439748 -6.89964e-06 7.64184e-05 0.0105275 -0.0193592 7.5329e-05 -0.000439748 -0.0193592 0.0957022 
0.0105288 -0.019294 -4.32594e-06 8.10143e-05 -0.019294 0.0954483 8.13454e-05 -0.000452816 -4.32594e-06 8.13454e-05 0.0105001 -0.0193379 8.10143e-05 -0.000452816 -0.0193379 0.0956495 
0.0105633 -0.0193646 7.28856e-06 7.85215e-05 -0.0193646 0.0956862 7.87142e-05 -0.000454588 7.28856e-06 7.87142e-05 0.0104987 -0.0193345 7.85215e-05 -0.000454588 -0.0193345 0.0957292 
0.0105925 -0.0194016 2.06677e-05 6.32296e-05 -0.0194016 0.0958268 6.42525e-05 -0.000429374 2.06677e-05 6.42525e-05 0.010484 -0.0193201 6.32296e-05 -0.000429374 -0.0193201 0.0957068 
0.0106174 -0.0194708 1.51725e-05 4.47301e-05 -0.0194708 0.0961076 5.05615e-05 -0.000392407 1.51725e-05 5.05615e-05 0.0105021 -0.0193361 4.47301e-05 -0.000392407 -0.0193361 0.0958404 
0.0106162 -0.01949 1.09611e-05 4.94093e-05 -0.01949 0.0962182 5.92898e-05 -0.000386484 1.09611e-05 5.92898e-05 0.0105243 -0.0193413 4.94093e-05 -0.000386484 -0.0193413 0.0958619 
0.010595 -0.0195025 1.10858e-05 5.64064e-05 -0.0195025 0.0963322 6.47099e-05 -0.00040106 1.10858e-05 6.47099e-05 0.0105679 -0.0193828 5.64064e-05 -0.00040106 -0.0193828 0.0959908 
0.0105737 -0.0194678 1.23925e-05 6.0601e-05 -0.0194678 0.0963065 6.31261e-05 -0.000411044 1.23925e-05 6.31261e-05 0.0106042 -0.0194344 6.0601e-05 -0.000411044 -0.0194344 0.0961198 
0.0105557 -0.0194306 2.30848e-05 6.15647e-05 -0.0194306 0.0962086 5.65036e-05 -0.00040879 2.30848e-05 5.65036e-05 0.0106205 -0.019478 6.15647e-05 -0.00040879 -0.019478 0.096236 
0.0105379 -0.0193664 2.03426e-05 5.27437e-05 -0.0193664 0.0959347 4.20034e-05 -0.000390284 2.03426e-05 4.20034e-05 0.0105975 -0.0194638 5.27437e-05 -0.000390284 -0.0194638 0.0961399 
0.0105109 -0.0193083 2.3243e-05 5.56155e-05 -0.0193083 0.0956067 4.44599e-05 -0.000384402 2.3243e-05 4.44599e-05 0.0105628 -0.0194023 5.56155e-05 -0.000384402 -0.0194023 0.09588 
0.0104879 -0.0192469 1.89491e-05 5.04215e-05 -0.0192469 0.0952693 4.45718e-05 -0.000382031 1.89491e-05 4.45718e-05 0.0105133 -0.0193296 5.04215e-05 -0.000382031 -0.0193296 0.0955406 
0.010523 -0.0193002 5.45786e-06 5.27769e-05 -0.0193002 0.0954672 5.1277e-05 -0.00038689 5.45786e-06 5.1277e-05 0.0105093 -0.0193468 5.27769e-05 -0.00038689 -0.0193468 0.0956747 
0.0105416 -0.0193253 1.42436e-05 6.48327e-05 -0.0193253 0.0955271 6.8921e-05 -0.000409781 1.42436e-05 6.8921e-05 0.0104901 -0.0193151 6.48327e-05 -0.000409781 -0.0193151 0.0956048 
0.0105495 -0.0193673 1.37416e-05 5.27429e-05 -0.0193673 0.0956745 6.06919e-05 -0.000407001 1.37416e-05 6.06919e-05 0.0104998 -0.0193044 5.27429e-05 -0.000407001 -0.0193044 0.0956049 
0.0105572 -0.0194155 1.76521e-05 5.28761e-05 -0.0194155 0.0959358 6.19523e-05 -0.000401702 1.76521e-05 6.19523e-05 0.0105404 -0.0193463 5.28761e-05 -0.000401702 -0.0193463 0.0957824 
0.0105616 -0.0194273 1.41782e-05 4.84331e-05 -0.0194273 0.0960714 5.71969e-05 -0.00039364 1.41782e-05 5.71969e-05 0.0105697 -0.0193928 4.84331e-05 -0.00039364 -0.0193928 0.0959372 
0.0105428 -0.0193709 1.48337e-05 5.23993e-05 -0.0193709 0.0958333 5.89644e-05 -0.000391619 1.48337e-05 5.89644e-05 0.0105478 -0.019365 5.23993e-05 -0.000391619 -0.019365 0.0957552 
0.0105247 -0.019359 3.3424e-05 5.28333e-05 -0.019359 0.0957462 5.71361e-05 -0.00039188 3.3424e-05 5.71361e-05 0.0105504 -0.0193506 5.28333e-05 -0.00039188 -0.0193506 0.0956869 
0.0104927 -0.0193042 3.68788e-05 3.07805e-05 -0.0193042 0.0955171 3.24794e-05 -0.000354076 3.68788e-05 3.24794e-05 0.0105434 -0.0193239 3.07805e-05 -0.000354076 -0.0193239 0.0955035 
0.0104809 -0.0193142 7.32026e-06 2.56178e-05 -0.0193142 0.0956025 2.43934e-05 -0.000322697 7.32026e-06 2.43934e-05 0.0105749 -0.0193752 2.56178e-05 -0.000322697 -0.0193752 0.0956899 
0.0104863 -0.0192976 5.40666e-06 6.36857e-05 -0.0192976 0.0956197 6.17732e-05 -0.000371675 5.40666e-06 6.17732e-05 0.010587 -0.019424 6.36857e-05 -0.000371675 -0.019424 0.0958686 
0.0104797 -0.0192567 3.82545e-06 7.16979e-05 -0.0192567 0.0954126 6.76738e-05 -0.000416962 3.82545e-06 6.76738e-05 0.0105633 -0.0194018 7.16979e-05 -0.000416962 -0.0194018 0.0957805 
0.0105088 -0.0192718 8.02094e-06 7.14507e-05 -0.0192718 0.0954255 6.89353e-05 -0.000430444 8.02094e-06 6.89353e-05 0.0105379 -0.0193955 7.14507e-05 -0.000430444 -0.0193955 0.0958014 
0.0105157 -0.0193047 -1.54524e-06 6.45794e-05 -0.0193047 0.0954647 6.76781e-05 -0.00042867 -1.54524e-06 6.76781e-05 0.010517 -0.0193497 6.45794e-05 -0.00042867 -0.0193497 0.0957008 
0.0105235 -0.01934 -1.42397e-05 7.26362e-05 -0.01934 0.0956137 8.37349e-05 -0.00044574 -1.42397e-05 8.37349e-05 0.0105128 -0.0193331 7.26362e-05 -0.00044574 -0.0193331 0.0956747 
0.010514 -0.0193501 -2.09077e-05 8.48826e-05 -0.0193501 0.0956855 0.000101735 -0.000478694 -2.09077e-05 0.000101735 0.0105263 -0.0193163 8.48826e-05 -0.000478694 -0.0193163 0.0956176 
0.010514 -0.0193512 -1.93234e-05 9.42848e-05 -0.0193512 0.0957566 0.000108931 -0.000506367 -1.93234e-05 0.000108931 0.0105445 -0.0193393 9.42848e-05 -0.000506367 -0.0193393 0.0956612 
0.0105327 -0.0193289 -1.25602e-05 9.39059e-05 -0.0193289 0.0956843 0.000101019 -0.000506416 -1.25602e-05 0.000101019 0.0105205 -0.0193459 9.39059e-05 -0.000506416 -0.0193459 0.0956365 
0.0105245 -0.0193377 -8.98228e-06 8.64437e-05 -0.0193377 0.0956178 8.48249e-05 -0.000481729 -8.98228e-06 8.48249e-05 0.0105011 -0.0193037 8.64437e-05 -0.000481729 -0.0193037 0.0955155 
0.0105202 -0.0193617 -1.28376e-05 8.2469e-05 -0.0193617 0.0957428 7.51937e-05 -0.000455052 -1.28376e-05 7.51937e-05 0.0105145 -0.0193104 8.2469e-05 -0.000455052 -0.0193104 0.0955712 
0.0104963 -0.0193009 -2.45923e-05 8.43166e-05 -0.0193009 0.0955154 7.8986e-05 -0.000445556 -2.45923e-05 7.8986e-05 0.0104869 -0.0192717 8.43166e-05 -0.000445556 -0.0192717 0.0953521 
0.0104588 -0.0192344 -3.74766e-05 9.76763e-05 -0.0192344 0.0951808 9.49785e-05 -0.000465911 -3.74766e-05 9.49785e-05 0.0104496 -0.0192 9.76763e-05 -0.000465911 -0.0192 0.0950211 
0.0104116 -0.019183 -1.93957e-05 0.000114126 -0.019183 0.0949276 0.000111284 -0.000502291 -1.93957e-05 0.000111284 0.0104433 -0.0191451 0.000114126 -0.000502291 -0.0191451 0.0947551 
0.010397 -0.0191663 -6.4096e-06 9.55832e-05 -0.0191663 0.0949301 9.18732e-05 -0.000492813 -6.4096e-06 9.18732e-05 0.010458 -0.0191847 9.55832e-05 -0.000492813 -0.0191847 0.0948467 
0.0103955 -0.0191389 6.58755e-06 7.51944e-05 -0.0191389 0.0948726 7.4036e-05 -0.000448113 6.58755e-06 7.4036e-05 0.0104505 -0.0192109 7.51944e-05 -0.000448113 -0.0192109 0.0949429 
0.010398 -0.0191232 1.63641e-05 5.63422e-05 -0.0191232 0.0947874 5.73748e-05 -0.000399002 1.63641e-05 5.73748e-05 0.0104388 -0.0191977 5.63422e-05 -0.000399002 -0.0191977 0.0949434 
0.0103926 -0.0190993 2.0146e-05 4.23435e-05 -0.0190993 0.0946321 4.16971e-05 -0.000350883 2.0146e-05 4.16971e-05 0.0104154 -0.0191606 4.23435e-05 -0.000350883 -0.0191606 0.0948005 
0.0103953 -0.0191011 9.47754e-06 3.7723e-05 -0.0191011 0.0945936 3.25748e-05 -0.000318285 9.47754e-06 3.25748e-05 0.0104089 -0.0191389 3.7723e-05 -0.000318285 -0.0191389 0.0947277 
0.0104041 -0.0190949 1.33849e-05 5.34499e-05 -0.0190949 0.0945313 3.94364e-05 -0.000320826 1.33849e-05 3.94364e-05 0.0103976 -0.0191212 5.34499e-05 -0.000320826 -0.0191212 0.0946325 
0.0104241 -0.0191337 9.7154e-06 5.45599e-05 -0.0191337 0.0946457 3.47352e-05 -0.000326334 9.7154e-06 3.47352e-05 0.0104083 -0.0191312 5.45599e-05 -0.000326334 -0.0191312 0.0946877 
0.0104478 -0.0191883 -7.99775e-07 5.95345e-05 -0.0191883 0.0948737 4.43692e-05 -0.000341519 -7.99775e-07 4.43692e-05 0.0104348 -0.0191698 5.95345e-05 -0.000341519 -0.0191698 0.0948593 
0.0105057 -0.0193082 -9.69118e-06 7.22169e-05 -0.0193082 0.0954595 6.63185e-05 -0.000383029 -9.69118e-06 6.63185e-05 0.0104865 -0.0192904 7.22169e-05 -0.000383029 -0.0192904 0.0954226 
0.0105367 -0.0193751 4.45619e-06 8.51252e-05 -0.0193751 0.0958202 8.4313e-05 -0.000433326 4.45619e-06 8.4313e-05 0.0105137 -0.0193548 8.51252e-05 -0.000433326 -0.0193548 0.0957794 
0.0105609 -0.0194319 7.40891e-06 7.00949e-05 -0.0194319 0.0961427 6.98862e-05 -0.000436698 7.40891e-06 6.98862e-05 0.0105475 -0.0194088 7.00949e-05 -0.000436698 -0.0194088 0.0960999 
0.0105409 -0.0193899 7.70319e-06 6.15549e-05 -0.0193899 0.0959969 6.28111e-05 -0.000414196 7.70319e-06 6.28111e-05 0.010553 -0.0193824 6.15549e-05 -0.000414196 -0.0193824 0.0959818 
0.0104999 -0.0193058 2.44442e-05 5.70176e-05 -0.0193058 0.0956041 6.42265e-05 -0.000401113 2.44442e-05 6.42265e-05 0.0105392 -0.0193308 5.70176e-05 -0.000401113 -0.0193308 0.0956575 
0.0104925 -0.0192545 2.49142e-05 3.65548e-05 -0.0192545 0.0953457 4.96864e-05 -0.000374745 2.49142e-05 4.96864e-05 0.0105096 -0.019315 3.65548e-05 -0.000374745 -0.019315 0.0954868 
0.010486 -0.0192636 2.1041e-05 3.14007e-05 -0.0192636 0.0953053 4.73553e-05 -0.000352337 2.1041e-05 4.73553e-05 0.0105011 -0.0193015 3.14007e-05 -0.000352337 -0.0193015 0.0954556 
0.0104991 -0.0193025 -5.26506e-06 3.89492e-05 -0.0193025 0.0954994 5.18829e-05 -0.000356777 -5.26506e-06 5.18829e-05 0.0105196 -0.0193298 3.89492e-05 -0.000356777 -0.0193298 0.0956139 
0.0104759 -0.0192678 -1.53351e-05 7.33485e-05 -0.0192678 0.0953586 8.15113e-05 -0.0004095 -1.53351e-05 8.15113e-05 0.0105093 -0.0193021 7.33485e-05 -0.0004095 -0.0193021 0.0954705 
0.0104552 -0.0192402 -1.14879e-05 9.03532e-05 -0.0192402 0.095257 9.45231e-05 -0.000462397 -1.14879e-05 9.45231e-05 0.0105026 -0.019294 9.03532e-05 -0.000462397 -0.019294 0.0954054 
0.0104036 -0.0191447 -3.29902e-06 8.61782e-05 -0.0191447 0.0948264 8.58645e-05 -0.000469255 -3.29902e-06 8.58645e-05 0.010464 -0.0192169 8.61782e-05 -0.000469255 -0.0192169 0.0950242 
0.0103729 -0.0190898 -1.24665e-05 7.5923e-05 -0.0190898 0.0945694 7.11014e-05 -0.000444306 -1.24665e-05 7.11014e-05 0.0104417 -0.0191754 7.5923e-05 -0.000444306 -0.0191754 0.0948068 
0.0103563 -0.0190417 -2.10283e-05 8.64489e-05 -0.0190417 0.0943468 7.51066e-05 -0.000437228 -2.10283e-05 7.51066e-05 0.0104142 -0.0191415 8.64489e-05 -0.000437228 -0.0191415 0.0946242 
0.0103583 -0.0190505 -1.71005e-05 9.88981e-05 -0.0190505 0.0943584 8.37729e-05 -0.000453108 -1.71005e-05 8.37729e-05 0.0104098 -0.0191379 9.88981e-05 -0.000453108 -0.0191379 0.0946349 
0.0103785 -0.0190925 -1.01405e-05 9.52209e-05 -0.0190925 0.0945604 8.11787e-05 -0.000457847 -1.01405e-05 8.11787e-05 0.0104245 -0.0191686 9.52209e-05 -0.000457847 -0.0191686 0.0948107 
0.0103912 -0.0191136 -4.47744e-06 8.36428e-05 -0.0191136 0.0946676 7.26371e-05 -0.000439097 -4.47744e-06 7.26371e-05 0.010427 -0.0191777 8.36428e-05 -0.000439097 -0.0191777 0.0948831 
0.0104063 -0.0191344 -6.38864e-06 6.99867e-05 -0.0191344 0.0947624 6.33163e-05 -0.000405234 -6.38864e-06 6.33163e-05 0.0104355 -0.0191811 6.99867e-05 -0.000405234 -0.0191811 0.0949294 
0.0104066 -0.019107 -3.41855e-06 6.85481e-05 -0.019107 0.0946064 6.76608e-05 -0.000390765 -3.41855e-06 6.76608e-05 0.0104051 -0.0191432 6.85481e-05 -0.000390765 -0.0191432 0.0947331 
0.0104303 -0.0191223 1.01779e-06 6.57177e-05 -0.0191223 0.094607 6.78345e-05 -0.000388566 1.01779e-06 6.78345e-05 0.0103784 -0.0191216 6.57177e-05 -0.000388566 -0.0191216 0.0946614 
0.010436 -0.0191768 2.01809e-06 6.35097e-05 -0.0191768 0.0947746 6.62631e-05 -0.000389584 2.01809e-06 6.62631e-05 0.0103883 -0.0191123 6.35097e-05 -0.000389584 -0.0191123 0.0946932 
0.0104288 -0.0191573 1.80927e-06 5.93993e-05 -0.0191573 0.0947213 6.61534e-05 -0.000386596 1.80927e-06 6.61534e-05 0.0103816 -0.019092 5.93993e-05 -0.000386596 -0.019092 0.0945695 
0.0104078 -0.019143 1.83983e-05 5.49954e-05 -0.019143 0.0946484 6.91295e-05 -0.000383479 1.83983e-05 6.91295e-05 0.0103838 -0.019079 5.49954e-05 -0.000383479 -0.019079 0.0944822 
0.0103876 -0.0191362 1.93897e-05 3.31792e-05 -0.0191362 0.0946605 5.06677e-05 -0.00035202 1.93897e-05 5.06677e-05 0.0104036 -0.0190959 3.31792e-05 -0.00035202 -0.0190959 0.0945192 
0.0103687 -0.0190949 1.14437e-05 3.35471e-05 -0.0190949 0.0945496 4.50559e-05 -0.000329003 1.14437e-05 4.50559e-05 0.010405 -0.019106 3.35471e-05 -0.000329003 -0.019106 0.0945009 
0.0103613 -0.0190629 -1.44344e-05 4.63163e-05 -0.0190629 0.0944253 5.20412e-05 -0.000337534 -1.44344e-05 5.20412e-05 0.0103941 -0.0191038 4.63163e-05 -0.000337534 -0.0191038 0.0944702 
0.0103709 -0.0190935 -2.31083e-05 8.01428e-05 -0.0190935 0.0945567 8.31927e-05 -0.000395851 -2.31083e-05 8.31927e-05 0.0104134 -0.0191322 8.01428e-05 -0.000395851 -0.0191322 0.0946367 
0.010393 -0.0191107 -1.86779e-05 9.26846e-05 -0.0191107 0.094661 9.40776e-05 -0.00044315 -1.86779e-05 9.40776e-05 0.0104109 -0.0191557 9.26846e-05 -0.00044315 -0.0191557 0.0947497 
0.0104321 -0.0192126 -3.10518e-06 8.51468e-05 -0.0192126 0.0951235 8.66783e-05 -0.000445897 -3.10518e-06 8.66783e-05 0.0104508 -0.0192259 8.51468e-05 -0.000445897 -0.0192259 0.0951653 
0.0104258 -0.0192065 1.54506e-05 6.52047e-05 -0.0192065 0.0951487 6.34156e-05 -0.000403994 1.54506e-05 6.34156e-05 0.0104515 -0.0192187 6.52047e-05 -0.000403994 -0.0192187 0.0951579 
