0.00613501 0 5.73272e-06 0 0 0.00877575 0 0 5.73272e-06 0 0.00622244 0 0 0 0 0.00877575 
0.00938797 -0.0116559 -1.71052e-06 4.12991e-06 -0.0116559 0.0310266 4.12991e-06 -7.82356e-06 -1.71052e-06 4.12991e-06 0.00948527 -0.0117693 4.12991e-06 -7.82356e-06 -0.0117693 0.0312437 
0.0097289 -0.0181255 -8.84625e-06 6.83548e-05 -0.0181255 0.0668643 6.83548e-05 -0.000235579 -8.84625e-06 6.83548e-05 0.00970714 -0.0180751 6.83548e-05 -0.000235579 -0.0180751 0.0666441 
0.00920887 -0.0178869 -2.21255e-06 0.000114847 -0.0178869 0.0802847 0.000110356 -0.00059568 -2.21255e-06 0.000110356 0.00912232 -0.0175272 0.000114847 -0.00059568 -0.0175272 0.0786032 
0.00888124 -0.016778 1.57355e-05 8.74851e-05 -0.016778 0.0811868 8.20122e-05 -0.000649562 1.57355e-05 8.20122e-05 0.00884313 -0.016393 8.74851e-05 -0.000649562 -0.016393 0.0789523 
0.00864381 -0.0160274 3.14625e-05 3.52452e-05 -0.0160274 0.0790906 3.40687e-05 -0.000461559 3.14625e-05 3.40687e-05 0.00865287 -0.0158006 3.52452e-05 -0.000461559 -0.0158006 0.0773315 
0.00836792 -0.0154395 2.33096e-05 -8.46515e-07 -0.0154395 0.0764121 3.55526e-06 -0.000268449 2.33096e-05 3.55526e-06 0.00840422 -0.0153231 -8.46515e-07 -0.000268449 -0.0153231 0.0752576 
0.00815928 -0.0150066 7.71367e-06 1.69544e-08 -0.0150066 0.0743134 7.43067e-06 -0.000175505 7.71367e-06 7.43067e-06 0.00817645 -0.0149372 1.69544e-08 -0.000175505 -0.0149372 0.0735305 
0.0095704 -0.0175804 7.88048e-06 2.41919e-05 -0.0175804 0.0869902 3.26158e-05 -0.000208511 7.88048e-06 3.26158e-05 0.00957312 -0.0174686 2.41919e-05 -0.000208511 -0.0174686 0.0861809 
0.00946858 -0.0174004 6.8334e-06 3.51431e-05 -0.0174004 0.0860032 3.72833e-05 -0.000234138 6.8334e-06 3.72833e-05 0.00945793 -0.0172507 3.51431e-05 -0.000234138 -0.0172507 0.0851425 
0.00941844 -0.0173056 1.39835e-05 4.32072e-05 -0.0173056 0.0854852 4.0063e-05 -0.000257513 1.39835e-05 4.0063e-05 0.00938609 -0.0171309 4.32072e-05 -0.000257513 -0.0171309 0.0845433 
0.00935328 -0.0172 1.70952e-05 3.84034e-05 -0.0172 0.084921 3.23899e-05 -0.00026127 1.70952e-05 3.23899e-05 0.00932584 -0.0169983 3.84034e-05 -0.00026127 -0.0169983 0.0839008 
0.00929509 -0.0171204 2.04001e-05 3.44562e-05 -0.0171204 0.0845227 2.68052e-05 -0.000253373 2.04001e-05 2.68052e-05 0.0092936 -0.0169203 3.44562e-05 -0.000253373 -0.0169203 0.0834665 
0.00928209 -0.0170683 6.88939e-06 3.0973e-05 -0.0170683 0.0843135 2.56112e-05 -0.000249248 6.88939e-06 2.56112e-05 0.00926251 -0.0169036 3.0973e-05 -0.000249248 -0.0169036 0.0833068 
0.00930756 -0.0171001 -2.41114e-06 4.3466e-05 -0.0171001 0.0844228 4.24408e-05 -0.000267863 -2.41114e-06 4.24408e-05 0.00925501 -0.016921 4.3466e-05 -0.000267863 -0.016921 0.0834327 
0.00929584 -0.0171111 -1.59204e-05 5.51022e-05 -0.0171111 0.0844197 5.5435e-05 -0.000298439 -1.59204e-05 5.5435e-05 0.00925925 -0.0168927 5.51022e-05 -0.000298439 -0.0168927 0.0833715 
0.00929468 -0.0171248 -2.31186e-05 7.46939e-05 -0.0171248 0.0845305 7.14511e-05 -0.000339718 -2.31186e-05 7.14511e-05 0.00928094 -0.0169247 7.46939e-05 -0.000339718 -0.0169247 0.0834807 
0.00928629 -0.0171187 -2.75977e-05 8.64003e-05 -0.0171187 0.0845559 7.82567e-05 -0.000373265 -2.75977e-05 7.82567e-05 0.00929619 -0.0169532 8.64003e-05 -0.000373265 -0.0169532 0.0835796 
0.00928144 -0.0171121 -1.84344e-05 9.24476e-05 -0.0171121 0.084569 8.40655e-05 -0.000395838 -1.84344e-05 8.40655e-05 0.00930753 -0.016978 9.24476e-05 -0.000395838 -0.016978 0.0836817 
0.00931315 -0.0171364 -1.83311e-05 8.1061e-05 -0.0171364 0.0847201 7.32873e-05 -0.000388157 -1.83311e-05 7.32873e-05 0.00930871 -0.0170227 8.1061e-05 -0.000388157 -0.0170227 0.0839015 
0.00932257 -0.0171389 -4.24686e-06 7.79913e-05 -0.0171389 0.084676 7.2548e-05 -0.000376459 -4.24686e-06 7.2548e-05 0.00929035 -0.0169905 7.79913e-05 -0.000376459 -0.0169905 0.0838362 
0.00934569 -0.017206 1.01048e-05 6.15037e-05 -0.017206 0.0849544 5.99249e-05 -0.000354637 1.01048e-05 5.99249e-05 0.00932455 -0.0170218 6.15037e-05 -0.000354637 -0.0170218 0.0840372 
0.00934498 -0.0172043 1.18462e-05 4.28971e-05 -0.0172043 0.0849717 4.25655e-05 -0.000315736 1.18462e-05 4.25655e-05 0.00933484 -0.017027 4.28971e-05 -0.000315736 -0.017027 0.0840261 
0.00933173 -0.0171762 1.20061e-05 4.26972e-05 -0.0171762 0.0848499 4.0086e-05 -0.000298018 1.20061e-05 4.0086e-05 0.00933634 -0.0170207 4.26972e-05 -0.000298018 -0.0170207 0.0839451 
0.00935053 -0.017211 1.9606e-05 4.88003e-05 -0.017211 0.0850227 4.18774e-05 -0.000306318 1.9606e-05 4.18774e-05 0.009361 -0.0170762 4.88003e-05 -0.000306318 -0.0170762 0.0841733 
0.00937921 -0.0172539 1.62318e-05 4.41154e-05 -0.0172539 0.0852386 3.34025e-05 -0.000307406 1.62318e-05 3.34025e-05 0.00938102 -0.0171305 4.41154e-05 -0.000307406 -0.0171305 0.0844362 
0.00939498 -0.0172876 3.64342e-06 4.79063e-05 -0.0172876 0.0853905 3.60765e-05 -0.000311297 3.64342e-06 3.60765e-05 0.0093927 -0.0171562 4.79063e-05 -0.000311297 -0.0171562 0.0845979 
0.00940128 -0.0172993 -7.92472e-06 6.32622e-05 -0.0172993 0.0854564 5.33034e-05 -0.000340761 -7.92472e-06 5.33034e-05 0.00940363 -0.0171647 6.32622e-05 -0.000340761 -0.0171647 0.0846617 
0.00938732 -0.0172587 -5.3446e-06 7.791e-05 -0.0172587 0.0852638 6.85935e-05 -0.000379413 -5.3446e-06 6.85935e-05 0.00939388 -0.0171315 7.791e-05 -0.000379413 -0.0171315 0.0844843 
0.00938955 -0.0172557 -2.41607e-06 7.51341e-05 -0.0172557 0.0852176 6.95313e-05 -0.000397466 -2.41607e-06 6.95313e-05 0.00939165 -0.0171329 7.51341e-05 -0.000397466 -0.0171329 0.0844536 
0.00938125 -0.0172578 3.66525e-06 6.659e-05 -0.0172578 0.0851896 6.85493e-05 -0.000394082 3.66525e-06 6.85493e-05 0.00938438 -0.0171245 6.659e-05 -0.000394082 -0.0171245 0.0844095 
0.00936884 -0.0172386 1.22302e-05 5.73129e-05 -0.0172386 0.0851072 6.45085e-05 -0.000381957 1.22302e-05 6.45085e-05 0.00936735 -0.0171004 5.73129e-05 -0.000381957 -0.0171004 0.0843015 
0.00933318 -0.017201 2.0167e-05 4.73753e-05 -0.017201 0.0849297 5.27758e-05 -0.000358863 2.0167e-05 5.27758e-05 0.00935809 -0.0170531 4.73753e-05 -0.000358863 -0.0170531 0.0840929 
0.00931913 -0.0171411 1.40376e-05 3.82574e-05 -0.0171411 0.0847001 3.95993e-05 -0.000329598 1.40376e-05 3.95993e-05 0.00931755 -0.0170244 3.82574e-05 -0.000329598 -0.0170244 0.0838942 
0.00930027 -0.0171191 7.95602e-06 4.71258e-05 -0.0171191 0.0845489 4.57581e-05 -0.000328581 7.95602e-06 4.57581e-05 0.009299 -0.0169777 4.71258e-05 -0.000328581 -0.0169777 0.083736 
0.00928538 -0.0170853 -9.805e-06 5.6391e-05 -0.0170853 0.0843939 5.53396e-05 -0.00034836 -9.805e-06 5.53396e-05 0.00928007 -0.0169428 5.6391e-05 -0.00034836 -0.0169428 0.0835645 
0.00928393 -0.0170764 -1.80424e-05 7.47838e-05 -0.0170764 0.0843381 7.46998e-05 -0.000383332 -1.80424e-05 7.46998e-05 0.00927033 -0.0169293 7.47838e-05 -0.000383332 -0.0169293 0.0834987 
0.00929932 -0.0170692 -8.01844e-06 8.16507e-05 -0.0170692 0.0842845 8.44804e-05 -0.000408877 -8.01844e-06 8.44804e-05 0.00924544 -0.0169147 8.16507e-05 -0.000408877 -0.0169147 0.0834333 
0.00932302 -0.0170998 2.25217e-06 6.75544e-05 -0.0170998 0.0843474 7.26203e-05 -0.00039511 2.25217e-06 7.26203e-05 0.00922226 -0.0168974 6.75544e-05 -0.00039511 -0.0168974 0.0834189 
0.00934997 -0.0171667 1.93934e-05 5.18849e-05 -0.0171667 0.0846056 5.76228e-05 -0.000357165 1.93934e-05 5.76228e-05 0.00922688 -0.016905 5.18849e-05 -0.000357165 -0.016905 0.0835446 
0.00933443 -0.0171706 2.31471e-05 2.57233e-05 -0.0171706 0.08463 3.54951e-05 -0.000298844 2.31471e-05 3.54951e-05 0.00923788 -0.0168807 2.57233e-05 -0.000298844 -0.0168807 0.0834657 
0.00930929 -0.0171304 1.94558e-05 1.68856e-05 -0.0171304 0.0845004 2.67053e-05 -0.000252542 1.94558e-05 2.67053e-05 0.00924239 -0.0168702 1.68856e-05 -0.000252542 -0.0168702 0.0833419 
0.00930212 -0.0171187 1.16792e-05 2.3174e-05 -0.0171187 0.0844819 2.74879e-05 -0.000239699 1.16792e-05 2.74879e-05 0.00925884 -0.0168949 2.3174e-05 -0.000239699 -0.0168949 0.0833944 
0.00931294 -0.0171589 7.95198e-06 3.84408e-05 -0.0171589 0.0847041 3.65301e-05 -0.000259065 7.95198e-06 3.65301e-05 0.0093047 -0.0169668 3.84408e-05 -0.000259065 -0.0169668 0.0836978 
0.00931786 -0.0171553 1.36148e-05 4.84437e-05 -0.0171553 0.0847449 4.25433e-05 -0.000285758 1.36148e-05 4.25433e-05 0.00931913 -0.0170048 4.84437e-05 -0.000285758 -0.0170048 0.0838331 
0.00934317 -0.0171741 1.90193e-05 4.42708e-05 -0.0171741 0.0848353 3.6309e-05 -0.000290722 1.90193e-05 3.6309e-05 0.00931957 -0.0170352 4.42708e-05 -0.000290722 -0.0170352 0.0839826 
0.00934289 -0.0171888 6.11145e-06 3.91326e-05 -0.0171888 0.0848469 3.19847e-05 -0.000285261 6.11145e-06 3.19847e-05 0.0093161 -0.0170166 3.91326e-05 -0.000285261 -0.0170166 0.0839569 
0.00931963 -0.017174 8.64851e-06 5.60871e-05 -0.017174 0.0847767 5.10423e-05 -0.000313674 8.64851e-06 5.10423e-05 0.00932082 -0.0169899 5.60871e-05 -0.000313674 -0.0169899 0.0838326 
0.00929873 -0.0171168 1.25817e-05 5.41619e-05 -0.0171168 0.0845566 5.2104e-05 -0.000334242 1.25817e-05 5.2104e-05 0.00930387 -0.0169675 5.41619e-05 -0.000334242 -0.0169675 0.0836475 
0.0092912 -0.0171024 7.98814e-06 4.65331e-05 -0.0171024 0.0844752 4.64733e-05 -0.000328325 7.98814e-06 4.64733e-05 0.00928895 -0.0169652 4.65331e-05 -0.000328325 -0.0169652 0.0836174 
0.00929158 -0.017111 5.9508e-06 4.9324e-05 -0.017111 0.0845133 4.92154e-05 -0.000324659 5.9508e-06 4.92154e-05 0.00928513 -0.0169649 4.9324e-05 -0.000324659 -0.0169649 0.0836605 
0.00926194 -0.0170614 1.25533e-05 5.16593e-05 -0.0170614 0.0842836 5.03609e-05 -0.000326621 1.25533e-05 5.03609e-05 0.00925457 -0.0169077 5.16593e-05 -0.000326621 -0.0169077 0.0834164 
0.00923855 -0.0170073 2.06767e-05 4.25305e-05 -0.0170073 0.0840385 4.19657e-05 -0.00031268 2.06767e-05 4.19657e-05 0.00922273 -0.0168551 4.25305e-05 -0.00031268 -0.0168551 0.0831709 
0.00920888 -0.0169589 2.42929e-05 2.90607e-05 -0.0169589 0.0837898 3.04428e-05 -0.000282335 2.42929e-05 3.04428e-05 0.00919741 -0.016802 2.90607e-05 -0.000282335 -0.016802 0.0829252 
0.00918338 -0.0169172 1.62917e-05 2.09633e-05 -0.0169172 0.0835975 2.3984e-05 -0.000252746 1.62917e-05 2.3984e-05 0.00918011 -0.0167692 2.09633e-05 -0.000252746 -0.0167692 0.0827534 
0.00916552 -0.0168947 5.67827e-06 3.00209e-05 -0.0168947 0.0835065 3.42273e-05 -0.000255652 5.67827e-06 3.42273e-05 0.00918541 -0.0167628 3.00209e-05 -0.000255652 -0.0167628 0.0827086 
0.00912754 -0.0168402 6.24359e-06 4.50398e-05 -0.0168402 0.0832733 4.91239e-05 -0.000285749 6.24359e-06 4.91239e-05 0.0091856 -0.0167414 4.50398e-05 -0.000285749 -0.0167414 0.082555 
0.00911359 -0.0168059 1.05046e-05 4.63208e-05 -0.0168059 0.0831686 4.94199e-05 -0.000304029 1.05046e-05 4.94199e-05 0.00918994 -0.016769 4.63208e-05 -0.000304029 -0.016769 0.082601 
0.00912292 -0.0168316 1.37339e-05 4.15653e-05 -0.0168316 0.0833148 4.20386e-05 -0.00029848 1.37339e-05 4.20386e-05 0.00921092 -0.0168274 4.15653e-05 -0.00029848 -0.0168274 0.0828804 
0.00912244 -0.0168423 6.70456e-06 3.6805e-05 -0.0168423 0.0833988 3.40539e-05 -0.000280797 6.70456e-06 3.40539e-05 0.00922781 -0.0168527 3.6805e-05 -0.000280797 -0.0168527 0.0830414 
0.00912821 -0.0168297 7.18114e-06 4.45283e-05 -0.0168297 0.0833833 4.02024e-05 -0.000281314 7.18114e-06 4.02024e-05 0.00921524 -0.0168605 4.45283e-05 -0.000281314 -0.0168605 0.0830851 
0.00915341 -0.0168447 2.32551e-06 4.56161e-05 -0.0168447 0.0834271 3.91848e-05 -0.000283648 2.32551e-06 3.91848e-05 0.00918925 -0.0168489 4.56161e-05 -0.000283648 -0.0168489 0.0831081 
0.00917388 -0.0168408 -1.90883e-06 5.08543e-05 -0.0168408 0.0833312 4.4267e-05 -0.000289266 -1.90883e-06 4.4267e-05 0.00914169 -0.0167815 5.08543e-05 -0.000289266 -0.0167815 0.0828957 
0.00917324 -0.0168392 -1.01567e-06 5.45509e-05 -0.0168392 0.0831947 5.02867e-05 -0.000299029 -1.01567e-06 5.02867e-05 0.00910126 -0.0166919 5.45509e-05 -0.000299029 -0.0166919 0.0825629 
0.00912995 -0.0167933 -3.05022e-06 5.0953e-05 -0.0167933 0.0828943 5.00059e-05 -0.000298397 -3.05022e-06 5.00059e-05 0.00906207 -0.016587 5.0953e-05 -0.000298397 -0.016587 0.0820731 
0.00910881 -0.0167535 -4.07082e-06 4.84219e-05 -0.0167535 0.0827259 5.17846e-05 -0.000292618 -4.07082e-06 5.17846e-05 0.00903783 -0.0165472 4.84219e-05 -0.000292618 -0.0165472 0.081823 
0.00908097 -0.0167354 1.45185e-06 4.53202e-05 -0.0167354 0.0826371 5.32603e-05 -0.000286017 1.45185e-06 5.32603e-05 0.00903972 -0.0165285 4.53202e-05 -0.000286017 -0.0165285 0.0817157 
0.00907017 -0.0167296 2.07613e-05 3.63071e-05 -0.0167296 0.0826805 4.8108e-05 -0.000271756 2.07613e-05 4.8108e-05 0.00905781 -0.0165613 3.63071e-05 -0.000271756 -0.0165613 0.0818138 
0.00907184 -0.0167576 1.73996e-05 9.84583e-06 -0.0167576 0.0828836 2.25524e-05 -0.000221598 1.73996e-05 2.25524e-05 0.00909899 -0.016629 9.84583e-06 -0.000221598 -0.016629 0.0821137 
0.00905184 -0.0167126 1.36861e-05 1.14871e-05 -0.0167126 0.0827552 2.24645e-05 -0.000191709 1.36861e-05 2.24645e-05 0.00910497 -0.0166368 1.14871e-05 -0.000191709 -0.0166368 0.0821141 
0.00905302 -0.0166975 1.67642e-05 1.94364e-05 -0.0166975 0.0827185 2.54896e-05 -0.000192296 1.67642e-05 2.54896e-05 0.00910781 -0.0166602 1.94364e-05 -0.000192296 -0.0166602 0.0821991 
0.00906582 -0.0167068 1.32138e-05 2.01023e-05 -0.0167068 0.0827542 1.92552e-05 -0.00019128 1.32138e-05 1.92552e-05 0.00909907 -0.0166764 2.01023e-05 -0.00019128 -0.0166764 0.082299 
0.00908039 -0.0167317 1.89165e-07 2.68753e-05 -0.0167317 0.0828435 2.42742e-05 -0.000200018 1.89165e-07 2.42742e-05 0.00909341 -0.0166719 2.68753e-05 -0.000200018 -0.0166719 0.0823607 
0.00909111 -0.016717 -1.20514e-05 4.26299e-05 -0.016717 0.0827593 4.04684e-05 -0.000229142 -1.20514e-05 4.04684e-05 0.0090658 -0.0166329 4.26299e-05 -0.000229142 -0.0166329 0.0822213 
0.00906232 -0.016701 -2.33483e-05 6.05381e-05 -0.016701 0.0825968 5.69555e-05 -0.000272224 -2.33483e-05 5.69555e-05 0.00905803 -0.0165691 6.05381e-05 -0.000272224 -0.0165691 0.0819631 
0.00905442 -0.0166982 -1.97621e-05 7.49589e-05 -0.0166982 0.0826205 6.95186e-05 -0.000311682 -1.97621e-05 6.95186e-05 0.00906632 -0.0165849 7.49589e-05 -0.000311682 -0.0165849 0.0819627 
0.0090286 -0.0166878 -1.27503e-05 7.20865e-05 -0.0166878 0.0826027 6.61264e-05 -0.000324371 -1.27503e-05 6.61264e-05 0.00908805 -0.0165932 7.20865e-05 -0.000324371 -0.0165932 0.0819752 
0.00901882 -0.0166525 -5.23334e-06 6.15999e-05 -0.0166525 0.0825285 5.65011e-05 -0.000308363 -5.23334e-06 5.65011e-05 0.00909736 -0.016618 6.15999e-05 -0.000308363 -0.016618 0.0820089 
0.00901748 -0.0166125 -5.33029e-06 5.03632e-05 -0.0166125 0.0823414 4.62664e-05 -0.000281511 -5.33029e-06 4.62664e-05 0.0090748 -0.0166082 5.03632e-05 -0.000281511 -0.0166082 0.0819307 
0.00904585 -0.0166612 -3.58954e-06 4.70271e-05 -0.0166612 0.0825006 4.38203e-05 -0.00026218 -3.58954e-06 4.38203e-05 0.00908015 -0.0166263 4.70271e-05 -0.00026218 -0.0166263 0.0820773 
0.00908161 -0.0167148 -3.81832e-06 4.56833e-05 -0.0167148 0.0827213 4.40513e-05 -0.000256583 -3.81832e-06 4.40513e-05 0.00909073 -0.0166474 4.56833e-05 -0.000256583 -0.0166474 0.0822225 
0.00911757 -0.0167893 -9.42332e-06 4.39015e-05 -0.0167893 0.0830382 4.72527e-05 -0.000256336 -9.42332e-06 4.72527e-05 0.00911665 -0.0166897 4.39015e-05 -0.000256336 -0.0166897 0.0824541 
0.00913212 -0.0168106 -1.77369e-05 5.02359e-05 -0.0168106 0.0831318 5.69986e-05 -0.000270253 -1.77369e-05 5.69986e-05 0.00912021 -0.0166939 5.02359e-05 -0.000270253 -0.0166939 0.0824815 
0.00912719 -0.0168175 -1.56273e-05 6.33213e-05 -0.0168175 0.083143 6.7712e-05 -0.000298384 -1.56273e-05 6.7712e-05 0.00912472 -0.0166846 6.33213e-05 -0.000298384 -0.0166846 0.0824377 
0.00911701 -0.0168075 -1.72585e-05 6.42667e-05 -0.0168075 0.0831173 6.48484e-05 -0.000311915 -1.72585e-05 6.48484e-05 0.00912819 -0.0166855 6.42667e-05 -0.000311915 -0.0166855 0.0824054 
0.00909784 -0.0167995 -1.80145e-05 6.82792e-05 -0.0167995 0.0831061 6.60966e-05 -0.000320896 -1.80145e-05 6.60966e-05 0.00914857 -0.0166954 6.82792e-05 -0.000320896 -0.0166954 0.082424 
0.00909915 -0.0167763 -2.07997e-05 7.38237e-05 -0.0167763 0.0830723 6.8899e-05 -0.000335497 -2.07997e-05 6.8899e-05 0.00915971 -0.0167276 7.38237e-05 -0.000335497 -0.0167276 0.0825002 
0.00909047 -0.016742 -1.05896e-05 7.86435e-05 -0.016742 0.0828883 7.34754e-05 -0.000352648 -1.05896e-05 7.34754e-05 0.00914408 -0.0167127 7.86435e-05 -0.000352648 -0.0167127 0.0824087 
0.00908632 -0.0167354 6.40694e-06 6.7232e-05 -0.0167354 0.0828108 6.1841e-05 -0.000344413 6.40694e-06 6.1841e-05 0.00913812 -0.0166987 6.7232e-05 -0.000344413 -0.0166987 0.0823543 
0.00909995 -0.0167505 1.77544e-05 4.35829e-05 -0.0167505 0.0828655 3.94253e-05 -0.000301092 1.77544e-05 3.94253e-05 0.00912296 -0.0167098 4.35829e-05 -0.000301092 -0.0167098 0.0824052 
0.00913056 -0.0167676 1.48515e-05 2.43842e-05 -0.0167676 0.0829157 2.39628e-05 -0.000249065 1.48515e-05 2.39628e-05 0.00908895 -0.0166909 2.43842e-05 -0.000249065 -0.0166909 0.0823983 
0.00913922 -0.0168005 2.46794e-06 2.50921e-05 -0.0168005 0.0829688 2.64358e-05 -0.000227289 2.46794e-06 2.64358e-05 0.00906838 -0.0166394 2.50921e-05 -0.000227289 -0.0166394 0.082287 
0.00913369 -0.0168384 -1.0652e-05 4.19335e-05 -0.0168384 0.0831392 4.28088e-05 -0.00024996 -1.0652e-05 4.28088e-05 0.0090858 -0.0166316 4.19335e-05 -0.00024996 -0.0166316 0.0822945 
0.00912384 -0.0168126 -1.7033e-05 6.21943e-05 -0.0168126 0.0831072 6.06867e-05 -0.000295642 -1.7033e-05 6.06867e-05 0.00908315 -0.0166315 6.21943e-05 -0.000295642 -0.0166315 0.0822368 
0.0091226 -0.0168111 -1.92786e-05 7.19592e-05 -0.0168111 0.0831361 6.83425e-05 -0.000329904 -1.92786e-05 6.83425e-05 0.00909545 -0.0166511 7.19592e-05 -0.000329904 -0.0166511 0.0823166 
0.00912718 -0.0167897 -2.22618e-05 7.6138e-05 -0.0167897 0.083056 7.03631e-05 -0.000347787 -2.22618e-05 7.03631e-05 0.00908878 -0.0166508 7.6138e-05 -0.000347787 -0.0166508 0.0822992 
0.00914806 -0.0168554 -9.17326e-06 8.03943e-05 -0.0168554 0.083328 7.44266e-05 -0.000361281 -9.17326e-06 7.44266e-05 0.00913234 -0.0167043 8.03943e-05 -0.000361281 -0.0167043 0.0825834 
0.00915342 -0.0168703 4.16853e-06 6.48469e-05 -0.0168703 0.0834435 6.24015e-05 -0.000348454 4.16853e-06 6.24015e-05 0.00915794 -0.0167463 6.48469e-05 -0.000348454 -0.0167463 0.0827377 
0.00914787 -0.016884 7.941e-06 4.51168e-05 -0.016884 0.0835417 4.62353e-05 -0.000310697 7.941e-06 4.62353e-05 0.00918695 -0.0167853 4.51168e-05 -0.000310697 -0.0167853 0.0828989 
0.00912246 -0.0168326 2.90251e-06 3.80539e-05 -0.0168326 0.0833589 4.2961e-05 -0.000285051 2.90251e-06 4.2961e-05 0.00918652 -0.0167772 3.80539e-05 -0.000285051 -0.0167772 0.0828113 
0.00912006 -0.0168106 -1.44925e-05 4.25124e-05 -0.0168106 0.0832797 4.95417e-05 -0.000285031 -1.44925e-05 4.95417e-05 0.00918726 -0.0167898 4.25124e-05 -0.000285031 -0.0167898 0.0828302 
0.0091313 -0.0167995 -1.38951e-05 6.41798e-05 -0.0167995 0.0832027 6.87256e-05 -0.000318458 -1.38951e-05 6.87256e-05 0.00917217 -0.0167846 6.41798e-05 -0.000318458 -0.0167846 0.0828051 
0.00916339 -0.0168382 -4.49594e-06 6.60749e-05 -0.0168382 0.0833163 6.74643e-05 -0.000337267 -4.49594e-06 6.74643e-05 0.0091655 -0.0167924 6.60749e-05 -0.000337267 -0.0167924 0.0828872 
0.00916519 -0.0168601 6.97005e-06 5.60855e-05 -0.0168601 0.0833365 5.33739e-05 -0.000321273 6.97005e-06 5.33739e-05 0.0091576 -0.0167601 5.60855e-05 -0.000321273 -0.0167601 0.0827951 
0.00916483 -0.0168565 1.0757e-05 3.8614e-05 -0.0168565 0.0833112 3.57025e-05 -0.000279012 1.0757e-05 3.57025e-05 0.00914387 -0.0167379 3.8614e-05 -0.000279012 -0.0167379 0.0826809 
0.00916122 -0.0168754 4.00442e-06 2.99183e-05 -0.0168754 0.0833808 3.19715e-05 -0.000248957 4.00442e-06 3.19715e-05 0.00914452 -0.016734 2.99183e-05 -0.000248957 -0.016734 0.0826749 
0.00913127 -0.0168418 5.46965e-06 3.76598e-05 -0.0168418 0.0832574 4.38312e-05 -0.000254222 5.46965e-06 4.38312e-05 0.009145 -0.0167041 3.76598e-05 -0.000254222 -0.0167041 0.0825236 
0.00911153 -0.0167971 1.13784e-05 3.86637e-05 -0.0167971 0.0831093 4.5889e-05 -0.000266646 1.13784e-05 4.5889e-05 0.00914758 -0.0167029 3.86637e-05 -0.000266646 -0.0167029 0.0824415 
0.00912196 -0.0167995 1.3279e-05 3.21351e-05 -0.0167995 0.0831348 3.77922e-05 -0.000259525 1.3279e-05 3.77922e-05 0.00915997 -0.0167362 3.21351e-05 -0.000259525 -0.0167362 0.0825541 
0.00913898 -0.0168221 9.29629e-06 3.2306e-05 -0.0168221 0.0832093 3.29882e-05 -0.000251859 9.29629e-06 3.29882e-05 0.00916765 -0.0167575 3.2306e-05 -0.000251859 -0.0167575 0.082658 
0.0091529 -0.0168702 7.72543e-06 3.8013e-05 -0.0168702 0.0834056 3.52037e-05 -0.000254477 7.72543e-06 3.52037e-05 0.00919259 -0.0167873 3.8013e-05 -0.000254477 -0.0167873 0.0828219 
0.00915066 -0.0168776 4.07757e-06 3.89132e-05 -0.0168776 0.08347 3.60122e-05 -0.000256309 4.07757e-06 3.60122e-05 0.00921237 -0.0168048 3.89132e-05 -0.000256309 -0.0168048 0.0828795 
0.00916737 -0.0168962 -2.40441e-06 4.35312e-05 -0.0168962 0.0835984 4.31743e-05 -0.00026699 -2.40441e-06 4.31743e-05 0.00922484 -0.0168509 4.35312e-05 -0.00026699 -0.0168509 0.0830509 
0.00917466 -0.0168898 -5.40785e-06 4.80543e-05 -0.0168898 0.0835575 5.16559e-05 -0.000280868 -5.40785e-06 5.16559e-05 0.00921307 -0.0168414 4.80543e-05 -0.000280868 -0.0168414 0.0830295 
0.0091863 -0.016918 1.34926e-06 4.98833e-05 -0.016918 0.0836497 5.86832e-05 -0.000294564 1.34926e-06 5.86832e-05 0.00921719 -0.016844 4.98833e-05 -0.000294564 -0.016844 0.0830801 
0.00918344 -0.0169208 2.96833e-06 4.10379e-05 -0.0169208 0.0836533 5.20688e-05 -0.000287713 2.96833e-06 5.20688e-05 0.00921579 -0.0168316 4.10379e-05 -0.000287713 -0.0168316 0.0830306 
0.00918011 -0.0169027 2.22079e-07 3.57089e-05 -0.0169027 0.0835716 4.84207e-05 -0.000271784 2.22079e-07 4.84207e-05 0.00919983 -0.0168098 3.57089e-05 -0.000271784 -0.0168098 0.0829125 
0.00917367 -0.0169073 5.97193e-06 3.59313e-05 -0.0169073 0.083567 4.78535e-05 -0.000260793 5.97193e-06 4.78535e-05 0.00919182 -0.0167962 3.59313e-05 -0.000260793 -0.0167962 0.0828608 
0.00917706 -0.0168995 4.87861e-06 2.87961e-05 -0.0168995 0.083549 3.78559e-05 -0.000240011 4.87861e-06 3.78559e-05 0.00917166 -0.0167811 2.87961e-05 -0.000240011 -0.0167811 0.0827997 
0.00919492 -0.0169199 3.05546e-06 2.71326e-05 -0.0169199 0.0836224 3.46979e-05 -0.000220329 3.05546e-06 3.46979e-05 0.00915619 -0.0167686 2.71326e-05 -0.000220329 -0.0167686 0.0828005 
0.00919985 -0.0169677 6.18197e-06 3.02019e-05 -0.0169677 0.0838184 3.67345e-05 -0.000215728 6.18197e-06 3.67345e-05 0.00917944 -0.0167724 3.02019e-05 -0.000215728 -0.0167724 0.0828888 
0.00918132 -0.0169186 1.37799e-05 2.76785e-05 -0.0169186 0.0836489 3.06628e-05 -0.000207007 1.37799e-05 3.06628e-05 0.00916365 -0.0167462 2.76785e-05 -0.000207007 -0.0167462 0.0827067 
0.00918181 -0.0168949 1.35379e-05 2.02387e-05 -0.0168949 0.0835362 1.94259e-05 -0.000187458 1.35379e-05 1.94259e-05 0.00914364 -0.0167344 2.02387e-05 -0.000187458 -0.0167344 0.0826322 
0.00919738 -0.0169141 5.32723e-06 2.05357e-05 -0.0169141 0.0835828 1.85425e-05 -0.000176423 5.32723e-06 1.85425e-05 0.00913453 -0.0167334 2.05357e-05 -0.000176423 -0.0167334 0.0826694 
0.0092038 -0.0169419 4.55955e-06 3.03811e-05 -0.0169419 0.0836775 3.16962e-05 -0.000193485 4.55955e-06 3.16962e-05 0.00914626 -0.0167296 3.03811e-05 -0.000193485 -0.0167296 0.082704 
0.00921415 -0.0169521 -5.09779e-06 3.22603e-05 -0.0169521 0.0837409 3.50468e-05 -0.000209439 -5.09779e-06 3.50468e-05 0.00915807 -0.0167444 3.22603e-05 -0.000209439 -0.0167444 0.0827457 
0.00923033 -0.0169929 -2.36897e-05 4.39679e-05 -0.0169929 0.0839265 4.59567e-05 -0.000231225 -2.36897e-05 4.59567e-05 0.00918625 -0.0167875 4.39679e-05 -0.000231225 -0.0167875 0.0829328 
0.00923343 -0.0170234 -1.18772e-05 6.65872e-05 -0.0170234 0.0840886 6.95921e-05 -0.000278347 -1.18772e-05 6.95921e-05 0.00922387 -0.016829 6.65872e-05 -0.000278347 -0.016829 0.0831082 
0.00925089 -0.0170503 3.23377e-07 5.39986e-05 -0.0170503 0.0842797 5.76972e-05 -0.000285027 3.23377e-07 5.76972e-05 0.00925499 -0.0168957 5.39986e-05 -0.000285027 -0.0168957 0.0833643 
0.00927633 -0.017063 9.89314e-06 3.91853e-05 -0.017063 0.0843597 4.19996e-05 -0.000257504 9.89314e-06 4.19996e-05 0.00925793 -0.0169278 3.91853e-05 -0.000257504 -0.0169278 0.0835085 
0.00929101 -0.0171287 2.2712e-05 2.88345e-05 -0.0171287 0.0846109 2.87471e-05 -0.000226954 2.2712e-05 2.87471e-05 0.00930443 -0.0169592 2.88345e-05 -0.000226954 -0.0169592 0.0837209 
0.00928722 -0.0171301 1.44429e-05 1.27459e-05 -0.0171301 0.0846663 1.13976e-05 -0.000187767 1.44429e-05 1.13976e-05 0.00933094 -0.0169889 1.27459e-05 -0.000187767 -0.0169889 0.0837779 
0.00930322 -0.0171291 -2.99756e-06 2.25357e-05 -0.0171291 0.0847031 2.00886e-05 -0.000183682 -2.99756e-06 2.00886e-05 0.00933494 -0.0170281 2.25357e-05 -0.000183682 -0.0170281 0.0838885 
0.00932903 -0.0171567 -2.26937e-05 4.51474e-05 -0.0171567 0.0847944 4.27515e-05 -0.000223635 -2.26937e-05 4.27515e-05 0.00933154 -0.0170456 4.51474e-05 -0.000223635 -0.0170456 0.0840026 
0.00932637 -0.0171705 -2.09379e-05 6.79958e-05 -0.0171705 0.0847949 6.80281e-05 -0.000280738 -2.09379e-05 6.80281e-05 0.00932797 -0.017017 6.79958e-05 -0.000280738 -0.017017 0.0839294 
0.00931336 -0.0171704 -1.5173e-05 6.50287e-05 -0.0171704 0.0847969 6.82792e-05 -0.00030332 -1.5173e-05 6.82792e-05 0.00932949 -0.0170038 6.50287e-05 -0.00030332 -0.0170038 0.0838544 
0.00929279 -0.0171465 -1.10867e-05 5.53816e-05 -0.0171465 0.0847289 6.19262e-05 -0.000293415 -1.10867e-05 6.19262e-05 0.00932979 -0.0169962 5.53816e-05 -0.000293415 -0.0169962 0.0837789 
0.00930148 -0.0171348 -3.84332e-06 5.02326e-05 -0.0171348 0.0847279 5.6846e-05 -0.000279461 -3.84332e-06 5.6846e-05 0.009317 -0.0170142 5.02326e-05 -0.000279461 -0.0170142 0.0838294 
0.00930668 -0.0171645 -6.39491e-06 4.33846e-05 -0.0171645 0.0848479 4.76805e-05 -0.000263098 -6.39491e-06 4.76805e-05 0.0093316 -0.0170259 4.33846e-05 -0.000263098 -0.0170259 0.0839573 
0.00928977 -0.0171286 -6.77984e-06 4.57829e-05 -0.0171286 0.084707 4.92468e-05 -0.00025762 -6.77984e-06 4.92468e-05 0.00931861 -0.0169986 4.57829e-05 -0.00025762 -0.0169986 0.0838223 
0.00926668 -0.0170549 -5.48748e-06 5.03842e-05 -0.0170549 0.0843548 4.86536e-05 -0.00026181 -5.48748e-06 4.86536e-05 0.0092803 -0.0169363 5.03842e-05 -0.00026181 -0.0169363 0.0835064 
0.00926763 -0.0170525 -1.20678e-05 5.59427e-05 -0.0170525 0.0842757 4.77294e-05 -0.000272523 -1.20678e-05 4.77294e-05 0.0092732 -0.016915 5.59427e-05 -0.000272523 -0.016915 0.0834153 
0.00926985 -0.0170556 -1.23695e-05 6.68373e-05 -0.0170556 0.0842472 5.47773e-05 -0.00029315 -1.23695e-05 5.47773e-05 0.00926885 -0.016906 6.68373e-05 -0.00029315 -0.016906 0.0833574 
0.00929017 -0.0171009 1.57745e-08 7.06556e-05 -0.0171009 0.0844402 5.68304e-05 -0.000311839 1.57745e-08 5.68304e-05 0.0092883 -0.0169407 7.06556e-05 -0.000311839 -0.0169407 0.0835177 
0.00932617 -0.0171799 1.26476e-05 5.6518e-05 -0.0171799 0.0848255 4.4158e-05 -0.000301463 1.26476e-05 4.4158e-05 0.00932711 -0.0170149 5.6518e-05 -0.000301463 -0.0170149 0.083878 
0.00935812 -0.0172407 1.02888e-05 3.70258e-05 -0.0172407 0.0851542 2.92489e-05 -0.000265681 1.02888e-05 2.92489e-05 0.00937323 -0.0170818 3.70258e-05 -0.000265681 -0.0170818 0.0842091 
0.0094027 -0.0173078 6.5506e-06 3.55815e-05 -0.0173078 0.0855025 3.38819e-05 -0.000251252 6.5506e-06 3.38819e-05 0.00940932 -0.0171647 3.55815e-05 -0.000251252 -0.0171647 0.084584 
0.00943928 -0.017354 1.33807e-05 4.00822e-05 -0.017354 0.0857046 4.21621e-05 -0.000261239 1.33807e-05 4.21621e-05 0.00942666 -0.0171975 4.00822e-05 -0.000261239 -0.0171975 0.084775 
0.00943511 -0.0173576 2.41002e-05 3.19084e-05 -0.0173576 0.085661 3.64501e-05 -0.000257671 2.41002e-05 3.64501e-05 0.00943567 -0.0171717 3.19084e-05 -0.000257671 -0.0171717 0.0846689 
0.00942521 -0.0173346 2.41379e-05 1.93106e-05 -0.0173346 0.085542 2.42172e-05 -0.000235653 2.41379e-05 2.42172e-05 0.00942733 -0.0171597 1.93106e-05 -0.000235653 -0.0171597 0.0845269 
