0.00615041 0 1.38603e-05 0 0 0.00872159 0 0 1.38603e-05 0 0.0061512 0 0 0 0 0.00872159 
0.0093856 -0.0116472 3.11173e-05 -3.96072e-05 -0.0116472 0.0309636 -3.96072e-05 7.59365e-05 3.11173e-05 -3.96072e-05 0.00941908 -0.0116942 -3.96072e-05 7.59365e-05 -0.0116942 0.0310537 
0.00961665 -0.0178726 1.74953e-05 -0.000103335 -0.0178726 0.0659348 -0.000103335 0.00034444 1.74953e-05 -0.000103335 0.0097076 -0.0181211 -0.000103335 0.00034444 -0.0181211 0.0667803 
0.00913205 -0.0175183 -8.72652e-06 -0.000126249 -0.0175183 0.0785285 -0.000127049 0.000675295 -8.72652e-06 -0.000127049 0.00922198 -0.0179561 -0.000126249 0.000675295 -0.0179561 0.0805989 
0.00889125 -0.016473 -1.42474e-05 -7.83252e-05 -0.016473 0.0792712 -8.04241e-05 0.000688471 -1.42474e-05 -8.04241e-05 0.00891992 -0.0168508 -7.83252e-05 0.000688471 -0.0168508 0.0815987 
0.00872954 -0.0159404 -1.37929e-05 -4.34259e-05 -0.0159404 0.0779665 -4.76801e-05 0.000509441 -1.37929e-05 -4.76801e-05 0.00871822 -0.0161564 -4.34259e-05 0.000509441 -0.0161564 0.0797236 
0.00851793 -0.0155334 -1.35316e-05 -3.18687e-05 -0.0155334 0.0762717 -3.53694e-05 0.000360286 -1.35316e-05 -3.53694e-05 0.00849821 -0.0156597 -3.18687e-05 0.000360286 -0.0156597 0.0774527 
0.00828257 -0.0150996 -5.54004e-06 -2.86483e-05 -0.0150996 0.074338 -3.23855e-05 0.000282222 -5.54004e-06 -3.23855e-05 0.00826171 -0.0152073 -2.86483e-05 0.000282222 -0.0152073 0.075216 
0.00969279 -0.0176596 1.32236e-05 -4.57475e-05 -0.0176596 0.0870597 -5.14718e-05 0.000318999 1.32236e-05 -5.14718e-05 0.00968406 -0.0177902 -4.57475e-05 0.000318999 -0.0177902 0.0879834 
0.00952306 -0.0173416 2.58835e-05 -7.05417e-05 -0.0173416 0.0855155 -7.66941e-05 0.000356666 2.58835e-05 -7.66941e-05 0.00953581 -0.0174968 -7.05417e-05 0.000356666 -0.0174968 0.0864439 
0.00941456 -0.0171517 2.5917e-05 -8.92204e-05 -0.0171517 0.0845567 -9.31456e-05 0.00040663 2.5917e-05 -9.31456e-05 0.0094424 -0.0173362 -8.92204e-05 0.00040663 -0.0173362 0.0855501 
0.00938765 -0.0171133 1.73816e-05 -9.30471e-05 -0.0171133 0.0843554 -9.24656e-05 0.000432744 1.73816e-05 -9.24656e-05 0.00941216 -0.0173127 -9.30471e-05 0.000432744 -0.0173127 0.0854019 
0.00938238 -0.017105 6.32716e-06 -8.44546e-05 -0.017105 0.0843206 -8.20369e-05 0.000426922 6.32716e-06 -8.20369e-05 0.00939285 -0.0172982 -8.44546e-05 0.000426922 -0.0172982 0.0853742 
0.00939845 -0.0171085 -1.24766e-06 -6.96668e-05 -0.0171085 0.0843322 -7.01304e-05 0.000400065 -1.24766e-06 -7.01304e-05 0.00937204 -0.0172769 -6.96668e-05 0.000400065 -0.0172769 0.0853333 
0.00940184 -0.0170976 -9.49956e-06 -5.7464e-05 -0.0170976 0.0842109 -6.16536e-05 0.0003708 -9.49956e-06 -6.16536e-05 0.00933278 -0.0172151 -5.7464e-05 0.0003708 -0.0172151 0.085097 
0.00938448 -0.0170955 -2.10007e-05 -4.66235e-05 -0.0170955 0.0841223 -5.18025e-05 0.000342678 -2.10007e-05 -5.18025e-05 0.00931177 -0.0171526 -4.66235e-05 0.000342678 -0.0171526 0.084848 
0.00935373 -0.0170491 -5.84363e-06 -3.26524e-05 -0.0170491 0.0839153 -3.61549e-05 0.000306628 -5.84363e-06 -3.61549e-05 0.00929336 -0.0170968 -3.26524e-05 0.000306628 -0.0170968 0.0845476 
0.00932764 -0.0170099 1.23464e-05 -5.08005e-05 -0.0170099 0.0837505 -5.31188e-05 0.000317641 1.23464e-05 -5.31188e-05 0.00929253 -0.0170806 -5.08005e-05 0.000317641 -0.0170806 0.084398 
0.00933376 -0.0170448 1.44772e-05 -7.56455e-05 -0.0170448 0.0839448 -7.93648e-05 0.000372722 1.44772e-05 -7.93648e-05 0.00932716 -0.017146 -7.56455e-05 0.000372722 -0.017146 0.0846541 
0.00933876 -0.0170473 2.17396e-05 -8.12573e-05 -0.0170473 0.0840198 -8.7354e-05 0.000413007 2.17396e-05 -8.7354e-05 0.009346 -0.017185 -8.12573e-05 0.000413007 -0.017185 0.0848136 
0.0093312 -0.01705 1.88527e-05 -8.79345e-05 -0.01705 0.0840508 -9.52825e-05 0.000436895 1.88527e-05 -9.52825e-05 0.00936329 -0.0172079 -8.79345e-05 0.000436895 -0.0172079 0.0849153 
0.00932502 -0.0170328 2.23084e-05 -8.35371e-05 -0.0170328 0.0840145 -9.04704e-05 0.000439374 2.23084e-05 -9.04704e-05 0.00935931 -0.0172205 -8.35371e-05 0.000439374 -0.0172205 0.0849501 
0.00932525 -0.0170084 2.22601e-05 -8.70389e-05 -0.0170084 0.0839039 -9.05846e-05 0.000436776 2.22601e-05 -9.05846e-05 0.00933047 -0.0171952 -8.70389e-05 0.000436776 -0.0171952 0.0848638 
0.00932256 -0.0170026 1.2158e-05 -8.73476e-05 -0.0170026 0.0838236 -8.61559e-05 0.000430603 1.2158e-05 -8.61559e-05 0.00929892 -0.0171476 -8.73476e-05 0.000430603 -0.0171476 0.0847154 
0.00933753 -0.0170191 -7.72631e-06 -7.49879e-05 -0.0170191 0.083873 -7.33209e-05 0.000407731 -7.72631e-06 -7.33209e-05 0.00927386 -0.0171176 -7.49879e-05 0.000407731 -0.0171176 0.084641 
0.00935264 -0.0170474 -1.72768e-05 -5.00178e-05 -0.0170474 0.0839697 -4.67566e-05 0.000353865 -1.72768e-05 -4.67566e-05 0.00925566 -0.0170906 -5.00178e-05 0.000353865 -0.0170906 0.0845882 
0.00933369 -0.0170227 -3.04545e-06 -3.57529e-05 -0.0170227 0.083831 -3.06492e-05 0.000299992 -3.04545e-06 -3.06492e-05 0.00922312 -0.0170244 -3.57529e-05 0.000299992 -0.0170244 0.0843181 
0.00930498 -0.0169861 1.90251e-05 -5.25527e-05 -0.0169861 0.0836639 -4.56198e-05 0.000301107 1.90251e-05 -4.56198e-05 0.00921179 -0.0169696 -5.25527e-05 0.000301107 -0.0169696 0.0840678 
0.00928047 -0.0169573 2.69764e-05 -8.10145e-05 -0.0169573 0.0835651 -7.4559e-05 0.00035275 2.69764e-05 -7.4559e-05 0.00921352 -0.0169656 -8.10145e-05 0.00035275 -0.0169656 0.0839819 
0.00923834 -0.0169131 1.95938e-05 -9.09455e-05 -0.0169131 0.0834026 -8.5112e-05 0.000394111 1.95938e-05 -8.5112e-05 0.00923225 -0.0169566 -9.09455e-05 0.000394111 -0.0169566 0.0838925 
0.00921731 -0.0168557 -6.33511e-06 -7.93899e-05 -0.0168557 0.0832194 -7.47611e-05 0.000387333 -6.33511e-06 -7.47611e-05 0.00923731 -0.0169744 -7.93899e-05 0.000387333 -0.0169744 0.0838595 
0.00918245 -0.0168 -1.28966e-05 -4.44934e-05 -0.0168 0.0829487 -4.27478e-05 0.000325366 -1.28966e-05 -4.27478e-05 0.0092301 -0.0169549 -4.44934e-05 0.000325366 -0.0169549 0.0837205 
0.00916547 -0.0167764 1.87937e-06 -3.07123e-05 -0.0167764 0.0828577 -3.20166e-05 0.000270336 1.87937e-06 -3.20166e-05 0.00922651 -0.0169667 -3.07123e-05 0.000270336 -0.0169667 0.0837336 
0.0091686 -0.0167821 9.22416e-07 -4.76574e-05 -0.0167821 0.0829184 -5.08256e-05 0.000277932 9.22416e-07 -5.08256e-05 0.00922787 -0.0169933 -4.76574e-05 0.000277932 -0.0169933 0.0838738 
0.00916474 -0.0167635 8.9481e-06 -5.01309e-05 -0.0167635 0.082844 -5.2591e-05 0.000295065 8.9481e-06 -5.2591e-05 0.00921412 -0.0169726 -5.01309e-05 0.000295065 -0.0169726 0.0838258 
0.00916665 -0.0167496 4.21708e-06 -5.91656e-05 -0.0167496 0.0827632 -5.75797e-05 0.000307001 4.21708e-06 -5.75797e-05 0.00919074 -0.0169465 -5.91656e-05 0.000307001 -0.0169465 0.0837336 
0.00917262 -0.0167517 -6.65986e-07 -5.37834e-05 -0.0167517 0.0827311 -4.94262e-05 0.000300747 -6.65986e-07 -4.94262e-05 0.00917302 -0.0169177 -5.37834e-05 0.000300747 -0.0169177 0.0836477 
0.00917946 -0.0167768 7.00685e-06 -4.56944e-05 -0.0167768 0.0828123 -4.24587e-05 0.000280831 7.00685e-06 -4.24587e-05 0.0091703 -0.016909 -4.56944e-05 0.000280831 -0.016909 0.0836446 
0.00916457 -0.0167469 9.21624e-06 -5.39265e-05 -0.0167469 0.0826664 -5.26526e-05 0.000285037 9.21624e-06 -5.26526e-05 0.00914879 -0.0168609 -5.39265e-05 0.000285037 -0.0168609 0.0834254 
0.00915441 -0.016722 9.36074e-06 -5.71411e-05 -0.016722 0.0825333 -5.82735e-05 0.000299077 9.36074e-06 -5.82735e-05 0.00913059 -0.0168255 -5.71411e-05 0.000299077 -0.0168255 0.083244 
0.0091558 -0.0167328 -2.63491e-06 -5.75514e-05 -0.0167328 0.0825628 -5.89988e-05 0.000305667 -2.63491e-06 -5.89988e-05 0.00912239 -0.0168236 -5.75514e-05 0.000305667 -0.0168236 0.0832303 
0.00914869 -0.0167283 -1.38748e-05 -4.28912e-05 -0.0167283 0.0825394 -4.30975e-05 0.00028291 -1.38748e-05 -4.30975e-05 0.00911554 -0.0168005 -4.28912e-05 0.00028291 -0.0168005 0.0831501 
0.00912972 -0.016718 -2.03975e-05 -2.50133e-05 -0.016718 0.0825008 -2.41484e-05 0.000235921 -2.03975e-05 -2.41484e-05 0.00912203 -0.0167836 -2.50133e-05 0.000235921 -0.0167836 0.0830663 
0.00910556 -0.0166676 -2.01346e-05 -1.56708e-05 -0.0166676 0.0823106 -1.41326e-05 0.000196379 -2.01346e-05 -1.41326e-05 0.00911629 -0.0167634 -1.56708e-05 0.000196379 -0.0167634 0.0829029 
0.00913226 -0.0166992 -1.48216e-05 -1.77978e-05 -0.0166992 0.082484 -1.6045e-05 0.000187018 -1.48216e-05 -1.6045e-05 0.00914092 -0.016826 -1.77978e-05 0.000187018 -0.016826 0.0831521 
0.0091523 -0.0167198 -2.14055e-05 -2.82958e-05 -0.0167198 0.0825627 -2.47085e-05 0.000203965 -2.14055e-05 -2.47085e-05 0.00914662 -0.0168536 -2.82958e-05 0.000203965 -0.0168536 0.0832875 
0.00917263 -0.0167412 -1.21923e-05 -2.23171e-05 -0.0167412 0.0826215 -1.68139e-05 0.00020466 -1.21923e-05 -1.68139e-05 0.00914324 -0.0168567 -2.23171e-05 0.00020466 -0.0168567 0.0833377 
0.00916909 -0.0167349 3.53963e-06 -3.23221e-05 -0.0167349 0.0825299 -2.85316e-05 0.000218314 3.53963e-06 -2.85316e-05 0.00912293 -0.0168182 -3.23221e-05 0.000218314 -0.0168182 0.0831838 
0.00918896 -0.0167691 2.13256e-07 -5.09608e-05 -0.0167691 0.0826735 -4.96982e-05 0.000258403 2.13256e-07 -4.96982e-05 0.00912686 -0.0168368 -5.09608e-05 0.000258403 -0.0168368 0.0832815 
0.00919882 -0.0167992 -7.98973e-06 -4.72196e-05 -0.0167992 0.0828034 -4.63037e-05 0.000272644 -7.98973e-06 -4.63037e-05 0.00914698 -0.0168508 -4.72196e-05 0.000272644 -0.0168508 0.0833769 
0.00923147 -0.0168412 -6.8076e-06 -3.51274e-05 -0.0168412 0.0830278 -3.38262e-05 0.000251724 -6.8076e-06 -3.38262e-05 0.0091643 -0.0169072 -3.51274e-05 0.000251724 -0.0169072 0.0836155 
0.00923338 -0.0168633 1.73924e-06 -3.42334e-05 -0.0168633 0.0831084 -3.09598e-05 0.000233725 1.73924e-06 -3.09598e-05 0.00917866 -0.0169161 -3.42334e-05 0.000233725 -0.0169161 0.0836951 
0.00919021 -0.0168454 2.97505e-06 -4.26708e-05 -0.0168454 0.0830507 -3.95671e-05 0.000237263 2.97505e-06 -3.95671e-05 0.0092087 -0.0169126 -4.26708e-05 0.000237263 -0.0169126 0.0836549 
0.00916656 -0.0168048 7.64151e-06 -4.44499e-05 -0.0168048 0.0829998 -4.1318e-05 0.000243464 7.64151e-06 -4.1318e-05 0.0092344 -0.0169598 -4.44499e-05 0.000243464 -0.0169598 0.0837502 
0.00917809 -0.0167994 -2.72755e-06 -4.93812e-05 -0.0167994 0.083057 -4.30189e-05 0.000246922 -2.72755e-06 -4.30189e-05 0.00925877 -0.0170262 -4.93812e-05 0.000246922 -0.0170262 0.0840095 
0.00917169 -0.0167631 -8.24759e-06 -3.97148e-05 -0.0167631 0.0828718 -2.93751e-05 0.000231151 -8.24759e-06 -2.93751e-05 0.00923976 -0.0170132 -3.97148e-05 0.000231151 -0.0170132 0.0839512 
0.00918177 -0.0167699 5.09667e-07 -3.08625e-05 -0.0167699 0.082857 -1.82898e-05 0.000201355 5.09667e-07 -1.82898e-05 0.00922301 -0.0170062 -3.08625e-05 0.000201355 -0.0170062 0.0839622 
0.0091924 -0.016783 6.75797e-06 -4.01859e-05 -0.016783 0.0828784 -2.99235e-05 0.000204317 6.75797e-06 -2.99235e-05 0.00919875 -0.0169874 -4.01859e-05 0.000204317 -0.0169874 0.0839397 
0.00917193 -0.0167406 1.48277e-05 -4.67255e-05 -0.0167406 0.082635 -4.16063e-05 0.000223474 1.48277e-05 -4.16063e-05 0.00914971 -0.0168994 -4.67255e-05 0.000223474 -0.0168994 0.0835998 
0.00914203 -0.0166879 1.55612e-05 -5.32754e-05 -0.0166879 0.0823375 -5.1926e-05 0.000243079 1.55612e-05 -5.1926e-05 0.00910223 -0.0167991 -5.32754e-05 0.000243079 -0.0167991 0.083172 
0.00913273 -0.0166746 1.62488e-05 -5.11047e-05 -0.0166746 0.0822483 -5.33687e-05 0.000247695 1.62488e-05 -5.33687e-05 0.00907523 -0.016755 -5.11047e-05 0.000247695 -0.016755 0.0829689 
0.00912831 -0.0166805 1.71189e-05 -5.25916e-05 -0.0166805 0.0822662 -5.40952e-05 0.000249372 1.71189e-05 -5.40952e-05 0.00906478 -0.0167344 -5.25916e-05 0.000249372 -0.0167344 0.0828944 
0.00911182 -0.0166845 1.55398e-05 -5.58924e-05 -0.0166845 0.0823062 -5.53204e-05 0.000255124 1.55398e-05 -5.53204e-05 0.00907438 -0.0167266 -5.58924e-05 0.000255124 -0.0167266 0.0828707 
0.009098 -0.0166558 1.25621e-05 -5.40519e-05 -0.0166558 0.0822487 -5.29452e-05 0.000254045 1.25621e-05 -5.29452e-05 0.00907247 -0.0167271 -5.40519e-05 0.000254045 -0.0167271 0.0828289 
0.00906909 -0.0166385 4.64078e-06 -4.83771e-05 -0.0166385 0.0821955 -4.86508e-05 0.000242559 4.64078e-06 -4.86508e-05 0.00909403 -0.0167263 -4.83771e-05 0.000242559 -0.0167263 0.0828178 
0.00903906 -0.0165552 1.59028e-06 -3.80042e-05 -0.0165552 0.0818857 -3.77773e-05 0.000219168 1.59028e-06 -3.77773e-05 0.00908128 -0.0167046 -3.80042e-05 0.000219168 -0.0167046 0.0826137 
0.0090337 -0.0165571 7.40951e-06 -3.32618e-05 -0.0165571 0.0818832 -2.86127e-05 0.000193364 7.40951e-06 -2.86127e-05 0.00910234 -0.0167351 -3.32618e-05 0.000193364 -0.0167351 0.0827163 
0.00904125 -0.0165408 6.26066e-06 -3.90152e-05 -0.0165408 0.0818296 -3.16732e-05 0.000186551 6.26066e-06 -3.16732e-05 0.00909926 -0.0167536 -3.90152e-05 0.000186551 -0.0167536 0.0827553 
0.00904803 -0.0165328 5.40346e-06 -3.5685e-05 -0.0165328 0.0817362 -2.89787e-05 0.000177535 5.40346e-06 -2.89787e-05 0.00908184 -0.0167368 -3.5685e-05 0.000177535 -0.0167368 0.0826938 
0.00903206 -0.0164964 6.59342e-07 -3.08777e-05 -0.0164964 0.0814823 -2.71278e-05 0.000164664 6.59342e-07 -2.71278e-05 0.00904284 -0.0166672 -3.08777e-05 0.000164664 -0.0166672 0.0823893 
0.00904309 -0.0165551 -3.95136e-06 -2.27055e-05 -0.0165551 0.0817157 -2.09866e-05 0.000146182 -3.95136e-06 -2.09866e-05 0.00906875 -0.0166972 -2.27055e-05 0.000146182 -0.0166972 0.0825538 
0.00904734 -0.0165788 1.62131e-06 -1.69984e-05 -0.0165788 0.0818869 -1.62505e-05 0.000130555 1.62131e-06 -1.62505e-05 0.0090951 -0.0167387 -1.69984e-05 0.000130555 -0.0167387 0.0827224 
0.00904181 -0.0165564 -1.18101e-05 -2.33128e-05 -0.0165564 0.0818336 -2.2936e-05 0.000133238 -1.18101e-05 -2.2936e-05 0.00909134 -0.0167452 -2.33128e-05 0.000133238 -0.0167452 0.0827244 
0.00906088 -0.0165986 -3.80427e-05 -9.81038e-06 -0.0165986 0.082047 -8.94449e-06 0.000118895 -3.80427e-05 -8.94449e-06 0.00911607 -0.0167951 -9.81038e-06 0.000118895 -0.0167951 0.0829844 
0.00906904 -0.0165998 -3.77108e-05 1.96954e-05 -0.0165998 0.0820778 2.2776e-05 6.47447e-05 -3.77108e-05 2.2776e-05 0.00912186 -0.0168051 1.96954e-05 6.47447e-05 -0.0168051 0.0830463 
0.00908536 -0.0165954 -3.2937e-05 1.97297e-05 -0.0165954 0.0820401 2.211e-05 3.92626e-05 -3.2937e-05 2.211e-05 0.00909861 -0.0167985 1.97297e-05 3.92626e-05 -0.0167985 0.0830214 
0.00910659 -0.0166328 -1.38996e-05 1.16029e-05 -0.0166328 0.0821345 1.06753e-05 5.51749e-05 -1.38996e-05 1.06753e-05 0.00908561 -0.0167802 1.16029e-05 5.51749e-05 -0.0167802 0.0830252 
0.00909589 -0.0166418 4.24816e-06 -1.05303e-05 -0.0166418 0.0821316 -1.50906e-05 0.000102523 4.24816e-06 -1.50906e-05 0.00907182 -0.0167385 -1.05303e-05 0.000102523 -0.0167385 0.0828827 
0.00908335 -0.0166169 1.38201e-05 -3.40728e-05 -0.0166169 0.0820477 -3.89053e-05 0.000164339 1.38201e-05 -3.89053e-05 0.0090559 -0.0167064 -3.40728e-05 0.000164339 -0.0167064 0.0827248 
0.00909292 -0.0166218 1.28116e-06 -4.60086e-05 -0.0166218 0.0820858 -5.25188e-05 0.00021103 1.28116e-06 -5.25188e-05 0.00905091 -0.0167105 -4.60086e-05 0.00021103 -0.0167105 0.0827423 
0.0090904 -0.0166185 -1.28916e-05 -3.04443e-05 -0.0166185 0.0820494 -3.767e-05 0.000205112 -1.28916e-05 -3.767e-05 0.00903834 -0.0166911 -3.04443e-05 0.000205112 -0.0166911 0.0826776 
0.00907973 -0.0166122 -1.36365e-05 -1.32199e-05 -0.0166122 0.0820111 -1.58768e-05 0.000163679 -1.36365e-05 -1.58768e-05 0.00903162 -0.0166685 -1.32199e-05 0.000163679 -0.0166685 0.082594 
0.00907728 -0.0166029 -2.15073e-05 -1.35642e-05 -0.0166029 0.081987 -1.0519e-05 0.000137996 -2.15073e-05 -1.0519e-05 0.00902168 -0.0166582 -1.35642e-05 0.000137996 -0.0166582 0.0825421 
0.00906575 -0.0165766 -2.58499e-05 -4.2924e-06 -0.0165766 0.0818571 -1.69033e-06 0.000117537 -2.58499e-05 -1.69033e-06 0.00900029 -0.0166224 -4.2924e-06 0.000117537 -0.0166224 0.0823858 
0.00903224 -0.0165107 -2.81322e-05 2.81127e-06 -0.0165107 0.0815208 2.8079e-06 9.86655e-05 -2.81322e-05 2.8079e-06 0.00896099 -0.0165432 2.81127e-06 9.86655e-05 -0.0165432 0.0820133 
0.00898175 -0.0164398 -2.5611e-05 6.59929e-06 -0.0164398 0.081149 7.10512e-06 8.30922e-05 -2.5611e-05 7.10512e-06 0.00893472 -0.0164608 6.59929e-06 8.30922e-05 -0.0164608 0.0816026 
0.0089754 -0.0164526 -1.32784e-05 4.08469e-06 -0.0164526 0.0812473 6.24315e-06 7.83399e-05 -1.32784e-05 6.24315e-06 0.00896584 -0.0165029 4.08469e-06 7.83399e-05 -0.0165029 0.0817293 
0.0089814 -0.0164201 -2.4608e-07 -9.8114e-06 -0.0164201 0.0811544 -6.39926e-06 9.55688e-05 -2.4608e-07 -6.39926e-06 0.00895236 -0.0165195 -9.8114e-06 9.55688e-05 -0.0165195 0.0817332 
0.00898751 -0.0164469 7.03002e-06 -2.54834e-05 -0.0164469 0.0812224 -2.31636e-05 0.000130236 7.03002e-06 -2.31636e-05 0.00895852 -0.0165283 -2.54834e-05 0.000130236 -0.0165283 0.0818258 
0.00898976 -0.0164411 1.03237e-05 -3.56702e-05 -0.0164411 0.0811967 -3.60202e-05 0.000165774 1.03237e-05 -3.60202e-05 0.00894469 -0.0165161 -3.56702e-05 0.000165774 -0.0165161 0.0817799 
0.00898865 -0.0164531 -2.84039e-06 -3.92245e-05 -0.0164531 0.0812272 -4.20116e-05 0.0001883 -2.84039e-06 -4.20116e-05 0.00894644 -0.0165031 -3.92245e-05 0.0001883 -0.0165031 0.081756 
0.00900765 -0.0164953 -6.75593e-06 -2.44372e-05 -0.0164953 0.0814501 -2.77799e-05 0.00017617 -6.75593e-06 -2.77799e-05 0.00897667 -0.0165443 -2.44372e-05 0.00017617 -0.0165443 0.0819443 
0.00904348 -0.0165805 4.48575e-06 -1.86395e-05 -0.0165805 0.0818957 -2.31369e-05 0.000159427 4.48575e-06 -2.31369e-05 0.00903756 -0.0166474 -1.86395e-05 0.000159427 -0.0166474 0.082413 
0.00905599 -0.0165985 9.37968e-06 -3.38658e-05 -0.0165985 0.082048 -4.06691e-05 0.000182871 9.37968e-06 -4.06691e-05 0.00906619 -0.0167024 -3.38658e-05 0.000182871 -0.0167024 0.082643 
0.00907644 -0.0166165 -1.93107e-06 -4.24717e-05 -0.0166165 0.0821627 -5.00571e-05 0.000216028 -1.93107e-06 -5.00571e-05 0.00908524 -0.0167469 -4.24717e-05 0.000216028 -0.0167469 0.0828455 
0.00907852 -0.0166062 -7.58368e-06 -3.09663e-05 -0.0166062 0.0820891 -3.88687e-05 0.000214601 -7.58368e-06 -3.88687e-05 0.00908313 -0.0167393 -3.09663e-05 0.000214601 -0.0167393 0.0828168 
0.0090797 -0.016589 -5.85888e-06 -2.37224e-05 -0.016589 0.0819658 -3.19973e-05 0.000199444 -5.85888e-06 -3.19973e-05 0.0090692 -0.0167175 -2.37224e-05 0.000199444 -0.0167175 0.082702 
0.00908202 -0.0165952 -2.36477e-06 -2.89015e-05 -0.0165952 0.0819304 -3.49623e-05 0.000203477 -2.36477e-06 -3.49623e-05 0.00906451 -0.0167017 -2.89015e-05 0.000203477 -0.0167017 0.0826308 
0.00908033 -0.016636 2.14563e-06 -3.63303e-05 -0.016636 0.0821029 -3.88484e-05 0.000219036 2.14563e-06 -3.88484e-05 0.00909472 -0.0167329 -3.63303e-05 0.000219036 -0.0167329 0.0827689 
0.00907814 -0.016663 1.15476e-05 -4.09468e-05 -0.016663 0.0823224 -4.01702e-05 0.000228991 1.15476e-05 -4.01702e-05 0.00914267 -0.0168039 -4.09468e-05 0.000228991 -0.0168039 0.0830502 
0.00908236 -0.0166287 1.48107e-05 -5.01346e-05 -0.0166287 0.0822669 -4.7892e-05 0.000241656 1.48107e-05 -4.7892e-05 0.00914836 -0.0168394 -5.01346e-05 0.000241656 -0.0168394 0.0831494 
0.00910242 -0.0166456 9.77761e-06 -5.40297e-05 -0.0166456 0.0823186 -5.05383e-05 0.000250563 9.77761e-06 -5.05383e-05 0.00915351 -0.0168672 -5.40297e-05 0.000250563 -0.0168672 0.0833033 
0.00910464 -0.0166197 5.00847e-06 -4.85754e-05 -0.0166197 0.0821385 -4.27493e-05 0.00024168 5.00847e-06 -4.27493e-05 0.00912301 -0.016823 -4.85754e-05 0.00024168 -0.016823 0.083127 
0.00909215 -0.0166228 -9.43124e-06 -4.19404e-05 -0.0166228 0.0820627 -3.63735e-05 0.00022486 -9.43124e-06 -3.63735e-05 0.00910736 -0.0167845 -4.19404e-05 0.00022486 -0.0167845 0.0829826 
0.00909077 -0.0166102 -1.99893e-05 -2.44113e-05 -0.0166102 0.082012 -1.99547e-05 0.000192211 -1.99893e-05 -1.99547e-05 0.00908195 -0.0167635 -2.44113e-05 0.000192211 -0.0167635 0.0828793 
0.00911176 -0.0166674 -7.5391e-06 -1.13961e-05 -0.0166674 0.0822705 -7.12999e-06 0.000156261 -7.5391e-06 -7.12999e-06 0.00909489 -0.0167911 -1.13961e-05 0.000156261 -0.0167911 0.0830785 
0.00910835 -0.0166604 4.33612e-06 -2.51312e-05 -0.0166604 0.082264 -2.15271e-05 0.000161445 4.33612e-06 -2.15271e-05 0.00909439 -0.0167689 -2.51312e-05 0.000161445 -0.0167689 0.083014 
0.00912851 -0.016677 7.54078e-06 -3.85887e-05 -0.016677 0.0823535 -4.13597e-05 0.000196909 7.54078e-06 -4.13597e-05 0.00909048 -0.0167847 -3.85887e-05 0.000196909 -0.0167847 0.0830755 
0.00914273 -0.0167144 1.19365e-05 -4.20677e-05 -0.0167144 0.0824951 -4.90631e-05 0.000223769 1.19365e-05 -4.90631e-05 0.00909997 -0.016791 -4.20677e-05 0.000223769 -0.016791 0.0831581 
0.0091262 -0.0166753 1.23729e-05 -4.93929e-05 -0.0166753 0.0823108 -5.47292e-05 0.00024383 1.23729e-05 -5.47292e-05 0.0090755 -0.0167448 -4.93929e-05 0.00024383 -0.0167448 0.0829298 
0.00909817 -0.0166489 7.36093e-06 -5.08292e-05 -0.0166489 0.0821658 -5.23376e-05 0.00025043 7.36093e-06 -5.23376e-05 0.00907215 -0.01671 -5.08292e-05 0.00025043 -0.01671 0.0827578 
0.00907634 -0.0166224 -1.61255e-06 -4.68434e-05 -0.0166224 0.082085 -4.33348e-05 0.00024191 -1.61255e-06 -4.33348e-05 0.00907834 -0.0167149 -4.68434e-05 0.00024191 -0.0167149 0.0827148 
0.00904626 -0.0165762 -5.41001e-06 -3.54011e-05 -0.0165762 0.0819068 -2.92819e-05 0.000214682 -5.41001e-06 -2.92819e-05 0.00907444 -0.016704 -3.54011e-05 0.000214682 -0.016704 0.0826161 
0.00904355 -0.0165321 -3.5008e-06 -2.73291e-05 -0.0165321 0.0817311 -2.31275e-05 0.000188574 -3.5008e-06 -2.31275e-05 0.0090528 -0.0166899 -2.73291e-05 0.000188574 -0.0166899 0.0825169 
0.00905793 -0.0165523 -2.11337e-06 -2.66906e-05 -0.0165523 0.0817654 -2.34972e-05 0.000175614 -2.11337e-06 -2.34972e-05 0.00904276 -0.0166896 -2.66906e-05 0.000175614 -0.0166896 0.0825529 
0.00905135 -0.0165504 -2.03979e-06 -2.79563e-05 -0.0165504 0.0817103 -2.33128e-05 0.000170141 -2.03979e-06 -2.33128e-05 0.00902386 -0.016652 -2.79563e-05 0.000170141 -0.016652 0.0824244 
0.00905134 -0.0165664 -6.10322e-06 -2.77321e-05 -0.0165664 0.081786 -2.44224e-05 0.000168401 -6.10322e-06 -2.44224e-05 0.00902699 -0.0166468 -2.77321e-05 0.000168401 -0.0166468 0.0824247 
0.00906668 -0.0165787 -1.48835e-05 -2.03032e-05 -0.0165787 0.0818786 -2.10349e-05 0.000159106 -1.48835e-05 -2.10349e-05 0.00902863 -0.0166642 -2.03032e-05 0.000159106 -0.0166642 0.0824986 
0.00907985 -0.0165846 -2.15277e-05 -9.58987e-06 -0.0165846 0.0818841 -1.22781e-05 0.00013994 -2.15277e-05 -1.22781e-05 0.00900909 -0.0166525 -9.58987e-06 0.00013994 -0.0166525 0.0824737 
0.00908451 -0.0166057 -2.07752e-05 -7.77982e-07 -0.0166057 0.0819365 -3.3066e-06 0.000115681 -2.07752e-05 -3.3066e-06 0.00900102 -0.0166313 -7.77982e-07 0.000115681 -0.0166313 0.0824421 
0.00905715 -0.0165638 -7.32678e-06 -2.3604e-06 -0.0165638 0.0817341 -3.2006e-06 0.000106289 -7.32678e-06 -3.2006e-06 0.00898052 -0.0165716 -2.3604e-06 0.000106289 -0.0165716 0.0821693 
0.00902669 -0.0165109 6.40422e-07 -1.99681e-05 -0.0165109 0.0814884 -1.98184e-05 0.000131258 6.40422e-07 -1.98184e-05 0.00895865 -0.0165243 -1.99681e-05 0.000131258 -0.0165243 0.0819036 
0.00902257 -0.016514 3.93178e-06 -3.04473e-05 -0.016514 0.0815109 -3.29252e-05 0.000166513 3.93178e-06 -3.29252e-05 0.00896291 -0.016536 -3.04473e-05 0.000166513 -0.016536 0.0819338 
0.00903141 -0.0165268 3.11449e-06 -3.45776e-05 -0.0165268 0.0816017 -3.90594e-05 0.000189341 3.11449e-06 -3.90594e-05 0.00897061 -0.0165603 -3.45776e-05 0.000189341 -0.0165603 0.0820468 
0.00901551 -0.0165362 -6.37954e-08 -3.16169e-05 -0.0165362 0.0816557 -3.81065e-05 0.000192432 -6.37954e-08 -3.81065e-05 0.00899108 -0.0165695 -3.16169e-05 0.000192432 -0.0165695 0.0821102 
0.00900148 -0.0165241 -1.01411e-05 -2.50651e-05 -0.0165241 0.0816879 -3.21426e-05 0.000180331 -1.01411e-05 -3.21426e-05 0.0090144 -0.0165991 -2.50651e-05 0.000180331 -0.0165991 0.0822041 
0.00899309 -0.0164942 -4.61302e-06 -1.43611e-05 -0.0164942 0.0816192 -1.86665e-05 0.000155191 -4.61302e-06 -1.86665e-05 0.00903048 -0.0166204 -1.43611e-05 0.000155191 -0.0166204 0.0822531 
0.00900824 -0.0164994 -2.62681e-06 -2.19613e-05 -0.0164994 0.0816547 -2.23636e-05 0.000151386 -2.62681e-06 -2.23636e-05 0.00904564 -0.0166585 -2.19613e-05 0.000151386 -0.0166585 0.0823944 
0.0090367 -0.0165175 -4.63468e-06 -2.6143e-05 -0.0165175 0.0817072 -2.24015e-05 0.000155611 -4.63468e-06 -2.24015e-05 0.00904262 -0.0166813 -2.6143e-05 0.000155611 -0.0166813 0.0824997 
0.00904171 -0.0165195 -1.03852e-05 -2.81705e-05 -0.0165195 0.0816282 -2.07014e-05 0.000160573 -1.03852e-05 -2.07014e-05 0.00902691 -0.016648 -2.81705e-05 0.000160573 -0.016648 0.0823858 
0.00906529 -0.0165586 -1.81863e-05 -2.39866e-05 -0.0165586 0.0817584 -1.2985e-05 0.000154686 -1.81863e-05 -1.2985e-05 0.00902313 -0.0166577 -2.39866e-05 0.000154686 -0.0166577 0.0824457 
0.00910326 -0.016635 -1.59817e-05 -1.34329e-05 -0.016635 0.0820873 -1.32547e-06 0.000133053 -1.59817e-05 -1.32547e-06 0.00904236 -0.0166966 -1.34329e-05 0.000133053 -0.0166966 0.0826852 
0.00912804 -0.0166952 -1.9079e-05 -1.34929e-05 -0.0166952 0.0823744 -5.82987e-06 0.000126032 -1.9079e-05 -5.82987e-06 0.00907214 -0.0167331 -1.34929e-05 0.000126032 -0.0167331 0.0828975 
0.00913891 -0.0167191 -1.32892e-05 -7.90403e-06 -0.0167191 0.082521 -4.59891e-06 0.000120487 -1.32892e-05 -4.59891e-06 0.00909681 -0.0167652 -7.90403e-06 0.000120487 -0.0167652 0.0830308 
0.00915967 -0.0167719 -1.67155e-05 -1.34812e-05 -0.0167719 0.0828091 -8.99919e-06 0.000123277 -1.67155e-05 -8.99919e-06 0.00914476 -0.0168417 -1.34812e-05 0.000123277 -0.0168417 0.0833671 
0.00915202 -0.0167515 -2.27791e-05 -8.58043e-06 -0.0167515 0.0827591 -4.31451e-06 0.000117506 -2.27791e-05 -4.31451e-06 0.00915382 -0.0168591 -8.58043e-06 0.000117506 -0.0168591 0.0834062 
0.00912886 -0.0167004 -2.7752e-05 1.63907e-06 -0.0167004 0.0825204 2.4837e-06 9.73463e-05 -2.7752e-05 2.4837e-06 0.00914301 -0.0168321 1.63907e-06 9.73463e-05 -0.0168321 0.0832516 
0.00911882 -0.016685 -2.95986e-05 9.46593e-06 -0.016685 0.0824382 6.10601e-06 7.96048e-05 -2.95986e-05 6.10601e-06 0.00914304 -0.0168351 9.46593e-06 7.96048e-05 -0.0168351 0.0832349 
0.00911565 -0.0166688 -3.21864e-05 1.23129e-05 -0.0166688 0.0823623 7.39711e-06 7.0445e-05 -3.21864e-05 7.39711e-06 0.00913737 -0.0168317 1.23129e-05 7.0445e-05 -0.0168317 0.0832054 
0.00913805 -0.0166742 -2.65295e-05 1.34525e-05 -0.0166742 0.0823731 1.16672e-05 6.38384e-05 -2.65295e-05 1.16672e-05 0.0091256 -0.0168407 1.34525e-05 6.38384e-05 -0.0168407 0.0832493 
0.00916992 -0.0167148 -1.50951e-05 3.26467e-06 -0.0167148 0.0824902 8.36658e-06 7.09581e-05 -1.50951e-05 8.36658e-06 0.00911209 -0.0168445 3.26467e-06 7.09581e-05 -0.0168445 0.0833296 
0.00921462 -0.0167971 -3.70688e-06 -1.33012e-05 -0.0167971 0.0828176 -3.15441e-06 9.71929e-05 -3.70688e-06 -3.15441e-06 0.00911348 -0.0168699 -1.33012e-05 9.71929e-05 -0.0168699 0.0835465 
0.00921027 -0.0168118 3.97407e-06 -2.76726e-05 -0.0168118 0.0828458 -1.59565e-05 0.000129814 3.97407e-06 -1.59565e-05 0.00910544 -0.0168212 -2.76726e-05 0.000129814 -0.0168212 0.0834138 
0.00918323 -0.0167946 -6.6975e-06 -3.73463e-05 -0.0167946 0.0827817 -2.54047e-05 0.000157116 -6.6975e-06 -2.54047e-05 0.0091133 -0.0167893 -3.73463e-05 0.000157116 -0.0167893 0.0832472 
0.00914493 -0.0167512 -9.32578e-06 -2.37093e-05 -0.0167512 0.0826511 -1.50623e-05 0.000149053 -9.32578e-06 -1.50623e-05 0.0091328 -0.0167934 -2.37093e-05 0.000149053 -0.0167934 0.083161 
0.00914699 -0.0167095 -1.61146e-05 -1.4527e-05 -0.0167095 0.0825482 -1.10832e-05 0.000126483 -1.61146e-05 -1.10832e-05 0.00913329 -0.0168309 -1.4527e-05 0.000126483 -0.0168309 0.0832214 
0.00917684 -0.0167668 -1.23996e-05 -3.97703e-06 -0.0167668 0.0827836 -4.46156e-06 0.000103813 -1.23996e-05 -4.46156e-06 0.00916299 -0.0168968 -3.97703e-06 0.000103813 -0.0168968 0.0835609 
0.00919416 -0.0168013 -1.04414e-05 -6.94801e-06 -0.0168013 0.0829466 -7.6211e-06 9.65416e-05 -1.04414e-05 -7.6211e-06 0.00918296 -0.016933 -6.94801e-06 9.65416e-05 -0.016933 0.08376 
0.00918058 -0.0167948 -2.51277e-06 -9.24297e-06 -0.0167948 0.082917 -9.87742e-06 9.98613e-05 -2.51277e-06 -9.87742e-06 0.009197 -0.0169271 -9.24297e-06 9.98613e-05 -0.0169271 0.0837421 
0.00916018 -0.016768 -3.18122e-06 -2.07242e-05 -0.016768 0.0828262 -2.26436e-05 0.000121534 -3.18122e-06 -2.26436e-05 0.0092204 -0.0169315 -2.07242e-05 0.000121534 -0.0169315 0.0836993 
