0.00618695 0 -1.41289e-05 0 0 0.00877887 0 0 -1.41289e-05 0 0.00615834 0 0 0 0 0.00877887 
0.00945557 -0.0117369 -2.08532e-06 -4.13913e-07 -0.0117369 0.0311863 -4.13913e-07 9.22604e-07 -2.08532e-06 -4.13913e-07 0.00940269 -0.0116699 -4.13913e-07 9.22604e-07 -0.0116699 0.0310581 
0.00968705 -0.0180926 5.67057e-05 -0.00010585 -0.0180926 0.0667085 -0.00010585 0.000367966 5.67057e-05 -0.00010585 0.00967497 -0.0179451 -0.00010585 0.000367966 -0.0179451 0.066222 
0.00915248 -0.0177478 8.21625e-05 -0.000257375 -0.0177478 0.0797063 -0.000251876 0.00113361 8.21625e-05 -0.000251876 0.00917759 -0.0176373 -0.000257375 0.00113361 -0.0176373 0.0790242 
0.00888917 -0.0166963 4.72979e-05 -0.000262917 -0.0166963 0.080759 -0.000253899 0.00139923 4.72979e-05 -0.000253899 0.00893325 -0.016654 -0.000262917 0.00139923 -0.016654 0.0801929 
0.00870245 -0.016061 7.96924e-06 -0.00017085 -0.016061 0.0791018 -0.000166343 0.00112671 7.96924e-06 -0.000166343 0.0087509 -0.0160692 -0.00017085 0.00112671 -0.0160692 0.0787751 
0.00843695 -0.0154757 -2.08161e-05 -9.01865e-05 -0.0154757 0.0764547 -9.31768e-05 0.000758094 -2.08161e-05 -9.31768e-05 0.0084764 -0.0155056 -9.01865e-05 0.000758094 -0.0155056 0.0763101 
0.00819266 -0.0150067 -2.3792e-05 -4.50759e-05 -0.0150067 0.0741458 -5.23081e-05 0.000510077 -2.3792e-05 -5.23081e-05 0.00822133 -0.015029 -4.50759e-05 0.000510077 -0.015029 0.0740724 
0.0096238 -0.0176324 -3.62573e-05 -4.80557e-05 -0.0176324 0.0870854 -5.79477e-05 0.000486914 -3.62573e-05 -5.79477e-05 0.00966548 -0.0176354 -4.80557e-05 0.000486914 -0.0176354 0.0869805 
0.00948274 -0.0173678 -4.08338e-05 -4.63023e-05 -0.0173678 0.0857549 -5.3614e-05 0.000452852 -4.08338e-05 -5.3614e-05 0.009521 -0.017375 -4.63023e-05 0.000452852 -0.017375 0.0856387 
0.00943066 -0.0172699 -4.43083e-05 -4.38699e-05 -0.0172699 0.0852215 -4.95235e-05 0.000444718 -4.43083e-05 -4.95235e-05 0.00945094 -0.0172684 -4.38699e-05 0.000444718 -0.0172684 0.0850817 
0.00939824 -0.017241 -3.17376e-05 -4.33389e-05 -0.017241 0.0850277 -4.66233e-05 0.00044482 -3.17376e-05 -4.66233e-05 0.00943399 -0.0172117 -4.33389e-05 0.00044482 -0.0172117 0.0848228 
0.00939265 -0.0172406 -1.29272e-05 -6.14693e-05 -0.0172406 0.0850587 -6.15277e-05 0.000472801 -1.29272e-05 -6.15277e-05 0.00943638 -0.0172276 -6.14693e-05 0.000472801 -0.0172276 0.0848415 
0.00938817 -0.017213 1.95733e-06 -8.67123e-05 -0.017213 0.084957 -8.56215e-05 0.000528202 1.95733e-06 -8.56215e-05 0.00941725 -0.0172181 -8.67123e-05 0.000528202 -0.0172181 0.084782 
0.00938614 -0.017196 6.52703e-07 -0.000103771 -0.017196 0.0848436 -0.000103832 0.000578592 6.52703e-07 -0.000103832 0.00939136 -0.0171867 -0.000103771 0.000578592 -0.0171867 0.0846696 
0.0093478 -0.0171818 -5.03868e-06 -0.000101245 -0.0171818 0.0847302 -0.000102729 0.000594088 -5.03868e-06 -0.000102729 0.00939165 -0.0171433 -0.000101245 0.000594088 -0.0171433 0.0845066 
0.00932991 -0.0171596 -1.31731e-05 -9.10977e-05 -0.0171596 0.0847184 -9.16348e-05 0.000574443 -1.31731e-05 -9.16348e-05 0.00939416 -0.0171603 -9.10977e-05 0.000574443 -0.0171603 0.0845189 
0.00933249 -0.0171622 -6.19031e-06 -7.7551e-05 -0.0171622 0.0847947 -7.86661e-05 0.000538977 -6.19031e-06 -7.86661e-05 0.00939875 -0.0171876 -7.7551e-05 0.000538977 -0.0171876 0.0846546 
0.00934861 -0.0171857 1.02057e-05 -8.34009e-05 -0.0171857 0.0849407 -8.52285e-05 0.000529059 1.02057e-05 -8.52285e-05 0.00941591 -0.017215 -8.34009e-05 0.000529059 -0.017215 0.0848312 
0.00934213 -0.017181 1.10611e-05 -0.000104512 -0.017181 0.0849251 -0.000105123 0.00055855 1.10611e-05 -0.000105123 0.0094334 -0.0172115 -0.000104512 0.00055855 -0.0172115 0.084825 
0.00934262 -0.0171587 1.81269e-05 -0.000110536 -0.0171587 0.084843 -0.00010765 0.000584361 1.81269e-05 -0.00010765 0.00942841 -0.0172218 -0.000110536 0.000584361 -0.0172218 0.0847994 
0.0093231 -0.0171399 1.84889e-05 -0.000121173 -0.0171399 0.084715 -0.000113873 0.000604583 1.84889e-05 -0.000113873 0.00942518 -0.017203 -0.000121173 0.000604583 -0.017203 0.0847132 
0.00929722 -0.017094 2.54782e-05 -0.00012266 -0.017094 0.0845129 -0.000113512 0.000614851 2.54782e-05 -0.000113512 0.0094105 -0.0171771 -0.00012266 0.000614851 -0.0171771 0.084555 
0.00930671 -0.0170671 1.31188e-05 -0.000130085 -0.0170671 0.0843995 -0.000121617 0.00062858 1.31188e-05 -0.000121617 0.00939454 -0.0171711 -0.000130085 0.00062858 -0.0171711 0.0845046 
0.00933533 -0.0171002 1.0149e-05 -0.00011623 -0.0171002 0.0844772 -0.00010849 0.000617199 1.0149e-05 -0.00010849 0.00938877 -0.0171813 -0.00011623 0.000617199 -0.0171813 0.0845876 
0.00934618 -0.0171179 1.40419e-05 -0.000111582 -0.0171179 0.0844849 -0.000102583 0.000598761 1.40419e-05 -0.000102583 0.00936707 -0.0171593 -0.000111582 0.000598761 -0.0171593 0.0845323 
0.0093643 -0.017168 1.53812e-05 -0.000115015 -0.017168 0.0846851 -0.000108681 0.000600261 1.53812e-05 -0.000108681 0.00937898 -0.0171687 -0.000115015 0.000600261 -0.0171687 0.084642 
0.00936538 -0.0171567 1.61487e-05 -0.000116194 -0.0171567 0.0846347 -0.000113717 0.000609071 1.61487e-05 -0.000113717 0.00937228 -0.0171426 -0.000116194 0.000609071 -0.0171426 0.0845239 
0.00942913 -0.0172492 1.07908e-05 -0.000120738 -0.0172492 0.0850622 -0.000119677 0.000627999 1.07908e-05 -0.000119677 0.00938787 -0.0172306 -0.000120738 0.000627999 -0.0172306 0.0849304 
0.00948716 -0.0173528 -7.91545e-06 -0.000117496 -0.0173528 0.0855014 -0.000112645 0.000631571 -7.91545e-06 -0.000112645 0.00940638 -0.0172749 -0.000117496 0.000631571 -0.0172749 0.0852732 
0.00948824 -0.0173504 -4.60743e-06 -9.6998e-05 -0.0173504 0.0854533 -8.77116e-05 0.000596273 -4.60743e-06 -8.77116e-05 0.00937928 -0.0172199 -9.6998e-05 0.000596273 -0.0172199 0.0850888 
0.00945787 -0.0173181 -2.48615e-06 -9.65974e-05 -0.0173181 0.0852644 -8.92754e-05 0.000574155 -2.48615e-06 -8.92754e-05 0.00936814 -0.0171493 -9.65974e-05 0.000574155 -0.0171493 0.0847812 
0.00941333 -0.0172911 8.16931e-06 -9.74789e-05 -0.0172911 0.0851628 -9.71964e-05 0.000578509 8.16931e-06 -9.71964e-05 0.00938508 -0.0171404 -9.74789e-05 0.000578509 -0.0171404 0.0846548 
0.00937946 -0.0172429 7.2631e-06 -0.000108286 -0.0172429 0.0850578 -0.000112294 0.00060131 7.2631e-06 -0.000112294 0.00940195 -0.0171687 -0.000108286 0.00060131 -0.0171687 0.0846691 
0.00935929 -0.0172112 6.55397e-06 -0.000106342 -0.0172112 0.0850028 -0.000109385 0.00060882 6.55397e-06 -0.000109385 0.00941086 -0.0172107 -0.000106342 0.00060882 -0.0172107 0.0848041 
0.00934575 -0.0171806 2.43355e-06 -0.000103888 -0.0171806 0.0849268 -0.000104589 0.000598386 2.43355e-06 -0.000104589 0.00941467 -0.0172265 -0.000103888 0.000598386 -0.0172265 0.0848934 
0.00933331 -0.0171205 7.17772e-06 -9.81669e-05 -0.0171205 0.0846686 -9.6695e-05 0.000579491 7.17772e-06 -9.6695e-05 0.00939309 -0.0171945 -9.81669e-05 0.000579491 -0.0171945 0.0847518 
0.00934959 -0.0171188 1.23158e-05 -0.000104926 -0.0171188 0.0846105 -0.000100925 0.000578321 1.23158e-05 -0.000100925 0.00937448 -0.0171904 -0.000104926 0.000578321 -0.0171904 0.084746 
0.00931677 -0.0170783 1.5906e-05 -0.000112372 -0.0170783 0.0843288 -0.000104394 0.000586005 1.5906e-05 -0.000104394 0.00935019 -0.0171136 -0.000112372 0.000586005 -0.0171136 0.0844345 
0.00930343 -0.0170501 1.28638e-05 -0.000119192 -0.0170501 0.0841936 -0.000106061 0.000596604 1.28638e-05 -0.000106061 0.00934057 -0.0170954 -0.000119192 0.000596604 -0.0170954 0.084299 
0.00932099 -0.0170741 2.22369e-07 -0.000118168 -0.0170741 0.0843009 -0.000102023 0.000598592 2.22369e-07 -0.000102023 0.00935674 -0.0171285 -0.000118168 0.000598592 -0.0171285 0.084436 
0.00934115 -0.0171045 -8.16999e-06 -0.000104624 -0.0171045 0.0844231 -8.87901e-05 0.000581359 -8.16999e-06 -8.87901e-05 0.00936891 -0.0171583 -0.000104624 0.000581359 -0.0171583 0.0845749 
0.00937905 -0.0171671 -1.3918e-06 -9.19232e-05 -0.0171671 0.0846991 -8.09946e-05 0.000556582 -1.3918e-06 -8.09946e-05 0.00937421 -0.0172097 -9.19232e-05 0.000556582 -0.0172097 0.0848387 
0.00938526 -0.017182 1.61025e-05 -9.83696e-05 -0.017182 0.0847337 -9.54432e-05 0.000564701 1.61025e-05 -9.54432e-05 0.00936288 -0.0171786 -9.83696e-05 0.000564701 -0.0171786 0.0847888 
0.00938216 -0.0172144 2.15768e-05 -0.000118166 -0.0172144 0.0848762 -0.000120444 0.000608796 2.15768e-05 -0.000120444 0.00938409 -0.0171801 -0.000118166 0.000608796 -0.0171801 0.0848293 
0.00936123 -0.0171937 1.4794e-05 -0.000124622 -0.0171937 0.0848519 -0.000130095 0.000643881 1.4794e-05 -0.000130095 0.00940682 -0.0171886 -0.000124622 0.000643881 -0.0171886 0.0848085 
0.00935609 -0.0171682 6.6572e-06 -0.000113966 -0.0171682 0.0847934 -0.000121709 0.000640148 6.6572e-06 -0.000121709 0.00941468 -0.0172124 -0.000113966 0.000640148 -0.0172124 0.0848336 
0.00936252 -0.0171845 3.27463e-06 -0.00010355 -0.0171845 0.0848715 -0.000110978 0.000617696 3.27463e-06 -0.000110978 0.00942836 -0.0172473 -0.00010355 0.000617696 -0.0172473 0.0849822 
0.00936387 -0.0171823 2.99707e-06 -0.000100041 -0.0171823 0.0848755 -0.000106046 0.000600982 2.99707e-06 -0.000106046 0.00943118 -0.0172534 -0.000100041 0.000600982 -0.0172534 0.0850179 
0.00936568 -0.0171605 -2.42876e-06 -9.98276e-05 -0.0171605 0.0847752 -0.000103046 0.000590593 -2.42876e-06 -0.000103046 0.00941353 -0.0172385 -9.98276e-05 0.000590593 -0.0172385 0.0849432 
0.00934862 -0.0171274 7.75884e-06 -9.49089e-05 -0.0171274 0.084567 -9.48871e-05 0.000577471 7.75884e-06 -9.48871e-05 0.00938983 -0.0171885 -9.49089e-05 0.000577471 -0.0171885 0.0847276 
0.00935265 -0.0171537 2.21727e-05 -0.000106559 -0.0171537 0.0846751 -0.000104684 0.000585581 2.21727e-05 -0.000104684 0.00940682 -0.0172087 -0.000106559 0.000585581 -0.0172087 0.0848211 
0.00937242 -0.017163 2.28932e-05 -0.000125494 -0.017163 0.0847469 -0.000124279 0.000624135 2.28932e-05 -0.000124279 0.00940387 -0.0172307 -0.000125494 0.000624135 -0.0172307 0.0849057 
0.00938066 -0.0171883 1.19485e-05 -0.000126701 -0.0171883 0.0848111 -0.00012647 0.000645682 1.19485e-05 -0.00012647 0.00940791 -0.0172198 -0.000126701 0.000645682 -0.0172198 0.0849141 
0.00940222 -0.017212 -1.83568e-06 -0.000113081 -0.017212 0.0849186 -0.000113232 0.000630519 -1.83568e-06 -0.000113232 0.00939737 -0.0172304 -0.000113081 0.000630519 -0.0172304 0.0849564 
0.00941212 -0.0172051 -1.43739e-05 -9.51352e-05 -0.0172051 0.0848447 -9.37309e-05 0.000588967 -1.43739e-05 -9.37309e-05 0.00936664 -0.017187 -9.51352e-05 0.000588967 -0.017187 0.0848048 
0.00942118 -0.0172564 -2.76635e-05 -7.82999e-05 -0.0172564 0.0850206 -7.64541e-05 0.000543229 -2.76635e-05 -7.64541e-05 0.00937608 -0.0171853 -7.82999e-05 0.000543229 -0.0171853 0.0848583 
0.00941401 -0.0172626 -1.98085e-05 -6.22962e-05 -0.0172626 0.0850893 -5.84206e-05 0.000497312 -1.98085e-05 -5.84206e-05 0.00939056 -0.0171889 -6.22962e-05 0.000497312 -0.0171889 0.0848651 
0.00939107 -0.0172054 -5.13635e-06 -7.28915e-05 -0.0172054 0.0848764 -6.59754e-05 0.000491812 -5.13635e-06 -6.59754e-05 0.00937797 -0.0171713 -7.28915e-05 0.000491812 -0.0171713 0.0847155 
0.00939024 -0.0172091 -2.14427e-06 -9.38975e-05 -0.0172091 0.0849007 -8.71489e-05 0.000531458 -2.14427e-06 -8.71489e-05 0.00939177 -0.0171993 -9.38975e-05 0.000531458 -0.0171993 0.0848301 
0.00935932 -0.0171532 -7.01118e-06 -9.92108e-05 -0.0171532 0.0846426 -9.48576e-05 0.00056352 -7.01118e-06 -9.48576e-05 0.00937548 -0.0171652 -9.92108e-05 0.00056352 -0.0171652 0.0846503 
0.00934016 -0.0171239 -1.02234e-05 -9.37923e-05 -0.0171239 0.0845112 -8.99605e-05 0.000567667 -1.02234e-05 -8.99605e-05 0.00936757 -0.0171571 -9.37923e-05 0.000567667 -0.0171571 0.0845897 
0.00932052 -0.017106 1.94707e-07 -8.78969e-05 -0.017106 0.0844463 -8.32509e-05 0.000554032 1.94707e-07 -8.32509e-05 0.00936854 -0.0171541 -8.78969e-05 0.000554032 -0.0171541 0.0845776 
0.00929927 -0.0170534 -4.57974e-06 -9.80056e-05 -0.0170534 0.0842364 -9.45374e-05 0.000561219 -4.57974e-06 -9.45374e-05 0.00934537 -0.0171253 -9.80056e-05 0.000561219 -0.0171253 0.0844255 
0.0092803 -0.0169976 -9.81621e-06 -8.93677e-05 -0.0169976 0.0839524 -8.85701e-05 0.000553858 -9.81621e-06 -8.85701e-05 0.00931111 -0.0170665 -8.93677e-05 0.000553858 -0.0170665 0.0841619 
0.00927165 -0.0169972 -2.69548e-06 -7.67759e-05 -0.0169972 0.0838935 -8.06391e-05 0.000526719 -2.69548e-06 -8.06391e-05 0.00929297 -0.0170397 -7.67759e-05 0.000526719 -0.0170397 0.0840558 
0.00925633 -0.0169805 5.28754e-06 -8.04624e-05 -0.0169805 0.0838148 -8.73846e-05 0.000516501 5.28754e-06 -8.73846e-05 0.00927378 -0.0170036 -8.04624e-05 0.000516501 -0.0170036 0.0839101 
0.00924047 -0.0169471 5.92856e-06 -8.94492e-05 -0.0169471 0.0836777 -9.70255e-05 0.000527108 5.92856e-06 -9.70255e-05 0.00925909 -0.0169681 -8.94492e-05 0.000527108 -0.0169681 0.0837446 
0.00926217 -0.0169806 1.4005e-05 -9.23849e-05 -0.0169806 0.0838492 -9.65744e-05 0.000535986 1.4005e-05 -9.65744e-05 0.00927029 -0.0170081 -9.23849e-05 0.000535986 -0.0170081 0.0839236 
0.00926646 -0.0169991 1.43887e-05 -0.000104777 -0.0169991 0.0839314 -0.000104444 0.000553268 1.43887e-05 -0.000104444 0.00927568 -0.0170153 -0.000104777 0.000553268 -0.0170153 0.0839964 
0.0092476 -0.0169586 1.13794e-05 -0.000109072 -0.0169586 0.0837527 -0.00010366 0.000565257 1.13794e-05 -0.00010366 0.00925485 -0.0169753 -0.000109072 0.000565257 -0.0169753 0.0838117 
0.00924506 -0.0169591 4.13662e-06 -0.000106813 -0.0169591 0.0837541 -9.61433e-05 0.000559647 4.13662e-06 -9.61433e-05 0.00924881 -0.0169755 -0.000106813 0.000559647 -0.0169755 0.0838143 
0.00923143 -0.0169094 -1.70128e-06 -9.66874e-05 -0.0169094 0.0835213 -8.43571e-05 0.000535729 -1.70128e-06 -8.43571e-05 0.00921161 -0.0169226 -9.66874e-05 0.000535729 -0.0169226 0.0835816 
0.00920407 -0.016877 -1.07606e-05 -8.74559e-05 -0.016877 0.0833167 -7.73461e-05 0.000510434 -1.07606e-05 -7.73461e-05 0.00918821 -0.0168675 -8.74559e-05 0.000510434 -0.0168675 0.0833522 
0.00916417 -0.0168163 -1.27253e-05 -7.21282e-05 -0.0168163 0.0830367 -6.65548e-05 0.000477287 -1.27253e-05 -6.65548e-05 0.00916285 -0.0168095 -7.21282e-05 0.000477287 -0.0168095 0.08306 
0.00913102 -0.0167927 -1.02097e-05 -6.30049e-05 -0.0167927 0.0829502 -6.41911e-05 0.000449313 -1.02097e-05 -6.41911e-05 0.00917215 -0.0168013 -6.30049e-05 0.000449313 -0.0168013 0.082994 
0.00912792 -0.0167483 -7.67813e-06 -6.17352e-05 -0.0167483 0.082824 -6.93534e-05 0.00043877 -7.67813e-06 -6.93534e-05 0.00916192 -0.0168069 -6.17352e-05 0.00043877 -0.0168069 0.0829549 
0.00915571 -0.0167741 -8.10175e-07 -6.419e-05 -0.0167741 0.0829114 -7.30761e-05 0.000440208 -8.10175e-07 -7.30761e-05 0.0091552 -0.0168303 -6.419e-05 0.000440208 -0.0168303 0.0830891 
0.00916334 -0.0167825 4.85219e-06 -7.25108e-05 -0.0167825 0.0828796 -7.96015e-05 0.000450578 4.85219e-06 -7.96015e-05 0.00913807 -0.0167939 -7.25108e-05 0.000450578 -0.0167939 0.0829946 
0.00918189 -0.0168147 -1.97583e-06 -8.05897e-05 -0.0168147 0.0829913 -8.37276e-05 0.000463964 -1.97583e-06 -8.37276e-05 0.00912614 -0.0167906 -8.05897e-05 0.000463964 -0.0167906 0.0830083 
0.00919524 -0.0168464 -6.4088e-06 -7.17232e-05 -0.0168464 0.0831151 -7.34557e-05 0.000452447 -6.4088e-06 -7.34557e-05 0.00911673 -0.0167795 -7.17232e-05 0.000452447 -0.0167795 0.0830175 
0.00919162 -0.0168635 -8.75268e-06 -6.45077e-05 -0.0168635 0.0831938 -6.69603e-05 0.000432163 -8.75268e-06 -6.69603e-05 0.00911642 -0.0167628 -6.45077e-05 0.000432163 -0.0167628 0.0829882 
0.00916401 -0.0168247 -5.73588e-06 -6.1649e-05 -0.0168247 0.0830491 -6.63434e-05 0.00042153 -5.73588e-06 -6.63434e-05 0.00911781 -0.0167255 -6.1649e-05 0.00042153 -0.0167255 0.0827971 
0.00913357 -0.016793 -4.52166e-06 -6.50665e-05 -0.016793 0.0829397 -7.2592e-05 0.000427381 -4.52166e-06 -7.2592e-05 0.00913421 -0.0167286 -6.50665e-05 0.000427381 -0.0167286 0.0827266 
0.0091167 -0.0167699 -8.75361e-06 -6.6298e-05 -0.0167699 0.0828977 -7.48361e-05 0.000434575 -8.75361e-06 -7.48361e-05 0.0091564 -0.0167614 -6.6298e-05 0.000434575 -0.0167614 0.082791 
0.00909971 -0.0167436 -1.87438e-05 -6.12077e-05 -0.0167436 0.0828155 -6.99644e-05 0.000430331 -1.87438e-05 -6.99644e-05 0.00916567 -0.0167808 -6.12077e-05 0.000430331 -0.0167808 0.0828231 
0.00909482 -0.0167482 -2.03199e-05 -4.88652e-05 -0.0167482 0.0828749 -5.80266e-05 0.000408399 -2.03199e-05 -5.80266e-05 0.00918942 -0.016818 -4.88652e-05 0.000408399 -0.016818 0.0829755 
0.00909314 -0.0167273 -1.48574e-05 -4.56204e-05 -0.0167273 0.082825 -5.53717e-05 0.000391864 -1.48574e-05 -5.53717e-05 0.00918833 -0.0168329 -4.56204e-05 0.000391864 -0.0168329 0.083014 
0.00913315 -0.0167795 -6.27901e-06 -5.45548e-05 -0.0167795 0.0830768 -6.11193e-05 0.000399104 -6.27901e-06 -6.11193e-05 0.00920639 -0.0168917 -5.45548e-05 0.000399104 -0.0168917 0.0833189 
0.00914454 -0.0168233 5.64734e-06 -6.76636e-05 -0.0168233 0.0832462 -6.96341e-05 0.000421192 5.64734e-06 -6.96341e-05 0.00922923 -0.016906 -6.76636e-05 0.000421192 -0.016906 0.0834541 
0.00916035 -0.016816 7.459e-06 -8.64923e-05 -0.016816 0.0832428 -8.46306e-05 0.000459646 7.459e-06 -8.46306e-05 0.00922729 -0.0169101 -8.64923e-05 0.000459646 -0.0169101 0.0834431 
0.00919 -0.0168281 -2.93844e-06 -9.12693e-05 -0.0168281 0.0832404 -8.74087e-05 0.000485627 -2.93844e-06 -8.74087e-05 0.00919971 -0.0169068 -9.12693e-05 0.000485627 -0.0169068 0.0834296 
0.00920369 -0.0168548 -1.15711e-05 -8.02529e-05 -0.0168548 0.0832488 -7.69056e-05 0.000479544 -1.15711e-05 -7.69056e-05 0.00918751 -0.0168653 -8.02529e-05 0.000479544 -0.0168653 0.0833287 
0.00922649 -0.0168754 -2.04424e-05 -6.63225e-05 -0.0168754 0.0832884 -6.47666e-05 0.000452047 -2.04424e-05 -6.47666e-05 0.0091726 -0.0168454 -6.63225e-05 0.000452047 -0.0168454 0.0832397 
0.00923747 -0.0169272 -2.46613e-05 -5.4855e-05 -0.0169272 0.0834552 -5.39318e-05 0.000423048 -2.46613e-05 -5.39318e-05 0.00918177 -0.0168486 -5.4855e-05 0.000423048 -0.0168486 0.08328 
0.00926476 -0.0169734 -3.0484e-05 -5.08901e-05 -0.0169734 0.0837015 -4.95981e-05 0.000407299 -3.0484e-05 -4.95981e-05 0.009193 -0.016888 -5.08901e-05 0.000407299 -0.016888 0.0834572 
0.00929693 -0.0170195 -3.4283e-05 -4.70001e-05 -0.0170195 0.0839182 -4.56183e-05 0.000400598 -3.4283e-05 -4.56183e-05 0.00919888 -0.016913 -4.70001e-05 0.000400598 -0.016913 0.0836201 
0.00931654 -0.0170653 -4.20583e-05 -4.32801e-05 -0.0170653 0.084106 -4.2166e-05 0.000395311 -4.20583e-05 -4.2166e-05 0.00921902 -0.0169222 -4.32801e-05 0.000395311 -0.0169222 0.0837215 
0.00935461 -0.0171494 -3.05645e-05 -3.5357e-05 -0.0171494 0.084519 -3.31309e-05 0.000382752 -3.05645e-05 -3.31309e-05 0.00925629 -0.0169979 -3.5357e-05 0.000382752 -0.0169979 0.0840696 
0.00931359 -0.017135 -1.57234e-05 -4.91973e-05 -0.017135 0.0844736 -4.76012e-05 0.000397455 -1.57234e-05 -4.76012e-05 0.00927808 -0.0169776 -4.91973e-05 0.000397455 -0.0169776 0.0839875 
0.0092777 -0.0170741 -7.42552e-07 -6.82209e-05 -0.0170741 0.0843291 -7.04883e-05 0.000442747 -7.42552e-07 -7.04883e-05 0.00929392 -0.0169955 -6.82209e-05 0.000442747 -0.0169955 0.083948 
0.00926003 -0.0170368 4.67483e-06 -8.8725e-05 -0.0170368 0.0842398 -9.44201e-05 0.000503081 4.67483e-06 -9.44201e-05 0.00931351 -0.0170334 -8.8725e-05 0.000503081 -0.0170334 0.0840469 
0.00926526 -0.0169854 -1.89211e-06 -9.47211e-05 -0.0169854 0.0840357 -0.000100402 0.000537875 -1.89211e-06 -0.000100402 0.00929492 -0.0170378 -9.47211e-05 0.000537875 -0.0170378 0.0840216 
0.0092793 -0.0169975 -8.94401e-06 -8.52276e-05 -0.0169975 0.0839951 -8.81176e-05 0.000529293 -8.94401e-06 -8.81176e-05 0.0092852 -0.017028 -8.52276e-05 0.000529293 -0.017028 0.0840266 
0.00930944 -0.0170449 -7.28957e-06 -7.56637e-05 -0.0170449 0.0841522 -7.56129e-05 0.000501156 -7.28957e-06 -7.56129e-05 0.00928839 -0.0170403 -7.56637e-05 0.000501156 -0.0170403 0.0841264 
0.00929806 -0.0170577 1.77439e-06 -7.62256e-05 -0.0170577 0.0841573 -7.43325e-05 0.000484946 1.77439e-06 -7.43325e-05 0.00929381 -0.0170161 -7.62256e-05 0.000484946 -0.0170161 0.0840421 
0.00926805 -0.0169958 1.59376e-05 -8.89933e-05 -0.0169958 0.0838915 -8.55615e-05 0.000499642 1.59376e-05 -8.55615e-05 0.00927414 -0.0169691 -8.89933e-05 0.000499642 -0.0169691 0.0837545 
0.00925442 -0.0169748 2.00687e-05 -0.000110421 -0.0169748 0.0837826 -0.000101888 0.000538671 2.00687e-05 -0.000101888 0.00926233 -0.0169623 -0.000110421 0.000538671 -0.0169623 0.0836696 
0.00926876 -0.0170069 1.73182e-05 -0.000118832 -0.0170069 0.0839417 -0.000107361 0.000570787 1.73182e-05 -0.000107361 0.00927862 -0.0169958 -0.000118832 0.000570787 -0.0169958 0.0838418 
0.00927121 -0.0169941 1.26097e-05 -0.000115297 -0.0169941 0.0838885 -0.000106642 0.000580254 1.26097e-05 -0.000106642 0.00925694 -0.0169835 -0.000115297 0.000580254 -0.0169835 0.0837905 
0.0092694 -0.0169943 1.02914e-05 -0.00010818 -0.0169943 0.0838595 -0.000104945 0.000577494 1.02914e-05 -0.000104945 0.00924052 -0.0169597 -0.00010818 0.000577494 -0.0169597 0.0837335 
0.0092594 -0.0169736 1.5658e-05 -0.000100526 -0.0169736 0.0837524 -0.000106191 0.000570953 1.5658e-05 -0.000106191 0.00922407 -0.0169207 -0.000100526 0.000570953 -0.0169207 0.0835813 
0.00925304 -0.0169946 1.37248e-05 -0.000104711 -0.0169946 0.0838476 -0.000115194 0.0005788 1.37248e-05 -0.000115194 0.00925012 -0.0169325 -0.000104711 0.0005788 -0.0169325 0.0836416 
0.00922943 -0.0169625 1.09847e-05 -0.00010373 -0.0169625 0.0837599 -0.000110562 0.000578047 1.09847e-05 -0.000110562 0.00926314 -0.0169421 -0.00010373 0.000578047 -0.0169421 0.0836077 
0.00919477 -0.0169287 8.49394e-06 -0.000101751 -0.0169287 0.0836633 -0.000102062 0.000566872 8.49394e-06 -0.000102062 0.00928179 -0.0169672 -0.000101751 0.000566872 -0.0169672 0.0836523 
0.00919183 -0.0168883 5.26822e-06 -0.00010058 -0.0168883 0.0835718 -9.40429e-05 0.000551503 5.26822e-06 -9.40429e-05 0.00927908 -0.0170004 -0.00010058 0.000551503 -0.0170004 0.0837494 
0.00919257 -0.0168637 3.13919e-06 -9.91289e-05 -0.0168637 0.0834305 -8.91052e-05 0.000540001 3.13919e-06 -8.91052e-05 0.00925937 -0.0169837 -9.91289e-05 0.000540001 -0.0169837 0.0837139 
0.00920346 -0.0168621 -9.28545e-06 -9.62802e-05 -0.0168621 0.0833607 -8.60444e-05 0.000530627 -9.28545e-06 -8.60444e-05 0.00923258 -0.0169541 -9.62802e-05 0.000530627 -0.0169541 0.0836325 
0.00922541 -0.0169018 -8.22927e-06 -8.12041e-05 -0.0169018 0.0834794 -7.12642e-05 0.000505278 -8.22927e-06 -7.12642e-05 0.00922644 -0.0169457 -8.12041e-05 0.000505278 -0.0169457 0.0836641 
0.00920842 -0.0168807 -6.32061e-06 -7.87167e-05 -0.0168807 0.0833361 -7.03057e-05 0.000484469 -6.32061e-06 -7.03057e-05 0.00920787 -0.0168878 -7.87167e-05 0.000484469 -0.0168878 0.0834206 
0.00920731 -0.0169128 -6.78064e-06 -7.80103e-05 -0.0169128 0.0834944 -7.30095e-05 0.000478359 -6.78064e-06 -7.30095e-05 0.00924157 -0.0169169 -7.80103e-05 0.000478359 -0.0169169 0.0835359 
0.00920583 -0.0169247 -3.14481e-06 -7.73098e-05 -0.0169247 0.0836243 -7.41502e-05 0.000477833 -3.14481e-06 -7.41502e-05 0.0092763 -0.0169719 -7.73098e-05 0.000477833 -0.0169719 0.0837232 
0.00921853 -0.0169272 -6.66664e-06 -8.02878e-05 -0.0169272 0.0836985 -8.01283e-05 0.000484305 -6.66664e-06 -8.01283e-05 0.00928869 -0.0170202 -8.02878e-05 0.000484305 -0.0170202 0.083904 
0.00921476 -0.0168957 -9.11911e-06 -7.45176e-05 -0.0168957 0.0835296 -7.70544e-05 0.000479687 -9.11911e-06 -7.70544e-05 0.0092639 -0.0169902 -7.45176e-05 0.000479687 -0.0169902 0.0837845 
0.00921366 -0.0168929 -1.65663e-05 -6.9515e-05 -0.0168929 0.0834659 -7.45006e-05 0.00047084 -1.65663e-05 -7.45006e-05 0.00924053 -0.016966 -6.9515e-05 0.00047084 -0.016966 0.0837046 
0.00922781 -0.0169282 -2.15448e-05 -6.05728e-05 -0.0169282 0.0836179 -6.43663e-05 0.000452502 -2.15448e-05 -6.43663e-05 0.00924793 -0.0169745 -6.05728e-05 0.000452502 -0.0169745 0.0838038 
0.00922085 -0.0169331 -1.77592e-05 -5.62944e-05 -0.0169331 0.083649 -5.43989e-05 0.000432271 -1.77592e-05 -5.43989e-05 0.00926022 -0.0169671 -5.62944e-05 0.000432271 -0.0169671 0.0837882 
0.00924083 -0.0169431 -1.4306e-05 -6.33309e-05 -0.0169431 0.083743 -5.64767e-05 0.000431012 -1.4306e-05 -5.64767e-05 0.00926705 -0.0170039 -6.33309e-05 0.000431012 -0.0170039 0.0839123 
0.009238 -0.0169317 -8.62406e-06 -6.94718e-05 -0.0169317 0.0836467 -6.15725e-05 0.000442187 -8.62406e-06 -6.15725e-05 0.00925343 -0.0169781 -6.94718e-05 0.000442187 -0.0169781 0.0838191 
0.00924488 -0.0169423 -5.15523e-06 -7.5028e-05 -0.0169423 0.0836638 -7.10248e-05 0.0004597 -5.15523e-06 -7.10248e-05 0.00924478 -0.0169693 -7.5028e-05 0.0004597 -0.0169693 0.0837926 
0.00923754 -0.0169253 -6.65646e-06 -7.79125e-05 -0.0169253 0.0835534 -7.98737e-05 0.000477231 -6.65646e-06 -7.98737e-05 0.00922225 -0.0169285 -7.79125e-05 0.000477231 -0.0169285 0.0836204 
0.00921914 -0.016905 -4.11897e-07 -7.49522e-05 -0.016905 0.0834303 -8.00459e-05 0.000482425 -4.11897e-07 -8.00459e-05 0.009204 -0.0168882 -7.49522e-05 0.000482425 -0.0168882 0.0834363 
0.00921113 -0.0169199 1.10929e-05 -8.36473e-05 -0.0169199 0.0835231 -8.8505e-05 0.000498656 1.10929e-05 -8.8505e-05 0.00921568 -0.016903 -8.36473e-05 0.000498656 -0.016903 0.083501 
0.00920158 -0.0168908 2.59414e-05 -9.81889e-05 -0.0168908 0.0834585 -0.000102719 0.00052872 2.59414e-05 -0.000102719 0.00920782 -0.0169022 -9.81889e-05 0.00052872 -0.0169022 0.0834772 
0.00918398 -0.0168643 2.37922e-05 -0.000115498 -0.0168643 0.08334 -0.000120124 0.000567769 2.37922e-05 -0.000120124 0.00920663 -0.0168805 -0.000115498 0.000567769 -0.0168805 0.0833924 
0.00917928 -0.0168679 1.96487e-05 -0.000110315 -0.0168679 0.0833794 -0.000116757 0.000576182 1.96487e-05 -0.000116757 0.00922428 -0.016901 -0.000110315 0.000576182 -0.016901 0.0834632 
0.00917214 -0.0168431 2.39883e-05 -0.000102118 -0.0168431 0.0832926 -0.000107539 0.000556444 2.39883e-05 -0.000107539 0.0092222 -0.0168994 -0.000102118 0.000556444 -0.0168994 0.0834191 
0.00917012 -0.0168213 1.60249e-05 -0.000106269 -0.0168213 0.0831733 -0.000106843 0.000544055 1.60249e-05 -0.000106843 0.00919859 -0.0168824 -0.000106269 0.000544055 -0.0168824 0.0833232 
0.00917552 -0.0168393 8.4579e-06 -9.87753e-05 -0.0168393 0.0832191 -9.38456e-05 0.000524273 8.4579e-06 -9.38456e-05 0.00919405 -0.0168737 -9.87753e-05 0.000524273 -0.0168737 0.0833318 
0.0091574 -0.0168167 -1.1184e-06 -8.96599e-05 -0.0168167 0.0831088 -8.4123e-05 0.000497465 -1.1184e-06 -8.4123e-05 0.00918097 -0.016841 -8.96599e-05 0.000497465 -0.016841 0.0831866 
0.0091632 -0.0168119 -7.1068e-06 -7.75149e-05 -0.0168119 0.0831073 -7.24158e-05 0.000467909 -7.1068e-06 -7.24158e-05 0.00917458 -0.0168429 -7.75149e-05 0.000467909 -0.0168429 0.0831866 
0.00915908 -0.0168218 -8.00612e-06 -6.91792e-05 -0.0168218 0.0831304 -6.53352e-05 0.000443594 -8.00612e-06 -6.53352e-05 0.00918438 -0.0168398 -6.91792e-05 0.000443594 -0.0168398 0.0831992 
0.00916314 -0.0168286 -4.37921e-06 -6.7627e-05 -0.0168286 0.0832012 -6.30798e-05 0.000430572 -4.37921e-06 -6.30798e-05 0.00919569 -0.0168697 -6.7627e-05 0.000430572 -0.0168697 0.0833046 
0.00917086 -0.0168244 -1.12283e-05 -7.14773e-05 -0.0168244 0.0831967 -6.63363e-05 0.000430375 -1.12283e-05 -6.63363e-05 0.00919688 -0.0168782 -7.14773e-05 0.000430375 -0.0168782 0.0833475 
0.00919963 -0.016847 -1.78672e-05 -6.36935e-05 -0.016847 0.0832733 -5.80612e-05 0.000419955 -1.78672e-05 -5.80612e-05 0.00920218 -0.0168923 -6.36935e-05 0.000419955 -0.0168923 0.0834323 
0.00921525 -0.0168726 -1.95732e-05 -5.60773e-05 -0.0168726 0.0833132 -5.13015e-05 0.000402948 -1.95732e-05 -5.13015e-05 0.00919531 -0.0168858 -5.60773e-05 0.000402948 -0.0168858 0.0834179 
0.00922779 -0.0169069 -1.88144e-05 -5.53229e-05 -0.0169069 0.0834277 -5.16341e-05 0.000397862 -1.88144e-05 -5.16341e-05 0.00919706 -0.0168866 -5.53229e-05 0.000397862 -0.0168866 0.0834455 
0.00920941 -0.0168929 -9.29071e-06 -5.77719e-05 -0.0168929 0.0833541 -5.38971e-05 0.000403168 -9.29071e-06 -5.38971e-05 0.00920093 -0.016859 -5.77719e-05 0.000403168 -0.016859 0.0833133 
0.0092066 -0.0168844 4.21632e-06 -6.91836e-05 -0.0168844 0.0833523 -6.79511e-05 0.00042848 4.21632e-06 -6.79511e-05 0.00920295 -0.0168799 -6.91836e-05 0.00042848 -0.0168799 0.0833403 
0.00920027 -0.0168626 1.26328e-05 -8.60098e-05 -0.0168626 0.0832588 -8.81347e-05 0.000471922 1.26328e-05 -8.81347e-05 0.00919223 -0.0168721 -8.60098e-05 0.000471922 -0.0168721 0.0832984 
