0.00622802 0 -4.78034e-05 0 0 0.00877678 0 0 -4.78034e-05 0 0.00615587 0 0 0 0 0.00877678 
0.00949945 -0.0117897 -5.26612e-05 6.15514e-05 -0.0117897 0.0312793 6.15514e-05 -0.000117906 -5.26612e-05 6.15514e-05 0.0094039 -0.0116741 6.15514e-05 -0.000117906 -0.0116741 0.0310573 
0.00974075 -0.0181524 -1.50428e-05 -2.68931e-05 -0.0181524 0.0668994 -2.68931e-05 0.000116704 -1.50428e-05 -2.68931e-05 0.00969728 -0.0180745 -2.68931e-05 0.000116704 -0.0180745 0.0666711 
0.00914106 -0.0176784 1.39152e-05 -0.000167329 -0.0176784 0.0792851 -0.000164351 0.000877466 1.39152e-05 -0.000164351 0.00918154 -0.0177404 -0.000167329 0.000877466 -0.0177404 0.0796301 
0.00884103 -0.0165413 1.67361e-05 -0.000176214 -0.0165413 0.0798635 -0.000169199 0.00115635 1.67361e-05 -0.000169199 0.00890825 -0.0166898 -0.000176214 0.00115635 -0.0166898 0.0805851 
0.00862858 -0.0158598 1.28652e-06 -0.000132592 -0.0158598 0.0779604 -0.000122908 0.00096013 1.28652e-06 -0.000122908 0.0087012 -0.0160142 -0.000132592 0.00096013 -0.0160142 0.0787039 
0.00840109 -0.0153818 -1.18735e-05 -8.82917e-05 -0.0153818 0.0758545 -7.85813e-05 0.000690516 -1.18735e-05 -7.85813e-05 0.00846737 -0.0155302 -8.82917e-05 0.000690516 -0.0155302 0.0765151 
0.00817332 -0.0149627 -4.4564e-06 -6.22274e-05 -0.0149627 0.0738809 -5.63168e-05 0.000506885 -4.4564e-06 -5.63168e-05 0.0082349 -0.0151006 -6.22274e-05 0.000506885 -0.0151006 0.0744697 
0.00960401 -0.0175715 -2.63546e-06 -7.9909e-05 -0.0175715 0.0868284 -8.05289e-05 0.000530907 -2.63546e-06 -8.05289e-05 0.00967037 -0.0177229 -7.9909e-05 0.000530907 -0.0177229 0.0874654 
0.00945797 -0.0172931 -6.08076e-06 -8.57762e-05 -0.0172931 0.0854487 -9.16747e-05 0.00052967 -6.08076e-06 -9.16747e-05 0.00952618 -0.0174316 -8.57762e-05 0.00052967 -0.0174316 0.0860311 
0.00938798 -0.0171549 7.98774e-06 -8.65462e-05 -0.0171549 0.0847206 -9.21913e-05 0.000541606 7.98774e-06 -9.21913e-05 0.00944446 -0.0172939 -8.65462e-05 0.000541606 -0.0172939 0.0852802 
0.00935509 -0.0171249 1.83355e-05 -0.000104442 -0.0171249 0.0845135 -0.000108557 0.000574977 1.83355e-05 -0.000108557 0.00942351 -0.0172494 -0.000104442 0.000574977 -0.0172494 0.0850416 
0.00934937 -0.0171139 9.33466e-06 -0.000116683 -0.0171139 0.0844832 -0.000121647 0.00061251 9.33466e-06 -0.000121647 0.00940828 -0.0172472 -0.000116683 0.00061251 -0.0172472 0.0850026 
0.00934682 -0.0171112 -5.22286e-06 -0.000105433 -0.0171112 0.0844645 -0.000110193 0.000609569 -5.22286e-06 -0.000110193 0.00939007 -0.0172264 -0.000105433 0.000609569 -0.0172264 0.0849445 
0.00932241 -0.0170534 -8.6529e-06 -8.4179e-05 -0.0170534 0.0841755 -8.70529e-05 0.000561619 -8.6529e-06 -8.70529e-05 0.00933744 -0.0171438 -8.4179e-05 0.000561619 -0.0171438 0.084587 
0.00930471 -0.0170432 -6.08181e-06 -7.61839e-05 -0.0170432 0.0840867 -7.56434e-05 0.000516002 -6.08181e-06 -7.56434e-05 0.0093174 -0.0170948 -7.61839e-05 0.000516002 -0.0170948 0.0844023 
0.00932118 -0.017071 5.26985e-08 -7.97511e-05 -0.017071 0.0842496 -7.82038e-05 0.000503554 5.26985e-08 -7.82038e-05 0.00932007 -0.0171157 -7.97511e-05 0.000503554 -0.0171157 0.0845055 
0.00934506 -0.0170633 -1.25693e-05 -8.72209e-05 -0.0170633 0.0842182 -8.73767e-05 0.000512946 -1.25693e-05 -8.73767e-05 0.00929083 -0.017096 -8.72209e-05 0.000512946 -0.017096 0.0844415 
0.00935507 -0.0170728 -1.65558e-05 -7.38509e-05 -0.0170728 0.0841561 -7.35703e-05 0.000498873 -1.65558e-05 -7.35703e-05 0.00925389 -0.0170434 -7.38509e-05 0.000498873 -0.0170434 0.0842736 
0.00931767 -0.0170276 -1.16323e-06 -6.89413e-05 -0.0170276 0.0838578 -6.61802e-05 0.000476497 -1.16323e-06 -6.61802e-05 0.0092096 -0.0169348 -6.89413e-05 0.000476497 -0.0169348 0.0838171 
0.00927653 -0.0169698 9.7161e-06 -8.7724e-05 -0.0169698 0.0835865 -8.38933e-05 0.00049571 9.7161e-06 -8.38933e-05 0.00918901 -0.0168704 -8.7724e-05 0.00049571 -0.0168704 0.0834719 
0.00925054 -0.0169641 1.69934e-05 -0.000103234 -0.0169641 0.0836055 -9.92248e-05 0.000534837 1.69934e-05 -9.92248e-05 0.0092252 -0.0169016 -0.000103234 0.000534837 -0.0169016 0.0835445 
0.0092546 -0.0169501 2.67742e-05 -0.000108512 -0.0169501 0.0836496 -0.000108177 0.000560435 2.67742e-05 -0.000108177 0.00925183 -0.0169703 -0.000108512 0.000560435 -0.0169703 0.0837603 
0.0092456 -0.0169603 1.85744e-05 -0.000119969 -0.0169603 0.0837106 -0.000120658 0.000587081 1.85744e-05 -0.000120658 0.00928226 -0.0170186 -0.000119969 0.000587081 -0.0170186 0.0839759 
0.00924712 -0.0169291 6.07833e-06 -0.000109749 -0.0169291 0.0836269 -0.000110209 0.000581394 6.07833e-06 -0.000110209 0.00927871 -0.0170344 -0.000109749 0.000581394 -0.0170344 0.0840187 
0.00925326 -0.0169268 -3.05974e-06 -9.4201e-05 -0.0169268 0.0835769 -9.29482e-05 0.000547409 -3.05974e-06 -9.29482e-05 0.00926633 -0.0170292 -9.4201e-05 0.000547409 -0.0170292 0.0840233 
0.00925409 -0.0169329 -1.90008e-06 -8.39511e-05 -0.0169329 0.0835588 -7.93997e-05 0.000513443 -1.90008e-06 -7.93997e-05 0.00925405 -0.0170066 -8.39511e-05 0.000513443 -0.0170066 0.0839663 
0.00925808 -0.0169333 7.88241e-06 -8.37194e-05 -0.0169333 0.0835411 -7.81479e-05 0.000495953 7.88241e-06 -7.81479e-05 0.00923833 -0.0169806 -8.37194e-05 0.000495953 -0.0169806 0.0838704 
0.00926023 -0.0169494 1.84006e-05 -9.76098e-05 -0.0169494 0.0835863 -9.12348e-05 0.000513512 1.84006e-05 -9.12348e-05 0.00924675 -0.0169633 -9.76098e-05 0.000513512 -0.0169633 0.0838177 
0.00928132 -0.0169886 2.29584e-05 -0.000111175 -0.0169886 0.0837867 -0.000105857 0.000547878 2.29584e-05 -0.000105857 0.00926052 -0.0170056 -0.000111175 0.000547878 -0.0170056 0.0839725 
0.00929103 -0.0170102 2.93113e-05 -0.000115801 -0.0170102 0.0839014 -0.00011491 0.000574517 2.93113e-05 -0.00011491 0.00926676 -0.0170261 -0.000115801 0.000574517 -0.0170261 0.0840821 
0.00930571 -0.0170346 2.55804e-05 -0.000121192 -0.0170346 0.0840352 -0.000123343 0.000593802 2.55804e-05 -0.000123343 0.00927594 -0.017048 -0.000121192 0.000593802 -0.017048 0.0842134 
0.00931238 -0.0170447 2.14879e-05 -0.000115276 -0.0170447 0.0840868 -0.000118689 0.000592093 2.14879e-05 -0.000118689 0.00927535 -0.0170509 -0.000115276 0.000592093 -0.0170509 0.0842535 
0.00928679 -0.0170114 1.58205e-05 -0.000106881 -0.0170114 0.083922 -0.000111817 0.000572842 1.58205e-05 -0.000111817 0.00926959 -0.0170079 -0.000106881 0.000572842 -0.0170079 0.0840673 
0.00928338 -0.0170065 2.57811e-06 -9.85731e-05 -0.0170065 0.0839293 -0.000102128 0.00054869 2.57811e-06 -0.000102128 0.00927788 -0.0170273 -9.85731e-05 0.00054869 -0.0170273 0.0841044 
0.00928314 -0.0169915 -1.24815e-05 -8.30356e-05 -0.0169915 0.0838734 -8.448e-05 0.000511052 -1.24815e-05 -8.448e-05 0.00926237 -0.0170283 -8.30356e-05 0.000511052 -0.0170283 0.0840945 
0.00926342 -0.0169441 -1.37021e-05 -6.56616e-05 -0.0169441 0.0836133 -6.59318e-05 0.000465926 -1.37021e-05 -6.59318e-05 0.00922781 -0.0169594 -6.56616e-05 0.000465926 -0.0169594 0.0838161 
0.00925434 -0.0169767 -3.98303e-06 -6.51349e-05 -0.0169767 0.0837367 -6.78856e-05 0.000451688 -3.98303e-06 -6.78856e-05 0.00925361 -0.016972 -6.51349e-05 0.000451688 -0.016972 0.0838922 
0.00924218 -0.0169439 5.35178e-06 -7.56721e-05 -0.0169439 0.0836713 -8.28129e-05 0.000471073 5.35178e-06 -8.28129e-05 0.00925682 -0.0169837 -7.56721e-05 0.000471073 -0.0169837 0.0838751 
0.00923966 -0.0169079 5.96503e-06 -8.43794e-05 -0.0169079 0.0835099 -9.46105e-05 0.000496895 5.96503e-06 -9.46105e-05 0.00923784 -0.0169686 -8.43794e-05 0.000496895 -0.0169686 0.0837815 
0.0092376 -0.0168895 8.88616e-06 -8.52111e-05 -0.0168895 0.0833578 -9.49633e-05 0.000507417 8.88616e-06 -9.49633e-05 0.00921035 -0.0169284 -8.52111e-05 0.000507417 -0.0169284 0.0836172 
0.00924418 -0.016931 2.30908e-06 -9.04485e-05 -0.016931 0.0834979 -9.68722e-05 0.000515519 2.30908e-06 -9.68722e-05 0.00921607 -0.016933 -9.04485e-05 0.000515519 -0.016933 0.0836756 
0.00922803 -0.0169371 -5.39783e-07 -8.6242e-05 -0.0169371 0.0835585 -8.7948e-05 0.000510409 -5.39783e-07 -8.7948e-05 0.00922731 -0.0169333 -8.6242e-05 0.000510409 -0.0169333 0.0836815 
0.00923127 -0.0169184 -2.47766e-06 -8.29862e-05 -0.0169184 0.0835633 -8.24735e-05 0.000498033 -2.47766e-06 -8.24735e-05 0.00922536 -0.0169536 -8.29862e-05 0.000498033 -0.0169536 0.083736 
0.0092419 -0.0169522 1.16562e-05 -8.11502e-05 -0.0169522 0.0837234 -8.19694e-05 0.000493662 1.16562e-05 -8.19694e-05 0.00924385 -0.0169866 -8.11502e-05 0.000493662 -0.0169866 0.083933 
0.0092083 -0.016883 3.82057e-06 -9.54933e-05 -0.016883 0.0834157 -9.91738e-05 0.000514276 3.82057e-06 -9.91738e-05 0.00921662 -0.0169244 -9.54933e-05 0.000514276 -0.0169244 0.0836422 
0.00918187 -0.0168422 1.47581e-06 -8.52207e-05 -0.0168422 0.0832107 -9.13448e-05 0.000512583 1.47581e-06 -9.13448e-05 0.00919916 -0.0168854 -8.52207e-05 0.000512583 -0.0168854 0.0834397 
0.00914917 -0.0167682 9.12705e-06 -7.83761e-05 -0.0167682 0.0828592 -8.35746e-05 0.000489961 9.12705e-06 -8.35746e-05 0.00915952 -0.0168195 -7.83761e-05 0.000489961 -0.0168195 0.0830956 
0.00913434 -0.0167483 1.3943e-05 -8.73024e-05 -0.0167483 0.082738 -8.89221e-05 0.000487927 1.3943e-05 -8.89221e-05 0.00915023 -0.0167941 -8.73024e-05 0.000487927 -0.0167941 0.0829705 
0.00911414 -0.0167104 1.61557e-05 -9.39511e-05 -0.0167104 0.0825534 -9.39872e-05 0.000497646 1.61557e-05 -9.39872e-05 0.00912698 -0.0167617 -9.39511e-05 0.000497646 -0.0167617 0.0827893 
0.00911522 -0.0167229 8.20948e-06 -9.81803e-05 -0.0167229 0.0826127 -9.88611e-05 0.000510582 8.20948e-06 -9.88611e-05 0.00913032 -0.0167729 -9.81803e-05 0.000510582 -0.0167729 0.0828528 
0.00911501 -0.0167501 -2.9751e-06 -8.88887e-05 -0.0167501 0.0827653 -8.84866e-05 0.000500859 -2.9751e-06 -8.84866e-05 0.00915751 -0.0167997 -8.88887e-05 0.000500859 -0.0167997 0.0830002 
0.00910374 -0.0167404 -2.77871e-06 -7.26215e-05 -0.0167404 0.0827871 -6.89165e-05 0.000461049 -2.77871e-06 -6.89165e-05 0.00917467 -0.0168211 -7.26215e-05 0.000461049 -0.0168211 0.0830638 
0.00911964 -0.0167353 -7.12006e-06 -7.19909e-05 -0.0167353 0.0828266 -6.29321e-05 0.000432542 -7.12006e-06 -6.29321e-05 0.00917189 -0.0168566 -7.19909e-05 0.000432542 -0.0168566 0.0831957 
0.00910979 -0.0167149 -1.10294e-05 -6.84654e-05 -0.0167149 0.0826872 -5.72155e-05 0.00041557 -1.10294e-05 -5.72155e-05 0.00915997 -0.0168206 -6.84654e-05 0.00041557 -0.0168206 0.0830832 
0.00910114 -0.0167301 -1.18797e-05 -6.43278e-05 -0.0167301 0.0827426 -5.28514e-05 0.000402674 -1.18797e-05 -5.28514e-05 0.0091847 -0.0168295 -6.43278e-05 0.000402674 -0.0168295 0.0831261 
0.00910276 -0.0167109 -1.59586e-05 -6.33722e-05 -0.0167109 0.0827094 -5.35312e-05 0.000398301 -1.59586e-05 -5.35312e-05 0.00918735 -0.0168528 -6.33722e-05 0.000398301 -0.0168528 0.0831577 
0.00910865 -0.0166896 -1.5836e-05 -5.4171e-05 -0.0166896 0.0825848 -5.07139e-05 0.000386247 -1.5836e-05 -5.07139e-05 0.00916765 -0.0168395 -5.4171e-05 0.000386247 -0.0168395 0.0830915 
0.00911465 -0.0166987 -3.88957e-06 -5.07892e-05 -0.0166987 0.0825529 -5.45367e-05 0.000380951 -3.88957e-06 -5.45367e-05 0.00914943 -0.0168199 -5.07892e-05 0.000380951 -0.0168199 0.0830389 
0.00914116 -0.0167389 -1.58072e-06 -6.43399e-05 -0.0167389 0.0827107 -7.07637e-05 0.000402976 -1.58072e-06 -7.07637e-05 0.00914327 -0.0168296 -6.43399e-05 0.000402976 -0.0168296 0.0831333 
0.00913888 -0.0167555 -3.68372e-06 -6.95814e-05 -0.0167555 0.0827525 -7.22676e-05 0.000422004 -3.68372e-06 -7.22676e-05 0.00914457 -0.0168073 -6.95814e-05 0.000422004 -0.0168073 0.0830909 
0.00913949 -0.0167404 -4.53009e-06 -6.76402e-05 -0.0167404 0.0827023 -6.69888e-05 0.000420706 -4.53009e-06 -6.69888e-05 0.00913581 -0.0167925 -6.76402e-05 0.000420706 -0.0167925 0.0829985 
0.00913444 -0.0167387 -1.57763e-06 -6.65239e-05 -0.0167387 0.0826653 -6.58256e-05 0.000415904 -1.57763e-06 -6.58256e-05 0.009141 -0.0167807 -6.65239e-05 0.000415904 -0.0167807 0.0829382 
0.00915187 -0.0167696 -4.67921e-07 -7.09468e-05 -0.0167696 0.082814 -7.02028e-05 0.000421479 -4.67921e-07 -7.02028e-05 0.009164 -0.0168188 -7.09468e-05 0.000421479 -0.0168188 0.0830819 
0.00916697 -0.016821 -1.00314e-06 -7.51847e-05 -0.016821 0.0830515 -7.19263e-05 0.00043283 -1.00314e-06 -7.19263e-05 0.00920527 -0.0168702 -7.51847e-05 0.00043283 -0.0168702 0.0833124 
0.00919613 -0.016856 6.0484e-06 -7.77307e-05 -0.016856 0.0832668 -7.18256e-05 0.000441993 6.0484e-06 -7.18256e-05 0.00922896 -0.0169348 -7.77307e-05 0.000441993 -0.0169348 0.0835631 
0.00919569 -0.0168323 -4.94086e-06 -8.63201e-05 -0.0168323 0.0831291 -8.15788e-05 0.000460213 -4.94086e-06 -8.15788e-05 0.00920966 -0.0169087 -8.63201e-05 0.000460213 -0.0169087 0.0834475 
0.00918982 -0.0168498 -2.29691e-05 -7.26908e-05 -0.0168498 0.0831576 -7.30319e-05 0.000455862 -2.29691e-05 -7.30319e-05 0.00921731 -0.0169042 -7.26908e-05 0.000455862 -0.0169042 0.0834469 
0.00917602 -0.0168442 -2.84757e-05 -4.826e-05 -0.0168442 0.0831646 -5.36365e-05 0.00041797 -2.84757e-05 -5.36365e-05 0.00922436 -0.0169128 -4.826e-05 0.00041797 -0.0169128 0.0834566 
0.0091794 -0.016854 -2.37626e-05 -4.00927e-05 -0.016854 0.0832702 -4.77458e-05 0.00038901 -2.37626e-05 -4.77458e-05 0.00924754 -0.0169504 -4.00927e-05 0.00038901 -0.0169504 0.0836162 
0.00920418 -0.0168916 -6.91994e-06 -4.82601e-05 -0.0168916 0.0835018 -5.43099e-05 0.000394266 -6.91994e-06 -5.43099e-05 0.00927879 -0.0170211 -4.82601e-05 0.000394266 -0.0170211 0.0839357 
0.00921844 -0.0169224 7.91681e-06 -7.17774e-05 -0.0169224 0.0836668 -7.39557e-05 0.000434427 7.91681e-06 -7.39557e-05 0.0093025 -0.0170642 -7.17774e-05 0.000434427 -0.0170642 0.0841614 
0.00921873 -0.016896 4.65827e-06 -9.18649e-05 -0.016896 0.0835621 -9.27728e-05 0.000485053 4.65827e-06 -9.27728e-05 0.00927998 -0.0170505 -9.18649e-05 0.000485053 -0.0170505 0.084101 
0.00919147 -0.016841 -6.01343e-06 -8.74693e-05 -0.016841 0.0832424 -9.02711e-05 0.000501063 -6.01343e-06 -9.02711e-05 0.00923449 -0.0169653 -8.74693e-05 0.000501063 -0.0169653 0.0837523 
0.00918881 -0.0168296 -1.413e-05 -7.11749e-05 -0.0168296 0.0831524 -7.54771e-05 0.000475974 -1.413e-05 -7.54771e-05 0.00920771 -0.0169264 -7.11749e-05 0.000475974 -0.0169264 0.0835919 
0.00919503 -0.0168183 -1.35628e-05 -6.11715e-05 -0.0168183 0.0830551 -6.3965e-05 0.000445057 -1.35628e-05 -6.3965e-05 0.00918217 -0.0168754 -6.11715e-05 0.000445057 -0.0168754 0.0833911 
0.00920018 -0.0168481 -2.31136e-05 -6.07942e-05 -0.0168481 0.0831169 -6.51393e-05 0.000433366 -2.31136e-05 -6.51393e-05 0.00917561 -0.0168541 -6.07942e-05 0.000433366 -0.0168541 0.0833126 
0.00920909 -0.0168777 -3.8911e-05 -4.68427e-05 -0.0168777 0.0832646 -5.45471e-05 0.000412167 -3.8911e-05 -5.45471e-05 0.00917393 -0.0168648 -4.68427e-05 0.000412167 -0.0168648 0.0833594 
0.00924257 -0.016938 -3.94154e-05 -2.3732e-05 -0.016938 0.0835893 -3.12599e-05 0.000361648 -3.94154e-05 -3.12599e-05 0.00918956 -0.016914 -2.3732e-05 0.000361648 -0.016914 0.0836307 
0.00923552 -0.0169238 -3.03327e-05 -2.13679e-05 -0.0169238 0.0835276 -2.68907e-05 0.000327847 -3.03327e-05 -2.68907e-05 0.00917571 -0.0168749 -2.13679e-05 0.000327847 -0.0168749 0.0835046 
0.00924563 -0.0169221 -1.72889e-05 -3.2895e-05 -0.0169221 0.0835238 -3.90836e-05 0.000335811 -1.72889e-05 -3.90836e-05 0.00916187 -0.0168643 -3.2895e-05 0.000335811 -0.0168643 0.0834568 
0.00922576 -0.0168931 -8.41574e-06 -4.99144e-05 -0.0168931 0.08334 -5.71219e-05 0.000371366 -8.41574e-06 -5.71219e-05 0.00914087 -0.0168078 -4.99144e-05 0.000371366 -0.0168078 0.083216 
0.00920022 -0.0168632 5.1649e-07 -6.49411e-05 -0.0168632 0.0831829 -6.95865e-05 0.00041157 5.1649e-07 -6.95865e-05 0.00912788 -0.0167684 -6.49411e-05 0.00041157 -0.0167684 0.083007 
0.00918373 -0.0168533 -1.13893e-05 -7.88983e-05 -0.0168533 0.0831632 -7.99538e-05 0.000447975 -1.13893e-05 -7.99538e-05 0.00914257 -0.0167718 -7.88983e-05 0.000447975 -0.0167718 0.0829855 
0.00919655 -0.016863 -1.69884e-05 -6.52401e-05 -0.016863 0.0832718 -6.30985e-05 0.000439649 -1.69884e-05 -6.30985e-05 0.00915911 -0.0168242 -6.52401e-05 0.000439649 -0.0168242 0.0831677 
0.00918029 -0.0168277 -1.2617e-05 -5.57163e-05 -0.0168277 0.0831014 -5.33143e-05 0.000411078 -1.2617e-05 -5.33143e-05 0.00913827 -0.0168019 -5.57163e-05 0.000411078 -0.0168019 0.0830649 
0.00916406 -0.0167964 -9.02623e-06 -5.85723e-05 -0.0167964 0.0829337 -5.72637e-05 0.000401529 -9.02623e-06 -5.72637e-05 0.00911535 -0.0167612 -5.85723e-05 0.000401529 -0.0167612 0.0829019 
0.00913463 -0.0167513 -8.9675e-07 -6.42189e-05 -0.0167513 0.0827023 -6.2553e-05 0.000409929 -8.9675e-07 -6.2553e-05 0.0090982 -0.0167038 -6.42189e-05 0.000409929 -0.0167038 0.0826399 
0.00912132 -0.0167497 1.54996e-06 -7.80294e-05 -0.0167497 0.0827093 -7.22155e-05 0.000434917 1.54996e-06 -7.22155e-05 0.00911016 -0.0167183 -7.80294e-05 0.000434917 -0.0167183 0.0826591 
0.00911686 -0.0167231 2.87259e-06 -8.28731e-05 -0.0167231 0.0826416 -7.4366e-05 0.000452715 2.87259e-06 -7.4366e-05 0.00910862 -0.0167302 -8.28731e-05 0.000452715 -0.0167302 0.0826714 
0.0091417 -0.0167458 2.93277e-06 -8.13775e-05 -0.0167458 0.0827433 -7.57852e-05 0.000456387 2.93277e-06 -7.57852e-05 0.00910579 -0.0167617 -8.13775e-05 0.000456387 -0.0167617 0.0828348 
0.00916162 -0.0167644 1.12899e-05 -7.73085e-05 -0.0167644 0.0827815 -7.6337e-05 0.000451241 1.12899e-05 -7.6337e-05 0.00908663 -0.0167453 -7.73085e-05 0.000451241 -0.0167453 0.0828387 
0.00915835 -0.0167675 1.13738e-05 -8.36962e-05 -0.0167675 0.0827309 -8.62704e-05 0.000457568 1.13738e-05 -8.62704e-05 0.00906501 -0.0166946 -8.36962e-05 0.000457568 -0.0166946 0.0826749 
0.00914083 -0.0167828 9.93427e-06 -8.46874e-05 -0.0167828 0.0827853 -8.57882e-05 0.00046211 9.93427e-06 -8.57882e-05 0.00908113 -0.0166766 -8.46874e-05 0.00046211 -0.0166766 0.0826128 
0.00912753 -0.0167552 -3.10973e-07 -8.30746e-05 -0.0167552 0.0827455 -7.99354e-05 0.00045362 -3.10973e-07 -7.99354e-05 0.00908967 -0.0166906 -8.30746e-05 0.00045362 -0.0166906 0.0825922 
0.00912325 -0.0167442 -5.71713e-06 -7.19883e-05 -0.0167442 0.0827315 -6.78567e-05 0.000432547 -5.71713e-06 -6.78567e-05 0.00909797 -0.0167151 -7.19883e-05 0.000432547 -0.0167151 0.0826665 
0.00910301 -0.0167298 -1.11099e-05 -6.37947e-05 -0.0167298 0.0826818 -6.00907e-05 0.000408114 -1.11099e-05 -6.00907e-05 0.00911266 -0.016725 -6.37947e-05 0.000408114 -0.016725 0.0827036 
0.00909339 -0.0166839 -7.42425e-06 -5.72875e-05 -0.0166839 0.082522 -5.55719e-05 0.000390667 -7.42425e-06 -5.55719e-05 0.00910192 -0.016724 -5.72875e-05 0.000390667 -0.016724 0.0826503 
0.0090762 -0.0166486 5.21463e-06 -6.30814e-05 -0.0166486 0.0823188 -6.15517e-05 0.000394392 5.21463e-06 -6.15517e-05 0.00908795 -0.0166925 -6.30814e-05 0.000394392 -0.0166925 0.0825081 
0.00903503 -0.0165824 8.15205e-06 -8.02536e-05 -0.0165824 0.0819702 -7.48078e-05 0.000421102 8.15205e-06 -7.48078e-05 0.00906485 -0.016627 -8.02536e-05 0.000421102 -0.016627 0.0821756 
0.00903633 -0.0165722 3.77859e-06 -8.54989e-05 -0.0165722 0.0819288 -7.77274e-05 0.000442298 3.77859e-06 -7.77274e-05 0.00905349 -0.0166407 -8.54989e-05 0.000442298 -0.0166407 0.0821793 
0.00901402 -0.0165739 1.47654e-06 -7.79976e-05 -0.0165739 0.0819102 -7.05258e-05 0.000434696 1.47654e-06 -7.05258e-05 0.00906049 -0.0166296 -7.79976e-05 0.000434696 -0.0166296 0.0821682 
0.00898361 -0.0165515 -1.31351e-06 -7.00769e-05 -0.0165515 0.0818863 -6.5309e-05 0.000413409 -1.31351e-06 -6.5309e-05 0.00908877 -0.0166443 -7.00769e-05 0.000413409 -0.0166443 0.0822003 
0.00896473 -0.0165061 -5.92298e-06 -6.30442e-05 -0.0165061 0.08178 -6.23652e-05 0.000394598 -5.92298e-06 -6.23652e-05 0.00910175 -0.0166768 -6.30442e-05 0.000394598 -0.0166768 0.0822547 
0.00897627 -0.016484 -1.44159e-05 -5.66187e-05 -0.016484 0.081712 -5.5871e-05 0.000375541 -1.44159e-05 -5.5871e-05 0.00909089 -0.0167041 -5.66187e-05 0.000375541 -0.0167041 0.0823523 
0.00901513 -0.0165448 -2.12713e-05 -4.66133e-05 -0.0165448 0.0819392 -4.3283e-05 0.00034878 -2.12713e-05 -4.3283e-05 0.00910007 -0.0167389 -4.66133e-05 0.00034878 -0.0167389 0.0826076 
0.0090469 -0.0166178 -2.77921e-05 -3.78199e-05 -0.0166178 0.0822458 -3.47036e-05 0.000322363 -2.77921e-05 -3.47036e-05 0.00911664 -0.0167688 -3.78199e-05 0.000322363 -0.0167688 0.0828362 
0.00906789 -0.0166246 -2.4936e-05 -2.65168e-05 -0.0166246 0.082285 -3.01275e-05 0.000298965 -2.4936e-05 -3.01275e-05 0.00909884 -0.0167509 -2.65168e-05 0.000298965 -0.0167509 0.0827922 
0.00908443 -0.0166527 -2.23439e-05 -2.70753e-05 -0.0166527 0.0823509 -3.80275e-05 0.000297314 -2.23439e-05 -3.80275e-05 0.00909625 -0.0167287 -2.70753e-05 0.000297314 -0.0167287 0.0827466 
0.00907795 -0.0166795 -2.33901e-05 -3.2675e-05 -0.0166795 0.0824437 -4.31754e-05 0.000310265 -2.33901e-05 -4.31754e-05 0.00911773 -0.0167278 -3.2675e-05 0.000310265 -0.0167278 0.0827397 
0.00908232 -0.0166878 -2.78293e-05 -3.74999e-05 -0.0166878 0.0825533 -4.01832e-05 0.000321372 -2.78293e-05 -4.01832e-05 0.00914524 -0.0167737 -3.74999e-05 0.000321372 -0.0167737 0.0828735 
0.00912624 -0.0167481 -2.78783e-05 -3.7869e-05 -0.0167481 0.0828838 -3.60444e-05 0.000328668 -2.78783e-05 -3.60444e-05 0.00918543 -0.0168706 -3.7869e-05 0.000328668 -0.0168706 0.0832961 
0.00912498 -0.0167528 -2.22186e-05 -3.89097e-05 -0.0167528 0.0828768 -3.71376e-05 0.000333808 -2.22186e-05 -3.71376e-05 0.00919394 -0.0168711 -3.89097e-05 0.000333808 -0.0168711 0.0833233 
0.00913872 -0.0167469 -3.43579e-05 -4.61932e-05 -0.0167469 0.0828458 -4.69834e-05 0.000353126 -3.43579e-05 -4.69834e-05 0.00918919 -0.016869 -4.61932e-05 0.000353126 -0.016869 0.0832923 
0.00915025 -0.0167792 -2.68653e-05 -3.15508e-05 -0.0167792 0.0829273 -3.41265e-05 0.000344315 -2.68653e-05 -3.41265e-05 0.00919675 -0.0168716 -3.15508e-05 0.000344315 -0.0168716 0.0833181 
0.00918579 -0.0168093 -8.7521e-06 -3.68799e-05 -0.0168093 0.0830634 -4.18906e-05 0.000343718 -8.7521e-06 -4.18906e-05 0.00918134 -0.0168936 -3.68799e-05 0.000343718 -0.0168936 0.0834052 
0.00921054 -0.0168677 7.13911e-06 -6.04515e-05 -0.0168677 0.0832604 -6.78646e-05 0.00038828 7.13911e-06 -6.78646e-05 0.0091816 -0.0168888 -6.04515e-05 0.00038828 -0.0168888 0.0834848 
0.00921727 -0.0169012 8.5389e-06 -8.36217e-05 -0.0169012 0.0834081 -9.19814e-05 0.000452261 8.5389e-06 -9.19814e-05 0.00919075 -0.0168851 -8.36217e-05 0.000452261 -0.0168851 0.0835071 
0.00922535 -0.016929 1.92413e-06 -8.78075e-05 -0.016929 0.0835777 -9.69936e-05 0.000490613 1.92413e-06 -9.69936e-05 0.00921587 -0.0169117 -8.78075e-05 0.000490613 -0.0169117 0.083621 
0.00922991 -0.0169387 -8.66243e-06 -8.01833e-05 -0.0169387 0.0836714 -8.73732e-05 0.000489558 -8.66243e-06 -8.73732e-05 0.00923075 -0.016944 -8.01833e-05 0.000489558 -0.016944 0.0837334 
0.00922082 -0.0169323 -1.63406e-05 -6.77909e-05 -0.0169323 0.0836665 -6.96655e-05 0.000461063 -1.63406e-05 -6.96655e-05 0.00923507 -0.016952 -6.77909e-05 0.000461063 -0.016952 0.0837652 
0.00919721 -0.0168796 -2.32906e-05 -5.7414e-05 -0.0168796 0.0834504 -5.2539e-05 0.000420495 -2.32906e-05 -5.2539e-05 0.00922168 -0.0169199 -5.7414e-05 0.000420495 -0.0169199 0.0836 
0.00917783 -0.0168291 -2.89436e-05 -4.89223e-05 -0.0168291 0.083211 -4.15076e-05 0.000386911 -2.89436e-05 -4.15076e-05 0.00919878 -0.0168889 -4.89223e-05 0.000386911 -0.0168889 0.0834229 
0.00916849 -0.0167804 -3.16721e-05 -4.0649e-05 -0.0167804 0.0829499 -3.37454e-05 0.000358791 -3.16721e-05 -3.37454e-05 0.00916024 -0.0168424 -4.0649e-05 0.000358791 -0.0168424 0.0831996 
0.00915616 -0.016794 -2.4108e-05 -3.74525e-05 -0.016794 0.0829352 -3.00004e-05 0.000342791 -2.4108e-05 -3.00004e-05 0.009158 -0.0168205 -3.74525e-05 0.000342791 -0.0168205 0.0831459 
0.00910267 -0.0167293 -1.45109e-05 -4.53871e-05 -0.0167293 0.0826531 -3.69117e-05 0.000344842 -1.45109e-05 -3.69117e-05 0.00914708 -0.0167617 -4.53871e-05 0.000344842 -0.0167617 0.0828419 
0.00909566 -0.0166915 -9.10489e-06 -5.54385e-05 -0.0166915 0.0825572 -4.68182e-05 0.000360338 -9.10489e-06 -4.68182e-05 0.00914207 -0.0167796 -5.54385e-05 0.000360338 -0.0167796 0.0828352 
0.00907404 -0.016635 -2.80179e-06 -6.25976e-05 -0.016635 0.0822671 -5.36744e-05 0.000377634 -2.80179e-06 -5.36744e-05 0.00910969 -0.0167346 -6.25976e-05 0.000377634 -0.0167346 0.0826228 
0.00906745 -0.0166209 -6.88419e-06 -6.70076e-05 -0.0166209 0.0821574 -6.05535e-05 0.000389905 -6.88419e-06 -6.05535e-05 0.00909832 -0.0167089 -6.70076e-05 0.000389905 -0.0167089 0.0825244 
0.00908058 -0.0166296 -3.01019e-06 -6.30928e-05 -0.0166296 0.0821734 -5.98413e-05 0.00039365 -3.01019e-06 -5.98413e-05 0.0090874 -0.0167102 -6.30928e-05 0.00039365 -0.0167102 0.0825276 
0.00909713 -0.0166672 -2.85709e-06 -6.66002e-05 -0.0166672 0.0823118 -6.54888e-05 0.000400779 -2.85709e-06 -6.54888e-05 0.00908824 -0.0167227 -6.66002e-05 0.000400779 -0.0167227 0.0826292 
0.00909213 -0.0166744 -1.48852e-05 -6.53713e-05 -0.0166744 0.0823364 -6.5171e-05 0.000402499 -1.48852e-05 -6.5171e-05 0.00908087 -0.0167065 -6.53713e-05 0.000402499 -0.0167065 0.0825951 
0.00911959 -0.0167235 -1.6751e-05 -5.11943e-05 -0.0167235 0.0826079 -5.03145e-05 0.000380804 -1.6751e-05 -5.03145e-05 0.00909836 -0.0167518 -5.11943e-05 0.000380804 -0.0167518 0.0828377 
0.00916997 -0.0167779 -1.73758e-05 -4.7032e-05 -0.0167779 0.0828863 -4.49841e-05 0.000358079 -1.73758e-05 -4.49841e-05 0.00910373 -0.0167925 -4.7032e-05 0.000358079 -0.0167925 0.0830845 
0.00919498 -0.0168425 -1.81046e-06 -4.97284e-05 -0.0168425 0.0831295 -4.25845e-05 0.000351104 -1.81046e-06 -4.25845e-05 0.00912323 -0.0168023 -4.97284e-05 0.000351104 -0.0168023 0.0832287 
0.00918884 -0.0168293 1.2192e-06 -6.9943e-05 -0.0168293 0.0830783 -5.89815e-05 0.000375616 1.2192e-06 -5.89815e-05 0.00912015 -0.0167813 -6.9943e-05 0.000375616 -0.0167813 0.0831148 
0.00914399 -0.0167671 7.04831e-06 -7.54252e-05 -0.0167671 0.0827778 -6.47472e-05 0.000400255 7.04831e-06 -6.47472e-05 0.00910746 -0.0167295 -7.54252e-05 0.000400255 -0.0167295 0.0828222 
0.00909082 -0.0167005 9.57856e-06 -8.10259e-05 -0.0167005 0.0824976 -7.53086e-05 0.000421041 9.57856e-06 -7.53086e-05 0.00911202 -0.0167068 -8.10259e-05 0.000421041 -0.0167068 0.0826268 
0.00907432 -0.0166652 1.29549e-05 -8.36671e-05 -0.0166652 0.0824248 -8.10323e-05 0.00043843 1.29549e-05 -8.10323e-05 0.00912698 -0.0167545 -8.36671e-05 0.00043843 -0.0167545 0.0827408 
0.00906188 -0.0166624 1.51819e-05 -8.71089e-05 -0.0166624 0.082453 -8.73805e-05 0.000453785 1.51819e-05 -8.73805e-05 0.00915071 -0.016801 -8.71089e-05 0.000453785 -0.016801 0.0829468 
0.00903686 -0.016604 1.1074e-05 -8.53679e-05 -0.016604 0.0822312 -9.05239e-05 0.000458168 1.1074e-05 -9.05239e-05 0.00913624 -0.016783 -8.53679e-05 0.000458168 -0.016783 0.0828523 
0.00901967 -0.0165826 1.01765e-05 -7.85223e-05 -0.0165826 0.0821252 -8.49508e-05 0.000447806 1.01765e-05 -8.49508e-05 0.00913848 -0.0167666 -7.85223e-05 0.000447806 -0.0167666 0.0827948 
0.0090226 -0.0165851 1.23435e-05 -7.73687e-05 -0.0165851 0.082162 -8.20824e-05 0.000438615 1.23435e-05 -8.20824e-05 0.00915168 -0.0167883 -7.73687e-05 0.000438615 -0.0167883 0.0828654 
0.00902177 -0.01657 2.56562e-06 -8.11945e-05 -0.01657 0.0820902 -8.53786e-05 0.000441193 2.56562e-06 -8.53786e-05 0.00914435 -0.0167811 -8.11945e-05 0.000441193 -0.0167811 0.0828116 
0.0090172 -0.016547 -2.90681e-06 -6.85358e-05 -0.016547 0.0819504 -7.49388e-05 0.000426605 -2.90681e-06 -7.49388e-05 0.0091243 -0.0167522 -6.85358e-05 0.000426605 -0.0167522 0.0826682 
0.00903839 -0.0165646 -5.38875e-06 -5.95916e-05 -0.0165646 0.0819924 -6.94528e-05 0.000406078 -5.38875e-06 -6.94528e-05 0.00911177 -0.0167507 -5.95916e-05 0.000406078 -0.0167507 0.082673 
0.00905232 -0.0165905 -9.17105e-07 -5.78617e-05 -0.0165905 0.08205 -6.41758e-05 0.00039211 -9.17105e-07 -6.41758e-05 0.0091054 -0.0167364 -5.78617e-05 0.00039211 -0.0167364 0.082653 
0.00905949 -0.0166212 4.86475e-06 -6.56495e-05 -0.0166212 0.0821639 -6.67103e-05 0.00039511 4.86475e-06 -6.67103e-05 0.00910111 -0.016738 -6.56495e-05 0.00039511 -0.016738 0.0826786 
0.00908959 -0.0166544 1.61502e-05 -7.43977e-05 -0.0166544 0.0823387 -7.66951e-05 0.000415581 1.61502e-05 -7.66951e-05 0.00909191 -0.0167503 -7.43977e-05 0.000415581 -0.0167503 0.0827774 
0.00910363 -0.016707 1.52077e-05 -8.63472e-05 -0.016707 0.0825449 -9.36316e-05 0.000448758 1.52077e-05 -9.36316e-05 0.00909668 -0.0167467 -8.63472e-05 0.000448758 -0.0167467 0.0828566 
