0.00625523 0 -5.5689e-06 0 0 0.00879074 0 0 -5.5689e-06 0 0.00612554 0 0 0 0 0.00879074 
0.0095291 -0.0118237 -7.70368e-06 9.27281e-06 -0.0118237 0.0313594 9.27281e-06 -1.77072e-05 -7.70368e-06 9.27281e-06 0.00937234 -0.0116367 9.27281e-06 -1.77072e-05 -0.0116367 0.0310008 
0.00971946 -0.0180931 -1.79394e-05 9.26095e-06 -0.0180931 0.0666859 9.26095e-06 -2.84584e-05 -1.79394e-05 9.26095e-06 0.00968667 -0.0180501 9.26095e-06 -2.84584e-05 -0.0180501 0.0666081 
0.00907439 -0.0174674 -2.33443e-05 1.81681e-05 -0.0174674 0.0782987 8.98424e-06 -1.31593e-05 -2.33443e-05 8.98424e-06 0.0091787 -0.0177799 1.81681e-05 -1.31593e-05 -0.0177799 0.0798321 
0.00879406 -0.0163226 -1.14874e-05 2.68409e-05 -0.0163226 0.0786507 1.36131e-05 -1.54562e-05 -1.14874e-05 1.36131e-05 0.00888743 -0.0167629 2.68409e-05 -1.54562e-05 -0.0167629 0.0810337 
0.008634 -0.015731 7.85393e-06 1.5729e-05 -0.015731 0.0770707 7.24698e-06 -1.51403e-05 7.85393e-06 7.24698e-06 0.00865105 -0.0160748 1.5729e-05 -1.51403e-05 -0.0160748 0.0792038 
0.00842151 -0.0153112 9.52048e-06 -9.33626e-06 -0.0153112 0.0751898 -1.04214e-05 1.47735e-05 9.52048e-06 -1.04214e-05 0.00839599 -0.0155039 -9.33626e-06 1.47735e-05 -0.0155039 0.0767107 
0.00821429 -0.0149761 2.34615e-06 -1.70419e-05 -0.0149761 0.0736572 -1.07929e-05 3.66402e-05 2.34615e-06 -1.07929e-05 0.008199 -0.0150958 -1.70419e-05 3.66402e-05 -0.0150958 0.0747277 
0.00964646 -0.0175928 1.22426e-06 -1.22067e-05 -0.0175928 0.0867177 -2.87204e-06 3.71692e-05 1.22426e-06 -2.87204e-06 0.00964687 -0.0177525 -1.22067e-05 3.71692e-05 -0.0177525 0.0878116 
0.00953042 -0.0173195 -4.28649e-06 -4.12584e-06 -0.0173195 0.0854609 -7.09308e-07 1.98814e-05 -4.28649e-06 -7.09308e-07 0.00950386 -0.0175146 -4.12584e-06 1.98814e-05 -0.0175146 0.0865772 
0.00946237 -0.0172034 -9.24244e-06 5.62314e-06 -0.0172034 0.0847777 6.25421e-06 -1.95748e-06 -9.24244e-06 6.25421e-06 0.0094362 -0.017369 5.62314e-06 -1.95748e-06 -0.017369 0.0858786 
0.00941379 -0.0171273 -8.22997e-06 1.39311e-05 -0.0171273 0.0843617 1.71438e-05 -3.19871e-05 -8.22997e-06 1.71438e-05 0.00940896 -0.0172912 1.39311e-05 -3.19871e-05 -0.0172912 0.0854426 
0.00938894 -0.0170963 -1.57878e-05 1.26705e-05 -0.0170963 0.0842056 2.1223e-05 -5.07133e-05 -1.57878e-05 2.1223e-05 0.00940955 -0.0172892 1.26705e-05 -5.07133e-05 -0.0172892 0.0853335 
0.00939247 -0.0170945 -2.19691e-05 1.98604e-05 -0.0170945 0.0842169 3.29846e-05 -7.25916e-05 -2.19691e-05 3.29846e-05 0.00940524 -0.017321 1.98604e-05 -7.25916e-05 -0.017321 0.0854258 
0.00939874 -0.0171094 -2.37279e-05 3.03601e-05 -0.0171094 0.0842723 4.32587e-05 -0.000104553 -2.37279e-05 4.32587e-05 0.00940601 -0.0173244 3.03601e-05 -0.000104553 -0.0173244 0.0854966 
0.0094068 -0.0171453 -2.3541e-05 3.60548e-05 -0.0171453 0.0844471 4.45857e-05 -0.000125413 -2.3541e-05 4.45857e-05 0.0094271 -0.0173514 3.60548e-05 -0.000125413 -0.0173514 0.085651 
0.00941407 -0.017145 -1.49338e-05 3.74002e-05 -0.017145 0.084493 4.12488e-05 -0.000130948 -1.49338e-05 4.12488e-05 0.00942245 -0.0173678 3.74002e-05 -0.000130948 -0.0173678 0.0857119 
0.00941108 -0.0171107 1.37038e-06 2.80912e-05 -0.0171107 0.0843176 2.91219e-05 -0.000116914 1.37038e-06 2.91219e-05 0.00939584 -0.0173226 2.80912e-05 -0.000116914 -0.0173226 0.0855333 
0.00940642 -0.0171164 2.13803e-05 5.2258e-06 -0.0171164 0.084279 8.80807e-06 -7.43229e-05 2.13803e-05 8.80807e-06 0.00938486 -0.0172972 5.2258e-06 -7.43229e-05 -0.0172972 0.085439 
0.00940988 -0.0171048 1.93027e-05 -1.90069e-05 -0.0171048 0.0842141 -1.2909e-05 -2.0702e-05 1.93027e-05 -1.2909e-05 0.00935402 -0.0172711 -1.90069e-05 -2.0702e-05 -0.0172711 0.0853187 
0.00939728 -0.0171023 5.03053e-06 -1.50569e-05 -0.0171023 0.0841489 -1.02531e-05 -5.11364e-06 5.03053e-06 -1.02531e-05 0.00933862 -0.0172212 -1.50569e-05 -5.11364e-06 -0.0172212 0.085152 
0.00940137 -0.0171248 7.62855e-07 6.1884e-06 -0.0171248 0.0842782 6.67246e-06 -3.68759e-05 7.62855e-07 6.67246e-06 0.00934894 -0.017236 6.1884e-06 -3.68759e-05 -0.017236 0.0852154 
0.00939226 -0.0171268 -1.28645e-06 1.53489e-05 -0.0171268 0.0843225 1.49681e-05 -7.22382e-05 -1.28645e-06 1.49681e-05 0.00935945 -0.0172433 1.53489e-05 -7.22382e-05 -0.0172433 0.0852443 
0.00937099 -0.0171193 -1.62831e-06 1.70567e-05 -0.0171193 0.0843458 1.7455e-05 -8.93226e-05 -1.62831e-06 1.7455e-05 0.00938071 -0.017261 1.70567e-05 -8.93226e-05 -0.017261 0.0853027 
0.00936173 -0.0170976 7.39521e-06 1.70403e-05 -0.0170976 0.0843439 1.67376e-05 -9.28354e-05 7.39521e-06 1.67376e-05 0.0093928 -0.0172953 1.70403e-05 -9.28354e-05 -0.0172953 0.0854104 
0.00933613 -0.0170245 7.39052e-06 5.3732e-06 -0.0170245 0.0840297 2.37781e-06 -7.07508e-05 7.39052e-06 2.37781e-06 0.00935752 -0.0172531 5.3732e-06 -7.07508e-05 -0.0172531 0.0851996 
0.00930786 -0.016957 -4.86192e-06 3.16609e-06 -0.016957 0.0836702 -1.14586e-06 -5.04767e-05 -4.86192e-06 -1.14586e-06 0.00931553 -0.0171767 3.16609e-06 -5.04767e-05 -0.0171767 0.0848675 
0.00929234 -0.0169099 9.17602e-06 1.85877e-05 -0.0169099 0.0833919 1.42883e-05 -6.75144e-05 9.17602e-06 1.42883e-05 0.00927467 -0.0171099 1.85877e-05 -6.75144e-05 -0.0171099 0.0845571 
0.00928051 -0.0169005 5.55281e-06 2.49233e-06 -0.0169005 0.0832696 2.64347e-06 -6.04258e-05 5.55281e-06 2.64347e-06 0.0092529 -0.0170594 2.49233e-06 -6.04258e-05 -0.0170594 0.0843444 
0.00928674 -0.0169096 2.62335e-06 9.5037e-07 -0.0169096 0.0832957 6.64625e-06 -4.98934e-05 2.62335e-06 6.64625e-06 0.00923722 -0.0170474 9.5037e-07 -4.98934e-05 -0.0170474 0.0842838 
0.0092791 -0.0168963 -1.53046e-06 4.37773e-06 -0.0168963 0.0832085 1.16389e-05 -5.47834e-05 -1.53046e-06 1.16389e-05 0.00920875 -0.0170049 4.37773e-06 -5.47834e-05 -0.0170049 0.0841131 
0.00925941 -0.0168943 -1.03539e-05 1.2051e-05 -0.0168943 0.0831774 1.79277e-05 -7.06199e-05 -1.03539e-05 1.79277e-05 0.00920168 -0.0169692 1.2051e-05 -7.06199e-05 -0.0169692 0.0839822 
0.00924687 -0.0168787 -1.28054e-05 2.36753e-05 -0.0168787 0.0831583 2.71659e-05 -9.34801e-05 -1.28054e-05 2.71659e-05 0.00920306 -0.0169613 2.36753e-05 -9.34801e-05 -0.0169613 0.0839211 
0.00924587 -0.0168853 -1.09765e-05 2.64583e-05 -0.0168853 0.0832248 2.98488e-05 -0.000107161 -1.09765e-05 2.98488e-05 0.00921271 -0.0169788 2.64583e-05 -0.000107161 -0.0169788 0.0839851 
0.00926914 -0.0169247 -8.04173e-06 2.44133e-05 -0.0169247 0.0834572 2.6744e-05 -0.000107001 -8.04173e-06 2.6744e-05 0.00924056 -0.0170328 2.44133e-05 -0.000107001 -0.0170328 0.0842392 
0.00927807 -0.0169031 -1.21288e-05 2.0438e-05 -0.0169031 0.0833749 2.29767e-05 -9.87423e-05 -1.21288e-05 2.29767e-05 0.00922274 -0.0170256 2.0438e-05 -9.87423e-05 -0.0170256 0.0841951 
0.00928635 -0.0169321 -2.54955e-05 2.66217e-05 -0.0169321 0.0834483 2.79764e-05 -0.000104255 -2.54955e-05 2.79764e-05 0.00923093 -0.0170264 2.66217e-05 -0.000104255 -0.0170264 0.0842497 
0.00929567 -0.0169292 -1.84465e-05 4.52093e-05 -0.0169292 0.0834413 4.21663e-05 -0.000134841 -1.84465e-05 4.21663e-05 0.00922772 -0.0170264 4.52093e-05 -0.000134841 -0.0170264 0.0842343 
0.00930111 -0.0169562 9.02108e-07 3.97147e-05 -0.0169562 0.0835353 3.54962e-05 -0.00014402 9.02108e-07 3.54962e-05 0.00924554 -0.0170454 3.97147e-05 -0.00014402 -0.0170454 0.084329 
0.00930562 -0.0169648 3.61863e-06 1.4752e-05 -0.0169648 0.0836008 1.28816e-05 -0.000107281 3.61863e-06 1.28816e-05 0.00926724 -0.0170738 1.4752e-05 -0.000107281 -0.0170738 0.0844324 
0.00932457 -0.0170142 -2.436e-06 9.68318e-06 -0.0170142 0.0838571 9.04618e-06 -7.96926e-05 -2.436e-06 9.04618e-06 0.00931346 -0.0171495 9.68318e-06 -7.96926e-05 -0.0171495 0.08476 
0.00935055 -0.0170319 4.36485e-06 1.75875e-05 -0.0170319 0.0839807 1.90139e-05 -8.73953e-05 4.36485e-06 1.90139e-05 0.00933869 -0.0172008 1.75875e-05 -8.73953e-05 -0.0172008 0.0849693 
0.00933875 -0.0170327 -9.30699e-07 9.024e-06 -0.0170327 0.0839399 1.38835e-05 -8.65254e-05 -9.30699e-07 1.38835e-05 0.0093571 -0.0172047 9.024e-06 -8.65254e-05 -0.0172047 0.0849745 
0.00933764 -0.0170394 -5.42019e-06 1.4088e-05 -0.0170394 0.0840022 1.803e-05 -8.90593e-05 -5.42019e-06 1.803e-05 0.00938215 -0.0172459 1.4088e-05 -8.90593e-05 -0.0172459 0.0851013 
0.00935162 -0.0170389 7.35634e-06 1.99339e-05 -0.0170389 0.0840381 2.04071e-05 -9.60584e-05 7.35634e-06 2.04071e-05 0.00938647 -0.0172866 1.99339e-05 -9.60584e-05 -0.0172866 0.0852455 
0.00937898 -0.0170681 2.34131e-06 7.65349e-06 -0.0170681 0.0841465 4.44848e-06 -7.91605e-05 2.34131e-06 4.44848e-06 0.00938604 -0.0173109 7.65349e-06 -7.91605e-05 -0.0173109 0.0854035 
0.00938306 -0.0170832 5.31716e-06 1.41176e-05 -0.0170832 0.084163 1.12151e-05 -7.92498e-05 5.31716e-06 1.12151e-05 0.0093836 -0.017292 1.41176e-05 -7.92498e-05 -0.017292 0.0853806 
0.00941103 -0.0171359 1.14453e-05 1.03387e-05 -0.0171359 0.0844135 1.08162e-05 -8.22647e-05 1.14453e-05 1.08162e-05 0.00940628 -0.0173339 1.03387e-05 -8.22647e-05 -0.0173339 0.0855908 
0.0094291 -0.0171784 1.63163e-05 3.84116e-06 -0.0171784 0.0846234 8.17051e-06 -7.94699e-05 1.63163e-05 8.17051e-06 0.0094265 -0.0173724 3.84116e-06 -7.94699e-05 -0.0173724 0.0857857 
0.00943241 -0.0171834 2.10781e-05 -4.77009e-07 -0.0171834 0.0846701 4.97564e-06 -7.55093e-05 2.10781e-05 4.97564e-06 0.00943382 -0.0173793 -4.77009e-07 -7.55093e-05 -0.0173793 0.0858311 
0.00944877 -0.0172004 1.74282e-05 -5.76147e-06 -0.0172004 0.0847624 1.40953e-07 -6.85349e-05 1.74282e-05 1.40953e-07 0.00944345 -0.0173996 -5.76147e-06 -6.85349e-05 -0.0173996 0.0859297 
0.00941419 -0.0171607 7.96861e-06 -3.82892e-07 -0.0171607 0.0845414 6.15801e-06 -7.61646e-05 7.96861e-06 6.15801e-06 0.00943378 -0.0173474 -3.82892e-07 -7.61646e-05 -0.0173474 0.0856855 
0.00938489 -0.0171171 5.31866e-06 1.04631e-05 -0.0171171 0.0843665 2.01351e-05 -0.000102068 5.31866e-06 2.01351e-05 0.00942542 -0.0173314 1.04631e-05 -0.000102068 -0.0173314 0.0855359 
0.00936499 -0.0170385 8.02472e-06 1.31096e-05 -0.0170385 0.0840195 2.61992e-05 -0.00012343 8.02472e-06 2.61992e-05 0.00937865 -0.0172823 1.31096e-05 -0.00012343 -0.0172823 0.0852549 
0.00936008 -0.0170491 1.0434e-05 9.62014e-06 -0.0170491 0.0839929 2.08584e-05 -0.000123224 1.0434e-05 2.08584e-05 0.0093728 -0.017262 9.62014e-06 -0.000123224 -0.017262 0.085215 
0.00936301 -0.0170527 -1.75785e-06 9.88358e-06 -0.0170527 0.0840144 1.2698e-05 -0.000114316 -1.75785e-06 1.2698e-05 0.00936132 -0.0172576 9.88358e-06 -0.000114316 -0.0172576 0.0851979 
0.00935087 -0.0170316 -6.68048e-06 2.64982e-05 -0.0170316 0.0839045 1.90467e-05 -0.000123057 -6.68048e-06 1.90467e-05 0.00933976 -0.0172186 2.64982e-05 -0.000123057 -0.0172186 0.0850441 
0.00936566 -0.0170513 -3.58652e-06 3.58086e-05 -0.0170513 0.0839987 2.20563e-05 -0.000138968 -3.58652e-06 2.20563e-05 0.00933531 -0.0172251 3.58086e-05 -0.000138968 -0.0172251 0.0850978 
0.0093958 -0.0171079 -4.10789e-06 2.92752e-05 -0.0171079 0.0842579 1.64064e-05 -0.000131977 -4.10789e-06 1.64064e-05 0.00934941 -0.0172572 2.92752e-05 -0.000131977 -0.0172572 0.0853028 
0.00938407 -0.0170747 -4.06866e-06 2.5498e-05 -0.0170747 0.0840871 1.78065e-05 -0.000121477 -4.06866e-06 1.78065e-05 0.00931836 -0.0172004 2.5498e-05 -0.000121477 -0.0172004 0.0850639 
0.00935983 -0.0170379 6.64665e-07 2.25658e-05 -0.0170379 0.0838745 1.95704e-05 -0.000114851 6.64665e-07 1.95704e-05 0.00928465 -0.0171359 2.25658e-05 -0.000114851 -0.0171359 0.0847742 
0.00931707 -0.0169903 -1.69928e-06 1.51407e-05 -0.0169903 0.0836347 1.64031e-05 -0.000103947 -1.69928e-06 1.64031e-05 0.00926136 -0.0170685 1.51407e-05 -0.000103947 -0.0170685 0.0844589 
0.00925524 -0.0169006 -3.43218e-06 1.71999e-05 -0.0169006 0.0832511 2.08359e-05 -0.000103903 -3.43218e-06 2.08359e-05 0.00924334 -0.0169971 1.71999e-05 -0.000103903 -0.0169971 0.0840635 
0.00921956 -0.0168383 -4.27724e-06 2.11147e-05 -0.0168383 0.0830199 2.4978e-05 -0.000114375 -4.27724e-06 2.4978e-05 0.00924237 -0.0169888 2.11147e-05 -0.000114375 -0.0169888 0.083916 
0.00921447 -0.0168135 1.42017e-05 2.29463e-05 -0.0168135 0.082941 2.7468e-05 -0.000124575 1.42017e-05 2.7468e-05 0.00924711 -0.0170135 2.29463e-05 -0.000124575 -0.0170135 0.0839633 
0.00924088 -0.016866 2.23224e-05 7.72435e-07 -0.016866 0.0831879 6.30068e-06 -9.80802e-05 2.23224e-05 6.30068e-06 0.0092781 -0.0170834 7.72435e-07 -9.80802e-05 -0.0170834 0.0842978 
0.00926298 -0.0169175 2.66762e-05 -1.21848e-05 -0.0169175 0.0834453 -3.06568e-06 -6.38581e-05 2.66762e-05 -3.06568e-06 0.00930475 -0.0171373 -1.21848e-05 -6.38581e-05 -0.0171373 0.0845831 
0.00928075 -0.0169403 2.21088e-05 -1.75189e-05 -0.0169403 0.0835838 -5.4513e-06 -4.72485e-05 2.21088e-05 -5.4513e-06 0.00931555 -0.0171603 -1.75189e-05 -4.72485e-05 -0.0171603 0.0847212 
0.00928579 -0.0169564 1.48461e-05 -9.11968e-06 -0.0169564 0.0836535 1.1969e-06 -5.76921e-05 1.48461e-05 1.1969e-06 0.00931639 -0.0171645 -9.11968e-06 -5.76921e-05 -0.0171645 0.0847662 
0.0092971 -0.0169758 4.95464e-06 3.18899e-06 -0.0169758 0.0837689 1.0982e-05 -8.51611e-05 4.95464e-06 1.0982e-05 0.00932219 -0.0171825 3.18899e-06 -8.51611e-05 -0.0171825 0.0848702 
0.00927258 -0.0169166 5.60938e-07 1.69334e-05 -0.0169166 0.08349 2.18908e-05 -0.00011807 5.60938e-07 2.18908e-05 0.00929312 -0.017121 1.69334e-05 -0.00011807 -0.017121 0.0845885 
0.00924564 -0.0168562 6.94776e-06 2.40849e-05 -0.0168562 0.0831684 2.70306e-05 -0.000141788 6.94776e-06 2.70306e-05 0.00926089 -0.0170558 2.40849e-05 -0.000141788 -0.0170558 0.0842617 
0.00922157 -0.0168364 2.12464e-05 1.72728e-05 -0.0168364 0.0830301 2.09269e-05 -0.0001426 2.12464e-05 2.09269e-05 0.00925857 -0.0170269 1.72728e-05 -0.0001426 -0.0170269 0.0841055 
0.00925016 -0.0168728 2.77065e-05 -1.15712e-06 -0.0168728 0.0832375 5.61854e-06 -0.000116073 2.77065e-05 5.61854e-06 0.00927611 -0.0170865 -1.15712e-06 -0.000116073 -0.0170865 0.084338 
0.00927775 -0.0168987 2.25153e-05 -1.07252e-05 -0.0168987 0.0833403 -1.11314e-06 -9.06297e-05 2.25153e-05 -1.11314e-06 0.00927502 -0.0171024 -1.07252e-05 -9.06297e-05 -0.0171024 0.0844427 
0.0092789 -0.0169395 1.75944e-05 -1.3139e-06 -0.0169395 0.0834709 6.35232e-06 -9.78375e-05 1.75944e-05 6.35232e-06 0.00929226 -0.0171035 -1.3139e-06 -9.78375e-05 -0.0171035 0.0845018 
0.00927901 -0.0169633 1.28563e-05 9.19986e-06 -0.0169633 0.0836397 1.0725e-05 -0.000118095 1.28563e-05 1.0725e-05 0.00931267 -0.0171421 9.19986e-06 -0.000118095 -0.0171421 0.0846504 
0.00925134 -0.0169211 3.49357e-06 1.92434e-05 -0.0169211 0.083506 1.71329e-05 -0.000142797 3.49357e-06 1.71329e-05 0.00931267 -0.0171241 1.92434e-05 -0.000142797 -0.0171241 0.0845527 
0.00924485 -0.0168704 -1.07691e-05 3.12972e-05 -0.0168704 0.0833157 3.23834e-05 -0.000177905 -1.07691e-05 3.23834e-05 0.0092923 -0.0171123 3.12972e-05 -0.000177905 -0.0171123 0.0844449 
0.00925893 -0.016884 -1.51841e-05 4.6872e-05 -0.016884 0.0833293 5.49376e-05 -0.000225787 -1.51841e-05 5.49376e-05 0.00928353 -0.0171141 4.6872e-05 -0.000225787 -0.0171141 0.0844848 
0.00925262 -0.0169118 -1.66424e-05 5.39758e-05 -0.0169118 0.0834198 6.4849e-05 -0.00026547 -1.66424e-05 6.4849e-05 0.00930471 -0.0171143 5.39758e-05 -0.00026547 -0.0171143 0.0845342 
0.00925834 -0.0169119 -2.03799e-05 5.74113e-05 -0.0169119 0.0834883 6.6237e-05 -0.00028484 -2.03799e-05 6.6237e-05 0.00931238 -0.0171465 5.74113e-05 -0.00028484 -0.0171465 0.0846299 
0.00927792 -0.0169122 -1.52409e-05 6.30555e-05 -0.0169122 0.0834927 6.95655e-05 -0.000298018 -1.52409e-05 6.95655e-05 0.00929123 -0.0171472 6.30555e-05 -0.000298018 -0.0171472 0.0846556 
0.00927984 -0.0169494 -1.02427e-05 5.67639e-05 -0.0169494 0.0835953 6.1667e-05 -0.000292963 -1.02427e-05 6.1667e-05 0.0092986 -0.0171277 5.67639e-05 -0.000292963 -0.0171277 0.0846661 
0.00927759 -0.016919 -1.17131e-05 5.01736e-05 -0.016919 0.0834839 5.32381e-05 -0.000274556 -1.17131e-05 5.32381e-05 0.00927379 -0.0170956 5.01736e-05 -0.000274556 -0.0170956 0.084487 
0.00927495 -0.0169374 -1.09975e-05 5.31625e-05 -0.0169374 0.0835304 5.68491e-05 -0.000274602 -1.09975e-05 5.68491e-05 0.00927921 -0.0170899 5.31625e-05 -0.000274602 -0.0170899 0.0844826 
0.00926679 -0.0169302 -1.7309e-06 5.47159e-05 -0.0169302 0.0835274 5.70679e-05 -0.00028126 -1.7309e-06 5.70679e-05 0.00928074 -0.01709 5.47159e-05 -0.00028126 -0.01709 0.0844618 
0.00924348 -0.0168861 2.76237e-06 4.58553e-05 -0.0168861 0.0833389 4.63521e-05 -0.000271036 2.76237e-06 4.63521e-05 0.00925925 -0.0170585 4.58553e-05 -0.000271036 -0.0170585 0.0842925 
0.00922353 -0.0168408 -8.1571e-07 3.91594e-05 -0.0168408 0.0831206 3.84838e-05 -0.000251379 -8.1571e-07 3.84838e-05 0.00923176 -0.017009 3.91594e-05 -0.000251379 -0.017009 0.0840677 
0.00924384 -0.0168643 -8.07597e-07 4.24856e-05 -0.0168643 0.0832169 4.19637e-05 -0.000248114 -8.07597e-07 4.19637e-05 0.00923087 -0.0170191 4.24856e-05 -0.000248114 -0.0170191 0.0841323 
0.00924378 -0.0168537 -2.4689e-07 4.1053e-05 -0.0168537 0.0831247 4.36877e-05 -0.000248582 -2.4689e-07 4.36877e-05 0.00920064 -0.0169806 4.1053e-05 -0.000248582 -0.0169806 0.0839759 
0.00926158 -0.0168833 3.075e-06 3.79723e-05 -0.0168833 0.0832234 4.22395e-05 -0.000242668 3.075e-06 4.22395e-05 0.0091919 -0.0169697 3.79723e-05 -0.000242668 -0.0169697 0.083979 
0.00924796 -0.0168724 1.37355e-05 3.0931e-05 -0.0168724 0.0831381 3.38034e-05 -0.000222272 1.37355e-05 3.38034e-05 0.00917607 -0.0169236 3.0931e-05 -0.000222272 -0.0169236 0.0837921 
0.00921537 -0.0168366 8.7998e-06 1.77486e-05 -0.0168366 0.0829715 1.69165e-05 -0.000186863 8.7998e-06 1.69165e-05 0.0091669 -0.0168805 1.77486e-05 -0.000186863 -0.0168805 0.0835666 
0.00918543 -0.016808 1.52017e-05 2.25546e-05 -0.016808 0.0828794 1.78228e-05 -0.000170483 1.52017e-05 1.78228e-05 0.00916828 -0.0168767 2.25546e-05 -0.000170483 -0.0168767 0.083488 
0.00917017 -0.0167835 2.0822e-05 1.63471e-05 -0.0167835 0.0828402 1.11018e-05 -0.000158139 2.0822e-05 1.11018e-05 0.00917097 -0.0168932 1.63471e-05 -0.000158139 -0.0168932 0.083526 
0.00913346 -0.0167206 1.62988e-05 9.89994e-06 -0.0167206 0.0825783 6.59421e-06 -0.000143932 1.62988e-05 6.59421e-06 0.00914842 -0.0168525 9.89994e-06 -0.000143932 -0.0168525 0.0833315 
0.00908957 -0.01665 9.37141e-06 1.6185e-05 -0.01665 0.0822591 1.37594e-05 -0.000150017 9.37141e-06 1.37594e-05 0.00912253 -0.0167923 1.6185e-05 -0.000150017 -0.0167923 0.083043 
0.0090484 -0.0165761 4.63079e-06 2.37209e-05 -0.0165761 0.0819319 2.211e-05 -0.000166589 4.63079e-06 2.211e-05 0.00910121 -0.0167366 2.37209e-05 -0.000166589 -0.0167366 0.0827462 
0.00902268 -0.0165192 3.93098e-09 2.79802e-05 -0.0165192 0.0816769 2.99383e-05 -0.000183872 3.93098e-09 2.99383e-05 0.00908619 -0.0167087 2.79802e-05 -0.000183872 -0.0167087 0.0825512 
0.00904387 -0.0165383 1.90862e-07 3.22362e-05 -0.0165383 0.0817664 3.71449e-05 -0.000198899 1.90862e-07 3.71449e-05 0.00909133 -0.0167494 3.22362e-05 -0.000198899 -0.0167494 0.0827132 
0.00911437 -0.0166152 -7.25271e-07 3.12928e-05 -0.0166152 0.0820984 3.44509e-05 -0.000199998 -7.25271e-07 3.44509e-05 0.00909278 -0.0168097 3.12928e-05 -0.000199998 -0.0168097 0.0830553 
0.00917253 -0.0167204 -9.23171e-07 3.44076e-05 -0.0167204 0.0824785 3.08093e-05 -0.00019703 -9.23171e-07 3.08093e-05 0.0090997 -0.0168296 3.44076e-05 -0.00019703 -0.0168296 0.0833015 
0.00918475 -0.0167838 1.69244e-06 3.57881e-05 -0.0167838 0.0827227 2.60077e-05 -0.000189564 1.69244e-06 2.60077e-05 0.00910947 -0.0168232 3.57881e-05 -0.000189564 -0.0168232 0.0833584 
0.00920038 -0.0167826 5.92202e-06 3.02688e-05 -0.0167826 0.0827705 2.00372e-05 -0.000173908 5.92202e-06 2.00372e-05 0.00910246 -0.0168145 3.02688e-05 -0.000173908 -0.0168145 0.0833129 
0.0092092 -0.016798 -1.9874e-07 2.36438e-05 -0.016798 0.0828057 1.57483e-05 -0.000157324 -1.9874e-07 1.57483e-05 0.00910326 -0.0168102 2.36438e-05 -0.000157324 -0.0168102 0.0833032 
0.00921739 -0.0168083 -1.10535e-05 2.96816e-05 -0.0168083 0.0828356 2.26696e-05 -0.000158279 -1.10535e-05 2.26696e-05 0.00910081 -0.0168093 2.96816e-05 -0.000158279 -0.0168093 0.0832955 
0.00922168 -0.0168331 -1.52025e-05 4.54544e-05 -0.0168331 0.0829331 3.94526e-05 -0.000189647 -1.52025e-05 3.94526e-05 0.00911982 -0.0168194 4.54544e-05 -0.000189647 -0.0168194 0.0833563 
0.00921675 -0.0168473 -1.92286e-05 5.38666e-05 -0.0168473 0.0830313 4.93153e-05 -0.000222762 -1.92286e-05 4.93153e-05 0.00915422 -0.0168547 5.38666e-05 -0.000222762 -0.0168547 0.0834762 
0.00919387 -0.0168305 -2.18991e-05 5.80505e-05 -0.0168305 0.0830177 5.62097e-05 -0.000244653 -2.18991e-05 5.62097e-05 0.00919049 -0.0168942 5.80505e-05 -0.000244653 -0.0168942 0.0835771 
0.00916735 -0.0168106 -1.54837e-05 5.91729e-05 -0.0168106 0.0830132 6.03862e-05 -0.000256761 -1.54837e-05 6.03862e-05 0.00922936 -0.0169543 5.91729e-05 -0.000256761 -0.0169543 0.0837607 
0.0091502 -0.0167929 -5.18632e-06 5.04992e-05 -0.0167929 0.0830435 5.1264e-05 -0.000245729 -5.18632e-06 5.1264e-05 0.00926832 -0.017026 5.04992e-05 -0.000245729 -0.017026 0.0840269 
0.009137 -0.0167367 -4.16616e-06 3.6086e-05 -0.0167367 0.0828648 3.44437e-05 -0.000209938 -4.16616e-06 3.44437e-05 0.00926475 -0.0170457 3.6086e-05 -0.000209938 -0.0170457 0.0840751 
0.00914933 -0.0167094 -9.86643e-06 3.31463e-05 -0.0167094 0.0827171 2.87268e-05 -0.000182589 -9.86643e-06 2.87268e-05 0.0092395 -0.0170349 3.31463e-05 -0.000182589 -0.0170349 0.0840515 
0.00918255 -0.0167314 -1.74308e-05 3.87359e-05 -0.0167314 0.0827127 3.29441e-05 -0.000177681 -1.74308e-05 3.29441e-05 0.00921092 -0.0170075 3.87359e-05 -0.000177681 -0.0170075 0.0840072 
0.00919334 -0.0167795 -2.50856e-05 4.84158e-05 -0.0167795 0.0828102 3.95276e-05 -0.000188018 -2.50856e-05 3.95276e-05 0.00921159 -0.0169747 4.84158e-05 -0.000188018 -0.0169747 0.083943 
0.00919705 -0.0167942 -2.50523e-05 5.92785e-05 -0.0167942 0.0828758 4.58078e-05 -0.000204952 -2.50523e-05 4.58078e-05 0.00921527 -0.0169713 5.92785e-05 -0.000204952 -0.0169713 0.0838985 
0.00921927 -0.0168253 -9.32741e-06 6.24205e-05 -0.0168253 0.0830356 4.53439e-05 -0.000214819 -9.32741e-06 4.53439e-05 0.00922175 -0.0170059 6.24205e-05 -0.000214819 -0.0170059 0.0840357 
0.00922368 -0.0168365 1.56757e-05 4.23382e-05 -0.0168365 0.0830694 2.57983e-05 -0.000186239 1.56757e-05 2.57983e-05 0.00921928 -0.0169992 4.23382e-05 -0.000186239 -0.0169992 0.0840395 
0.00923469 -0.0168279 2.83532e-05 7.33207e-06 -0.0168279 0.0830226 -4.30138e-06 -0.000117387 2.83532e-05 -4.30138e-06 0.00920534 -0.0169805 7.33207e-06 -0.000117387 -0.0169805 0.0839597 
0.00926048 -0.0168964 2.84587e-05 -1.61093e-05 -0.0168964 0.0832942 -2.06566e-05 -4.93373e-05 2.84587e-05 -2.06566e-05 0.00923285 -0.0170207 -1.61093e-05 -4.93373e-05 -0.0170207 0.0841802 
0.00927722 -0.0169304 2.08257e-05 -2.11368e-05 -0.0169304 0.0834803 -1.86899e-05 -1.86003e-05 2.08257e-05 -1.86899e-05 0.00925381 -0.0170579 -2.11368e-05 -1.86003e-05 -0.0170579 0.0843486 
0.00926899 -0.0169124 1.40447e-05 -1.35567e-05 -0.0169124 0.0834072 -6.0946e-06 -2.56274e-05 1.40447e-05 -6.0946e-06 0.00924905 -0.017048 -1.35567e-05 -2.56274e-05 -0.017048 0.0842906 
0.00928678 -0.0169041 9.12325e-06 -3.30652e-06 -0.0169041 0.0833676 4.4824e-06 -4.91865e-05 9.12325e-06 4.4824e-06 0.00923404 -0.0170456 -3.30652e-06 -4.91865e-05 -0.0170456 0.0842719 
0.00926665 -0.0168855 6.69819e-06 6.26315e-06 -0.0168855 0.0831864 9.90985e-06 -7.22647e-05 6.69819e-06 9.90985e-06 0.00922974 -0.0169891 6.26315e-06 -7.22647e-05 -0.0169891 0.0840435 
0.00925559 -0.0168789 8.61849e-06 1.26298e-05 -0.0168789 0.0831548 9.28788e-06 -8.56717e-05 8.61849e-06 9.28788e-06 0.00925287 -0.0170036 1.26298e-05 -8.56717e-05 -0.0170036 0.0840184 
0.00925891 -0.0169005 -3.82687e-06 1.32419e-05 -0.0169005 0.0832893 4.86207e-06 -8.80819e-05 -3.82687e-06 4.86207e-06 0.00928033 -0.0170756 1.32419e-05 -8.80819e-05 -0.0170756 0.0842588 
0.00927138 -0.0169126 -6.83203e-06 2.66849e-05 -0.0169126 0.083394 1.85904e-05 -0.0001056 -6.83203e-06 1.85904e-05 0.00929859 -0.0171236 2.66849e-05 -0.0001056 -0.0171236 0.0844802 
0.00930412 -0.0169568 1.83435e-06 2.90089e-05 -0.0169568 0.0836151 2.47283e-05 -0.000122304 1.83435e-06 2.47283e-05 0.0093182 -0.0171811 2.90089e-05 -0.000122304 -0.0171811 0.0847786 
0.00933191 -0.0170088 2.93653e-06 1.70153e-05 -0.0170088 0.0838388 1.27731e-05 -0.000106908 2.93653e-06 1.27731e-05 0.00933217 -0.0172151 1.70153e-05 -0.000106908 -0.0172151 0.0850015 
0.00935184 -0.0170501 -3.67561e-06 1.60883e-05 -0.0170501 0.0840317 1.08773e-05 -9.4958e-05 -3.67561e-06 1.08773e-05 0.00933912 -0.0172343 1.60883e-05 -9.4958e-05 -0.0172343 0.0851482 
0.00937323 -0.0170983 -8.35127e-07 2.25027e-05 -0.0170983 0.0842796 1.78291e-05 -9.99081e-05 -8.35127e-07 1.78291e-05 0.00935217 -0.0172643 2.25027e-05 -9.99081e-05 -0.0172643 0.0853456 
0.00936672 -0.01709 7.13561e-06 1.7664e-05 -0.01709 0.0842651 1.58153e-05 -9.86882e-05 7.13561e-06 1.58153e-05 0.00935029 -0.0172421 1.7664e-05 -9.86882e-05 -0.0172421 0.0852831 
0.00934741 -0.0170671 1.08763e-05 5.91284e-06 -0.0170671 0.0841762 6.63784e-06 -8.02106e-05 1.08763e-05 6.63784e-06 0.00934913 -0.0172222 5.91284e-06 -8.02106e-05 -0.0172222 0.085177 
0.00931599 -0.0169944 1.97843e-05 -5.40559e-07 -0.0169944 0.0838618 1.55235e-06 -6.00654e-05 1.97843e-05 1.55235e-06 0.00931831 -0.017172 -5.40559e-07 -6.00654e-05 -0.017172 0.0848918 
0.00928521 -0.0169436 2.91465e-05 -1.15797e-05 -0.0169436 0.0835979 -8.81563e-06 -3.69456e-05 2.91465e-05 -8.81563e-06 0.00930259 -0.0171222 -1.15797e-05 -3.69456e-05 -0.0171222 0.084646 
0.00928608 -0.0169271 2.11761e-05 -2.35694e-05 -0.0169271 0.0835218 -1.99925e-05 -8.84029e-06 2.11761e-05 -1.99925e-05 0.00928606 -0.0171216 -2.35694e-05 -8.84029e-06 -0.0171216 0.0845947 
0.009265 -0.0168753 1.17355e-05 -1.47464e-05 -0.0168753 0.0832262 -1.00972e-05 -1.02999e-05 1.17355e-05 -1.00972e-05 0.00924473 -0.0170486 -1.47464e-05 -1.02999e-05 -0.0170486 0.0842757 
0.00926901 -0.0169152 -2.6163e-06 -2.83209e-08 -0.0169152 0.0833722 2.86863e-06 -3.93324e-05 -2.6163e-06 2.86863e-06 0.00926712 -0.0170626 -2.83209e-08 -3.93324e-05 -0.0170626 0.0843634 
0.00930003 -0.0169454 -1.09082e-05 2.00759e-05 -0.0169454 0.0835648 2.06063e-05 -8.41403e-05 -1.09082e-05 2.06063e-05 0.0092848 -0.0171133 2.00759e-05 -8.41403e-05 -0.0171133 0.0845599 
0.00929982 -0.0169597 -1.1714e-05 3.19257e-05 -0.0169597 0.0835897 3.04509e-05 -0.00012041 -1.1714e-05 3.04509e-05 0.00928545 -0.0171117 3.19257e-05 -0.00012041 -0.0171117 0.0845705 
0.00928884 -0.016947 -3.03506e-06 3.18809e-05 -0.016947 0.0835384 2.94637e-05 -0.000131464 -3.03506e-06 2.94637e-05 0.00928198 -0.0170972 3.18809e-05 -0.000131464 -0.0170972 0.0844988 
0.00928973 -0.0169476 -1.52092e-05 1.96201e-05 -0.0169476 0.0835631 1.74644e-05 -0.000112258 -1.52092e-05 1.74644e-05 0.00928761 -0.0171092 1.96201e-05 -0.000112258 -0.0171092 0.0845379 
0.00931468 -0.0169742 -2.63345e-05 3.14205e-05 -0.0169742 0.0836994 2.84157e-05 -0.000112611 -2.63345e-05 2.84157e-05 0.00929181 -0.0171417 3.14205e-05 -0.000112611 -0.0171417 0.0846945 
0.00932924 -0.0170173 -2.26046e-05 4.50429e-05 -0.0170173 0.0838722 4.23605e-05 -0.000137748 -2.26046e-05 4.23605e-05 0.00930437 -0.0171598 4.50429e-05 -0.000137748 -0.0171598 0.0848386 
0.00931975 -0.0169806 1.13512e-06 3.91636e-05 -0.0169806 0.0837107 3.83168e-05 -0.000140966 1.13512e-06 3.83168e-05 0.00927521 -0.0171163 3.91636e-05 -0.000140966 -0.0171163 0.0846416 
0.0093058 -0.0169627 2.43251e-05 9.89256e-06 -0.0169627 0.0835884 9.23611e-06 -9.30462e-05 2.43251e-05 9.23611e-06 0.00926254 -0.0170757 9.89256e-06 -9.30462e-05 -0.0170757 0.0844739 
0.00931021 -0.0169843 2.64522e-05 -1.8971e-05 -0.0169843 0.0836987 -1.94612e-05 -2.30396e-05 2.64522e-05 -1.94612e-05 0.00928081 -0.0171017 -1.8971e-05 -2.30396e-05 -0.0171017 0.0845737 
0.00930022 -0.01694 2.01013e-05 -2.22075e-05 -0.01694 0.0835107 -2.12966e-05 9.53594e-06 2.01013e-05 -2.12966e-05 0.00926581 -0.0170745 -2.22075e-05 9.53594e-06 -0.0170745 0.0844124 
0.00928643 -0.016947 1.51071e-05 -1.3367e-05 -0.016947 0.0835013 -1.01828e-05 -9.22707e-07 1.51071e-05 -1.01828e-05 0.0092901 -0.0170794 -1.3367e-05 -9.22707e-07 -0.0170794 0.0844206 
