0.00779956 0 1.975e-05 0 0 0.0109841 0 0 1.975e-05 0 0.00768497 0 0 0 0 0.0109841 
0.00950359 -0.011792 2.45462e-05 -3.03366e-05 -0.011792 0.0312939 -3.03366e-05 5.85993e-05 2.45462e-05 -3.03366e-05 0.00940497 -0.0116775 -3.03366e-05 5.85993e-05 -0.0116775 0.0310743 
0.00973597 -0.0180983 -5.17015e-06 -4.52528e-05 -0.0180983 0.0667233 -4.52528e-05 0.000145912 -5.17015e-06 -4.52528e-05 0.00972066 -0.0181718 -4.52528e-05 0.000145912 -0.0181718 0.0670226 
0.00915732 -0.017579 -9.31017e-06 -3.97852e-06 -0.017579 0.0787655 -1.07818e-06 9.76204e-05 -9.31017e-06 -1.07818e-06 0.00922277 -0.0179336 -3.97852e-06 9.76204e-05 -0.0179336 0.0806046 
0.00889354 -0.0164696 4.50835e-06 7.26877e-06 -0.0164696 0.0792547 1.37236e-05 2.35286e-05 4.50835e-06 1.37236e-05 0.00892433 -0.0168656 7.26877e-06 2.35286e-05 -0.0168656 0.0816936 
0.00868587 -0.0158234 4.17962e-06 -7.87877e-06 -0.0158234 0.0773959 -1.20241e-06 1.51644e-05 4.17962e-06 -1.20241e-06 0.00867089 -0.0160803 -7.87877e-06 1.51644e-05 -0.0160803 0.0793798 
0.00844963 -0.0153695 -1.31855e-05 -7.45758e-06 -0.0153695 0.0754097 -6.36467e-06 2.39035e-05 -1.31855e-05 -6.36467e-06 0.0084165 -0.0155128 -7.45758e-06 2.39035e-05 -0.0155128 0.0767681 
0.00822517 -0.0150003 -1.10289e-05 1.37255e-05 -0.0150003 0.0737554 8.90746e-06 2.90506e-07 -1.10289e-05 8.90746e-06 0.00821931 -0.0151049 1.37255e-05 2.90506e-07 -0.0151049 0.0747327 
0.0112964 -0.020559 7.56366e-06 1.94545e-05 -0.020559 0.101335 7.67158e-06 -1.52002e-05 7.56366e-06 7.67158e-06 0.011288 -0.0207611 1.94545e-05 -1.52002e-05 -0.0207611 0.102593 
0.0111473 -0.0202895 1.64409e-05 -1.15454e-05 -0.0202895 0.100024 -2.00363e-05 3.05741e-05 1.64409e-05 -2.00363e-05 0.01117 -0.0205172 -1.15454e-05 3.05741e-05 -0.0205172 0.101341 
0.0110812 -0.0201657 5.31336e-06 -3.00619e-05 -0.0201657 0.0994236 -3.17129e-05 8.51581e-05 5.31336e-06 -3.17129e-05 0.0111235 -0.0204471 -3.00619e-05 8.51581e-05 -0.0204471 0.10088 
0.0110281 -0.0200516 -3.098e-06 -1.80839e-05 -0.0200516 0.0988515 -1.79479e-05 8.58236e-05 -3.098e-06 -1.79479e-05 0.011068 -0.0203671 -1.80839e-05 8.58236e-05 -0.0203671 0.100445 
0.0109957 -0.0199978 -4.73939e-06 -7.08777e-06 -0.0199978 0.0985325 -8.21024e-06 6.54341e-05 -4.73939e-06 -8.21024e-06 0.011027 -0.0203088 -7.08777e-06 6.54341e-05 -0.0203088 0.100176 
0.0109775 -0.0199758 -7.35807e-06 -5.51926e-06 -0.0199758 0.0983946 -6.26352e-06 5.49937e-05 -7.35807e-06 -6.26352e-06 0.0110035 -0.020265 -5.51926e-06 5.49937e-05 -0.020265 0.100004 
0.0109723 -0.0199769 -1.05e-05 -2.28314e-06 -0.0199769 0.0983923 -5.93572e-07 4.49915e-05 -1.05e-05 -5.93572e-07 0.0110016 -0.0202452 -2.28314e-06 4.49915e-05 -0.0202452 0.0999302 
0.010941 -0.0199481 -1.45806e-05 2.18301e-06 -0.0199481 0.0982542 5.44406e-06 2.96066e-05 -1.45806e-05 5.44406e-06 0.0109935 -0.0202075 2.18301e-06 2.96066e-05 -0.0202075 0.0997261 
0.0108968 -0.0198833 -1.56055e-06 6.88539e-06 -0.0198833 0.0979964 9.53307e-06 1.66722e-05 -1.56055e-06 9.53307e-06 0.0109648 -0.0201685 6.88539e-06 1.66722e-05 -0.0201685 0.0994737 
0.010876 -0.019829 1.52406e-05 -8.65947e-06 -0.019829 0.0977907 -7.01503e-06 3.55748e-05 1.52406e-05 -7.01503e-06 0.0109252 -0.0201386 -8.65947e-06 3.55748e-05 -0.0201386 0.0993204 
0.0108482 -0.0197842 1.72059e-05 -3.04849e-05 -0.0197842 0.0975683 -3.0733e-05 8.5456e-05 1.72059e-05 -3.0733e-05 0.0108999 -0.0200763 -3.04849e-05 8.5456e-05 -0.0200763 0.0990969 
0.0107989 -0.0197041 6.75405e-06 -3.00201e-05 -0.0197041 0.0971838 -3.55534e-05 0.000111548 6.75405e-06 -3.55534e-05 0.0108725 -0.0199924 -3.00201e-05 0.000111548 -0.0199924 0.0986881 
0.01078 -0.0196802 -4.59517e-06 -1.50465e-05 -0.0196802 0.0970891 -2.38054e-05 9.78596e-05 -4.59517e-06 -2.38054e-05 0.0108787 -0.0199935 -1.50465e-05 9.78596e-05 -0.0199935 0.0986215 
0.0107774 -0.0196682 -9.26194e-06 -7.90313e-07 -0.0196682 0.0970647 -7.62168e-06 6.37495e-05 -9.26194e-06 -7.62168e-06 0.0108688 -0.0200156 -7.90313e-07 6.37495e-05 -0.0200156 0.0986697 
0.0107791 -0.0196583 -8.3109e-06 4.56755e-06 -0.0196583 0.0970117 -8.59859e-07 3.87544e-05 -8.3109e-06 -8.59859e-07 0.0108411 -0.019994 4.56755e-06 3.87544e-05 -0.019994 0.0986274 
0.0107669 -0.01963 -1.334e-05 2.74155e-06 -0.01963 0.0968345 -2.52338e-06 3.3863e-05 -1.334e-05 -2.52338e-06 0.0107955 -0.019921 2.74155e-06 3.3863e-05 -0.019921 0.0983639 
0.0107533 -0.0195795 -1.452e-05 5.45527e-06 -0.0195795 0.0965541 4.02008e-06 3.02942e-05 -1.452e-05 4.02008e-06 0.0107327 -0.0198238 5.45527e-06 3.02942e-05 -0.0198238 0.0979566 
0.0107775 -0.0196149 1.52385e-06 2.40864e-06 -0.0196149 0.0966476 6.04818e-06 3.13349e-05 1.52385e-06 6.04818e-06 0.0107136 -0.019792 2.40864e-06 3.13349e-05 -0.019792 0.0978829 
0.0108064 -0.0196958 1.04839e-05 -1.8159e-05 -0.0196958 0.0969788 -1.61222e-05 6.65535e-05 1.04839e-05 -1.61222e-05 0.0107242 -0.0198099 -1.8159e-05 6.65535e-05 -0.0198099 0.0980326 
0.0108308 -0.0197584 2.19197e-05 -2.77389e-05 -0.0197584 0.097309 -3.22827e-05 0.000108555 2.19197e-05 -3.22827e-05 0.0107514 -0.0198429 -2.77389e-05 0.000108555 -0.0198429 0.0982316 
0.0108363 -0.0197452 3.80878e-05 -3.78558e-05 -0.0197452 0.0972919 -4.59768e-05 0.000140817 3.80878e-05 -4.59768e-05 0.0107428 -0.0198327 -3.78558e-05 0.000140817 -0.0198327 0.0981665 
0.0108172 -0.0197335 3.96017e-05 -5.62481e-05 -0.0197335 0.097206 -6.05126e-05 0.000174665 3.96017e-05 -6.05126e-05 0.0107401 -0.0198064 -5.62481e-05 0.000174665 -0.0198064 0.0980487 
0.010801 -0.0197066 1.85241e-05 -6.14044e-05 -0.0197066 0.0971149 -5.90196e-05 0.000190536 1.85241e-05 -5.90196e-05 0.0107378 -0.0197989 -6.14044e-05 0.000190536 -0.0197989 0.0979701 
0.0107986 -0.0197099 -8.08755e-06 -3.47751e-05 -0.0197099 0.0971597 -3.19021e-05 0.000150759 -8.08755e-06 -3.19021e-05 0.0107572 -0.0198269 -3.47751e-05 0.000150759 -0.0198269 0.0980752 
0.010804 -0.0196949 -3.10669e-05 -1.86341e-06 -0.0196949 0.0971178 1.26201e-06 7.73772e-05 -3.10669e-05 1.26201e-06 0.0107521 -0.0198396 -1.86341e-06 7.73772e-05 -0.0198396 0.098104 
0.0108303 -0.0197162 -3.27547e-05 2.57598e-05 -0.0197162 0.0971835 2.876e-05 2.70997e-06 -3.27547e-05 2.876e-05 0.0107364 -0.0198487 2.57598e-05 2.70997e-06 -0.0198487 0.0981814 
0.0108498 -0.0197633 -2.0154e-05 2.95597e-05 -0.0197633 0.0973413 2.95326e-05 -2.99068e-05 -2.0154e-05 2.95326e-05 0.0107336 -0.0198443 2.95597e-05 -2.99068e-05 -0.0198443 0.0982581 
0.0108582 -0.0197638 -1.02994e-05 1.37776e-05 -0.0197638 0.0973352 1.18314e-05 -9.91556e-06 -1.02994e-05 1.18314e-05 0.0107219 -0.0198126 1.37776e-05 -9.91556e-06 -0.0198126 0.098152 
0.0108524 -0.0197609 -1.31633e-06 -6.44627e-07 -0.0197609 0.0972744 -1.65031e-06 2.68509e-05 -1.31633e-06 -1.65031e-06 0.0107242 -0.019778 -6.44627e-07 2.68509e-05 -0.019778 0.0979942 
0.0108734 -0.0197829 1.31774e-05 -1.64254e-05 -0.0197829 0.0973769 -1.56715e-05 7.10771e-05 1.31774e-05 -1.56715e-05 0.0107353 -0.0198094 -1.64254e-05 7.10771e-05 -0.0198094 0.0980693 
0.010881 -0.0198057 1.11021e-05 -3.53637e-05 -0.0198057 0.0974478 -3.38816e-05 0.000119665 1.11021e-05 -3.38816e-05 0.010742 -0.0198259 -3.53637e-05 0.000119665 -0.0198259 0.0981351 
0.0108634 -0.0198035 1.62025e-05 -3.51345e-05 -0.0198035 0.0974347 -3.40429e-05 0.000144531 1.62025e-05 -3.40429e-05 0.0107467 -0.0198226 -3.51345e-05 0.000144531 -0.0198226 0.098118 
0.010821 -0.0197658 2.03746e-05 -3.95485e-05 -0.0197658 0.0973071 -3.92647e-05 0.000156642 2.03746e-05 -3.92647e-05 0.0107463 -0.0198063 -3.95485e-05 0.000156642 -0.0198063 0.0980161 
0.0107931 -0.0197384 2.03921e-05 -4.15182e-05 -0.0197384 0.0972899 -4.40153e-05 0.000165159 2.03921e-05 -4.40153e-05 0.010765 -0.0198328 -4.15182e-05 0.000165159 -0.0198328 0.0980998 
0.0107888 -0.0197016 1.09471e-05 -3.82286e-05 -0.0197016 0.097222 -4.28487e-05 0.000162446 1.09471e-05 -4.28487e-05 0.0107726 -0.0198567 -3.82286e-05 0.000162446 -0.0198567 0.0981763 
0.0107935 -0.0197114 3.46486e-06 -2.56708e-05 -0.0197114 0.0972703 -3.0087e-05 0.000139203 3.46486e-06 -3.0087e-05 0.0107852 -0.0198875 -2.56708e-05 0.000139203 -0.0198875 0.0983292 
0.0108145 -0.019705 -3.19142e-07 -1.6548e-05 -0.019705 0.0972519 -2.03346e-05 0.000111599 -3.19142e-07 -2.03346e-05 0.0107712 -0.0198913 -1.6548e-05 0.000111599 -0.0198913 0.0983614 
0.0108194 -0.0196827 -2.12423e-05 -1.08573e-05 -0.0196827 0.0970513 -1.32668e-05 8.84197e-05 -2.12423e-05 -1.32668e-05 0.0107313 -0.0198247 -1.08573e-05 8.84197e-05 -0.0198247 0.0981092 
0.0107899 -0.0196919 -3.26229e-05 1.20681e-05 -0.0196919 0.0969803 1.36508e-05 4.25899e-05 -3.26229e-05 1.36508e-05 0.0107263 -0.0197712 1.20681e-05 4.25899e-05 -0.0197712 0.0978991 
0.0107815 -0.0196941 -3.30552e-05 2.8858e-05 -0.0196941 0.0970694 3.38657e-05 -1.45768e-05 -3.30552e-05 3.38657e-05 0.010747 -0.0197952 2.8858e-05 -1.45768e-05 -0.0197952 0.0979484 
0.0107672 -0.0196618 -2.12771e-05 2.86735e-05 -0.0196618 0.0969815 3.71689e-05 -4.11929e-05 -2.12771e-05 3.71689e-05 0.0107414 -0.0198043 2.86735e-05 -4.11929e-05 -0.0198043 0.0979309 
0.0107626 -0.0196554 -1.01951e-05 1.41359e-05 -0.0196554 0.0969745 2.23045e-05 -2.72311e-05 -1.01951e-05 2.23045e-05 0.0107446 -0.019815 1.41359e-05 -2.72311e-05 -0.019815 0.0979929 
0.0107653 -0.0196265 8.63158e-06 -1.52017e-06 -0.0196265 0.0968536 3.43284e-06 1.29351e-05 8.63158e-06 3.43284e-06 0.0107193 -0.0197975 -1.52017e-06 1.29351e-05 -0.0197975 0.0979147 
0.0107736 -0.0196051 2.30139e-05 -2.44625e-05 -0.0196051 0.0966877 -2.19605e-05 6.91771e-05 2.30139e-05 -2.19605e-05 0.0106811 -0.0197441 -2.44625e-05 6.91771e-05 -0.0197441 0.0977176 
0.0108106 -0.0196709 2.05321e-05 -4.34813e-05 -0.0196709 0.0968998 -4.27282e-05 0.000126618 2.05321e-05 -4.27282e-05 0.0106771 -0.0197486 -4.34813e-05 0.000126618 -0.0197486 0.0978105 
0.0108238 -0.0197383 1.79042e-06 -4.13932e-05 -0.0197383 0.097161 -4.07051e-05 0.000148236 1.79042e-06 -4.07051e-05 0.0107105 -0.019753 -4.13932e-05 0.000148236 -0.019753 0.0979028 
0.0107967 -0.0197265 8.46487e-06 -1.89878e-05 -0.0197265 0.0971618 -2.02497e-05 0.000120242 8.46487e-06 -2.02497e-05 0.0107406 -0.0197608 -1.89878e-05 0.000120242 -0.0197608 0.0978527 
0.0107949 -0.0197006 1.02824e-05 -2.13956e-05 -0.0197006 0.0971448 -2.63101e-05 0.000107105 1.02824e-05 -2.63101e-05 0.0107618 -0.0198142 -2.13956e-05 0.000107105 -0.0198142 0.0979646 
0.0107911 -0.0196988 1.20067e-05 -2.49611e-05 -0.0196988 0.0971418 -2.81044e-05 0.000111623 1.20067e-05 -2.81044e-05 0.0107877 -0.0198521 -2.49611e-05 0.000111623 -0.0198521 0.0981051 
0.0107849 -0.0196957 1.36413e-05 -2.72648e-05 -0.0196957 0.097147 -2.83279e-05 0.000114138 1.36413e-05 -2.83279e-05 0.0108234 -0.0198909 -2.72648e-05 0.000114138 -0.0198909 0.0982365 
0.0108076 -0.0197052 7.44264e-06 -2.94629e-05 -0.0197052 0.0972257 -3.17007e-05 0.00012058 7.44264e-06 -3.17007e-05 0.0108461 -0.0199563 -2.94629e-05 0.00012058 -0.0199563 0.0984614 
0.0108246 -0.0197632 -7.97407e-06 -2.22054e-05 -0.0197632 0.0974563 -2.66279e-05 0.000116134 -7.97407e-06 -2.66279e-05 0.0108842 -0.0200205 -2.22054e-05 0.000116134 -0.0200205 0.0987751 
0.0108312 -0.0197965 -1.31584e-05 -3.5295e-06 -0.0197965 0.0976665 -8.4293e-06 8.6112e-05 -1.31584e-05 -8.4293e-06 0.0109119 -0.0200868 -3.5295e-06 8.6112e-05 -0.0200868 0.0990715 
0.0108301 -0.019771 -1.96911e-05 3.36156e-06 -0.019771 0.0976186 -1.80252e-06 6.05103e-05 -1.96911e-05 -1.80252e-06 0.0109049 -0.0200973 3.36156e-06 6.05103e-05 -0.0200973 0.0991334 
0.0108247 -0.0197766 -2.38797e-05 8.99774e-06 -0.0197766 0.0976385 3.93516e-06 4.62143e-05 -2.38797e-05 3.93516e-06 0.0109151 -0.0201006 8.99774e-06 4.62143e-05 -0.0201006 0.0992061 
0.0108491 -0.0197812 -1.92221e-05 1.44072e-05 -0.0197812 0.097696 9.05204e-06 3.4215e-05 -1.92221e-05 9.05204e-06 0.0109058 -0.0201187 1.44072e-05 3.4215e-05 -0.0201187 0.0992936 
0.010874 -0.0198043 -1.36574e-05 9.21502e-06 -0.0198043 0.0977387 4.63861e-06 3.66083e-05 -1.36574e-05 4.63861e-06 0.0108829 -0.020099 9.21502e-06 3.66083e-05 -0.020099 0.0992835 
0.0109048 -0.0198513 -7.41496e-06 1.27824e-06 -0.0198513 0.0978868 -3.93866e-06 5.39497e-05 -7.41496e-06 -3.93866e-06 0.010881 -0.0200785 1.27824e-06 5.39497e-05 -0.0200785 0.0992834 
0.0109072 -0.0198319 -1.86677e-05 -5.38444e-06 -0.0198319 0.0977253 -1.38994e-05 7.48919e-05 -1.86677e-05 -1.38994e-05 0.010845 -0.0200101 -5.38444e-06 7.48919e-05 -0.0200101 0.0989652 
0.0109046 -0.0198221 -2.7419e-05 7.54226e-06 -0.0198221 0.0975846 -1.98404e-06 6.80201e-05 -2.7419e-05 -1.98404e-06 0.0108198 -0.0199509 7.54226e-06 6.80201e-05 -0.0199509 0.098682 
0.0109218 -0.0198562 -1.09871e-05 1.58107e-05 -0.0198562 0.0976832 8.21929e-06 4.91351e-05 -1.09871e-05 8.21929e-06 0.0108203 -0.0199515 1.58107e-05 4.91351e-05 -0.0199515 0.0986645 
0.0109423 -0.0199038 5.9218e-06 -7.80435e-06 -0.0199038 0.0978831 -1.21801e-05 7.82943e-05 5.9218e-06 -1.21801e-05 0.0108268 -0.019979 -7.80435e-06 7.82943e-05 -0.019979 0.0987877 
0.0109696 -0.0199643 1.62684e-05 -3.42833e-05 -0.0199643 0.0981835 -3.2895e-05 0.000137729 1.62684e-05 -3.2895e-05 0.0108474 -0.0200262 -3.42833e-05 0.000137729 -0.0200262 0.0990446 
0.0109586 -0.019958 2.31841e-05 -5.2507e-05 -0.019958 0.0981722 -4.74181e-05 0.000194274 2.31841e-05 -4.74181e-05 0.0108362 -0.0200081 -5.2507e-05 0.000194274 -0.0200081 0.0989943 
0.0109085 -0.0199326 1.35846e-05 -6.43563e-05 -0.0199326 0.0980912 -5.83584e-05 0.000238715 1.35846e-05 -5.83584e-05 0.0108541 -0.0199823 -6.43563e-05 0.000238715 -0.0199823 0.0988948 
0.0108389 -0.0198406 -7.55693e-06 -5.1346e-05 -0.0198406 0.0978097 -4.8621e-05 0.00023896 -7.55693e-06 -4.8621e-05 0.0108695 -0.0199712 -5.1346e-05 0.00023896 -0.0199712 0.098727 
0.0107763 -0.0197429 -1.299e-05 -2.0656e-05 -0.0197429 0.0974963 -2.2338e-05 0.000188185 -1.299e-05 -2.2338e-05 0.0108852 -0.0199871 -2.0656e-05 0.000188185 -0.0199871 0.0986631 
0.0107149 -0.0196069 -2.90616e-06 -8.25348e-06 -0.0196069 0.0969538 -1.33542e-05 0.000141908 -2.90616e-06 -1.33542e-05 0.010865 -0.019955 -8.25348e-06 0.000141908 -0.019955 0.0984029 
0.0107099 -0.019562 5.10149e-06 -1.74495e-05 -0.019562 0.0967468 -2.30542e-05 0.000136276 5.10149e-06 -2.30542e-05 0.0108395 -0.0199623 -1.74495e-05 0.000136276 -0.0199623 0.0983948 
0.0107457 -0.0195942 7.55571e-06 -2.90396e-05 -0.0195942 0.096837 -3.03072e-05 0.000151772 7.55571e-06 -3.03072e-05 0.0108092 -0.0199683 -2.90396e-05 0.000151772 -0.0199683 0.0985168 
0.0107681 -0.0196284 6.6992e-06 -3.40094e-05 -0.0196284 0.0968986 -3.35877e-05 0.000165476 6.6992e-06 -3.35877e-05 0.0107754 -0.0199117 -3.40094e-05 0.000165476 -0.0199117 0.0984202 
0.0107649 -0.0196192 1.45285e-05 -3.2208e-05 -0.0196192 0.0967789 -3.36431e-05 0.000168375 1.45285e-05 -3.36431e-05 0.0107243 -0.0198163 -3.2208e-05 0.000168375 -0.0198163 0.0980631 
0.0107801 -0.0196605 1.86656e-05 -4.09749e-05 -0.0196605 0.0969237 -4.26595e-05 0.000179964 1.86656e-05 -4.26595e-05 0.0107212 -0.019785 -4.09749e-05 0.000179964 -0.019785 0.0979783 
0.0107809 -0.0196609 1.39955e-05 -4.618e-05 -0.0196609 0.0969147 -4.51759e-05 0.000191404 1.39955e-05 -4.51759e-05 0.0107142 -0.0197533 -4.618e-05 0.000191404 -0.0197533 0.0978124 
0.0107887 -0.0197023 1.28382e-05 -3.97067e-05 -0.0197023 0.0971058 -3.47467e-05 0.000178423 1.28382e-05 -3.47467e-05 0.0107391 -0.0197869 -3.97067e-05 0.000178423 -0.0197869 0.0979341 
0.0107603 -0.0196862 6.93874e-06 -3.46151e-05 -0.0196862 0.0970804 -2.65197e-05 0.000152334 6.93874e-06 -2.65197e-05 0.0107573 -0.019796 -3.46151e-05 0.000152334 -0.019796 0.0979297 
0.0107057 -0.0195859 2.88721e-06 -2.45498e-05 -0.0195859 0.0966943 -1.7591e-05 0.00012245 2.88721e-06 -1.7591e-05 0.0107437 -0.0197595 -2.45498e-05 0.00012245 -0.0197595 0.0976653 
0.0106596 -0.0195171 -1.01811e-05 -1.81298e-05 -0.0195171 0.0964082 -1.56126e-05 0.000102379 -1.01811e-05 -1.56126e-05 0.0107377 -0.019748 -1.81298e-05 0.000102379 -0.019748 0.0975357 
0.0106101 -0.0194236 -2.9476e-05 -1.12786e-06 -0.0194236 0.096015 -1.72029e-06 7.20399e-05 -2.9476e-05 -1.72029e-06 0.0107145 -0.0197093 -1.12786e-06 7.20399e-05 -0.0197093 0.0972984 
0.0106176 -0.0193678 -4.50043e-05 2.15844e-05 -0.0193678 0.0957642 2.00909e-05 2.38382e-05 -4.50043e-05 2.00909e-05 0.0106587 -0.0196841 2.15844e-05 2.38382e-05 -0.0196841 0.0971575 
0.0106414 -0.0194289 -2.11517e-05 4.17149e-05 -0.0194289 0.0959215 3.93808e-05 -2.75189e-05 -2.11517e-05 3.93808e-05 0.0106496 -0.019666 4.17149e-05 -2.75189e-05 -0.019666 0.0972315 
0.0106651 -0.0194849 -7.01924e-06 1.26191e-05 -0.0194849 0.0961705 1.0665e-05 -4.71418e-06 -7.01924e-06 1.0665e-05 0.0106529 -0.0196725 1.26191e-05 -4.71418e-06 -0.0196725 0.0973339 
0.0106795 -0.0195184 1.00865e-05 -1.00381e-05 -0.0195184 0.096346 -1.1738e-05 5.67236e-05 1.00865e-05 -1.1738e-05 0.010657 -0.0196754 -1.00381e-05 5.67236e-05 -0.0196754 0.0973954 
0.0106784 -0.019512 2.10617e-05 -3.30305e-05 -0.019512 0.0963318 -3.63184e-05 0.000122335 2.10617e-05 -3.63184e-05 0.0106479 -0.019653 -3.30305e-05 0.000122335 -0.019653 0.0973088 
0.0106786 -0.0195158 2.79759e-05 -4.77583e-05 -0.0195158 0.0963521 -5.13041e-05 0.000175415 2.79759e-05 -5.13041e-05 0.0106457 -0.0196477 -4.77583e-05 0.000175415 -0.0196477 0.0972878 
0.010667 -0.0194793 2.13565e-05 -5.57735e-05 -0.0194793 0.0961794 -5.83005e-05 0.000205779 2.13565e-05 -5.83005e-05 0.0106246 -0.0196059 -5.57735e-05 0.000205779 -0.0196059 0.097086 
0.0106665 -0.0194769 8.91685e-06 -4.65192e-05 -0.0194769 0.0961366 -4.54277e-05 0.000195723 8.91685e-06 -4.54277e-05 0.0106196 -0.0195918 -4.65192e-05 0.000195723 -0.0195918 0.0970156 
0.0106451 -0.0194641 -7.96211e-06 -2.82443e-05 -0.0194641 0.0960528 -2.27036e-05 0.000149859 -7.96211e-06 -2.27036e-05 0.0106194 -0.0195705 -2.82443e-05 0.000149859 -0.0195705 0.0969007 
0.0106309 -0.0194271 -1.90563e-05 -3.74718e-06 -0.0194271 0.0959132 2.7556e-06 8.28666e-05 -1.90563e-05 2.7556e-06 0.0106158 -0.0195553 -3.74718e-06 8.28666e-05 -0.0195553 0.0967758 
0.0106047 -0.0193802 -1.69753e-05 1.21416e-05 -0.0193802 0.0956706 1.61693e-05 2.94865e-05 -1.69753e-05 1.61693e-05 0.0106028 -0.0195206 1.21416e-05 2.94865e-05 -0.0195206 0.0965603 
0.010617 -0.0194093 -2.78817e-05 9.72872e-06 -0.0194093 0.095807 9.1168e-06 1.83785e-05 -2.78817e-05 9.1168e-06 0.0106275 -0.0195658 9.72872e-06 1.83785e-05 -0.0195658 0.0967333 
0.0106324 -0.0194318 -2.78399e-05 1.90737e-05 -0.0194318 0.0959279 1.47385e-05 1.56405e-05 -2.78399e-05 1.47385e-05 0.010639 -0.0196065 1.90737e-05 1.56405e-05 -0.0196065 0.0968998 
0.0106504 -0.0194599 -1.45252e-05 1.80537e-05 -0.0194599 0.0960608 1.21847e-05 1.90936e-05 -1.45252e-05 1.21847e-05 0.0106489 -0.0196345 1.80537e-05 1.90936e-05 -0.0196345 0.0970564 
0.0106638 -0.0194639 -4.2703e-06 1.26028e-06 -0.0194639 0.0960693 -3.60811e-06 4.86149e-05 -4.2703e-06 -3.60811e-06 0.010633 -0.0196296 1.26028e-06 4.86149e-05 -0.0196296 0.0970599 
0.0106878 -0.0195181 1.2109e-06 -1.28762e-05 -0.0195181 0.0962856 -1.78032e-05 8.71135e-05 1.2109e-06 -1.78032e-05 0.0106451 -0.0196479 -1.28762e-05 8.71135e-05 -0.0196479 0.0972188 
0.0106833 -0.019526 -6.97031e-07 -2.29023e-05 -0.019526 0.0963196 -2.23268e-05 0.000115514 -6.97031e-07 -2.23268e-05 0.0106428 -0.0196349 -2.29023e-05 0.000115514 -0.0196349 0.0971856 
0.0106957 -0.0195383 -1.78269e-05 -2.59096e-05 -0.0195383 0.0964107 -1.74e-05 0.000126301 -1.78269e-05 -1.74e-05 0.0106514 -0.0196461 -2.59096e-05 0.000126301 -0.0196461 0.0972448 
0.0106788 -0.019518 -2.04454e-05 -5.96049e-06 -0.019518 0.0963039 6.57047e-06 9.39167e-05 -2.04454e-05 6.57047e-06 0.0106512 -0.019624 -5.96049e-06 9.39167e-05 -0.019624 0.097128 
0.0106747 -0.0195404 -2.35071e-05 2.14187e-06 -0.0195404 0.0964405 1.00526e-05 6.45918e-05 -2.35071e-05 1.00526e-05 0.0106958 -0.0196721 2.14187e-06 6.45918e-05 -0.0196721 0.0973092 
0.0107016 -0.0195549 -2.69301e-05 9.38183e-06 -0.0195549 0.0965993 6.68383e-06 5.32044e-05 -2.69301e-05 6.68383e-06 0.0107194 -0.019756 9.38183e-06 5.32044e-05 -0.019756 0.097612 
0.0106968 -0.0195335 -2.22099e-05 1.4269e-05 -0.0195335 0.0964592 3.53683e-06 5.31335e-05 -2.22099e-05 3.53683e-06 0.010704 -0.0197373 1.4269e-05 5.31335e-05 -0.0197373 0.0975533 
0.0106829 -0.0195164 -1.74771e-05 6.22513e-06 -0.0195164 0.0963357 -7.23815e-06 7.38746e-05 -1.74771e-05 -7.23815e-06 0.0107006 -0.0197049 6.22513e-06 7.38746e-05 -0.0197049 0.0974257 
0.0106853 -0.0195049 -7.40876e-06 -5.09496e-07 -0.0195049 0.0962804 -1.31796e-05 9.67692e-05 -7.40876e-06 -1.31796e-05 0.0106999 -0.0197064 -5.09496e-07 9.67692e-05 -0.0197064 0.0973845 
0.0106976 -0.0195543 1.35252e-05 -1.31414e-05 -0.0195543 0.096484 -2.12819e-05 0.000120456 1.35252e-05 -2.12819e-05 0.0107328 -0.0197537 -1.31414e-05 0.000120456 -0.0197537 0.0976007 
0.0107298 -0.0195918 2.53438e-05 -4.21855e-05 -0.0195918 0.096706 -4.32345e-05 0.000168697 2.53438e-05 -4.32345e-05 0.010749 -0.0198137 -4.21855e-05 0.000168697 -0.0198137 0.0978573 
0.0107572 -0.019653 2.23662e-05 -5.77768e-05 -0.019653 0.0969785 -5.61457e-05 0.00021261 2.23662e-05 -5.61457e-05 0.010773 -0.0198576 -5.77768e-05 0.00021261 -0.0198576 0.0981249 
0.0107389 -0.019637 3.39251e-06 -5.49539e-05 -0.019637 0.0969142 -5.38864e-05 0.000225071 3.39251e-06 -5.38864e-05 0.0107706 -0.0198354 -5.49539e-05 0.000225071 -0.0198354 0.0980377 
0.0107027 -0.0195425 -2.20273e-06 -3.05074e-05 -0.0195425 0.0965036 -2.90821e-05 0.00018709 -2.20273e-06 -2.90821e-05 0.0107269 -0.0197661 -3.05074e-05 0.00018709 -0.0197661 0.0976638 
0.0106952 -0.0195169 1.04607e-05 -2.00628e-05 -0.0195169 0.0963454 -1.63919e-05 0.000142496 1.04607e-05 -1.63919e-05 0.0107081 -0.0197403 -2.00628e-05 0.000142496 -0.0197403 0.0975426 
0.0107036 -0.0195421 1.97922e-05 -3.42003e-05 -0.0195421 0.0964292 -3.0446e-05 0.000145034 1.97922e-05 -3.0446e-05 0.0107115 -0.019753 -3.42003e-05 0.000145034 -0.019753 0.0976245 
0.0106853 -0.0195373 1.87573e-05 -4.67998e-05 -0.0195373 0.0963985 -4.48395e-05 0.000174774 1.87573e-05 -4.48395e-05 0.0107132 -0.019735 -4.67998e-05 0.000174774 -0.019735 0.0975629 
0.0106601 -0.0195223 7.67723e-06 -4.65096e-05 -0.0195223 0.0963797 -4.84579e-05 0.000193736 7.67723e-06 -4.84579e-05 0.0107326 -0.0197364 -4.65096e-05 0.000193736 -0.0197364 0.0975425 
0.010685 -0.0195294 -1.3374e-05 -3.46042e-05 -0.0195294 0.0965107 -3.80464e-05 0.000186581 -1.3374e-05 -3.80464e-05 0.0107424 -0.0197981 -3.46042e-05 0.000186581 -0.0197981 0.0977585 
0.0107031 -0.0195203 -3.6108e-05 -9.38434e-06 -0.0195203 0.0964288 -1.0724e-05 0.000140489 -3.6108e-05 -1.0724e-05 0.0107175 -0.019776 -9.38434e-06 0.000140489 -0.019776 0.0977051 
0.010744 -0.0195516 -3.5568e-05 1.9568e-05 -0.0195516 0.0964767 1.85689e-05 7.29818e-05 -3.5568e-05 1.85689e-05 0.010678 -0.0197546 1.9568e-05 7.29818e-05 -0.0197546 0.0976725 
0.0107668 -0.0195978 -1.79221e-05 2.04121e-05 -0.0195978 0.0965569 1.8511e-05 4.34183e-05 -1.79221e-05 1.8511e-05 0.0106406 -0.0196964 2.04121e-05 4.34183e-05 -0.0196964 0.0975408 
0.010753 -0.0196245 -6.43024e-06 -2.32147e-06 -0.0196245 0.0966125 -5.41454e-06 7.49778e-05 -6.43024e-06 -5.41454e-06 0.0106267 -0.0196307 -2.32147e-06 7.49778e-05 -0.0196307 0.0973325 
0.0106889 -0.0195627 -2.25812e-06 -1.74838e-05 -0.0195627 0.0963736 -2.28532e-05 0.00012179 -2.25812e-06 -2.28532e-05 0.0106243 -0.0195548 -1.74838e-05 0.00012179 -0.0195548 0.0969422 
0.0106665 -0.0195434 -3.47836e-06 -2.18082e-05 -0.0195434 0.0964175 -3.15032e-05 0.000152902 -3.47836e-06 -3.15032e-05 0.0106602 -0.0196035 -2.18082e-05 0.000152902 -0.0196035 0.0970335 
0.0106789 -0.0195122 -3.33361e-06 -1.87652e-05 -0.0195122 0.0963819 -3.03645e-05 0.000160017 -3.33361e-06 -3.03645e-05 0.0106506 -0.0196525 -1.87652e-05 0.000160017 -0.0196525 0.0971662 
0.0106618 -0.0194853 -3.85521e-07 -1.95645e-05 -0.0194853 0.0961928 -2.99712e-05 0.000160964 -3.85521e-07 -2.99712e-05 0.0106296 -0.0196069 -1.95645e-05 0.000160964 -0.0196069 0.0970313 
0.0106508 -0.0194826 -1.65851e-05 -2.57722e-05 -0.0194826 0.0961755 -3.07266e-05 0.000166639 -1.65851e-05 -3.07266e-05 0.0106313 -0.0195995 -2.57722e-05 0.000166639 -0.0195995 0.0970092 
0.0106475 -0.0194595 -1.67883e-05 -8.22059e-06 -0.0194595 0.0961054 -1.09793e-05 0.000142402 -1.67883e-05 -1.09793e-05 0.010613 -0.0195964 -8.22059e-06 0.000142402 -0.0195964 0.0969723 
0.0106569 -0.0194847 -1.12492e-05 -6.13687e-06 -0.0194847 0.0962108 -5.29016e-06 0.000117172 -1.12492e-05 -5.29016e-06 0.0106171 -0.0196035 -6.13687e-06 0.000117172 -0.0196035 0.0970709 
0.0106415 -0.0194753 -3.71105e-06 -1.36392e-05 -0.0194753 0.0961731 -8.60772e-06 0.000115761 -3.71105e-06 -8.60772e-06 0.0106205 -0.0195806 -1.36392e-05 0.000115761 -0.0195806 0.0969931 
0.010635 -0.0194416 8.56801e-06 -2.4262e-05 -0.0194416 0.0960509 -1.65041e-05 0.000131669 8.56801e-06 -1.65041e-05 0.0106159 -0.0195648 -2.4262e-05 0.000131669 -0.0195648 0.0968743 
0.0106268 -0.0194022 1.07422e-05 -4.08894e-05 -0.0194022 0.0958311 -3.1699e-05 0.000164255 1.07422e-05 -3.1699e-05 0.0105991 -0.019531 -4.08894e-05 0.000164255 -0.019531 0.0966703 
0.0106584 -0.0194617 5.34722e-06 -4.59231e-05 -0.0194617 0.0960552 -3.63564e-05 0.000189062 5.34722e-06 -3.63564e-05 0.0106207 -0.0195804 -4.59231e-05 0.000189062 -0.0195804 0.096886 
0.0106594 -0.0194811 6.21226e-06 -3.80737e-05 -0.0194811 0.0961205 -3.25248e-05 0.000189011 6.21226e-06 -3.25248e-05 0.0106362 -0.0195911 -3.80737e-05 0.000189011 -0.0195911 0.0969362 
0.0106783 -0.0195014 8.86415e-06 -3.65836e-05 -0.0195014 0.0962433 -3.76745e-05 0.000190747 8.86415e-06 -3.76745e-05 0.0106493 -0.0196311 -3.65836e-05 0.000190747 -0.0196311 0.0970868 
0.0106762 -0.0194997 4.1933e-06 -3.89438e-05 -0.0194997 0.0962088 -4.40966e-05 0.000202668 4.1933e-06 -4.40966e-05 0.010643 -0.0196242 -3.89438e-05 0.000202668 -0.0196242 0.0970635 
0.0106601 -0.019487 -1.6185e-06 -3.36474e-05 -0.019487 0.0961354 -4.20482e-05 0.000205184 -1.6185e-06 -4.20482e-05 0.0106471 -0.0196025 -3.36474e-05 0.000205184 -0.0196025 0.0969721 
0.0106582 -0.019496 -6.08154e-07 -2.73215e-05 -0.019496 0.0962035 -3.75185e-05 0.000199561 -6.08154e-07 -3.75185e-05 0.0106625 -0.0196281 -2.73215e-05 0.000199561 -0.0196281 0.0970452 
0.0106775 -0.019552 1.21723e-05 -3.01156e-05 -0.019552 0.0965192 -4.10085e-05 0.000206554 1.21723e-05 -4.10085e-05 0.0107058 -0.0197098 -3.01156e-05 0.000206554 -0.0197098 0.0974141 
0.0106765 -0.0195684 1.04533e-05 -4.64379e-05 -0.0195684 0.0966756 -5.63762e-05 0.000235494 1.04533e-05 -5.63762e-05 0.0107454 -0.0197646 -4.64379e-05 0.000235494 -0.0197646 0.0976635 
0.0106928 -0.0195738 -1.20978e-05 -4.61253e-05 -0.0195738 0.0967949 -5.51295e-05 0.000251764 -1.20978e-05 -5.51295e-05 0.0107759 -0.0198321 -4.61253e-05 0.000251764 -0.0198321 0.0979369 
0.0107254 -0.0195823 -1.56428e-05 -2.12695e-05 -0.0195823 0.0968319 -2.90634e-05 0.000219328 -1.56428e-05 -2.90634e-05 0.0107721 -0.0198621 -2.12695e-05 0.000219328 -0.0198621 0.098084 
0.0107439 -0.0196059 -1.24114e-05 -1.65652e-05 -0.0196059 0.0968425 -2.26326e-05 0.000191246 -1.24114e-05 -2.26326e-05 0.010755 -0.0198426 -1.65652e-05 0.000191246 -0.0198426 0.0980696 
0.0107451 -0.0196102 -3.23438e-06 -2.21919e-05 -0.0196102 0.096792 -2.57333e-05 0.000191541 -3.23438e-06 -2.57333e-05 0.0107338 -0.0197978 -2.21919e-05 0.000191541 -0.0197978 0.0979132 
0.0107344 -0.0195739 -2.44555e-06 -3.45385e-05 -0.0195739 0.0965785 -3.7407e-05 0.000213531 -2.44555e-06 -3.7407e-05 0.0106952 -0.0197304 -3.45385e-05 0.000213531 -0.0197304 0.097601 
0.0107051 -0.019541 -1.27431e-05 -3.73847e-05 -0.019541 0.0963525 -4.23091e-05 0.00023425 -1.27431e-05 -4.23091e-05 0.010675 -0.0196602 -3.73847e-05 0.00023425 -0.0196602 0.0972778 
0.0106996 -0.0195525 -1.63761e-05 -2.51371e-05 -0.0195525 0.0964179 -3.30674e-05 0.000228686 -1.63761e-05 -3.30674e-05 0.0106842 -0.0196811 -2.51371e-05 0.000228686 -0.0196811 0.0973146 
