0.00618331 0 -1.75655e-05 0 0 0.00868803 0 0 -1.75655e-05 0 0.0060655 0 0 0 0 0.00868803 
0.00944273 -0.0117169 -2.01866e-05 2.38804e-05 -0.0117169 0.0310729 2.38804e-05 -4.5599e-05 -2.01866e-05 2.38804e-05 0.0093004 -0.0115472 2.38804e-05 -4.5599e-05 -0.0115472 0.0307474 
0.00966065 -0.0179672 -2.19994e-06 -2.29228e-06 -0.0179672 0.0662159 -2.29228e-06 1.69074e-05 -2.19994e-06 -2.29228e-06 0.00961959 -0.0179335 -2.29228e-06 1.69074e-05 -0.0179335 0.0661636 
0.00909458 -0.0174621 2.02435e-06 -5.52116e-05 -0.0174621 0.0782369 -5.24682e-05 0.000267703 2.02435e-06 -5.24682e-05 0.00912292 -0.0177375 -5.52116e-05 0.000267703 -0.0177375 0.0796456 
0.008828 -0.0164152 -2.13589e-06 -5.41038e-05 -0.0164152 0.0789807 -4.81393e-05 0.000358553 -2.13589e-06 -4.81393e-05 0.00887199 -0.0167385 -5.41038e-05 0.000358553 -0.0167385 0.0810476 
0.00862409 -0.0157585 -1.12663e-05 -3.43547e-05 -0.0157585 0.077195 -2.6269e-05 0.000283626 -1.12663e-05 -2.6269e-05 0.00863741 -0.0160173 -3.43547e-05 0.000283626 -0.0160173 0.0789923 
0.00838651 -0.0152913 -1.29081e-05 -1.53005e-05 -0.0152913 0.0751617 -7.37702e-06 0.000184312 -1.29081e-05 -7.37702e-06 0.0083927 -0.0154648 -1.53005e-05 0.000184312 -0.0154648 0.0764893 
0.00814775 -0.0148799 -1.34914e-05 -8.79435e-06 -0.0148799 0.0732924 -3.74037e-06 0.000124834 -1.34914e-05 -3.74037e-06 0.00817833 -0.0150283 -8.79435e-06 0.000124834 -0.0150283 0.0743209 
0.00957749 -0.0174857 -4.40814e-06 -1.02466e-05 -0.0174857 0.0862996 -7.49902e-06 0.000127589 -4.40814e-06 -7.49902e-06 0.00963413 -0.0177047 -1.02466e-05 0.000127589 -0.0177047 0.0874654 
0.0094378 -0.0172202 3.07042e-06 -2.21491e-05 -0.0172202 0.0850547 -2.15728e-05 0.00014012 3.07042e-06 -2.15728e-05 0.00951243 -0.0174772 -2.21491e-05 0.00014012 -0.0174772 0.0862884 
0.00934384 -0.017044 -8.28031e-06 -3.22131e-05 -0.017044 0.0841837 -3.15189e-05 0.000164667 -8.28031e-06 -3.15189e-05 0.00942823 -0.0173287 -3.22131e-05 0.000164667 -0.0173287 0.0855067 
0.00929311 -0.0169418 -1.46909e-05 -1.91073e-05 -0.0169418 0.0836629 -1.89826e-05 0.000156445 -1.46909e-05 -1.89826e-05 0.00937246 -0.0172411 -1.91073e-05 0.000156445 -0.0172411 0.0850496 
0.00928755 -0.0169063 -1.51602e-05 -9.36362e-06 -0.0169063 0.0834499 -1.10081e-05 0.000133613 -1.51602e-05 -1.10081e-05 0.00931883 -0.0171974 -9.36362e-06 0.000133613 -0.0171974 0.0848463 
0.00927729 -0.0168838 -1.85839e-05 -8.1388e-06 -0.0168838 0.083256 -1.27261e-05 0.000125466 -1.85839e-05 -1.27261e-05 0.00926636 -0.0171119 -8.1388e-06 0.000125466 -0.0171119 0.0845471 
0.0092565 -0.0168782 -2.10618e-05 -3.85839e-06 -0.0168782 0.0831621 -8.3513e-06 0.000117087 -2.10618e-05 -8.3513e-06 0.00924345 -0.0170376 -3.85839e-06 0.000117087 -0.0170376 0.084269 
0.00925655 -0.016875 -6.6163e-06 1.19784e-07 -0.016875 0.0831767 -2.12349e-06 0.000102337 -6.6163e-06 -2.12349e-06 0.0092365 -0.017024 1.19784e-07 0.000102337 -0.017024 0.0841745 
0.00927104 -0.0168895 -2.69866e-06 -1.7953e-05 -0.0168895 0.0832433 -1.71139e-05 0.000119663 -2.69866e-06 -1.71139e-05 0.00922517 -0.0170275 -1.7953e-05 0.000119663 -0.0170275 0.0841845 
0.00924158 -0.0168967 -3.32683e-07 -2.38778e-05 -0.0168967 0.0832368 -2.21642e-05 0.000139522 -3.32683e-07 -2.21642e-05 0.00923466 -0.0169948 -2.38778e-05 0.000139522 -0.0169948 0.0840827 
0.0091977 -0.0168492 8.67185e-06 -2.34375e-05 -0.0168492 0.0831186 -2.52424e-05 0.000145389 8.67185e-06 -2.52424e-05 0.00924525 -0.0169895 -2.34375e-05 0.000145389 -0.0169895 0.0839729 
0.00915811 -0.0167566 6.61801e-06 -3.17633e-05 -0.0167566 0.0827897 -3.58728e-05 0.000159249 6.61801e-06 -3.58728e-05 0.00922637 -0.0169705 -3.17633e-05 0.000159249 -0.0169705 0.0837822 
0.00912103 -0.0166775 -1.82747e-06 -2.9936e-05 -0.0166775 0.0824139 -3.33062e-05 0.000162416 -1.82747e-06 -3.33062e-05 0.00920461 -0.0169198 -2.9936e-05 0.000162416 -0.0169198 0.0835198 
0.00913176 -0.0166965 -8.56707e-06 -2.06253e-05 -0.0166965 0.0824966 -2.11549e-05 0.00014511 -8.56707e-06 -2.11549e-05 0.00920805 -0.0169613 -2.06253e-05 0.00014511 -0.0169613 0.0836831 
0.00919794 -0.016787 -7.66538e-06 -1.29612e-05 -0.016787 0.0829372 -1.13415e-05 0.000121246 -7.66538e-06 -1.13415e-05 0.00922519 -0.0170426 -1.29612e-05 0.000121246 -0.0170426 0.0841395 
0.00924958 -0.0168595 -4.01543e-06 -1.43647e-05 -0.0168595 0.0832269 -1.0864e-05 0.000111173 -4.01543e-06 -1.0864e-05 0.00921775 -0.0170542 -1.43647e-05 0.000111173 -0.0170542 0.084333 
0.00927304 -0.0169149 1.86384e-06 -2.06247e-05 -0.0169149 0.0834218 -1.40161e-05 0.000115666 1.86384e-06 -1.40161e-05 0.00921773 -0.0170322 -2.06247e-05 0.000115666 -0.0170322 0.0843513 
0.00927009 -0.0168984 1.4905e-05 -2.87204e-05 -0.0168984 0.0833369 -1.97883e-05 0.000128571 1.4905e-05 -1.97883e-05 0.00919116 -0.0169861 -2.87204e-05 0.000128571 -0.0169861 0.0841397 
0.00924341 -0.0168572 1.81783e-05 -4.28012e-05 -0.0168572 0.0831051 -3.40743e-05 0.000153795 1.81783e-05 -3.40743e-05 0.00916769 -0.0169176 -4.28012e-05 0.000153795 -0.0169176 0.0838257 
0.00923278 -0.0168312 9.16753e-06 -4.40582e-05 -0.0168312 0.0829755 -3.84122e-05 0.00016803 9.16753e-06 -3.84122e-05 0.00914818 -0.0168931 -4.40582e-05 0.00016803 -0.0168931 0.0836661 
0.00921565 -0.0168127 -1.2377e-05 -3.05719e-05 -0.0168127 0.0828629 -2.51902e-05 0.000146556 -1.2377e-05 -2.51902e-05 0.00913364 -0.0168632 -3.05719e-05 0.000146556 -0.0168632 0.0835295 
0.00920272 -0.0167854 -3.15246e-05 -2.19626e-06 -0.0167854 0.0827462 4.86176e-06 8.48251e-05 -3.15246e-05 4.86176e-06 0.00912038 -0.0168382 -2.19626e-06 8.48251e-05 -0.0168382 0.0834026 
0.0091935 -0.0167929 -2.35909e-05 2.40301e-05 -0.0167929 0.0827801 2.93824e-05 1.40134e-05 -2.35909e-05 2.93824e-05 0.00913624 -0.0168446 2.40301e-05 1.40134e-05 -0.0168446 0.0834314 
0.00917637 -0.0167693 -1.61256e-05 1.78734e-05 -0.0167693 0.0827147 2.00363e-05 -6.0946e-06 -1.61256e-05 2.00363e-05 0.00914475 -0.0168502 1.78734e-05 -6.0946e-06 -0.0168502 0.0834052 
0.00915188 -0.0167469 8.21365e-06 7.43014e-06 -0.0167469 0.0826469 6.71069e-06 1.40239e-05 8.21365e-06 6.71069e-06 0.00915859 -0.0168631 7.43014e-06 1.40239e-05 -0.0168631 0.0834189 
0.0091254 -0.0166981 7.92912e-06 -2.34209e-05 -0.0166981 0.0824763 -2.44747e-05 7.34184e-05 7.92912e-06 -2.44747e-05 0.00915474 -0.0168608 -2.34209e-05 7.34184e-05 -0.0168608 0.0833542 
0.00910808 -0.0166717 2.31969e-06 -2.71435e-05 -0.0166717 0.0823783 -2.56829e-05 0.000109096 2.31969e-06 -2.56829e-05 0.00915859 -0.0168615 -2.71435e-05 0.000109096 -0.0168615 0.0833408 
0.00911085 -0.0166515 5.85699e-07 -1.93685e-05 -0.0166515 0.0823099 -1.59715e-05 0.000103057 5.85699e-07 -1.59715e-05 0.00914644 -0.0168661 -1.93685e-05 0.000103057 -0.0168661 0.0833376 
0.00912406 -0.0166738 1.07879e-05 -1.67204e-05 -0.0166738 0.08238 -1.08494e-05 8.86388e-05 1.07879e-05 -1.08494e-05 0.00914076 -0.0168713 -1.67204e-05 8.86388e-05 -0.0168713 0.0834111 
0.00912386 -0.0166762 2.00036e-05 -2.84503e-05 -0.0166762 0.0823672 -2.06625e-05 9.65977e-05 2.00036e-05 -2.06625e-05 0.00913582 -0.016843 -2.84503e-05 9.65977e-05 -0.016843 0.0833327 
0.00912235 -0.0166786 1.72823e-05 -4.03285e-05 -0.0166786 0.0823705 -3.3538e-05 0.00012203 1.72823e-05 -3.3538e-05 0.00913978 -0.0168346 -4.03285e-05 0.00012203 -0.0168346 0.0832821 
0.0091426 -0.0167134 1.56253e-05 -3.56596e-05 -0.0167134 0.0825431 -3.16604e-05 0.00012838 1.56253e-05 -3.16604e-05 0.00916389 -0.0168734 -3.56596e-05 0.00012838 -0.0168734 0.0834389 
0.00915581 -0.0167332 9.50642e-06 -2.8337e-05 -0.0167332 0.0826346 -2.84743e-05 0.000115256 9.50642e-06 -2.84743e-05 0.00917929 -0.0168992 -2.8337e-05 0.000115256 -0.0168992 0.0835368 
0.00915772 -0.0167124 -6.87892e-06 -1.73879e-05 -0.0167124 0.0825211 -2.19446e-05 9.30897e-05 -6.87892e-06 -2.19446e-05 0.00915864 -0.0168842 -1.73879e-05 9.30897e-05 -0.0168842 0.083439 
0.00916656 -0.0167318 -1.2812e-05 7.38939e-06 -0.0167318 0.0825581 -8.86021e-07 4.34581e-05 -1.2812e-05 -8.86021e-07 0.00915267 -0.016881 7.38939e-06 4.34581e-05 -0.016881 0.0834557 
0.00916114 -0.0167266 -4.29781e-06 1.54958e-05 -0.0167266 0.0825147 7.16757e-06 6.24801e-06 -4.29781e-06 7.16757e-06 0.00913621 -0.0168604 1.54958e-05 6.24801e-06 -0.0168604 0.0833792 
0.00914698 -0.0167016 -1.53232e-06 3.05243e-06 -0.0167016 0.0823947 -2.05164e-06 9.44317e-06 -1.53232e-06 -2.05164e-06 0.00911366 -0.0168245 3.05243e-06 9.44317e-06 -0.0168245 0.0832348 
0.00913876 -0.0167008 -2.34611e-07 -6.4076e-06 -0.0167008 0.0823852 -5.51434e-06 2.99415e-05 -2.34611e-07 -5.51434e-06 0.00911294 -0.0168072 -6.4076e-06 2.99415e-05 -0.0168072 0.0831846 
0.00913115 -0.0166538 2.42114e-06 -1.04363e-05 -0.0166538 0.0821789 -4.09108e-06 3.92752e-05 2.42114e-06 -4.09108e-06 0.00908196 -0.0167641 -1.04363e-05 3.92752e-05 -0.0167641 0.0829577 
0.00910369 -0.016631 -5.47079e-06 -1.53655e-05 -0.016631 0.0820066 -5.25795e-06 4.68541e-05 -5.47079e-06 -5.25795e-06 0.00907736 -0.0167176 -1.53655e-05 4.68541e-05 -0.0167176 0.0827491 
0.00909826 -0.0166331 -1.51756e-05 -7.14306e-06 -0.0166331 0.0820509 3.77139e-06 3.86837e-05 -1.51756e-05 3.77139e-06 0.00909724 -0.0167485 -7.14306e-06 3.86837e-05 -0.0167485 0.0828173 
0.00908854 -0.0166267 -2.55966e-05 6.63158e-06 -0.0166267 0.0820616 1.37865e-05 1.38007e-05 -2.55966e-05 1.37865e-05 0.00910869 -0.0167805 6.63158e-06 1.38007e-05 -0.0167805 0.0829169 
0.00906447 -0.016602 -3.09272e-05 2.22288e-05 -0.016602 0.0819893 2.36458e-05 -1.58878e-05 -3.09272e-05 2.36458e-05 0.0091175 -0.0167864 2.22288e-05 -1.58878e-05 -0.0167864 0.082937 
0.00903086 -0.0165643 -2.07937e-05 3.28789e-05 -0.0165643 0.0818711 2.99936e-05 -4.2988e-05 -2.07937e-05 2.99936e-05 0.00913041 -0.0167878 3.28789e-05 -4.2988e-05 -0.0167878 0.0829152 
0.00901424 -0.0165339 -6.83813e-06 2.10561e-05 -0.0165339 0.0818108 1.67548e-05 -3.37416e-05 -6.83813e-06 1.67548e-05 0.00914043 -0.0168158 2.10561e-05 -3.37416e-05 -0.0168158 0.0829876 
0.0090138 -0.0165151 -2.00005e-07 7.28548e-07 -0.0165151 0.081765 -2.31586e-06 7.89299e-06 -2.00005e-07 -2.31586e-06 0.00913761 -0.016831 7.28548e-07 7.89299e-06 -0.016831 0.0830547 
0.00901373 -0.016498 1.41384e-06 -1.04529e-05 -0.016498 0.0816658 -1.19773e-05 4.70532e-05 1.41384e-06 -1.19773e-05 0.00912044 -0.0168083 -1.04529e-05 4.70532e-05 -0.0168083 0.0829853 
0.00906801 -0.0165712 3.34951e-06 -1.09393e-05 -0.0165712 0.0819899 -1.60173e-05 6.53347e-05 3.34951e-06 -1.60173e-05 0.00912934 -0.0168618 -1.09393e-05 6.53347e-05 -0.0168618 0.0832861 
0.00911958 -0.01663 -4.73301e-06 -1.15976e-05 -0.01663 0.0822079 -2.13499e-05 7.69118e-05 -4.73301e-06 -2.13499e-05 0.00910748 -0.0168643 -1.15976e-05 7.69118e-05 -0.0168643 0.0834028 
0.009115 -0.0166438 -1.75386e-06 -4.53249e-06 -0.0166438 0.0821603 -1.50469e-05 7.51266e-05 -1.75386e-06 -1.50469e-05 0.00907304 -0.0167813 -4.53249e-06 7.51266e-05 -0.0167813 0.0831476 
0.00909904 -0.0166288 -8.3089e-06 -8.52963e-06 -0.0166288 0.0820678 -1.61682e-05 7.63107e-05 -8.3089e-06 -1.61682e-05 0.00904754 -0.0167124 -8.52963e-06 7.63107e-05 -0.0167124 0.0828559 
0.00908739 -0.0166006 -7.14991e-06 -2.55249e-06 -0.0166006 0.0819355 -7.03389e-06 6.78922e-05 -7.14991e-06 -7.03389e-06 0.00901523 -0.0166602 -2.55249e-06 6.78922e-05 -0.0166602 0.0825945 
0.00905484 -0.0165988 3.34115e-06 -3.38809e-06 -0.0165988 0.0819066 -6.00837e-06 6.18067e-05 3.34115e-06 -6.00837e-06 0.00902183 -0.0166279 -3.38809e-06 6.18067e-05 -0.0166279 0.0824633 
0.00901816 -0.0165433 3.68414e-06 -1.37834e-05 -0.0165433 0.08175 -1.86619e-05 7.54822e-05 3.68414e-06 -1.86619e-05 0.00901972 -0.0166142 -1.37834e-05 7.54822e-05 -0.0166142 0.0823155 
0.00899394 -0.0164738 -3.88652e-07 -1.45965e-05 -0.0164738 0.0814865 -2.06442e-05 8.67441e-05 -3.88652e-07 -2.06442e-05 0.00899967 -0.0165894 -1.45965e-05 8.67441e-05 -0.0165894 0.0821377 
0.00899036 -0.0164614 -4.53129e-06 -1.05791e-05 -0.0164614 0.0814127 -1.29199e-05 7.93114e-05 -4.53129e-06 -1.29199e-05 0.00899305 -0.0165872 -1.05791e-05 7.93114e-05 -0.0165872 0.0821215 
0.00899861 -0.0164635 2.63246e-06 -7.5485e-06 -0.0164635 0.081409 -6.99828e-06 6.87647e-05 2.63246e-06 -6.99828e-06 0.00898543 -0.0165857 -7.5485e-06 6.87647e-05 -0.0165857 0.0821286 
0.00900041 -0.0164432 -1.86642e-06 -1.76934e-05 -0.0164432 0.0812714 -1.63772e-05 7.97637e-05 -1.86642e-06 -1.63772e-05 0.00895938 -0.0165438 -1.76934e-05 7.97637e-05 -0.0165438 0.0819546 
0.00901584 -0.0164731 -6.22566e-06 -1.27381e-05 -0.0164731 0.0813459 -1.32832e-05 8.38236e-05 -6.22566e-06 -1.32832e-05 0.00895106 -0.0165374 -1.27381e-05 8.38236e-05 -0.0165374 0.0819517 
0.00902165 -0.0164873 -7.86033e-06 -7.98299e-06 -0.0164873 0.0813804 -9.27292e-06 7.82805e-05 -7.86033e-06 -9.27292e-06 0.00894062 -0.0165188 -7.98299e-06 7.82805e-05 -0.0165188 0.081894 
0.00902164 -0.0165054 -2.93001e-06 -5.62465e-06 -0.0165054 0.081452 -5.25605e-06 6.9601e-05 -2.93001e-06 -5.25605e-06 0.00894815 -0.0165137 -5.62465e-06 6.9601e-05 -0.0165137 0.0818893 
0.00902311 -0.0165202 -3.95241e-07 -1.12233e-05 -0.0165202 0.0815541 -8.78344e-06 7.09509e-05 -3.95241e-07 -8.78344e-06 0.00896816 -0.0165384 -1.12233e-05 7.09509e-05 -0.0165384 0.081978 
0.00904729 -0.0165517 3.25872e-06 -1.40481e-05 -0.0165517 0.0817461 -1.36269e-05 7.98031e-05 3.25872e-06 -1.36269e-05 0.00898955 -0.0165939 -1.40481e-05 7.98031e-05 -0.0165939 0.0822112 
0.00906549 -0.016579 1.40556e-06 -1.66225e-05 -0.016579 0.0818735 -2.04001e-05 9.07153e-05 1.40556e-06 -2.04001e-05 0.00900748 -0.0166234 -1.66225e-05 9.07153e-05 -0.0166234 0.0823687 
0.00906627 -0.0166011 1.20656e-06 -1.45758e-05 -0.0166011 0.0819688 -2.05857e-05 9.63098e-05 1.20656e-06 -2.05857e-05 0.0090339 -0.0166461 -1.45758e-05 9.63098e-05 -0.0166461 0.082475 
0.0090792 -0.0166453 5.70835e-06 -1.6722e-05 -0.0166453 0.0822328 -1.95972e-05 0.000100739 5.70835e-06 -1.95972e-05 0.00908238 -0.0167249 -1.6722e-05 0.000100739 -0.0167249 0.0828006 
0.00906553 -0.0166365 9.09642e-06 -2.58452e-05 -0.0166365 0.0822579 -2.31199e-05 0.000112874 9.09642e-06 -2.31199e-05 0.00911735 -0.0167629 -2.58452e-05 0.000112874 -0.0167629 0.0829353 
0.00906548 -0.016597 8.37265e-06 -3.31653e-05 -0.016597 0.0821393 -2.59577e-05 0.00012874 8.37265e-06 -2.59577e-05 0.0091142 -0.0167882 -3.31653e-05 0.00012874 -0.0167882 0.0829726 
0.00909142 -0.0166016 1.17636e-05 -3.14409e-05 -0.0166016 0.0821205 -2.72156e-05 0.000135972 1.17636e-05 -2.72156e-05 0.00909856 -0.0168002 -3.14409e-05 0.000135972 -0.0168002 0.08305 
0.00911627 -0.0166229 6.13773e-06 -3.21859e-05 -0.0166229 0.0821162 -3.624e-05 0.000147329 6.13773e-06 -3.624e-05 0.00906967 -0.0167705 -3.21859e-05 0.000147329 -0.0167705 0.0829967 
0.00911827 -0.0166536 3.11084e-06 -2.49939e-05 -0.0166536 0.0821562 -3.38681e-05 0.000148082 3.11084e-06 -3.38681e-05 0.0090595 -0.016725 -2.49939e-05 0.000148082 -0.016725 0.0828744 
0.00912888 -0.0166615 -3.48023e-06 -2.28387e-05 -0.0166615 0.082198 -3.0471e-05 0.000145089 -3.48023e-06 -3.0471e-05 0.00904132 -0.0167127 -2.28387e-05 0.000145089 -0.0167127 0.0828053 
0.00911336 -0.0166368 -2.22766e-06 -1.65759e-05 -0.0166368 0.0820437 -2.05199e-05 0.000131779 -2.22766e-06 -2.05199e-05 0.00901824 -0.0166544 -1.65759e-05 0.000131779 -0.0166544 0.0825653 
0.00910131 -0.0166333 5.53983e-06 -1.91215e-05 -0.0166333 0.0820164 -1.74063e-05 0.000123372 5.53983e-06 -1.74063e-05 0.0090227 -0.0166422 -1.91215e-05 0.000123372 -0.0166422 0.0824897 
0.00909875 -0.0166125 7.9794e-06 -2.82315e-05 -0.0166125 0.0819481 -2.40346e-05 0.000130946 7.9794e-06 -2.40346e-05 0.00900727 -0.016641 -2.82315e-05 0.000130946 -0.016641 0.0824353 
0.00910429 -0.0166183 -5.69088e-06 -3.04596e-05 -0.0166183 0.0819489 -2.68591e-05 0.000137952 -5.69088e-06 -2.68591e-05 0.00900401 -0.0166309 -3.04596e-05 0.000137952 -0.0166309 0.082424 
0.00911177 -0.0166716 -1.7119e-05 -1.16528e-05 -0.0166716 0.0821874 -1.11268e-05 0.000113088 -1.7119e-05 -1.11268e-05 0.00904374 -0.0166697 -1.16528e-05 0.000113088 -0.0166697 0.0826243 
0.00910293 -0.0166737 -1.11747e-05 6.22584e-06 -0.0166737 0.0822778 1.38015e-06 7.30179e-05 -1.11747e-05 1.38015e-06 0.00906454 -0.016712 6.22584e-06 7.30179e-05 -0.016712 0.0827599 
0.00908968 -0.0166414 -1.21525e-05 6.29211e-07 -0.0166414 0.0821996 -6.9956e-06 6.59064e-05 -1.21525e-05 -6.9956e-06 0.00905754 -0.01672 6.29211e-07 6.59064e-05 -0.01672 0.0827774 
0.00910005 -0.0166568 -9.04556e-07 -1.79077e-06 -0.0166568 0.0822965 -9.95871e-06 7.62287e-05 -9.04556e-07 -9.95871e-06 0.00906662 -0.0167415 -1.79077e-06 7.62287e-05 -0.0167415 0.0829237 
0.00909795 -0.0166513 1.03808e-05 -1.861e-05 -0.0166513 0.0822806 -2.48161e-05 0.000108608 1.03808e-05 -2.48161e-05 0.00906838 -0.0167333 -1.861e-05 0.000108608 -0.0167333 0.0829133 
0.00907353 -0.0166233 1.85477e-05 -3.45165e-05 -0.0166233 0.0821499 -3.95984e-05 0.000149865 1.85477e-05 -3.95984e-05 0.00907045 -0.016708 -3.45165e-05 0.000149865 -0.016708 0.0827815 
0.00906126 -0.0165835 2.01791e-06 -4.46706e-05 -0.0165835 0.081992 -4.96332e-05 0.000182753 2.01791e-06 -4.96332e-05 0.00906345 -0.0166962 -4.46706e-05 0.000182753 -0.0166962 0.0826604 
0.00905728 -0.0165362 -4.05419e-06 -2.54736e-05 -0.0165362 0.0817431 -3.20042e-05 0.000170484 -4.05419e-06 -3.20042e-05 0.00902949 -0.0166612 -2.54736e-05 0.000170484 -0.0166612 0.0824561 
0.00905633 -0.0165433 3.55432e-06 -1.65647e-05 -0.0165433 0.0816833 -2.22929e-05 0.000143851 3.55432e-06 -2.22929e-05 0.00901846 -0.0166365 -1.65647e-05 0.000143851 -0.0166365 0.082369 
0.00904998 -0.0165579 8.21145e-06 -2.56417e-05 -0.0165579 0.0817249 -2.81484e-05 0.000143264 8.21145e-06 -2.81484e-05 0.00902605 -0.0166343 -2.56417e-05 0.000143264 -0.0166343 0.0823619 
0.00906601 -0.0165718 1.8457e-05 -3.69972e-05 -0.0165718 0.0818263 -3.47042e-05 0.000164958 1.8457e-05 -3.47042e-05 0.00902974 -0.0166598 -3.69972e-05 0.000164958 -0.0166598 0.0824556 
0.00909541 -0.016611 2.16441e-05 -5.12599e-05 -0.016611 0.081994 -4.76156e-05 0.00019751 2.16441e-05 -4.76156e-05 0.00902908 -0.0166834 -5.12599e-05 0.00019751 -0.0166834 0.0826012 
0.00913779 -0.0166674 1.05223e-05 -5.81528e-05 -0.0166674 0.0822299 -5.60192e-05 0.000229485 1.05223e-05 -5.60192e-05 0.00902635 -0.016704 -5.81528e-05 0.000229485 -0.016704 0.0827682 
0.00915747 -0.0166936 1.02959e-05 -4.44178e-05 -0.0166936 0.0822877 -4.78437e-05 0.000228854 1.02959e-05 -4.78437e-05 0.00901042 -0.0166692 -4.44178e-05 0.000228854 -0.0166692 0.0826917 
0.00914202 -0.0167016 -7.61656e-07 -4.16061e-05 -0.0167016 0.0822662 -4.85923e-05 0.000223178 -7.61656e-07 -4.85923e-05 0.0090084 -0.0166268 -4.16061e-05 0.000223178 -0.0166268 0.0825231 
0.00911395 -0.0166609 -4.72879e-06 -3.02725e-05 -0.0166609 0.0821096 -3.59635e-05 0.000206928 -4.72879e-06 -3.59635e-05 0.00899453 -0.0165961 -3.02725e-05 0.000206928 -0.0165961 0.0823134 
0.00910813 -0.016672 -1.21051e-05 -2.21106e-05 -0.016672 0.0822062 -2.83159e-05 0.000183714 -1.21051e-05 -2.83159e-05 0.00901088 -0.0166281 -2.21106e-05 0.000183714 -0.0166281 0.082436 
0.00909 -0.0166745 -2.66926e-05 -1.10008e-05 -0.0166745 0.082289 -1.89522e-05 0.000157662 -2.66926e-05 -1.89522e-05 0.00904128 -0.0166626 -1.10008e-05 0.000157662 -0.0166626 0.0825905 
0.00902496 -0.0165867 -3.15649e-05 7.84293e-06 -0.0165867 0.0819713 -1.2073e-07 0.000115495 -3.15649e-05 -1.2073e-07 0.00904973 -0.016633 7.84293e-06 0.000115495 -0.016633 0.0823927 
0.0089842 -0.0165208 -1.17434e-05 1.2434e-05 -0.0165208 0.0817822 7.10837e-06 8.73393e-05 -1.17434e-05 7.10837e-06 0.00907302 -0.0166618 1.2434e-05 8.73393e-05 -0.0166618 0.0824067 
0.00899596 -0.0164914 4.53809e-07 -1.3862e-05 -0.0164914 0.0817274 -1.66229e-05 0.000117988 4.53809e-07 -1.66229e-05 0.00907895 -0.0167149 -1.3862e-05 0.000117988 -0.0167149 0.0825743 
0.00900015 -0.0164882 5.73141e-06 -3.30904e-05 -0.0164882 0.0816493 -3.55082e-05 0.000171765 5.73141e-06 -3.55082e-05 0.00907507 -0.0167091 -3.30904e-05 0.000171765 -0.0167091 0.0825876 
0.00903186 -0.0164905 1.10738e-05 -4.17186e-05 -0.0164905 0.0816158 -4.32048e-05 0.000208503 1.10738e-05 -4.32048e-05 0.00903991 -0.016699 -4.17186e-05 0.000208503 -0.016699 0.0825497 
0.00906153 -0.0165451 5.01238e-06 -4.88112e-05 -0.0165451 0.0817345 -4.94369e-05 0.000232355 5.01238e-06 -4.94369e-05 0.00902026 -0.0166692 -4.88112e-05 0.000232355 -0.0166692 0.0825301 
0.00910114 -0.0166289 -1.05311e-05 -4.18504e-05 -0.0166289 0.0820732 -4.14282e-05 0.000230522 -1.05311e-05 -4.14282e-05 0.00903339 -0.0166856 -4.18504e-05 0.000230522 -0.0166856 0.0826855 
0.00913898 -0.016692 -2.19955e-05 -2.22919e-05 -0.016692 0.082365 -2.06451e-05 0.000194553 -2.19955e-05 -2.06451e-05 0.00904561 -0.0167119 -2.22919e-05 0.000194553 -0.0167119 0.0828422 
0.00914152 -0.0167125 -1.84132e-05 -6.95443e-06 -0.0167125 0.0824341 -3.63615e-06 0.000149645 -1.84132e-05 -3.63615e-06 0.00905239 -0.016698 -6.95443e-06 0.000149645 -0.016698 0.0828051 
0.00912991 -0.0167189 -7.86986e-06 -1.22582e-05 -0.0167189 0.0824887 -7.08498e-06 0.000137488 -7.86986e-06 -7.08498e-06 0.009072 -0.0167125 -1.22582e-05 0.000137488 -0.0167125 0.0828321 
0.00910578 -0.0166745 -7.8812e-07 -2.77249e-05 -0.0166745 0.0823414 -2.13942e-05 0.000162303 -7.8812e-07 -2.13942e-05 0.00907732 -0.0167083 -2.77249e-05 0.000162303 -0.0167083 0.0827455 
0.00909761 -0.0166446 -4.03874e-06 -3.86063e-05 -0.0166446 0.0822294 -2.86377e-05 0.000189557 -4.03874e-06 -2.86377e-05 0.00908161 -0.0167216 -3.86063e-05 0.000189557 -0.0167216 0.0827431 
0.00908174 -0.0166265 -9.16016e-06 -3.56257e-05 -0.0166265 0.0821276 -2.42541e-05 0.000194748 -9.16016e-06 -2.42541e-05 0.00909407 -0.0167243 -3.56257e-05 0.000194748 -0.0167243 0.0827294 
0.00907811 -0.0166154 -3.59109e-06 -2.57475e-05 -0.0166154 0.0820932 -1.82956e-05 0.000179139 -3.59109e-06 -1.82956e-05 0.00909102 -0.0167484 -2.57475e-05 0.000179139 -0.0167484 0.082784 
0.009075 -0.0166086 -6.29913e-07 -3.00029e-05 -0.0166086 0.0820648 -2.71131e-05 0.000180389 -6.29913e-07 -2.71131e-05 0.00908656 -0.0167512 -3.00029e-05 0.000180389 -0.0167512 0.0828222 
0.00908003 -0.0165827 -4.51762e-06 -3.24436e-05 -0.0165827 0.0819412 -3.26038e-05 0.000190098 -4.51762e-06 -3.26038e-05 0.00905807 -0.0167267 -3.24436e-05 0.000190098 -0.0167267 0.0827286 
0.00907742 -0.0165888 -9.22783e-06 -2.54011e-05 -0.0165888 0.0818945 -2.81629e-05 0.000183554 -9.22783e-06 -2.81629e-05 0.00904275 -0.0166915 -2.54011e-05 0.000183554 -0.0166915 0.082631 
0.0090602 -0.0165957 -4.51647e-06 -1.7129e-05 -0.0165957 0.0819116 -2.12828e-05 0.000164756 -4.51647e-06 -2.12828e-05 0.00905225 -0.0166737 -1.7129e-05 0.000164756 -0.0166737 0.0825685 
0.00906953 -0.0166026 3.99299e-06 -2.04156e-05 -0.0166026 0.082022 -2.60829e-05 0.000159642 3.99299e-06 -2.60829e-05 0.00906329 -0.0167127 -2.04156e-05 0.000159642 -0.0167127 0.0826962 
0.00908528 -0.0166181 7.92314e-06 -3.282e-05 -0.0166181 0.0821148 -3.65056e-05 0.000178061 7.92314e-06 -3.65056e-05 0.00907235 -0.016738 -3.282e-05 0.000178061 -0.016738 0.0828324 
0.00908961 -0.0166261 1.15262e-05 -4.20335e-05 -0.0166261 0.0821374 -4.11924e-05 0.000201638 1.15262e-05 -4.11924e-05 0.00907065 -0.0167399 -4.20335e-05 0.000201638 -0.0167399 0.0828644 
0.00913504 -0.016685 1.35783e-05 -4.64548e-05 -0.016685 0.082425 -4.3098e-05 0.000213817 1.35783e-05 -4.3098e-05 0.00907946 -0.0167921 -4.64548e-05 0.000213817 -0.0167921 0.0831446 
0.009167 -0.0167272 7.5071e-06 -4.67632e-05 -0.0167272 0.0825744 -4.40174e-05 0.000216495 7.5071e-06 -4.40174e-05 0.00907807 -0.0167846 -4.67632e-05 0.000216495 -0.0167846 0.0832087 
0.00916702 -0.0167223 3.8319e-06 -3.84771e-05 -0.0167223 0.0824857 -3.58987e-05 0.000203329 3.8319e-06 -3.58987e-05 0.00906511 -0.0167296 -3.84771e-05 0.000203329 -0.0167296 0.0829832 
0.0091587 -0.0167237 -4.74486e-06 -3.38327e-05 -0.0167237 0.082444 -3.14365e-05 0.000188738 -4.74486e-06 -3.14365e-05 0.00906232 -0.0167087 -3.38327e-05 0.000188738 -0.0167087 0.0828402 
0.00915741 -0.0167216 -2.49682e-05 -2.57648e-05 -0.0167216 0.0824441 -2.44652e-05 0.000175096 -2.49682e-05 -2.44652e-05 0.00906683 -0.0167179 -2.57648e-05 0.000175096 -0.0167179 0.082827 
0.00912562 -0.0166855 -2.94944e-05 -7.13661e-07 -0.0166855 0.082266 -3.38066e-06 0.00013651 -2.94944e-05 -3.38066e-06 0.00906269 -0.0166925 -7.13661e-07 0.00013651 -0.0166925 0.0826718 
0.0091148 -0.016662 -1.5701e-05 7.92857e-06 -0.016662 0.0821965 3.04392e-06 0.000105108 -1.5701e-05 3.04392e-06 0.00906307 -0.0167041 7.92857e-06 0.000105108 -0.0167041 0.0826695 
0.00909857 -0.016643 4.49867e-06 -7.3804e-06 -0.016643 0.0821143 -1.44944e-05 0.000119503 4.49867e-06 -1.44944e-05 0.00906945 -0.0167017 -7.3804e-06 0.000119503 -0.0167017 0.0826491 
0.00909291 -0.0166347 2.24149e-05 -3.56126e-05 -0.0166347 0.0821026 -4.3489e-05 0.000178627 2.24149e-05 -4.3489e-05 0.00907939 -0.0167205 -3.56126e-05 0.000178627 -0.0167205 0.0827003 
0.00908543 -0.0166216 3.59765e-05 -6.25634e-05 -0.0166216 0.0820568 -6.74086e-05 0.000251192 3.59765e-05 -6.74086e-05 0.00907812 -0.016728 -6.25634e-05 0.000251192 -0.016728 0.0827155 
0.00908465 -0.0166204 2.19293e-05 -8.12509e-05 -0.0166204 0.0820576 -8.42476e-05 0.00030998 2.19293e-05 -8.42476e-05 0.00907466 -0.01673 -8.12509e-05 0.00030998 -0.01673 0.0827394 
0.0090936 -0.0166343 -5.18429e-06 -6.36219e-05 -0.0166343 0.0821337 -6.77986e-05 0.000306774 -5.18429e-06 -6.77986e-05 0.00907541 -0.0167405 -6.36219e-05 0.000306774 -0.0167405 0.0828152 
0.00908227 -0.0166425 -5.43157e-06 -2.74926e-05 -0.0166425 0.0821736 -3.3354e-05 0.000242463 -5.43157e-06 -3.3354e-05 0.00908286 -0.0167382 -2.74926e-05 0.000242463 -0.0167382 0.0828354 
0.00906695 -0.016613 -3.71238e-06 -2.32588e-05 -0.016613 0.0821013 -2.73521e-05 0.000196829 -3.71238e-06 -2.73521e-05 0.00907679 -0.0167352 -2.32588e-05 0.000196829 -0.0167352 0.0827968 
0.0090258 -0.016523 4.17307e-06 -2.73994e-05 -0.016523 0.0816896 -2.68322e-05 0.000185081 4.17307e-06 -2.68322e-05 0.00904159 -0.0166564 -2.73994e-05 0.000185081 -0.0166564 0.0824228 
0.00902412 -0.016479 5.20498e-06 -3.86121e-05 -0.016479 0.0814544 -3.42987e-05 0.000196861 5.20498e-06 -3.42987e-05 0.00899812 -0.0166167 -3.86121e-05 0.000196861 -0.0166167 0.082205 
0.00902062 -0.0164893 7.05781e-06 -4.18054e-05 -0.0164893 0.0814053 -3.64617e-05 0.000209111 7.05781e-06 -3.64617e-05 0.00897904 -0.0165758 -4.18054e-05 0.000209111 -0.0165758 0.0820826 
0.00902879 -0.0165131 1.17543e-05 -4.49926e-05 -0.0165131 0.0815072 -3.8293e-05 0.000217033 1.17543e-05 -3.8293e-05 0.00897085 -0.0165721 -4.49926e-05 0.000217033 -0.0165721 0.0820901 
0.00901836 -0.016481 8.59436e-06 -5.09897e-05 -0.016481 0.0813553 -4.59286e-05 0.000230706 8.59436e-06 -4.59286e-05 0.00893787 -0.0165175 -5.09897e-05 0.000230706 -0.0165175 0.0818621 
0.00901094 -0.0164684 6.99409e-06 -4.38932e-05 -0.0164684 0.0812533 -4.68123e-05 0.000233441 6.99409e-06 -4.68123e-05 0.00890944 -0.0164677 -4.38932e-05 0.000233441 -0.0164677 0.0816619 
0.00898635 -0.0164358 -1.91726e-06 -3.9987e-05 -0.0164358 0.0810684 -4.93186e-05 0.000233308 -1.91726e-06 -4.93186e-05 0.00888213 -0.0164005 -3.9987e-05 0.000233308 -0.0164005 0.0813655 
0.00897574 -0.0164286 9.28886e-06 -2.84448e-05 -0.0164286 0.0810431 -3.94542e-05 0.00021785 9.28886e-06 -3.94542e-05 0.00888339 -0.0163843 -2.84448e-05 0.00021785 -0.0163843 0.0812691 
0.00899528 -0.0164627 1.78166e-05 -4.12764e-05 -0.0164627 0.0812401 -5.04598e-05 0.000225843 1.78166e-05 -5.04598e-05 0.00890929 -0.0164339 -4.12764e-05 0.000225843 -0.0164339 0.0814645 
0.00902709 -0.0165484 1.22241e-05 -5.38802e-05 -0.0165484 0.0816736 -5.99132e-05 0.000252055 1.22241e-05 -5.99132e-05 0.008972 -0.0165316 -5.38802e-05 0.000252055 -0.0165316 0.0819248 
0.00906131 -0.0166046 1.3422e-06 -4.98271e-05 -0.0166046 0.0820226 -5.20489e-05 0.00025525 1.3422e-06 -5.20489e-05 0.00902149 -0.0166279 -4.98271e-05 0.00025525 -0.0166279 0.082348 
0.00910397 -0.0166788 -8.65307e-06 -3.8723e-05 -0.0166788 0.082417 -3.78264e-05 0.000234802 -8.65307e-06 -3.78264e-05 0.00907249 -0.0167304 -3.8723e-05 0.000234802 -0.0167304 0.0828356 
0.00910142 -0.0166613 -4.89908e-06 -2.77381e-05 -0.0166613 0.0823501 -2.31948e-05 0.000204908 -4.89908e-06 -2.31948e-05 0.00908114 -0.0167322 -2.77381e-05 0.000204908 -0.0167322 0.0828457 
