0.00618434 0 -4.97299e-07 0 0 0.00881401 0 0 -4.97299e-07 0 0.00623131 0 0 0 0 0.00881401 
0.00942166 -0.0116927 -1.36598e-05 1.87071e-05 -0.0116927 0.0311263 1.87071e-05 -3.62616e-05 -1.36598e-05 1.87071e-05 0.00952093 -0.0118189 1.87071e-05 -3.62616e-05 -0.0118189 0.0313683 
0.00968276 -0.0179526 -1.68976e-05 9.66895e-05 -0.0179526 0.066265 9.66895e-05 -0.000329099 -1.68976e-05 9.66895e-05 0.00976679 -0.0182648 9.66895e-05 -0.000329099 -0.0182648 0.0673016 
0.00915957 -0.0175182 -2.53538e-05 0.000147546 -0.0175182 0.0784784 0.000150241 -0.00078018 -2.53538e-05 0.000150241 0.00918261 -0.017906 0.000147546 -0.00078018 -0.017906 0.0804296 
0.00887141 -0.016435 -3.06718e-05 0.000133293 -0.016435 0.0789707 0.000140703 -0.000883537 -3.06718e-05 0.000140703 0.00884107 -0.0167003 0.000133293 -0.000883537 -0.0167003 0.0809567 
0.00863597 -0.0157354 -1.28189e-05 0.000105973 -0.0157354 0.0769073 0.000115067 -0.000722707 -1.28189e-05 0.000115067 0.00855415 -0.0158592 0.000105973 -0.000722707 -0.0158592 0.0783148 
0.00839709 -0.0153091 -6.76695e-06 7.1059e-05 -0.0153091 0.0750513 7.57235e-05 -0.000527168 -6.76695e-06 7.57235e-05 0.00833409 -0.0153314 7.1059e-05 -0.000527168 -0.0153314 0.0758985 
0.00817059 -0.0148994 -9.05804e-06 6.02407e-05 -0.0148994 0.0732592 5.65007e-05 -0.000395929 -9.05804e-06 5.65007e-05 0.00812099 -0.0149314 6.02407e-05 -0.000395929 -0.0149314 0.0738482 
0.00959916 -0.0175233 -7.90441e-06 7.97663e-05 -0.0175233 0.0863024 6.59868e-05 -0.000415744 -7.90441e-06 6.59868e-05 0.00958198 -0.0175875 7.97663e-05 -0.000415744 -0.0175875 0.0869493 
0.00947519 -0.0172964 -2.28105e-06 8.0033e-05 -0.0172964 0.0852882 6.53285e-05 -0.000402593 -2.28105e-06 6.53285e-05 0.0094903 -0.0174214 8.0033e-05 -0.000402593 -0.0174214 0.086028 
0.00940193 -0.0171299 1.24787e-05 7.18513e-05 -0.0171299 0.0845076 6.1635e-05 -0.000390909 1.24787e-05 6.1635e-05 0.0094081 -0.017305 7.18513e-05 -0.000390909 -0.017305 0.0853894 
0.00934968 -0.0170421 2.09191e-05 5.2174e-05 -0.0170421 0.084017 4.67618e-05 -0.000361246 2.09191e-05 4.67618e-05 0.00934935 -0.0172095 5.2174e-05 -0.000361246 -0.0172095 0.0849521 
0.00933005 -0.0169647 1.69085e-05 3.9209e-05 -0.0169647 0.0836147 3.71589e-05 -0.000328705 1.69085e-05 3.71589e-05 0.00928285 -0.0171147 3.9209e-05 -0.000328705 -0.0171147 0.084521 
0.00934617 -0.0169947 2.70143e-05 4.21751e-05 -0.0169947 0.0836447 4.17394e-05 -0.000321363 2.70143e-05 4.17394e-05 0.00925995 -0.0170798 4.21751e-05 -0.000321363 -0.0170798 0.0844268 
0.00934864 -0.0170446 1.8711e-05 3.12636e-05 -0.0170446 0.0838259 2.9898e-05 -0.000304628 1.8711e-05 2.9898e-05 0.00926615 -0.0170727 3.12636e-05 -0.000304628 -0.0170727 0.0844447 
0.00935862 -0.0170635 2.13395e-05 3.96085e-05 -0.0170635 0.0839765 3.88359e-05 -0.000305794 2.13395e-05 3.88359e-05 0.00927371 -0.0170886 3.96085e-05 -0.000305794 -0.0170886 0.0845137 
0.00938211 -0.0171103 2.31941e-05 3.6038e-05 -0.0171103 0.0842267 3.80688e-05 -0.000307761 2.31941e-05 3.80688e-05 0.00929297 -0.0171321 3.6038e-05 -0.000307761 -0.0171321 0.0847351 
0.0093882 -0.0171234 2.21288e-05 2.95316e-05 -0.0171234 0.0843077 3.31662e-05 -0.000292488 2.21288e-05 3.31662e-05 0.00930588 -0.0171368 2.95316e-05 -0.000292488 -0.0171368 0.0847849 
0.00936497 -0.0170883 1.68391e-05 2.99561e-05 -0.0170883 0.0841513 3.08384e-05 -0.000279446 1.68391e-05 3.08384e-05 0.00930516 -0.0171112 2.99561e-05 -0.000279446 -0.0171112 0.0846283 
0.00934765 -0.0170918 2.87956e-06 3.80791e-05 -0.0170918 0.0841985 3.77474e-05 -0.000287125 2.87956e-06 3.77474e-05 0.00933592 -0.0171478 3.80791e-05 -0.000287125 -0.0171478 0.0847368 
0.0093307 -0.0170502 -1.35347e-05 5.5791e-05 -0.0170502 0.0840943 5.37279e-05 -0.000316815 -1.35347e-05 5.37279e-05 0.00934266 -0.0171744 5.5791e-05 -0.000316815 -0.0171744 0.0847805 
0.00931962 -0.0170094 -3.25153e-05 7.82599e-05 -0.0170094 0.0839217 7.49574e-05 -0.000366902 -3.25153e-05 7.49574e-05 0.00932185 -0.0171682 7.82599e-05 -0.000366902 -0.0171682 0.0847355 
0.00931224 -0.0170091 -4.1173e-05 0.000102637 -0.0170091 0.0838915 0.000100446 -0.000429419 -4.1173e-05 0.000100446 0.00932329 -0.0171554 0.000102637 -0.000429419 -0.0171554 0.0847357 
0.0092979 -0.0170156 -4.12786e-05 0.000113692 -0.0170156 0.0839417 0.000114775 -0.000478946 -4.12786e-05 0.000114775 0.00934974 -0.0171683 0.000113692 -0.000478946 -0.0171683 0.0847936 
0.0093011 -0.0169747 -4.22533e-05 0.000112607 -0.0169747 0.0838272 0.000118224 -0.00050028 -4.22533e-05 0.000118224 0.00933525 -0.0171798 0.000112607 -0.00050028 -0.0171798 0.0847647 
0.00929239 -0.0169521 -2.71759e-05 0.00011171 -0.0169521 0.0836499 0.000121165 -0.000507787 -2.71759e-05 0.000121165 0.00931381 -0.017138 0.00011171 -0.000507787 -0.017138 0.0846067 
0.0092737 -0.0169371 -5.47099e-06 9.61245e-05 -0.0169371 0.0835262 0.000103496 -0.000487382 -5.47099e-06 0.000103496 0.00930526 -0.017099 9.61245e-05 -0.000487382 -0.017099 0.0844311 
0.00927099 -0.0169305 3.82705e-07 6.84461e-05 -0.0169305 0.0835095 7.20026e-05 -0.000427862 3.82705e-07 7.20026e-05 0.00929939 -0.0171025 6.84461e-05 -0.000427862 -0.0171025 0.0844027 
0.00929235 -0.0169749 6.20525e-06 5.80326e-05 -0.0169749 0.0837253 5.69722e-05 -0.000374195 6.20525e-06 5.69722e-05 0.00931498 -0.0171439 5.80326e-05 -0.000374195 -0.0171439 0.0846183 
0.00931628 -0.0170174 1.50443e-05 5.05158e-05 -0.0170174 0.0839501 4.41402e-05 -0.000335113 1.50443e-05 4.41402e-05 0.00932829 -0.0171838 5.05158e-05 -0.000335113 -0.0171838 0.0848433 
0.00932012 -0.0170704 2.00576e-05 3.97886e-05 -0.0170704 0.0842232 3.18541e-05 -0.000300644 2.00576e-05 3.18541e-05 0.00937192 -0.0172305 3.97886e-05 -0.000300644 -0.0172305 0.085115 
0.00931245 -0.0170411 7.71626e-06 3.39884e-05 -0.0170411 0.0841983 2.6724e-05 -0.000277568 7.71626e-06 2.6724e-05 0.00938261 -0.0172542 3.39884e-05 -0.000277568 -0.0172542 0.0851768 
0.00929205 -0.0170008 -1.03509e-05 4.81975e-05 -0.0170008 0.084024 4.25666e-05 -0.000290688 -1.03509e-05 4.25666e-05 0.00938389 -0.0172409 4.81975e-05 -0.000290688 -0.0172409 0.0850992 
0.00930289 -0.016979 -1.78252e-05 6.94956e-05 -0.016979 0.0839347 6.73787e-05 -0.0003366 -1.78252e-05 6.73787e-05 0.00937547 -0.0172499 6.94956e-05 -0.0003366 -0.0172499 0.0850986 
0.00933463 -0.0170076 -1.26321e-05 7.84069e-05 -0.0170076 0.0839919 7.99179e-05 -0.000375977 -1.26321e-05 7.99179e-05 0.00936804 -0.0172544 7.84069e-05 -0.000375977 -0.0172544 0.0851556 
0.0093651 -0.0170441 -6.90388e-06 7.15421e-05 -0.0170441 0.0840694 7.22816e-05 -0.00037717 -6.90388e-06 7.22816e-05 0.00935476 -0.017241 7.15421e-05 -0.00037717 -0.017241 0.085143 
0.00939262 -0.0170957 4.90169e-06 6.49301e-05 -0.0170957 0.084221 6.23363e-05 -0.000359033 4.90169e-06 6.23363e-05 0.00935037 -0.0172293 6.49301e-05 -0.000359033 -0.0172293 0.0851432 
0.00937993 -0.0171062 8.61325e-06 5.15831e-05 -0.0171062 0.0842175 4.92254e-05 -0.000331047 8.61325e-06 4.92254e-05 0.00935051 -0.0171943 5.15831e-05 -0.000331047 -0.0171943 0.0849946 
0.00936325 -0.017076 6.92744e-06 4.70758e-05 -0.017076 0.0841101 4.83137e-05 -0.000317232 6.92744e-06 4.83137e-05 0.00933252 -0.0171786 4.70758e-05 -0.000317232 -0.0171786 0.0848514 
0.00934751 -0.0170574 -5.48742e-06 4.93494e-05 -0.0170574 0.0840283 5.3772e-05 -0.000322986 -5.48742e-06 5.3772e-05 0.00931887 -0.0171582 4.93494e-05 -0.000322986 -0.0171582 0.0847635 
0.00932864 -0.0170448 -2.66524e-06 6.33042e-05 -0.0170448 0.0839954 6.63857e-05 -0.000345965 -2.66524e-06 6.63857e-05 0.00932151 -0.0171494 6.33042e-05 -0.000345965 -0.0171494 0.0847336 
0.00932337 -0.0170445 1.72665e-05 6.09373e-05 -0.0170445 0.0840551 6.17801e-05 -0.000353387 1.72665e-05 6.17801e-05 0.00933063 -0.0171736 6.09373e-05 -0.000353387 -0.0171736 0.084832 
0.00932683 -0.0170359 2.2905e-05 3.43418e-05 -0.0170359 0.0840649 3.51892e-05 -0.000309841 2.2905e-05 3.51892e-05 0.00932918 -0.0171836 3.43418e-05 -0.000309841 -0.0171836 0.0848925 
0.00930604 -0.0169894 1.51805e-05 2.3008e-05 -0.0169894 0.0838302 2.73286e-05 -0.000266957 1.51805e-05 2.73286e-05 0.00930005 -0.0171304 2.3008e-05 -0.000266957 -0.0171304 0.0846645 
0.00929822 -0.0169678 9.06386e-06 2.96228e-05 -0.0169678 0.0837051 3.82206e-05 -0.000264819 9.06386e-06 3.82206e-05 0.0092783 -0.0170941 2.96228e-05 -0.000264819 -0.0170941 0.0845057 
0.00928227 -0.0169172 -2.17572e-06 3.77306e-05 -0.0169172 0.0834262 4.73977e-05 -0.000281087 -2.17572e-06 4.73977e-05 0.00924103 -0.0170218 3.77306e-05 -0.000281087 -0.0170218 0.0841688 
0.00925992 -0.0169004 4.92201e-06 5.4854e-05 -0.0169004 0.0832791 6.12304e-05 -0.000315563 4.92201e-06 6.12304e-05 0.00922989 -0.0169763 5.4854e-05 -0.000315563 -0.0169763 0.0839461 
0.00925281 -0.0168919 1.11331e-05 5.02614e-05 -0.0168919 0.0832507 5.50923e-05 -0.000327015 1.11331e-05 5.50923e-05 0.00922814 -0.0169768 5.02614e-05 -0.000327015 -0.0169768 0.0838919 
0.00924456 -0.0168839 8.14004e-06 4.31487e-05 -0.0168839 0.0832157 4.60611e-05 -0.000315327 8.14004e-06 4.60611e-05 0.0092201 -0.0169712 4.31487e-05 -0.000315327 -0.0169712 0.0838512 
0.009249 -0.0169211 1.37062e-06 4.83929e-05 -0.0169211 0.0834084 4.79748e-05 -0.000316413 1.37062e-06 4.79748e-05 0.00924279 -0.0170039 4.83929e-05 -0.000316413 -0.0170039 0.0840274 
0.00926117 -0.0169192 -1.0739e-05 6.05438e-05 -0.0169192 0.083465 5.72812e-05 -0.000338435 -1.0739e-05 5.72812e-05 0.00923645 -0.0170183 6.05438e-05 -0.000338435 -0.0170183 0.0840883 
0.00927048 -0.0169102 -1.19645e-05 7.73435e-05 -0.0169102 0.0834015 7.08431e-05 -0.00037365 -1.19645e-05 7.08431e-05 0.00921202 -0.0169909 7.73435e-05 -0.00037365 -0.0169909 0.0840063 
0.00928339 -0.0169426 -1.03866e-05 7.86614e-05 -0.0169426 0.0834938 7.34017e-05 -0.000393451 -1.03866e-05 7.34017e-05 0.00921455 -0.0169775 7.86614e-05 -0.000393451 -0.0169775 0.0840094 
0.00927824 -0.0169561 -1.48106e-05 7.30511e-05 -0.0169561 0.0835508 7.40605e-05 -0.000394286 -1.48106e-05 7.40605e-05 0.0092233 -0.0169758 7.30511e-05 -0.000394286 -0.0169758 0.0839961 
0.00927215 -0.0169549 -8.85967e-06 7.23256e-05 -0.0169549 0.0835928 7.79299e-05 -0.000391032 -8.85967e-06 7.79299e-05 0.0092299 -0.0169949 7.23256e-05 -0.000391032 -0.0169949 0.0840507 
0.00923097 -0.0168869 -1.14926e-07 6.39906e-05 -0.0168869 0.0833031 7.01915e-05 -0.00037586 -1.14926e-07 7.01915e-05 0.0092091 -0.0169455 6.39906e-05 -0.00037586 -0.0169455 0.0838047 
0.00920815 -0.016842 -4.17431e-06 5.20779e-05 -0.016842 0.083119 5.73958e-05 -0.0003464 -4.17431e-06 5.73958e-05 0.00919124 -0.0169243 5.20779e-05 -0.0003464 -0.0169243 0.0836751 
0.009177 -0.0167981 -6.1902e-06 5.81911e-05 -0.0167981 0.0829171 5.89493e-05 -0.000337339 -6.1902e-06 5.89493e-05 0.00917833 -0.0168873 5.81911e-05 -0.000337339 -0.0168873 0.0835063 
0.00915616 -0.0167637 -1.23596e-05 6.33791e-05 -0.0167637 0.0827879 6.08518e-05 -0.000342571 -1.23596e-05 6.08518e-05 0.00916921 -0.0168759 6.33791e-05 -0.000342571 -0.0168759 0.0834234 
0.00914102 -0.0167367 -1.28719e-05 7.05996e-05 -0.0167367 0.0826831 6.83417e-05 -0.000355005 -1.28719e-05 6.83417e-05 0.00916091 -0.0168641 7.05996e-05 -0.000355005 -0.0168641 0.0833649 
0.00914785 -0.0167385 -9.21914e-06 6.97199e-05 -0.0167385 0.082712 6.95205e-05 -0.000361162 -9.21914e-06 6.95205e-05 0.00915631 -0.0168758 6.97199e-05 -0.000361162 -0.0168758 0.0834283 
0.00915626 -0.0167369 -2.92743e-06 6.42691e-05 -0.0167369 0.0826887 6.64136e-05 -0.000355582 -2.92743e-06 6.64136e-05 0.00914228 -0.0168581 6.42691e-05 -0.000355582 -0.0168581 0.0833894 
0.00914802 -0.0167418 6.89687e-06 5.68105e-05 -0.0167418 0.08266 5.85479e-05 -0.000339906 6.89687e-06 5.85479e-05 0.00914397 -0.0168252 5.68105e-05 -0.000339906 -0.0168252 0.0832769 
0.00914292 -0.0167496 1.33594e-05 4.53928e-05 -0.0167496 0.0827183 4.71391e-05 -0.000317064 1.33594e-05 4.71391e-05 0.00916119 -0.0168414 4.53928e-05 -0.000317064 -0.0168414 0.0833003 
0.00914028 -0.0167356 1.02236e-05 3.85914e-05 -0.0167356 0.0826975 4.08318e-05 -0.000298785 1.02236e-05 4.08318e-05 0.009172 -0.0168615 3.85914e-05 -0.000298785 -0.0168615 0.0833322 
0.00916897 -0.0167556 8.96763e-06 4.49217e-05 -0.0167556 0.0827999 4.84803e-05 -0.000307354 8.96763e-06 4.84803e-05 0.00917152 -0.0169055 4.49217e-05 -0.000307354 -0.0169055 0.0835119 
0.00918895 -0.0167941 1.54395e-05 4.75729e-05 -0.0167941 0.0829174 5.31184e-05 -0.00032292 1.54395e-05 5.31184e-05 0.00916555 -0.0169084 4.75729e-05 -0.00032292 -0.0169084 0.0836071 
0.00918449 -0.0167707 1.77226e-05 3.67345e-05 -0.0167707 0.0827731 4.70012e-05 -0.00031548 1.77226e-05 4.70012e-05 0.00913072 -0.0168479 3.67345e-05 -0.00031548 -0.0168479 0.083377 
0.00915766 -0.0167772 1.9445e-05 3.23436e-05 -0.0167772 0.0827521 4.42352e-05 -0.000304439 1.9445e-05 4.42352e-05 0.00913893 -0.0168118 3.23436e-05 -0.000304439 -0.0168118 0.0832454 
0.00911554 -0.0167265 1.97775e-05 2.87513e-05 -0.0167265 0.0825984 3.84915e-05 -0.000290045 1.97775e-05 3.84915e-05 0.00913414 -0.0167975 2.87513e-05 -0.000290045 -0.0167975 0.0830896 
0.00910854 -0.0166902 1.05848e-05 2.9091e-05 -0.0166902 0.0825166 3.54809e-05 -0.000280503 1.05848e-05 3.54809e-05 0.00913219 -0.0168056 2.9091e-05 -0.000280503 -0.0168056 0.083087 
0.00910428 -0.0166545 -9.27595e-08 4.14031e-05 -0.0166545 0.0823356 4.63366e-05 -0.000295034 -9.27595e-08 4.63366e-05 0.00911217 -0.0167765 4.14031e-05 -0.000295034 -0.0167765 0.082951 
0.00911919 -0.0166339 -4.92456e-07 5.76683e-05 -0.0166339 0.0821724 6.06075e-05 -0.000330041 -4.92456e-07 6.06075e-05 0.00907218 -0.0167342 5.76683e-05 -0.000330041 -0.0167342 0.0827588 
0.00913698 -0.0167073 9.43205e-06 6.1047e-05 -0.0167073 0.0823906 6.09801e-05 -0.000351327 9.43205e-06 6.09801e-05 0.00909156 -0.0167342 6.1047e-05 -0.000351327 -0.0167342 0.0828362 
0.00914522 -0.0167611 9.40676e-06 5.0359e-05 -0.0167611 0.0826707 4.78332e-05 -0.00033952 9.40676e-06 4.78332e-05 0.00913247 -0.0167803 5.0359e-05 -0.00033952 -0.0167803 0.083022 
0.00913775 -0.0167581 7.03268e-06 4.99359e-05 -0.0167581 0.0827431 4.58186e-05 -0.000327621 7.03268e-06 4.58186e-05 0.00914885 -0.0168197 4.99359e-05 -0.000327621 -0.0168197 0.0831342 
0.00914271 -0.0167408 -3.82411e-06 5.36587e-05 -0.0167408 0.0827301 4.96521e-05 -0.000331592 -3.82411e-06 4.96521e-05 0.00915089 -0.0168445 5.36587e-05 -0.000331592 -0.0168445 0.0832295 
0.00915478 -0.0167473 -4.85624e-06 6.73196e-05 -0.0167473 0.0827431 6.41754e-05 -0.000357484 -4.85624e-06 6.41754e-05 0.00914673 -0.0168545 6.73196e-05 -0.000357484 -0.0168545 0.0833069 
0.0091772 -0.0167859 4.4372e-06 6.91873e-05 -0.0167859 0.0828916 6.4337e-05 -0.00037176 4.4372e-06 6.4337e-05 0.00915857 -0.0168694 6.91873e-05 -0.00037176 -0.0168694 0.0834359 
0.00916171 -0.016774 1.98485e-05 5.64258e-05 -0.016774 0.0828135 4.89266e-05 -0.000349649 1.98485e-05 4.89266e-05 0.00915363 -0.0168438 5.64258e-05 -0.000349649 -0.0168438 0.0833215 
0.00914263 -0.0167671 2.20486e-05 3.59715e-05 -0.0167671 0.0828073 2.86588e-05 -0.000302471 2.20486e-05 2.86588e-05 0.00916883 -0.0168505 3.59715e-05 -0.000302471 -0.0168505 0.083324 
0.00912243 -0.0167068 -1.65414e-06 3.10395e-05 -0.0167068 0.0825895 2.42528e-05 -0.000270954 -1.65414e-06 2.42528e-05 0.00915001 -0.0168367 3.10395e-05 -0.000270954 -0.0168367 0.0831925 
0.00913683 -0.0167326 -1.18961e-05 5.89288e-05 -0.0167326 0.0827085 5.35657e-05 -0.000304247 -1.18961e-05 5.35657e-05 0.00916762 -0.0168729 5.89288e-05 -0.000304247 -0.0168729 0.0833833 
0.00914243 -0.0167245 -6.08586e-06 7.37778e-05 -0.0167245 0.0826669 7.01126e-05 -0.000352088 -6.08586e-06 7.01126e-05 0.00915719 -0.016869 7.37778e-05 -0.000352088 -0.016869 0.0833753 
0.00913394 -0.0166798 3.83576e-06 6.46267e-05 -0.0166798 0.0824049 6.33551e-05 -0.000356388 3.83576e-06 6.33551e-05 0.00911611 -0.0168022 6.46267e-05 -0.000356388 -0.0168022 0.0830879 
0.00915165 -0.0167087 3.81234e-06 4.96618e-05 -0.0167087 0.0824596 4.80615e-05 -0.00032639 3.81234e-06 4.80615e-05 0.00910322 -0.0167889 4.96618e-05 -0.00032639 -0.0167889 0.0830608 
0.00917046 -0.0167487 9.30814e-06 4.80926e-05 -0.0167487 0.0826018 4.40356e-05 -0.000303355 9.30814e-06 4.40356e-05 0.00909767 -0.0167872 4.80926e-05 -0.000303355 -0.0167872 0.0830966 
0.00917376 -0.0167797 2.26798e-05 4.08247e-05 -0.0167797 0.082742 3.62016e-05 -0.000282999 2.26798e-05 3.62016e-05 0.00910838 -0.0167926 4.08247e-05 -0.000282999 -0.0167926 0.083158 
0.0091682 -0.0167552 2.34291e-05 2.47463e-05 -0.0167552 0.0826672 1.89538e-05 -0.000247632 2.34291e-05 1.89538e-05 0.00909083 -0.0167767 2.47463e-05 -0.000247632 -0.0167767 0.0830688 
0.00915142 -0.0167334 1.87404e-05 2.18135e-05 -0.0167334 0.0825517 1.54002e-05 -0.000221676 1.87404e-05 1.54002e-05 0.00907741 -0.0167462 2.18135e-05 -0.000221676 -0.0167462 0.0829504 
0.00910107 -0.0167044 3.18504e-06 2.53687e-05 -0.0167044 0.0824221 2.14438e-05 -0.000219821 3.18504e-06 2.14438e-05 0.00909391 -0.0167158 2.53687e-05 -0.000219821 -0.0167158 0.0828089 
0.00909751 -0.0166736 -2.36395e-06 4.2356e-05 -0.0166736 0.0824168 4.04305e-05 -0.000246034 -2.36395e-06 4.04305e-05 0.00911091 -0.0167638 4.2356e-05 -0.000246034 -0.0167638 0.0829159 
0.00908144 -0.0166475 6.80494e-06 4.94668e-05 -0.0166475 0.0823098 4.82234e-05 -0.000271769 6.80494e-06 4.82234e-05 0.0091242 -0.0167752 4.94668e-05 -0.000271769 -0.0167752 0.0829439 
0.00908201 -0.0166369 6.78562e-06 3.87683e-05 -0.0166369 0.0822842 3.42182e-05 -0.000259581 6.78562e-06 3.42182e-05 0.00913413 -0.0168028 3.87683e-05 -0.000259581 -0.0168028 0.0830293 
0.00909342 -0.0166592 6.12818e-07 3.70355e-05 -0.0166592 0.0823892 2.99037e-05 -0.000241775 6.12818e-07 2.99037e-05 0.0091472 -0.0168434 3.70355e-05 -0.000241775 -0.0168434 0.0832182 
0.00911047 -0.0166658 -5.35525e-06 4.57864e-05 -0.0166658 0.0824265 3.82435e-05 -0.000249321 -5.35525e-06 3.82435e-05 0.0091454 -0.0168538 4.57864e-05 -0.000249321 -0.0168538 0.0832945 
0.00910078 -0.0166293 -6.41522e-06 5.46544e-05 -0.0166293 0.0821957 4.743e-05 -0.000270005 -6.41522e-06 4.743e-05 0.0091127 -0.0167939 5.46544e-05 -0.000270005 -0.0167939 0.0830401 
0.00912153 -0.0166258 -9.07771e-06 5.67049e-05 -0.0166258 0.0821152 5.04927e-05 -0.000284035 -9.07771e-06 5.04927e-05 0.00907675 -0.0167635 5.67049e-05 -0.000284035 -0.0167635 0.0829046 
0.00913942 -0.0166964 -1.61118e-05 5.9215e-05 -0.0166964 0.0823324 5.41319e-05 -0.000293936 -1.61118e-05 5.41319e-05 0.00908873 -0.0167616 5.9215e-05 -0.000293936 -0.0167616 0.0829849 
0.00914465 -0.0167289 -2.10396e-05 6.65643e-05 -0.0167289 0.0825093 6.48319e-05 -0.000311609 -2.10396e-05 6.48319e-05 0.0091123 -0.0167795 6.65643e-05 -0.000311609 -0.0167795 0.0830648 
0.00913738 -0.016738 -1.47803e-05 7.04623e-05 -0.016738 0.0826016 7.1228e-05 -0.000327023 -1.47803e-05 7.1228e-05 0.00914193 -0.016808 7.04623e-05 -0.000327023 -0.016808 0.0831528 
0.00913983 -0.0167512 -1.04752e-05 6.30409e-05 -0.0167512 0.0827387 6.27264e-05 -0.000320651 -1.04752e-05 6.27264e-05 0.00918182 -0.0168698 6.30409e-05 -0.000320651 -0.0168698 0.0833758 
0.00914757 -0.0167648 -8.72431e-06 5.83671e-05 -0.0167648 0.0828688 5.32246e-05 -0.000302531 -8.72431e-06 5.32246e-05 0.0092141 -0.0169401 5.83671e-05 -0.000302531 -0.0169401 0.0836493 
0.00916933 -0.0167528 -6.27216e-06 5.68388e-05 -0.0167528 0.082846 4.74405e-05 -0.000286685 -6.27216e-06 4.74405e-05 0.00919956 -0.0169656 5.68388e-05 -0.000286685 -0.0169656 0.0837564 
0.00917012 -0.0167309 -8.29456e-06 5.42655e-05 -0.0167309 0.0826491 4.26663e-05 -0.000272937 -8.29456e-06 4.26663e-05 0.00916509 -0.0169052 5.42655e-05 -0.000272937 -0.0169052 0.0835605 
0.00917223 -0.0167645 -8.1962e-06 5.63449e-05 -0.0167645 0.0827252 4.55861e-05 -0.000270462 -8.1962e-06 4.55861e-05 0.00917281 -0.0168935 5.63449e-05 -0.000270462 -0.0168935 0.0835528 
0.00920178 -0.0168141 7.88773e-07 5.66404e-05 -0.0168141 0.082994 4.98669e-05 -0.000276873 7.88773e-07 4.98669e-05 0.00919614 -0.0169505 5.66404e-05 -0.000276873 -0.0169505 0.0837983 
0.00923114 -0.0168572 2.16028e-06 4.25321e-05 -0.0168572 0.0832027 4.18975e-05 -0.000263083 2.16028e-06 4.18975e-05 0.009215 -0.0169873 4.25321e-05 -0.000263083 -0.0169873 0.0840016 
0.00925572 -0.016916 9.50738e-06 3.82727e-05 -0.016916 0.0834666 4.14668e-05 -0.00025085 9.50738e-06 4.14668e-05 0.0092413 -0.0170307 3.82727e-05 -0.00025085 -0.0170307 0.0842357 
0.00924873 -0.0169138 1.54204e-05 2.77957e-05 -0.0169138 0.0834718 3.33514e-05 -0.000232543 1.54204e-05 3.33514e-05 0.00925224 -0.0170247 2.77957e-05 -0.000232543 -0.0170247 0.084213 
0.0092624 -0.0169133 1.28339e-05 2.12411e-05 -0.0169133 0.0835019 2.69791e-05 -0.000214708 1.28339e-05 2.69791e-05 0.00926468 -0.0170461 2.12411e-05 -0.000214708 -0.0170461 0.0842656 
0.00926677 -0.0169154 1.46384e-05 2.52209e-05 -0.0169154 0.083472 2.99384e-05 -0.00021383 1.46384e-05 2.99384e-05 0.00927289 -0.0170513 2.52209e-05 -0.00021383 -0.0170513 0.0842608 
0.00927344 -0.0169275 1.19698e-05 2.74801e-05 -0.0169275 0.0835051 3.20869e-05 -0.000226234 1.19698e-05 3.20869e-05 0.00927909 -0.0170753 2.74801e-05 -0.000226234 -0.0170753 0.0843297 
0.00927473 -0.0169594 1.24868e-05 3.45517e-05 -0.0169594 0.0836521 3.97121e-05 -0.000248248 1.24868e-05 3.97121e-05 0.00930312 -0.0171133 3.45517e-05 -0.000248248 -0.0171133 0.0845108 
0.00928372 -0.016953 1.32605e-05 3.52953e-05 -0.016953 0.0836841 4.23496e-05 -0.000265576 1.32605e-05 4.23496e-05 0.00931564 -0.0171395 3.52953e-05 -0.000265576 -0.0171395 0.0846147 
0.00928515 -0.0169572 1.58492e-05 3.49341e-05 -0.0169572 0.0836843 4.26821e-05 -0.000273904 1.58492e-05 4.26821e-05 0.00932157 -0.0171521 3.49341e-05 -0.000273904 -0.0171521 0.0846702 
0.00928713 -0.0169469 1.11886e-05 3.21466e-05 -0.0169469 0.0836318 4.01826e-05 -0.000274543 1.11886e-05 4.01826e-05 0.00930761 -0.0171477 3.21466e-05 -0.000274543 -0.0171477 0.0846472 
0.00926636 -0.0169197 5.02885e-06 3.77802e-05 -0.0169197 0.083466 4.56484e-05 -0.000282955 5.02885e-06 4.56484e-05 0.00928656 -0.0171011 3.77802e-05 -0.000282955 -0.0171011 0.0844633 
0.00925561 -0.016888 -4.41538e-06 4.57227e-05 -0.016888 0.0833131 5.16596e-05 -0.000298238 -4.41538e-06 5.16596e-05 0.00926042 -0.0170609 4.57227e-05 -0.000298238 -0.0170609 0.0842735 
0.00923904 -0.0168949 -1.23522e-05 5.67609e-05 -0.0168949 0.0833189 6.00767e-05 -0.00031792 -1.23522e-05 6.00767e-05 0.00926865 -0.0170476 5.67609e-05 -0.00031792 -0.0170476 0.0842332 
0.00927951 -0.0169469 -7.7483e-06 6.7248e-05 -0.0169469 0.0836408 6.94781e-05 -0.000342027 -7.7483e-06 6.94781e-05 0.00929381 -0.0171239 6.7248e-05 -0.000342027 -0.0171239 0.0845643 
0.00932349 -0.0170123 -3.16982e-06 6.32498e-05 -0.0170123 0.0839433 6.55375e-05 -0.000348235 -3.16982e-06 6.55375e-05 0.00931238 -0.0171718 6.32498e-05 -0.000348235 -0.0171718 0.0848521 
0.00932571 -0.0170183 3.71546e-06 5.75863e-05 -0.0170183 0.0839351 6.05801e-05 -0.000340364 3.71546e-06 6.05801e-05 0.00930503 -0.0171448 5.75863e-05 -0.000340364 -0.0171448 0.0847738 
0.00932604 -0.0169969 5.74145e-06 4.97477e-05 -0.0169969 0.083818 5.10056e-05 -0.000322476 5.74145e-06 5.10056e-05 0.00927811 -0.017107 4.97477e-05 -0.000322476 -0.017107 0.0845897 
0.00933421 -0.0170253 -4.97419e-07 4.98125e-05 -0.0170253 0.0838947 4.75732e-05 -0.00031273 -4.97419e-07 4.75732e-05 0.00928303 -0.0170973 4.98125e-05 -0.00031273 -0.0170973 0.0845783 
0.00932776 -0.0169881 -6.84006e-06 5.91391e-05 -0.0169881 0.0837145 5.41563e-05 -0.00032255 -6.84006e-06 5.41563e-05 0.00925851 -0.0170585 5.91391e-05 -0.00032255 -0.0170585 0.0843568 
0.00931722 -0.0169905 4.03398e-06 6.67998e-05 -0.0169905 0.0836677 6.05077e-05 -0.00033947 4.03398e-06 6.05077e-05 0.00925854 -0.0170427 6.67998e-05 -0.00033947 -0.0170427 0.0842777 
0.00930725 -0.017 1.15036e-05 5.17341e-05 -0.017 0.0837319 4.65801e-05 -0.000323276 1.15036e-05 4.65801e-05 0.00927669 -0.0170659 5.17341e-05 -0.000323276 -0.0170659 0.0843495 
0.0092813 -0.016981 1.34248e-06 3.86129e-05 -0.016981 0.0837054 3.43469e-05 -0.000287819 1.34248e-06 3.43469e-05 0.00929595 -0.0170835 3.86129e-05 -0.000287819 -0.0170835 0.084391 
0.00926552 -0.0169585 1.67041e-06 5.02745e-05 -0.0169585 0.08369 4.64145e-05 -0.000290392 1.67041e-06 4.64145e-05 0.0093087 -0.0171188 5.02745e-05 -0.000290392 -0.0171188 0.0845024 
0.00925127 -0.0169109 1.00869e-05 5.09478e-05 -0.0169109 0.083516 5.10356e-05 -0.000303714 1.00869e-05 5.10356e-05 0.00928794 -0.0171063 5.09478e-05 -0.000303714 -0.0171063 0.0844399 
0.00922281 -0.0168574 2.18236e-05 4.1294e-05 -0.0168574 0.0832409 4.37821e-05 -0.000296292 2.18236e-05 4.37821e-05 0.00925839 -0.0170458 4.1294e-05 -0.000296292 -0.0170458 0.0841945 
0.00920607 -0.0168181 2.69055e-05 2.69e-05 -0.0168181 0.0830439 2.92222e-05 -0.000269419 2.69055e-05 2.92222e-05 0.00923524 -0.0170033 2.69e-05 -0.000269419 -0.0170033 0.0839935 
0.00921472 -0.0168099 2.42695e-05 1.85716e-05 -0.0168099 0.0829805 1.9067e-05 -0.000238805 2.42695e-05 1.9067e-05 0.00920503 -0.0169856 1.85716e-05 -0.000238805 -0.0169856 0.0839126 
0.00922391 -0.0168228 2.47119e-05 2.11156e-05 -0.0168228 0.0829774 2.08232e-05 -0.000229144 2.47119e-05 2.08232e-05 0.00918041 -0.0169486 2.11156e-05 -0.000229144 -0.0169486 0.083819 
0.0092231 -0.0168519 2.57629e-05 1.9229e-05 -0.0168519 0.0830786 2.29387e-05 -0.000227245 2.57629e-05 2.29387e-05 0.00917783 -0.0169298 1.9229e-05 -0.000227245 -0.0169298 0.0837919 
0.00919283 -0.0168278 1.17545e-05 1.73629e-05 -0.0168278 0.082995 2.74509e-05 -0.000231195 1.17545e-05 2.74509e-05 0.00918037 -0.0168912 1.73629e-05 -0.000231195 -0.0168912 0.0836163 
0.00916267 -0.0167824 -6.47137e-06 3.28667e-05 -0.0167824 0.0828521 4.43707e-05 -0.000258021 -6.47137e-06 4.43707e-05 0.00918902 -0.0168806 3.28667e-05 -0.000258021 -0.0168806 0.0834842 
0.00915246 -0.0167731 -1.29115e-05 5.70046e-05 -0.0167731 0.0828646 6.51605e-05 -0.000307901 -1.29115e-05 6.51605e-05 0.00921527 -0.0169213 5.70046e-05 -0.000307901 -0.0169213 0.0835885 
0.00913558 -0.0167227 -3.1366e-07 6.45041e-05 -0.0167227 0.0826669 6.94897e-05 -0.000336152 -3.1366e-07 6.94897e-05 0.00920706 -0.016918 6.45041e-05 -0.000336152 -0.016918 0.083508 
0.00912339 -0.0166674 8.09468e-06 4.87912e-05 -0.0166674 0.0823774 5.13202e-05 -0.000315473 8.09468e-06 5.13202e-05 0.00917215 -0.0168753 4.87912e-05 -0.000315473 -0.0168753 0.0832868 
0.00914691 -0.0167351 1.3934e-05 3.89548e-05 -0.0167351 0.0826307 3.80784e-05 -0.000283158 1.3934e-05 3.80784e-05 0.00920338 -0.0169171 3.89548e-05 -0.000283158 -0.0169171 0.0835242 
0.00917598 -0.016754 6.01103e-06 3.71743e-05 -0.016754 0.0827439 2.9398e-05 -0.000264391 6.01103e-06 2.9398e-05 0.00920589 -0.0169478 3.71743e-05 -0.000264391 -0.0169478 0.0836432 
0.00921819 -0.0168199 1.2917e-05 5.30902e-05 -0.0168199 0.0830034 3.92956e-05 -0.000282459 1.2917e-05 3.92956e-05 0.00921467 -0.0169906 5.30902e-05 -0.000282459 -0.0169906 0.0838888 
0.0092286 -0.0168513 2.21138e-05 4.63642e-05 -0.0168513 0.0830965 3.29534e-05 -0.000287487 2.21138e-05 3.29534e-05 0.00921029 -0.0169767 4.63642e-05 -0.000287487 -0.0169767 0.0838988 
0.00921927 -0.0168605 2.18104e-05 3.03001e-05 -0.0168605 0.0831391 2.42511e-05 -0.000265531 2.18104e-05 2.42511e-05 0.00921323 -0.0169656 3.03001e-05 -0.000265531 -0.0169656 0.0838693 
0.009221 -0.0168794 1.46392e-05 2.51684e-05 -0.0168794 0.0832835 2.99502e-05 -0.000255188 1.46392e-05 2.99502e-05 0.00924031 -0.0169946 2.51684e-05 -0.000255188 -0.0169946 0.0839986 
0.00922429 -0.0168738 -3.98519e-06 3.25071e-05 -0.0168738 0.0833129 4.60642e-05 -0.000274647 -3.98519e-06 4.60642e-05 0.00925016 -0.0170187 3.25071e-05 -0.000274647 -0.0170187 0.0840713 
0.00922938 -0.0168724 -1.39726e-05 5.77653e-05 -0.0168724 0.0833102 7.54705e-05 -0.000334555 -1.39726e-05 7.54705e-05 0.00924965 -0.0170252 5.77653e-05 -0.000334555 -0.0170252 0.0841003 
0.00923728 -0.0168628 -1.32803e-05 7.37776e-05 -0.0168628 0.0832445 8.8848e-05 -0.000389668 -1.32803e-05 8.8848e-05 0.0092398 -0.017008 7.37776e-05 -0.000389668 -0.017008 0.0840317 
