0.00621798 0 6.25053e-06 0 0 0.00869897 0 0 6.25053e-06 0 0.00605394 0 0 0 0 0.00869897 
0.00949732 -0.0117849 2.43383e-05 -3.21935e-05 -0.0117849 0.0312107 -3.21935e-05 6.15992e-05 2.43383e-05 -3.21935e-05 0.00927402 -0.0115141 -3.21935e-05 6.15992e-05 -0.0115141 0.0306915 
0.00973355 -0.0181495 3.51971e-05 -0.000120656 -0.0181495 0.0668428 -0.000120656 0.00040677 3.51971e-05 -0.000120656 0.00962953 -0.0179233 -0.000120656 0.00040677 -0.0179233 0.0661619 
0.00913622 -0.0176195 2.83423e-05 -0.000183197 -0.0176195 0.0789987 -0.000190029 0.000920145 2.83423e-05 -0.000190029 0.00914338 -0.0177139 -0.000183197 0.000920145 -0.0177139 0.0795102 
0.00884734 -0.0165008 1.88408e-05 -0.000153486 -0.0165008 0.0795557 -0.000161883 0.00102905 1.88408e-05 -0.000161883 0.00888603 -0.0167129 -0.000153486 0.00102905 -0.0167129 0.0808012 
0.00862131 -0.0158421 1.1213e-05 -0.000104971 -0.0158421 0.0777444 -0.000109694 0.000805826 1.1213e-05 -0.000109694 0.00869043 -0.0160347 -0.000104971 0.000805826 -0.0160347 0.0789586 
0.00838079 -0.0153195 1.2615e-06 -7.51272e-05 -0.0153195 0.0755194 -7.78473e-05 0.000574215 1.2615e-06 -7.78473e-05 0.00843884 -0.015513 -7.51272e-05 0.000574215 -0.015513 0.0765478 
0.00817024 -0.0149246 -8.7103e-06 -5.90275e-05 -0.0149246 0.0736645 -6.01138e-05 0.0004334 -8.7103e-06 -6.01138e-05 0.00822318 -0.0150961 -5.90275e-05 0.0004334 -0.0150961 0.0745414 
0.00961461 -0.0175372 -1.41513e-05 -5.92535e-05 -0.0175372 0.0866089 -5.72734e-05 0.000432203 -1.41513e-05 -5.72734e-05 0.00966419 -0.0177311 -5.92535e-05 0.000432203 -0.0177311 0.0875527 
0.00952209 -0.0173359 -1.78164e-05 -5.77988e-05 -0.0173359 0.0855741 -5.28757e-05 0.000398486 -1.78164e-05 -5.28757e-05 0.00954437 -0.0175201 -5.77988e-05 0.000398486 -0.0175201 0.0864741 
0.009469 -0.0172519 -9.37669e-06 -5.65816e-05 -0.0172519 0.0850557 -5.01844e-05 0.000390596 -9.37669e-06 -5.01844e-05 0.00947161 -0.0174106 -5.65816e-05 0.000390596 -0.0174106 0.0859164 
0.00942976 -0.0171925 -1.32005e-06 -6.80679e-05 -0.0171925 0.0847326 -6.30853e-05 0.000410382 -1.32005e-06 -6.30853e-05 0.00942981 -0.0173327 -6.80679e-05 0.000410382 -0.0173327 0.085557 
0.00942446 -0.0171648 3.5601e-06 -8.15578e-05 -0.0171648 0.084597 -7.71682e-05 0.000449039 3.5601e-06 -7.71682e-05 0.00940279 -0.0173037 -8.15578e-05 0.000449039 -0.0173037 0.0854116 
0.00940417 -0.0171543 -1.07191e-05 -8.86947e-05 -0.0171543 0.0844943 -8.44022e-05 0.000477985 -1.07191e-05 -8.44022e-05 0.00939479 -0.017265 -8.86947e-05 0.000477985 -0.017265 0.0852647 
0.009388 -0.017116 -1.31671e-05 -7.0882e-05 -0.017116 0.0843342 -6.64563e-05 0.000460262 -1.31671e-05 -6.64563e-05 0.00937787 -0.0172376 -7.0882e-05 0.000460262 -0.0172376 0.0850917 
0.00935932 -0.0170796 -6.65146e-06 -6.32389e-05 -0.0170796 0.0841408 -5.92497e-05 0.000429968 -6.65146e-06 -5.92497e-05 0.00935785 -0.0171995 -6.32389e-05 0.000429968 -0.0171995 0.0848951 
0.00934573 -0.0170778 -2.34768e-06 -6.77603e-05 -0.0170778 0.0841607 -6.25066e-05 0.00041934 -2.34768e-06 -6.25066e-05 0.00936161 -0.0172101 -6.77603e-05 0.00041934 -0.0172101 0.0849322 
0.0093359 -0.0170514 -2.1805e-06 -6.89815e-05 -0.0170514 0.0840953 -6.56503e-05 0.000415844 -2.1805e-06 -6.56503e-05 0.00935743 -0.0172079 -6.89815e-05 0.000415844 -0.0172079 0.0849178 
0.00933247 -0.0170527 -2.61567e-07 -6.58904e-05 -0.0170527 0.0841107 -6.26343e-05 0.000403629 -2.61567e-07 -6.26343e-05 0.00936464 -0.0172162 -6.58904e-05 0.000403629 -0.0172162 0.0849694 
0.00932968 -0.0170393 8.09364e-06 -6.60671e-05 -0.0170393 0.0840694 -5.99467e-05 0.000389007 8.09364e-06 -5.99467e-05 0.00936299 -0.0172157 -6.60671e-05 0.000389007 -0.0172157 0.0849617 
0.00932514 -0.0170192 6.05969e-06 -7.80007e-05 -0.0170192 0.0839657 -6.79073e-05 0.000396111 6.05969e-06 -6.79073e-05 0.00933691 -0.0171979 -7.80007e-05 0.000396111 -0.0171979 0.0848771 
0.0093169 -0.0169946 9.89493e-06 -7.73455e-05 -0.0169946 0.0838182 -6.51146e-05 0.000398407 9.89493e-06 -6.51146e-05 0.00930462 -0.0171471 -7.73455e-05 0.000398407 -0.0171471 0.0846954 
0.00933085 -0.0170206 8.66066e-06 -7.95107e-05 -0.0170206 0.0839146 -6.78403e-05 0.000398645 8.66066e-06 -6.78403e-05 0.00929348 -0.0171427 -7.95107e-05 0.000398645 -0.0171427 0.0847248 
0.00933562 -0.0170096 -2.93542e-06 -7.50973e-05 -0.0170096 0.0838463 -6.57637e-05 0.000390965 -2.93542e-06 -6.57637e-05 0.00927135 -0.0170999 -7.50973e-05 0.000390965 -0.0170999 0.0845756 
0.00933308 -0.0170112 6.66496e-07 -5.81726e-05 -0.0170112 0.0838023 -5.37758e-05 0.00036325 6.66496e-07 -5.37758e-05 0.00926093 -0.017067 -5.81726e-05 0.00036325 -0.017067 0.0844425 
0.00933197 -0.0170281 3.72791e-06 -5.89983e-05 -0.0170281 0.0838661 -6.11997e-05 0.000355012 3.72791e-06 -6.11997e-05 0.00927481 -0.017068 -5.89983e-05 0.000355012 -0.017068 0.0844379 
0.00932998 -0.0170347 7.01467e-06 -6.309e-05 -0.0170347 0.0839283 -7.02016e-05 0.00036857 7.01467e-06 -7.02016e-05 0.00929194 -0.0170911 -6.309e-05 0.00036857 -0.0170911 0.0844975 
0.00931616 -0.0170107 1.45057e-05 -6.90065e-05 -0.0170107 0.0838424 -7.45334e-05 0.000384078 1.45057e-05 -7.45334e-05 0.00928446 -0.0170908 -6.90065e-05 0.000384078 -0.0170908 0.0844523 
0.00929791 -0.0169705 1.42804e-05 -7.80854e-05 -0.0169705 0.0836591 -7.87687e-05 0.000396772 1.42804e-05 -7.87687e-05 0.00925793 -0.0170559 -7.80854e-05 0.000396772 -0.0170559 0.084293 
0.00925476 -0.0169182 5.32675e-06 -7.80798e-05 -0.0169182 0.0833901 -7.36014e-05 0.000394941 5.32675e-06 -7.36014e-05 0.00923708 -0.0169878 -7.80798e-05 0.000394941 -0.0169878 0.0839971 
0.00923345 -0.0168626 5.26419e-06 -6.50491e-05 -0.0168626 0.0831699 -5.65642e-05 0.000362669 5.26419e-06 -5.65642e-05 0.00921517 -0.0169571 -6.50491e-05 0.000362669 -0.0169571 0.0837963 
0.00922731 -0.0168699 5.13054e-06 -6.19077e-05 -0.0168699 0.0832014 -5.25169e-05 0.000335389 5.13054e-06 -5.25169e-05 0.00922777 -0.0169759 -6.19077e-05 0.000335389 -0.0169759 0.0838765 
0.00921213 -0.0168733 6.77403e-06 -6.08627e-05 -0.0168733 0.0832632 -5.21813e-05 0.000324047 6.77403e-06 -5.21813e-05 0.00925188 -0.0170092 -6.08627e-05 0.000324047 -0.0170092 0.0840143 
0.00921551 -0.0168826 1.07104e-06 -6.03691e-05 -0.0168826 0.0834067 -5.59328e-05 0.000321935 1.07104e-06 -5.59328e-05 0.00927949 -0.017074 -6.03691e-05 0.000321935 -0.017074 0.0842911 
0.00921747 -0.0168505 -9.64807e-06 -5.11332e-05 -0.0168505 0.0833048 -4.88591e-05 0.000306254 -9.64807e-06 -4.88591e-05 0.00926919 -0.0170741 -5.11332e-05 0.000306254 -0.0170741 0.0843039 
0.00922193 -0.016829 -2.58128e-06 -3.65182e-05 -0.016829 0.0831556 -3.24372e-05 0.000270859 -2.58128e-06 -3.24372e-05 0.00923306 -0.0170394 -3.65182e-05 0.000270859 -0.0170394 0.0841787 
0.00920645 -0.016832 -9.53674e-06 -4.21878e-05 -0.016832 0.0830872 -3.77771e-05 0.000258292 -9.53674e-06 -3.77771e-05 0.00922489 -0.0169875 -4.21878e-05 0.000258292 -0.0169875 0.0840173 
0.00919045 -0.0168178 -1.98628e-05 -3.63004e-05 -0.0168178 0.0830459 -3.27766e-05 0.00025235 -1.98628e-05 -3.27766e-05 0.009224 -0.0169746 -3.63004e-05 0.00025235 -0.0169746 0.0839198 
0.00918311 -0.0167948 -1.58234e-05 -2.42943e-05 -0.0167948 0.0829725 -2.13259e-05 0.00022988 -1.58234e-05 -2.13259e-05 0.00921124 -0.0169685 -2.42943e-05 0.00022988 -0.0169685 0.0838582 
0.00918472 -0.0167571 -2.16593e-06 -2.76455e-05 -0.0167571 0.0827806 -2.76214e-05 0.000226842 -2.16593e-06 -2.76214e-05 0.00917225 -0.0169232 -2.76455e-05 0.000226842 -0.0169232 0.0836607 
0.00916403 -0.0167386 9.12308e-07 -4.37442e-05 -0.0167386 0.0825893 -4.54675e-05 0.000255218 9.12308e-07 -4.54675e-05 0.00914813 -0.0168479 -4.37442e-05 0.000255218 -0.0168479 0.0833661 
0.00914503 -0.016727 -3.04777e-06 -4.63082e-05 -0.016727 0.0825261 -4.89514e-05 0.00027381 -3.04777e-06 -4.89514e-05 0.00914423 -0.0168265 -4.63082e-05 0.00027381 -0.0168265 0.0832266 
0.00908463 -0.0166445 -9.92116e-06 -3.95798e-05 -0.0166445 0.0821603 -4.30627e-05 0.000267209 -9.92116e-06 -4.30627e-05 0.00912416 -0.0167624 -3.95798e-05 0.000267209 -0.0167624 0.0828635 
0.00904966 -0.0165976 -1.32709e-05 -3.12698e-05 -0.0165976 0.0820045 -3.52005e-05 0.000250056 -1.32709e-05 -3.52005e-05 0.00912552 -0.0167648 -3.12698e-05 0.000250056 -0.0167648 0.0827888 
0.00903699 -0.0165484 -1.20895e-05 -2.65018e-05 -0.0165484 0.0818308 -3.10338e-05 0.000234491 -1.20895e-05 -3.10338e-05 0.00910189 -0.0167595 -2.65018e-05 0.000234491 -0.0167595 0.0827215 
0.00904834 -0.0165821 -1.2101e-05 -2.86078e-05 -0.0165821 0.0819703 -3.13584e-05 0.000231222 -1.2101e-05 -3.13584e-05 0.00910942 -0.0167782 -2.86078e-05 0.000231222 -0.0167782 0.0828784 
0.00909405 -0.0166544 -1.1234e-05 -2.86478e-05 -0.0166544 0.0823407 -3.08046e-05 0.000230662 -1.1234e-05 -3.08046e-05 0.00912958 -0.016835 -2.86478e-05 0.000230662 -0.016835 0.0832042 
0.00913799 -0.0167178 -1.37084e-05 -3.04911e-05 -0.0167178 0.0826374 -3.21082e-05 0.000233628 -1.37084e-05 -3.21082e-05 0.00913558 -0.0168649 -3.04911e-05 0.000233628 -0.0168649 0.0834238 
0.00914155 -0.0167189 -1.17782e-05 -2.73989e-05 -0.0167189 0.082605 -3.03399e-05 0.000231132 -1.17782e-05 -3.03399e-05 0.00911843 -0.0168207 -2.73989e-05 0.000231132 -0.0168207 0.0832861 
0.00913532 -0.0167237 -3.3737e-06 -2.83709e-05 -0.0167237 0.0826011 -3.47901e-05 0.000233884 -3.3737e-06 -3.47901e-05 0.00911515 -0.0167975 -2.83709e-05 0.000233884 -0.0167975 0.083189 
0.00912574 -0.0166753 2.13603e-06 -3.70822e-05 -0.0166753 0.0823831 -4.42756e-05 0.00024838 2.13603e-06 -4.42756e-05 0.00907954 -0.0167506 -3.70822e-05 0.00024838 -0.0167506 0.0829356 
0.00910812 -0.0166432 1.29866e-06 -4.43305e-05 -0.0166432 0.0821635 -4.89571e-05 0.000263527 1.29866e-06 -4.89571e-05 0.00905042 -0.0166876 -4.43305e-05 0.000263527 -0.0166876 0.082661 
0.00910351 -0.0166667 -3.17197e-06 -4.35091e-05 -0.0166667 0.0822471 -4.50414e-05 0.000264283 -3.17197e-06 -4.50414e-05 0.00906165 -0.0166927 -4.35091e-05 0.000264283 -0.0166927 0.0826817 
0.00910407 -0.0166785 -5.39596e-06 -3.81496e-05 -0.0166785 0.0823593 -3.65509e-05 0.000250401 -5.39596e-06 -3.65509e-05 0.00907222 -0.0167243 -3.81496e-05 0.000250401 -0.0167243 0.0828006 
0.00907905 -0.0166152 -1.55889e-05 -3.56136e-05 -0.0166152 0.0820981 -3.23853e-05 0.000236298 -1.55889e-05 -3.23853e-05 0.00904032 -0.0166786 -3.56136e-05 0.000236298 -0.0166786 0.0825829 
0.00904933 -0.0165689 -7.96794e-06 -2.23334e-05 -0.0165689 0.0818547 -1.92934e-05 0.000209392 -7.96794e-06 -1.92934e-05 0.00901439 -0.0166231 -2.23334e-05 0.000209392 -0.0166231 0.0823426 
0.00903305 -0.0165355 -6.74974e-06 -2.8841e-05 -0.0165355 0.0817002 -2.70208e-05 0.000204483 -6.74974e-06 -2.70208e-05 0.00899675 -0.0165889 -2.8841e-05 0.000204483 -0.0165889 0.082175 
0.00902919 -0.0165202 7.05846e-07 -3.18705e-05 -0.0165202 0.0816157 -2.98071e-05 0.000211183 7.05846e-07 -2.98071e-05 0.00897408 -0.0165669 -3.18705e-05 0.000211183 -0.0165669 0.082069 
0.0090242 -0.0165358 1.13117e-05 -4.16337e-05 -0.0165358 0.0816635 -3.66762e-05 0.000225498 1.13117e-05 -3.66762e-05 0.00897034 -0.0165532 -4.16337e-05 0.000225498 -0.0165532 0.0820532 
0.00900612 -0.0165025 1.29083e-05 -5.45392e-05 -0.0165025 0.0815442 -5.0323e-05 0.000252706 1.29083e-05 -5.0323e-05 0.00895321 -0.016521 -5.45392e-05 0.000252706 -0.016521 0.0819003 
0.0090087 -0.0164938 1.2173e-05 -5.50701e-05 -0.0164938 0.0815228 -5.26837e-05 0.000265445 1.2173e-05 -5.26837e-05 0.00894971 -0.0165158 -5.50701e-05 0.000265445 -0.0165158 0.0818791 
0.00896269 -0.0164598 -9.89745e-06 -5.04739e-05 -0.0164598 0.0813346 -5.08468e-05 0.000259637 -9.89745e-06 -5.08468e-05 0.00896066 -0.0164746 -5.04739e-05 0.000259637 -0.0164746 0.0816821 
0.00893838 -0.0164369 -2.70648e-05 -2.29573e-05 -0.0164369 0.081323 -2.33676e-05 0.000213317 -2.70648e-05 -2.33676e-05 0.00899093 -0.0165175 -2.29573e-05 0.000213317 -0.0165175 0.0817602 
0.00890113 -0.0163465 -3.63428e-05 6.43021e-07 -0.0163465 0.0809691 -3.15816e-07 0.000148646 -3.63428e-05 -3.15816e-07 0.00897224 -0.0164985 6.43021e-07 0.000148646 -0.0164985 0.0815716 
0.00887816 -0.0163096 -1.10338e-05 1.31991e-05 -0.0163096 0.0807819 9.4247e-06 0.000105041 -1.10338e-05 9.4247e-06 0.00896213 -0.016486 1.31991e-05 0.000105041 -0.016486 0.0814953 
0.00888185 -0.0162899 4.88128e-06 -1.86562e-05 -0.0162899 0.0807035 -2.2791e-05 0.000140193 4.88128e-06 -2.2791e-05 0.00894542 -0.0164871 -1.86562e-05 0.000140193 -0.0164871 0.0814901 
0.00889621 -0.0162861 4.56785e-06 -4.38884e-05 -0.0162861 0.0806385 -4.24325e-05 0.000203072 4.56785e-06 -4.24325e-05 0.00891864 -0.0164625 -4.38884e-05 0.000203072 -0.0164625 0.0814268 
0.00891454 -0.0163047 -2.34484e-06 -4.79798e-05 -0.0163047 0.0806428 -3.8073e-05 0.000228215 -2.34484e-06 -3.8073e-05 0.00889544 -0.0164305 -4.79798e-05 0.000228215 -0.0164305 0.0813461 
0.00892732 -0.0163315 2.80666e-06 -3.76833e-05 -0.0163315 0.0806982 -2.4917e-05 0.000210951 2.80666e-06 -2.4917e-05 0.00888947 -0.0164049 -3.76833e-05 0.000210951 -0.0164049 0.0812795 
0.00896334 -0.0163939 -1.84568e-06 -4.1514e-05 -0.0163939 0.0809699 -3.07725e-05 0.000205694 -1.84568e-06 -3.07725e-05 0.00890651 -0.0164409 -4.1514e-05 0.000205694 -0.0164409 0.0814562 
0.00899387 -0.0164794 -9.98842e-06 -3.5459e-05 -0.0164794 0.0813557 -2.89577e-05 0.000202875 -9.98842e-06 -2.89577e-05 0.0089435 -0.0164999 -3.5459e-05 0.000202875 -0.0164999 0.0817646 
0.00899914 -0.0165025 -7.80013e-06 -2.11317e-05 -0.0165025 0.0815179 -1.89938e-05 0.000179004 -7.80013e-06 -1.89938e-05 0.00896317 -0.0165307 -2.11317e-05 0.000179004 -0.0165307 0.0819075 
0.0090139 -0.0165414 9.49572e-07 -1.81551e-05 -0.0165414 0.0817609 -1.87549e-05 0.000159257 9.49572e-07 -1.87549e-05 0.00899205 -0.0165879 -1.81551e-05 0.000159257 -0.0165879 0.0821808 
0.00900654 -0.0165028 9.41787e-06 -2.72614e-05 -0.0165028 0.0816282 -3.00498e-05 0.000166606 9.41787e-06 -3.00498e-05 0.00897791 -0.0165689 -2.72614e-05 0.000166606 -0.0165689 0.0820947 
0.00898856 -0.0164563 2.58539e-05 -3.97515e-05 -0.0164563 0.081373 -4.41904e-05 0.000195195 2.58539e-05 -4.41904e-05 0.00895225 -0.016513 -3.97515e-05 0.000195195 -0.016513 0.0818425 
0.00896198 -0.016439 3.08303e-05 -6.2348e-05 -0.016439 0.0812547 -6.534e-05 0.000244832 3.08303e-05 -6.534e-05 0.00895296 -0.0164899 -6.2348e-05 0.000244832 -0.0164899 0.0817159 
0.00894912 -0.0164207 2.13918e-05 -7.27096e-05 -0.0164207 0.0812276 -7.17951e-05 0.000283262 2.13918e-05 -7.17951e-05 0.00896104 -0.0165131 -7.27096e-05 0.000283262 -0.0165131 0.0817596 
0.00895301 -0.0163917 9.18564e-06 -6.17239e-05 -0.0163917 0.0811281 -5.67512e-05 0.000274904 9.18564e-06 -5.67512e-05 0.00894503 -0.0165165 -6.17239e-05 0.000274904 -0.0165165 0.0817603 
0.00897165 -0.0164291 -4.69152e-06 -4.63994e-05 -0.0164291 0.0812552 -3.97735e-05 0.000240581 -4.69152e-06 -3.97735e-05 0.00895291 -0.0165308 -4.63994e-05 0.000240581 -0.0165308 0.0818959 
0.0089745 -0.0164571 -9.95244e-06 -2.77968e-05 -0.0164571 0.0813706 -2.15361e-05 0.000194685 -9.95244e-06 -2.15361e-05 0.00896471 -0.0165362 -2.77968e-05 0.000194685 -0.0165362 0.0819564 
0.00896863 -0.0164516 -1.77493e-05 -1.83888e-05 -0.0164516 0.0813787 -1.25847e-05 0.000156213 -1.77493e-05 -1.25847e-05 0.00896823 -0.0165331 -1.83888e-05 0.000156213 -0.0165331 0.0819311 
0.00893189 -0.016375 -2.50932e-05 -7.14791e-06 -0.016375 0.0810241 -1.205e-06 0.000121807 -2.50932e-05 -1.205e-06 0.00893305 -0.0164634 -7.14791e-06 0.000121807 -0.0164634 0.08157 
0.00892648 -0.0163724 -1.59213e-05 4.94729e-06 -0.0163724 0.0810071 1.00025e-05 8.59748e-05 -1.59213e-05 1.00025e-05 0.00893767 -0.0164681 4.94729e-06 8.59748e-05 -0.0164681 0.0815689 
0.00892109 -0.0163636 6.59689e-07 -5.27963e-06 -0.0163636 0.0809807 -9.16327e-07 8.59226e-05 6.59689e-07 -9.16327e-07 0.00893873 -0.016476 -5.27963e-06 8.59226e-05 -0.016476 0.0815808 
0.00890828 -0.0163393 1.50672e-05 -2.81295e-05 -0.0163393 0.0808752 -2.31747e-05 0.000126871 1.50672e-05 -2.31747e-05 0.00893731 -0.0164657 -2.81295e-05 0.000126871 -0.0164657 0.0815233 
0.00892129 -0.0163342 1.59803e-05 -4.68446e-05 -0.0163342 0.0808546 -4.20065e-05 0.000176723 1.59803e-05 -4.20065e-05 0.00892676 -0.0164756 -4.68446e-05 0.000176723 -0.0164756 0.0815483 
0.00894055 -0.0163837 -2.2143e-06 -4.62538e-05 -0.0163837 0.0810311 -4.27285e-05 0.000195548 -2.2143e-06 -4.27285e-05 0.00893427 -0.0164957 -4.62538e-05 0.000195548 -0.0164957 0.0817026 
0.00893853 -0.016381 -1.12325e-05 -2.22733e-05 -0.016381 0.0810144 -1.95329e-05 0.000160873 -1.12325e-05 -1.95329e-05 0.0089215 -0.0164711 -2.22733e-05 0.000160873 -0.0164711 0.0816234 
0.00894278 -0.0163612 -1.37911e-05 -7.23622e-06 -0.0163612 0.0809192 -3.77565e-06 0.000111853 -1.37911e-05 -3.77565e-06 0.00889296 -0.0164379 -7.23622e-06 0.000111853 -0.0164379 0.0814799 
0.00893923 -0.0163471 -1.81402e-05 -1.38942e-06 -0.0163471 0.0807816 2.27178e-06 7.91887e-05 -1.81402e-05 2.27178e-06 0.00886335 -0.0163802 -1.38942e-06 7.91887e-05 -0.0163802 0.0812529 
0.00892753 -0.0163401 -8.62758e-06 4.24389e-06 -0.0163401 0.0806939 8.46231e-06 5.67995e-05 -8.62758e-06 8.46231e-06 0.00884911 -0.0163352 4.24389e-06 5.67995e-05 -0.0163352 0.0810553 
0.00892659 -0.0163277 3.19662e-06 -6.67969e-06 -0.0163277 0.0806345 -4.52698e-06 6.59069e-05 3.19662e-06 -4.52698e-06 0.00883816 -0.0163179 -6.67969e-06 6.59069e-05 -0.0163179 0.0809397 
0.00894376 -0.0163775 1.66203e-05 -2.17388e-05 -0.0163775 0.0808503 -2.27393e-05 0.00010069 1.66203e-05 -2.27393e-05 0.00886478 -0.0163581 -2.17388e-05 0.00010069 -0.0163581 0.0811284 
0.00894195 -0.0163997 8.68902e-06 -3.78857e-05 -0.0163997 0.0809855 -4.03841e-05 0.000142449 8.68902e-06 -4.03841e-05 0.00889279 -0.0163939 -3.78857e-05 0.000142449 -0.0163939 0.0812762 
0.00895134 -0.0163871 -5.29627e-06 -2.74137e-05 -0.0163871 0.0809903 -2.94784e-05 0.000141962 -5.29627e-06 -2.94784e-05 0.00889166 -0.0164187 -2.74137e-05 0.000141962 -0.0164187 0.0813507 
0.00896874 -0.0164137 -1.7068e-05 -1.0445e-05 -0.0164137 0.0810924 -1.11415e-05 0.000107761 -1.7068e-05 -1.11415e-05 0.00890071 -0.0164419 -1.0445e-05 0.000107761 -0.0164419 0.081494 
0.0089917 -0.0164688 -2.36439e-05 2.29067e-06 -0.0164688 0.0813469 4.62316e-06 6.99191e-05 -2.36439e-05 4.62316e-06 0.00893361 -0.0164899 2.29067e-06 6.99191e-05 -0.0164899 0.081753 
0.00901291 -0.016514 -1.93216e-05 9.47874e-06 -0.016514 0.0815962 1.42109e-05 4.18758e-05 -1.93216e-05 1.42109e-05 0.00896478 -0.0165488 9.47874e-06 4.18758e-05 -0.0165488 0.0820262 
0.00902194 -0.0165114 -1.90604e-05 4.40436e-06 -0.0165114 0.0816179 8.34466e-06 3.9955e-05 -1.90604e-05 8.34466e-06 0.00897086 -0.0165654 4.40436e-06 3.9955e-05 -0.0165654 0.0821017 
0.00903468 -0.0165311 -1.11087e-05 2.599e-06 -0.0165311 0.0816933 6.94449e-06 4.73759e-05 -1.11087e-05 6.94449e-06 0.00898236 -0.0165837 2.599e-06 4.73759e-05 -0.0165837 0.0822033 
0.00905126 -0.016596 4.53553e-06 -8.19566e-06 -0.016596 0.0820003 -3.80877e-06 6.76894e-05 4.53553e-06 -3.80877e-06 0.00902941 -0.0166476 -8.19566e-06 6.76894e-05 -0.0166476 0.0825179 
0.00902819 -0.0165541 7.05861e-06 -2.80569e-05 -0.0165541 0.0818723 -2.41306e-05 0.000109994 7.05861e-06 -2.41306e-05 0.00903455 -0.0166479 -2.80569e-05 0.000109994 -0.0166479 0.0824644 
0.00900285 -0.0164931 1.08058e-05 -3.33064e-05 -0.0164931 0.0816082 -3.25719e-05 0.000144599 1.08058e-05 -3.25719e-05 0.0090249 -0.0166226 -3.33064e-05 0.000144599 -0.0166226 0.0822968 
0.0089587 -0.0164224 1.43679e-06 -3.55011e-05 -0.0164224 0.0812448 -4.05305e-05 0.000164526 1.43679e-06 -4.05305e-05 0.00900919 -0.0165706 -3.55011e-05 0.000164526 -0.0165706 0.0820022 
0.00893566 -0.0163883 -7.90855e-06 -2.19355e-05 -0.0163883 0.0810945 -3.09109e-05 0.000155794 -7.90855e-06 -3.09109e-05 0.00901657 -0.0165731 -2.19355e-05 0.000155794 -0.0165731 0.0819353 
0.00898369 -0.0164463 7.45651e-07 -8.59851e-06 -0.0164463 0.081413 -1.84057e-05 0.000127591 7.45651e-07 -1.84057e-05 0.00904176 -0.0166787 -8.59851e-06 0.000127591 -0.0166787 0.0823793 
0.00901439 -0.0164902 1.18311e-05 -1.83414e-05 -0.0164902 0.0815771 -2.74683e-05 0.00012816 1.18311e-05 -2.74683e-05 0.00904614 -0.016699 -1.83414e-05 0.00012816 -0.016699 0.0825675 
0.00903361 -0.0165101 1.18855e-06 -3.51509e-05 -0.0165101 0.081623 -4.22049e-05 0.000159523 1.18855e-06 -4.22049e-05 0.0090327 -0.0166804 -3.51509e-05 0.000159523 -0.0166804 0.0825439 
0.00905866 -0.0165441 1.17129e-06 -2.66397e-05 -0.0165441 0.0817306 -3.11466e-05 0.000164576 1.17129e-06 -3.11466e-05 0.00902847 -0.016672 -2.66397e-05 0.000164576 -0.016672 0.0825493 
0.00905946 -0.0165671 4.34675e-07 -2.74637e-05 -0.0165671 0.0817853 -2.86007e-05 0.000160687 4.34675e-07 -2.86007e-05 0.00903455 -0.0166565 -2.74637e-05 0.000160687 -0.0166565 0.0824989 
0.00906433 -0.0165907 5.01515e-06 -2.87016e-05 -0.0165907 0.0819136 -2.96142e-05 0.000164907 5.01515e-06 -2.96142e-05 0.00905078 -0.0166812 -2.87016e-05 0.000164907 -0.0166812 0.0825792 
0.00907094 -0.0165981 1.00055e-05 -3.44381e-05 -0.0165981 0.0819855 -3.67451e-05 0.000178572 1.00055e-05 -3.67451e-05 0.00905882 -0.0167043 -3.44381e-05 0.000178572 -0.0167043 0.0826647 
0.00910146 -0.0166407 1.14006e-05 -4.07023e-05 -0.0166407 0.0822016 -4.3319e-05 0.000196863 1.14006e-05 -4.3319e-05 0.00907111 -0.0167505 -4.07023e-05 0.000196863 -0.0167505 0.0828997 
0.00911582 -0.0166653 1.47586e-05 -4.26256e-05 -0.0166653 0.0822975 -4.45614e-05 0.000206861 1.47586e-05 -4.45614e-05 0.00906821 -0.0167506 -4.26256e-05 0.000206861 -0.0167506 0.0829597 
0.00912305 -0.0166594 8.24341e-06 -4.74653e-05 -0.0166594 0.0822508 -4.74004e-05 0.000215761 8.24341e-06 -4.74004e-05 0.00904859 -0.016717 -4.74653e-05 0.000215761 -0.016717 0.0828409 
0.00910658 -0.0166472 -4.58132e-06 -4.17222e-05 -0.0166472 0.0821341 -3.8706e-05 0.000209637 -4.58132e-06 -3.8706e-05 0.00903454 -0.0166662 -4.17222e-05 0.000209637 -0.0166662 0.0826268 
0.00909468 -0.0166231 -1.4534e-05 -2.63746e-05 -0.0166231 0.082029 -1.96621e-05 0.000176649 -1.4534e-05 -1.96621e-05 0.00901671 -0.0166436 -2.63746e-05 0.000176649 -0.0166436 0.0824786 
0.00905281 -0.016576 -1.52932e-05 -1.12173e-05 -0.016576 0.081795 -5.18271e-06 0.000134567 -1.52932e-05 -5.18271e-06 0.0090043 -0.0165921 -1.12173e-05 0.000134567 -0.0165921 0.082231 
0.00901828 -0.016513 -1.28247e-05 -3.76783e-06 -0.016513 0.0815466 -2.23628e-06 0.000103016 -1.28247e-05 -2.23628e-06 0.00898605 -0.0165623 -3.76783e-06 0.000103016 -0.0165623 0.0820234 
0.0089904 -0.0164443 -1.39575e-05 -2.82865e-06 -0.0164443 0.0812357 -5.05306e-06 9.0295e-05 -1.39575e-05 -5.05306e-06 0.00896052 -0.0165179 -2.82865e-06 9.0295e-05 -0.0165179 0.0817798 
0.00899999 -0.0164407 -1.70575e-05 -7.41166e-07 -0.0164407 0.0811963 -3.08132e-06 8.12401e-05 -1.70575e-05 -3.08132e-06 0.00894822 -0.0165217 -7.41166e-07 8.12401e-05 -0.0165217 0.0817829 
0.00902471 -0.0164914 -6.13e-06 2.98433e-07 -0.0164914 0.0813844 2.00948e-06 7.38887e-05 -6.13e-06 2.00948e-06 0.00894957 -0.0165427 2.98433e-07 7.38887e-05 -0.0165427 0.0819368 
0.0090247 -0.0165075 -6.35784e-06 -1.63754e-05 -0.0165075 0.0814415 -1.27941e-05 9.63275e-05 -6.35784e-06 -1.27941e-05 0.00894581 -0.0165242 -1.63754e-05 9.63275e-05 -0.0165242 0.0819114 
0.00900527 -0.0164886 7.51558e-06 -1.85513e-05 -0.0164886 0.081372 -1.67742e-05 0.000118339 7.51558e-06 -1.67742e-05 0.00894266 -0.0164967 -1.85513e-05 0.000118339 -0.0164967 0.0817848 
0.00900931 -0.0165072 1.92277e-05 -3.37248e-05 -0.0165072 0.0815085 -3.59055e-05 0.000152981 1.92277e-05 -3.59055e-05 0.00896436 -0.0165336 -3.37248e-05 0.000152981 -0.0165336 0.0819295 
0.00901893 -0.0165216 2.53778e-05 -5.10612e-05 -0.0165216 0.0816244 -5.56495e-05 0.000203626 2.53778e-05 -5.56495e-05 0.00897817 -0.0165702 -5.10612e-05 0.000203626 -0.0165702 0.0820891 
0.00900057 -0.0164999 1.95162e-05 -5.86882e-05 -0.0164999 0.0815352 -6.11215e-05 0.000234696 1.95162e-05 -6.11215e-05 0.00897328 -0.0165525 -5.86882e-05 0.000234696 -0.0165525 0.0820222 
0.00898537 -0.0164755 1.82876e-08 -5.04555e-05 -0.0164755 0.0814575 -4.9349e-05 0.000226364 1.82876e-08 -4.9349e-05 0.00897366 -0.0165463 -5.04555e-05 0.000226364 -0.0165463 0.0819783 
0.00896954 -0.0164445 -8.33763e-06 -2.3736e-05 -0.0164445 0.0813428 -2.16799e-05 0.000172481 -8.33763e-06 -2.16799e-05 0.00897305 -0.0165404 -2.3736e-05 0.000172481 -0.0165404 0.0819246 
0.00894642 -0.0163972 -1.96946e-05 -9.47934e-06 -0.0163972 0.0811256 -7.91288e-06 0.00011928 -1.96946e-05 -7.91288e-06 0.00895532 -0.016513 -9.47934e-06 0.00011928 -0.016513 0.0817682 
0.00891699 -0.0163582 -1.12958e-05 5.67051e-06 -0.0163582 0.080931 5.00239e-06 7.77374e-05 -1.12958e-05 5.00239e-06 0.00894534 -0.0164794 5.67051e-06 7.77374e-05 -0.0164794 0.081605 
0.00889452 -0.0163259 -7.61998e-06 -2.61315e-06 -0.0163259 0.0808024 -4.24898e-06 7.15339e-05 -7.61998e-06 -4.24898e-06 0.00894396 -0.0164691 -2.61315e-06 7.15339e-05 -0.0164691 0.081518 
0.00890228 -0.0163002 -4.05957e-06 -1.00464e-05 -0.0163002 0.0807078 -1.10807e-05 8.82156e-05 -4.05957e-06 -1.10807e-05 0.00892018 -0.0164683 -1.00464e-05 8.82156e-05 -0.0164683 0.0814813 
0.00893329 -0.016297 6.57599e-06 -1.73483e-05 -0.016297 0.0806147 -1.87967e-05 0.000110361 6.57599e-06 -1.87967e-05 0.00887078 -0.0164256 -1.73483e-05 0.000110361 -0.0164256 0.0813484 
0.00897448 -0.0163912 9.33872e-06 -3.23587e-05 -0.0163912 0.0809048 -3.25464e-05 0.000144271 9.33872e-06 -3.25464e-05 0.00887675 -0.0164155 -3.23587e-05 0.000144271 -0.0164155 0.0814416 
0.00901276 -0.0164936 1.16344e-06 -3.76598e-05 -0.0164936 0.0813602 -3.61244e-05 0.00016836 1.16344e-06 -3.61244e-05 0.00891456 -0.0164618 -3.76598e-05 0.00016836 -0.0164618 0.0816971 
0.00899589 -0.016482 3.6844e-06 -2.78355e-05 -0.016482 0.0813413 -2.52345e-05 0.000159769 3.6844e-06 -2.52345e-05 0.00892353 -0.0164469 -2.78355e-05 0.000159769 -0.0164469 0.081593 
0.00898336 -0.0164791 1.01655e-05 -2.80118e-05 -0.0164791 0.0813856 -2.51618e-05 0.000149071 1.01655e-05 -2.51618e-05 0.0089518 -0.0164802 -2.80118e-05 0.000149071 -0.0164802 0.0816744 
0.00895972 -0.0164744 1.005e-05 -3.57627e-05 -0.0164744 0.0814384 -3.25187e-05 0.000157065 1.005e-05 -3.25187e-05 0.00899632 -0.0165337 -3.57627e-05 0.000157065 -0.0165337 0.0818517 
0.00892379 -0.0163893 1.13359e-05 -3.53212e-05 -0.0163893 0.0811558 -3.22474e-05 0.000161308 1.13359e-05 -3.22474e-05 0.00899147 -0.016547 -3.53212e-05 0.000161308 -0.016547 0.0817982 
0.00892483 -0.0163487 -9.45775e-06 -3.40773e-05 -0.0163487 0.0809864 -3.37118e-05 0.000159532 -9.45775e-06 -3.37118e-05 0.00897481 -0.0165558 -3.40773e-05 0.000159532 -0.0165558 0.0818252 
0.00893623 -0.0163534 -1.71638e-05 -9.29396e-06 -0.0163534 0.0809368 -1.07774e-05 0.000123648 -1.71638e-05 -1.07774e-05 0.00895891 -0.0165402 -9.29396e-06 0.000123648 -0.0165402 0.0818225 
0.00893858 -0.0163851 -9.2813e-06 1.87215e-06 -0.0163851 0.0810284 -3.26897e-07 8.62639e-05 -9.2813e-06 -3.26897e-07 0.00895608 -0.0165343 1.87215e-06 8.62639e-05 -0.0165343 0.0818561 
0.00890645 -0.0163358 6.71967e-06 -6.32177e-06 -0.0163358 0.0808119 -8.5491e-06 8.41243e-05 6.71967e-06 -8.5491e-06 0.00893646 -0.0164704 -6.32177e-06 8.41243e-05 -0.0164704 0.0815758 
0.00890856 -0.0163299 1.82761e-05 -2.74322e-05 -0.0163299 0.0808089 -2.95149e-05 0.000120917 1.82761e-05 -2.95149e-05 0.00893991 -0.0164742 -2.74322e-05 0.000120917 -0.0164742 0.0815589 
0.00894167 -0.0163588 1.82279e-05 -4.35146e-05 -0.0163588 0.0809403 -4.90165e-05 0.000171789 1.82279e-05 -4.90165e-05 0.00893724 -0.0165056 -4.35146e-05 0.000171789 -0.0165056 0.0816927 
0.00898067 -0.0164207 9.26853e-06 -4.2442e-05 -0.0164207 0.0811654 -5.38926e-05 0.000198186 9.26853e-06 -5.38926e-05 0.00893279 -0.0165202 -4.2442e-05 0.000198186 -0.0165202 0.0818422 
0.00897382 -0.0164325 -4.00142e-06 -3.00871e-05 -0.0164325 0.0811561 -4.41307e-05 0.000190372 -4.00142e-06 -4.41307e-05 0.008915 -0.0164666 -3.00871e-05 0.000190372 -0.0164666 0.0816709 
0.00894543 -0.016422 -1.15469e-05 -1.63698e-05 -0.016422 0.0811183 -2.58631e-05 0.00016002 -1.15469e-05 -2.58631e-05 0.00891947 -0.0164321 -1.63698e-05 0.00016002 -0.0164321 0.0815092 
0.00892342 -0.0163774 -1.98981e-05 -9.08904e-06 -0.0163774 0.0809964 -1.34522e-05 0.000130158 -1.98981e-05 -1.34522e-05 0.00891732 -0.0164276 -9.08904e-06 0.000130158 -0.0164276 0.0814019 
