0.00779017 0 9.02422e-06 0 0 0.0110275 0 0 9.02422e-06 0 0.00774405 0 0 0 0 0.0110275 
0.00949109 -0.0117778 7.43952e-07 8.4983e-07 -0.0117778 0.0312958 8.4983e-07 -1.50777e-06 7.43952e-07 8.4983e-07 0.00946654 -0.0117522 8.4983e-07 -1.50777e-06 -0.0117522 0.0312469 
0.00968336 -0.0179822 -1.71968e-05 5.54175e-05 -0.0179822 0.0663254 5.54175e-05 -0.000192085 -1.71968e-05 5.54175e-05 0.00970657 -0.0181088 5.54175e-05 -0.000192085 -0.0181088 0.0667756 
0.00911015 -0.017474 -2.89647e-05 0.000120363 -0.017474 0.0782857 0.000121692 -0.000584899 -2.89647e-05 0.000121692 0.0091611 -0.0177987 0.000120363 -0.000584899 -0.0177987 0.0799113 
0.00883369 -0.0163929 -7.91839e-06 0.000117851 -0.0163929 0.0788566 0.000119114 -0.000705782 -7.91839e-06 0.000119114 0.00886162 -0.0167202 0.000117851 -0.000705782 -0.0167202 0.0809172 
0.008606 -0.0157685 1.16109e-05 6.88599e-05 -0.0157685 0.0771708 6.65276e-05 -0.000546093 1.16109e-05 6.65276e-05 0.00864961 -0.0159902 6.88599e-05 -0.000546093 -0.0159902 0.0788531 
0.00836109 -0.015273 1.66093e-05 2.94907e-05 -0.015273 0.0751367 2.56918e-05 -0.000346281 1.66093e-05 2.56918e-05 0.00840921 -0.0154749 2.94907e-05 -0.000346281 -0.0154749 0.0764328 
0.0081659 -0.0149021 7.91563e-06 1.82799e-05 -0.0149021 0.0734999 1.5368e-05 -0.000231914 7.91563e-06 1.5368e-05 0.00820763 -0.0151077 1.82799e-05 -0.000231914 -0.0151077 0.0746165 
0.0112034 -0.0204155 6.21802e-06 4.12565e-05 -0.0204155 0.100799 3.7424e-05 -0.000290268 6.21802e-06 3.7424e-05 0.0112431 -0.0206944 4.12565e-05 -0.000290268 -0.0206944 0.102249 
0.0110837 -0.020156 3.6172e-06 5.04242e-05 -0.020156 0.0994921 4.92377e-05 -0.000306239 3.6172e-06 4.92377e-05 0.0110776 -0.0204128 5.04242e-05 -0.000306239 -0.0204128 0.10087 
0.0110195 -0.0200732 -2.32957e-06 5.54384e-05 -0.0200732 0.0989616 5.58221e-05 -0.000328338 -2.32957e-06 5.58221e-05 0.0110238 -0.0202734 5.54384e-05 -0.000328338 -0.0202734 0.100227 
0.0109656 -0.020001 -2.70725e-05 6.48336e-05 -0.020001 0.0986129 6.34001e-05 -0.000351933 -2.70725e-05 6.34001e-05 0.0109992 -0.0202131 6.48336e-05 -0.000351933 -0.0202131 0.0998458 
0.010919 -0.0199359 -4.27788e-05 9.64218e-05 -0.0199359 0.0983346 9.15229e-05 -0.000409264 -4.27788e-05 9.15229e-05 0.0109795 -0.0201828 9.64218e-05 -0.000409264 -0.0201828 0.0996229 
0.0108625 -0.0198714 -1.19378e-05 0.00011498 -0.0198714 0.0980693 0.00010954 -0.000463011 -1.19378e-05 0.00010954 0.0109767 -0.0201475 0.00011498 -0.000463011 -0.0201475 0.099427 
0.0107985 -0.019738 -2.21353e-06 7.35886e-05 -0.019738 0.0975196 7.39663e-05 -0.000422106 -2.21353e-06 7.39663e-05 0.0109347 -0.0200782 7.35886e-05 -0.000422106 -0.0200782 0.098997 
0.0107827 -0.0196533 6.72623e-06 5.20828e-05 -0.0196533 0.0971108 5.61838e-05 -0.00035251 6.72623e-06 5.61838e-05 0.0108791 -0.0200212 5.20828e-05 -0.00035251 -0.0200212 0.0986844 
0.010768 -0.0196483 2.21409e-05 3.99163e-05 -0.0196483 0.096958 4.13483e-05 -0.00030095 2.21409e-05 4.13483e-05 0.0108486 -0.0199618 3.99163e-05 -0.00030095 -0.0199618 0.098473 
0.0107701 -0.0196389 2.10438e-05 2.07046e-05 -0.0196389 0.0968963 1.87302e-05 -0.000246281 2.10438e-05 1.87302e-05 0.0108116 -0.0199256 2.07046e-05 -0.000246281 -0.0199256 0.0983162 
0.0107905 -0.0196666 1.34046e-06 2.1224e-05 -0.0196666 0.0969851 1.73902e-05 -0.000218794 1.34046e-06 1.73902e-05 0.010786 -0.0199038 2.1224e-05 -0.000218794 -0.0199038 0.0982895 
0.0107821 -0.0196802 -2.08462e-05 4.67752e-05 -0.0196802 0.0969982 3.88167e-05 -0.000246181 -2.08462e-05 3.88167e-05 0.0107727 -0.0198533 4.67752e-05 -0.000246181 -0.0198533 0.098141 
0.0107724 -0.0196769 -2.1378e-05 7.57617e-05 -0.0196769 0.0970132 6.52844e-05 -0.000305573 -2.1378e-05 6.52844e-05 0.0107814 -0.0198364 7.57617e-05 -0.000305573 -0.0198364 0.0980531 
0.0108011 -0.0196616 -1.5817e-05 7.8775e-05 -0.0196616 0.0969835 6.82641e-05 -0.000337365 -1.5817e-05 6.82641e-05 0.0107587 -0.0198488 7.8775e-05 -0.000337365 -0.0198488 0.0980373 
0.0108033 -0.0197046 -1.3004e-06 7.30799e-05 -0.0197046 0.0970679 6.62408e-05 -0.000342632 -1.3004e-06 6.62408e-05 0.0107743 -0.0198392 7.30799e-05 -0.000342632 -0.0198392 0.0980691 
0.0108121 -0.0197419 4.97574e-06 5.45034e-05 -0.0197419 0.0972791 5.4249e-05 -0.000322732 4.97574e-06 5.4249e-05 0.0108072 -0.019889 5.45034e-05 -0.000322732 -0.019889 0.0982605 
0.0108173 -0.0197305 1.24391e-05 4.5269e-05 -0.0197305 0.0972814 5.1169e-05 -0.000304976 1.24391e-05 5.1169e-05 0.0108035 -0.0199111 4.5269e-05 -0.000304976 -0.0199111 0.0983231 
0.010837 -0.0197599 1.43871e-05 3.42567e-05 -0.0197599 0.0974033 4.57274e-05 -0.000289219 1.43871e-05 4.57274e-05 0.0108013 -0.0199291 3.42567e-05 -0.000289219 -0.0199291 0.0984591 
0.0108467 -0.0197558 1.8899e-05 3.08286e-05 -0.0197558 0.0973523 4.62266e-05 -0.000282674 1.8899e-05 4.62266e-05 0.0107868 -0.0198877 3.08286e-05 -0.000282674 -0.0198877 0.098334 
0.0108886 -0.0198628 7.4477e-06 2.46214e-05 -0.0198628 0.0978083 4.33975e-05 -0.000277793 7.4477e-06 4.33975e-05 0.0108245 -0.0199547 2.46214e-05 -0.000277793 -0.0199547 0.0986806 
0.0109076 -0.0199125 1.01107e-05 3.63117e-05 -0.0199125 0.0980822 5.72769e-05 -0.000294523 1.01107e-05 5.72769e-05 0.0108483 -0.0199911 3.63117e-05 -0.000294523 -0.0199911 0.0988719 
0.0109195 -0.0199049 8.846e-06 3.9254e-05 -0.0199049 0.0980944 5.68392e-05 -0.000313672 8.846e-06 5.68392e-05 0.0108313 -0.0199888 3.9254e-05 -0.000313672 -0.0199888 0.0988586 
0.0109023 -0.0198859 6.8958e-06 4.43896e-05 -0.0198859 0.0979584 5.7322e-05 -0.000326321 6.8958e-06 5.7322e-05 0.0108126 -0.019934 4.43896e-05 -0.000326321 -0.019934 0.0986571 
0.0108688 -0.019863 1.6435e-05 5.12368e-05 -0.019863 0.0978626 5.77588e-05 -0.000339978 1.6435e-05 5.77588e-05 0.010821 -0.0199099 5.12368e-05 -0.000339978 -0.0199099 0.0985235 
0.0108495 -0.0198289 3.03586e-05 4.58611e-05 -0.0198289 0.0977875 4.71535e-05 -0.000339294 3.03586e-05 4.71535e-05 0.010837 -0.0199291 4.58611e-05 -0.000339294 -0.0199291 0.0985244 
0.0108113 -0.0197666 2.05412e-05 3.19983e-05 -0.0197666 0.097526 3.14182e-05 -0.000317449 2.05412e-05 3.14182e-05 0.0108432 -0.0199145 3.19983e-05 -0.000317449 -0.0199145 0.0983842 
0.0107708 -0.0196889 6.85093e-07 4.13611e-05 -0.0196889 0.0971809 4.24024e-05 -0.000321147 6.85093e-07 4.24024e-05 0.0108313 -0.0198896 4.13611e-05 -0.000321147 -0.0198896 0.0981685 
0.0107827 -0.0196987 -4.83521e-06 6.38867e-05 -0.0196987 0.0972466 6.41244e-05 -0.000359493 -4.83521e-06 6.41244e-05 0.0108398 -0.0199405 6.38867e-05 -0.000359493 -0.0199405 0.0983569 
0.0107784 -0.0196802 -8.66988e-06 7.1211e-05 -0.0196802 0.0971423 7.11787e-05 -0.000389236 -8.66988e-06 7.11787e-05 0.0108286 -0.0199233 7.1211e-05 -0.000389236 -0.0199233 0.0983093 
0.0108029 -0.0197113 -3.67787e-06 7.49135e-05 -0.0197113 0.0972721 7.72125e-05 -0.000406224 -3.67787e-06 7.72125e-05 0.010834 -0.0199513 7.49135e-05 -0.000406224 -0.0199513 0.0984592 
0.0107981 -0.0197279 -2.14866e-06 7.0499e-05 -0.0197279 0.0973099 7.48939e-05 -0.000410698 -2.14866e-06 7.48939e-05 0.010838 -0.0199443 7.0499e-05 -0.000410698 -0.0199443 0.0984675 
0.0107664 -0.0196653 1.19936e-05 7.01087e-05 -0.0196653 0.0970269 7.43429e-05 -0.00041163 1.19936e-05 7.43429e-05 0.0108058 -0.0198803 7.01087e-05 -0.00041163 -0.0198803 0.0981504 
0.0107918 -0.019698 1.78616e-05 5.4114e-05 -0.019698 0.0971796 5.93384e-05 -0.000393062 1.78616e-05 5.93384e-05 0.0108007 -0.0199067 5.4114e-05 -0.000393062 -0.0199067 0.0982776 
0.0108031 -0.0197315 5.07912e-06 4.38574e-05 -0.0197315 0.0973075 4.83538e-05 -0.000362454 5.07912e-06 4.83538e-05 0.0107927 -0.0198981 4.38574e-05 -0.000362454 -0.0198981 0.0983193 
0.0108189 -0.0197345 -1.43707e-06 5.73879e-05 -0.0197345 0.0973317 6.13041e-05 -0.000366656 -1.43707e-06 6.13041e-05 0.0107724 -0.0198704 5.73879e-05 -0.000366656 -0.0198704 0.0982421 
0.0107933 -0.0196932 -1.35258e-05 6.72929e-05 -0.0196932 0.0970666 7.05329e-05 -0.000389618 -1.35258e-05 7.05329e-05 0.0107319 -0.0197767 6.72929e-05 -0.000389618 -0.0197767 0.0978431 
0.0107727 -0.0197011 -1.21052e-05 8.2563e-05 -0.0197011 0.0970843 8.45647e-05 -0.000421774 -1.21052e-05 8.45647e-05 0.0107384 -0.0197591 8.2563e-05 -0.000421774 -0.0197591 0.0977511 
0.0107737 -0.0197078 6.87062e-06 8.13697e-05 -0.0197078 0.0972055 8.3785e-05 -0.000435608 6.87062e-06 8.3785e-05 0.0107551 -0.0197958 8.13697e-05 -0.000435608 -0.0197958 0.0978692 
0.0107442 -0.0196868 4.9729e-06 5.71564e-05 -0.0196868 0.0971567 6.12247e-05 -0.000402317 4.9729e-06 6.12247e-05 0.0107647 -0.0198003 5.71564e-05 -0.000402317 -0.0198003 0.0978769 
0.0107417 -0.0196624 -5.00664e-06 5.53224e-05 -0.0196624 0.0971382 6.07593e-05 -0.000377584 -5.00664e-06 6.07593e-05 0.0107707 -0.019823 5.53224e-05 -0.000377584 -0.019823 0.0979543 
0.0107289 -0.0196133 -1.37123e-05 6.94437e-05 -0.0196133 0.0969057 7.588e-05 -0.000396379 -1.37123e-05 7.588e-05 0.0107523 -0.0197866 6.94437e-05 -0.000396379 -0.0197866 0.0977846 
0.0107357 -0.019625 -1.20708e-05 8.48595e-05 -0.019625 0.0969173 9.36526e-05 -0.000441357 -1.20708e-05 9.36526e-05 0.0107566 -0.0197933 8.48595e-05 -0.000441357 -0.0197933 0.0978107 
0.0107428 -0.0196479 -3.66262e-06 8.29798e-05 -0.0196479 0.0970079 9.66318e-05 -0.000466198 -3.66262e-06 9.66318e-05 0.01076 -0.0198123 8.29798e-05 -0.000466198 -0.0198123 0.0978966 
0.0107357 -0.0196693 2.11519e-06 7.16668e-05 -0.0196693 0.09712 8.48785e-05 -0.000454562 2.11519e-06 8.48785e-05 0.0107899 -0.019826 7.16668e-05 -0.000454562 -0.019826 0.097992 
0.0107409 -0.0196261 3.32903e-06 6.3775e-05 -0.0196261 0.0969838 7.22423e-05 -0.000427798 3.32903e-06 7.22423e-05 0.0107682 -0.019823 6.3775e-05 -0.000427798 -0.019823 0.0979011 
0.0107733 -0.019657 1.44402e-06 6.34383e-05 -0.019657 0.0970514 6.47906e-05 -0.00040793 1.44402e-06 6.47906e-05 0.0107635 -0.0198237 6.34383e-05 -0.00040793 -0.0198237 0.097953 
0.0107928 -0.0196909 -1.20237e-06 6.92873e-05 -0.0196909 0.0971216 6.38288e-05 -0.000404638 -1.20237e-06 6.38288e-05 0.0107496 -0.0198144 6.92873e-05 -0.000404638 -0.0198144 0.0979396 
0.0107944 -0.0197325 -5.9297e-06 7.47116e-05 -0.0197325 0.0972747 6.38175e-05 -0.000406808 -5.9297e-06 6.38175e-05 0.0107656 -0.0198152 7.47116e-05 -0.000406808 -0.0198152 0.0979929 
0.0108087 -0.0197387 -1.94067e-05 8.02011e-05 -0.0197387 0.0973622 7.03987e-05 -0.000417663 -1.94067e-05 7.03987e-05 0.0107685 -0.0198364 8.02011e-05 -0.000417663 -0.0198364 0.0980603 
0.0107954 -0.0197353 -1.3368e-05 9.5333e-05 -0.0197353 0.0973289 8.79119e-05 -0.000447283 -1.3368e-05 8.79119e-05 0.0107738 -0.019826 9.5333e-05 -0.000447283 -0.019826 0.0980275 
0.0108085 -0.019746 -5.88845e-06 8.91166e-05 -0.019746 0.0974217 8.41386e-05 -0.000457046 -5.88845e-06 8.41386e-05 0.0107775 -0.0198581 8.91166e-05 -0.000457046 -0.0198581 0.098149 
0.0108121 -0.0197587 2.2714e-06 7.69037e-05 -0.0197587 0.0974729 7.5405e-05 -0.000438956 2.2714e-06 7.5405e-05 0.0107743 -0.0198607 7.69037e-05 -0.000438956 -0.0198607 0.0982057 
0.0107887 -0.0197125 2.09568e-05 6.38456e-05 -0.0197125 0.0972591 6.11318e-05 -0.000403398 2.09568e-05 6.11318e-05 0.0107512 -0.0198058 6.38456e-05 -0.000403398 -0.0198058 0.0979736 
0.0107716 -0.019685 1.63494e-05 4.1309e-05 -0.019685 0.0971212 3.63862e-05 -0.000350831 1.63494e-05 3.63862e-05 0.0107372 -0.0197766 4.1309e-05 -0.000350831 -0.0197766 0.0978247 
0.0107514 -0.0196489 1.41905e-05 4.31015e-05 -0.0196489 0.0969523 3.81486e-05 -0.0003233 1.41905e-05 3.81486e-05 0.0107153 -0.0197448 4.31015e-05 -0.0003233 -0.0197448 0.0976583 
0.0107489 -0.0196663 1.7592e-05 4.72486e-05 -0.0196663 0.0970442 3.90008e-05 -0.000319731 1.7592e-05 3.90008e-05 0.0107266 -0.0197607 4.72486e-05 -0.000319731 -0.0197607 0.0977534 
0.0107435 -0.0196426 1.90749e-06 4.48435e-05 -0.0196426 0.0969837 3.36067e-05 -0.000312784 1.90749e-06 3.36067e-05 0.0107194 -0.019757 4.48435e-05 -0.000312784 -0.019757 0.0977276 
0.0107301 -0.0196362 -3.4192e-07 6.26706e-05 -0.0196362 0.0969543 5.25575e-05 -0.000334771 -3.4192e-07 5.25575e-05 0.0107298 -0.0197547 6.26706e-05 -0.000334771 -0.0197547 0.097732 
0.0107171 -0.0195909 -1.46806e-06 6.65514e-05 -0.0195909 0.0967762 5.93947e-05 -0.000358818 -1.46806e-06 5.93947e-05 0.010718 -0.0197382 6.65514e-05 -0.000358818 -0.0197382 0.0976107 
0.0106808 -0.0195547 -1.44506e-06 6.27444e-05 -0.0195547 0.0965765 5.97981e-05 -0.000359793 -1.44506e-06 5.97981e-05 0.010718 -0.0197112 6.27444e-05 -0.000359793 -0.0197112 0.097466 
0.0106327 -0.0194767 1.70001e-06 5.60294e-05 -0.0194767 0.0962499 5.69089e-05 -0.0003436 1.70001e-06 5.69089e-05 0.0107075 -0.0196751 5.60294e-05 -0.0003436 -0.0196751 0.0972179 
0.0106475 -0.0194619 -4.07503e-06 5.12105e-05 -0.0194619 0.0962294 5.0389e-05 -0.000324992 -4.07503e-06 5.0389e-05 0.0106908 -0.0197138 5.12105e-05 -0.000324992 -0.0197138 0.0973308 
0.0106733 -0.0194829 -1.26963e-05 5.91795e-05 -0.0194829 0.0962608 5.46329e-05 -0.00032342 -1.26963e-05 5.46329e-05 0.0106635 -0.0196973 5.91795e-05 -0.00032342 -0.0196973 0.0973652 
0.0106616 -0.0194548 -2.38024e-05 6.99264e-05 -0.0194548 0.096024 6.29766e-05 -0.000339102 -2.38024e-05 6.29766e-05 0.0105997 -0.019589 6.99264e-05 -0.000339102 -0.019589 0.0969674 
0.0106464 -0.0194379 -2.00052e-05 7.99567e-05 -0.0194379 0.095863 7.73108e-05 -0.000362225 -2.00052e-05 7.73108e-05 0.0105539 -0.0194883 7.99567e-05 -0.000362225 -0.0194883 0.096574 
0.0106111 -0.0194026 -2.10024e-05 7.26806e-05 -0.0194026 0.0956621 7.69797e-05 -0.00036713 -2.10024e-05 7.69797e-05 0.0105231 -0.0194018 7.26806e-05 -0.00036713 -0.0194018 0.0961731 
0.0106079 -0.0193732 -9.36202e-06 7.25029e-05 -0.0193732 0.0955591 7.95397e-05 -0.000367309 -9.36202e-06 7.95397e-05 0.0104882 -0.0193734 7.25029e-05 -0.000367309 -0.0193734 0.0959856 
0.0105672 -0.0193746 -2.94758e-06 5.99236e-05 -0.0193746 0.0955252 6.42853e-05 -0.000347947 -2.94758e-06 6.42853e-05 0.010499 -0.0193363 5.99236e-05 -0.000347947 -0.0193363 0.095866 
0.0105376 -0.0193213 4.45986e-06 5.26371e-05 -0.0193213 0.0954111 5.24456e-05 -0.000319282 4.45986e-06 5.24456e-05 0.0105038 -0.01934 5.26371e-05 -0.000319282 -0.01934 0.0957876 
0.010516 -0.0192414 2.9045e-07 4.42265e-05 -0.0192414 0.0950899 4.05641e-05 -0.000289773 2.9045e-07 4.05641e-05 0.0104669 -0.0193127 4.42265e-05 -0.000289773 -0.0193127 0.0955917 
0.0105021 -0.0192151 -4.44065e-06 4.81543e-05 -0.0192151 0.0949099 4.35008e-05 -0.000280732 -4.44065e-06 4.35008e-05 0.0104408 -0.019272 4.81543e-05 -0.000280732 -0.019272 0.0954487 
0.0104967 -0.0192157 -1.40576e-05 5.32448e-05 -0.0192157 0.0948904 4.81415e-05 -0.000285277 -1.40576e-05 4.81415e-05 0.0104288 -0.0192517 5.32448e-05 -0.000285277 -0.0192517 0.0953908 
0.0104691 -0.019194 -1.4825e-05 6.12822e-05 -0.019194 0.0947923 6.19645e-05 -0.000302593 -1.4825e-05 6.19645e-05 0.0104191 -0.0192181 6.12822e-05 -0.000302593 -0.0192181 0.0952517 
0.0104499 -0.0191683 -1.60763e-06 5.78845e-05 -0.0191683 0.0947334 6.80436e-05 -0.000313223 -1.60763e-06 6.80436e-05 0.0104277 -0.0192113 5.78845e-05 -0.000313223 -0.0192113 0.0951983 
0.0104405 -0.0191325 -5.48983e-07 4.07742e-05 -0.0191325 0.0946117 5.34509e-05 -0.000289997 -5.48983e-07 5.34509e-05 0.0104208 -0.0192124 4.07742e-05 -0.000289997 -0.0192124 0.0951433 
0.0104513 -0.0191521 7.41775e-06 3.74274e-05 -0.0191521 0.0946982 4.64663e-05 -0.000264358 7.41775e-06 4.64663e-05 0.0104343 -0.0192428 3.74274e-05 -0.000264358 -0.0192428 0.0952905 
0.0104562 -0.0191778 3.69895e-06 3.01193e-05 -0.0191778 0.0948247 3.13142e-05 -0.000235981 3.69895e-06 3.13142e-05 0.0104566 -0.0192717 3.01193e-05 -0.000235981 -0.0192717 0.0954428 
0.0104431 -0.0191734 2.84392e-06 3.87671e-05 -0.0191734 0.0948408 3.03369e-05 -0.000227189 2.84392e-06 3.03369e-05 0.0104822 -0.0192881 3.87671e-05 -0.000227189 -0.0192881 0.0954977 
0.0104237 -0.0191706 1.1901e-05 4.33238e-05 -0.0191706 0.094899 2.73888e-05 -0.000226867 1.1901e-05 2.73888e-05 0.0105122 -0.0193406 4.33238e-05 -0.000226867 -0.0193406 0.0956706 
0.0103956 -0.0190854 1.57295e-05 2.99935e-05 -0.0190854 0.0945961 1.10753e-05 -0.000198693 1.57295e-05 1.10753e-05 0.010482 -0.0193254 2.99935e-05 -0.000198693 -0.0193254 0.0955423 
0.01039 -0.0190402 2.85173e-06 2.11078e-05 -0.0190402 0.0943568 5.7048e-06 -0.000169055 2.85173e-06 5.7048e-06 0.0104409 -0.0192801 2.11078e-05 -0.000169055 -0.0192801 0.0953856 
0.0103804 -0.0190122 -1.25414e-05 3.08949e-05 -0.0190122 0.0941364 2.22823e-05 -0.000173162 -1.25414e-05 2.22823e-05 0.0104004 -0.0192023 3.08949e-05 -0.000173162 -0.0192023 0.0951009 
0.0103621 -0.0189961 -1.03587e-05 4.71928e-05 -0.0189961 0.0939913 4.51293e-05 -0.000209765 -1.03587e-05 4.51293e-05 0.010377 -0.0191366 4.71928e-05 -0.000209765 -0.0191366 0.0948261 
0.0103442 -0.0189633 -7.13353e-06 4.49045e-05 -0.0189633 0.0938318 4.65983e-05 -0.000227889 -7.13353e-06 4.65983e-05 0.0103543 -0.0190932 4.49045e-05 -0.000227889 -0.0190932 0.0945879 
0.0103627 -0.0189695 -5.46098e-06 3.81987e-05 -0.0189695 0.093854 4.31549e-05 -0.000221924 -5.46098e-06 4.31549e-05 0.0103375 -0.0190916 3.81987e-05 -0.000221924 -0.0190916 0.0945692 
0.010405 -0.0190554 -1.08867e-06 3.55129e-05 -0.0190554 0.0942018 4.34321e-05 -0.000218037 -1.08867e-06 4.34321e-05 0.0103516 -0.019129 3.55129e-05 -0.000218037 -0.019129 0.0948213 
0.0104043 -0.0190737 2.30447e-05 3.22478e-05 -0.0190737 0.094267 4.07018e-05 -0.000214881 2.30447e-05 4.07018e-05 0.0103516 -0.0191015 3.22478e-05 -0.000214881 -0.0191015 0.0947496 
0.0103845 -0.0190731 3.46555e-05 5.40372e-06 -0.0190731 0.0942862 1.33477e-05 -0.000175937 3.46555e-05 1.33477e-05 0.01037 -0.0190947 5.40372e-06 -0.000175937 -0.0190947 0.0946912 
0.0103542 -0.0189963 2.76888e-05 -1.08098e-05 -0.0189963 0.094 -3.94554e-06 -0.000127287 2.76888e-05 -3.94554e-06 0.0103465 -0.0190678 -1.08098e-05 -0.000127287 -0.0190678 0.0944572 
0.0103299 -0.0189588 7.9099e-06 -2.32874e-06 -0.0189588 0.0938102 3.28892e-06 -0.000120216 7.9099e-06 3.28892e-06 0.0103352 -0.0190471 -2.32874e-06 -0.000120216 -0.0190471 0.0943378 
0.0103469 -0.0190109 3.29836e-06 2.39234e-05 -0.0190109 0.0940842 2.56956e-05 -0.000160852 3.29836e-06 2.56956e-05 0.0103682 -0.019116 2.39234e-05 -0.000160852 -0.019116 0.094664 
0.0103416 -0.0189972 -1.09455e-05 3.46931e-05 -0.0189972 0.0940734 3.38858e-05 -0.000200841 -1.09455e-05 3.38858e-05 0.010367 -0.0191215 3.46931e-05 -0.000200841 -0.0191215 0.0947023 
0.0103303 -0.0190078 -1.22859e-05 5.44215e-05 -0.0190078 0.0941433 5.32692e-05 -0.000246927 -1.22859e-05 5.32692e-05 0.0103902 -0.0191326 5.44215e-05 -0.000246927 -0.0191326 0.0947877 
0.0103009 -0.0189464 -2.48373e-06 5.8707e-05 -0.0189464 0.0939261 5.74263e-05 -0.000277322 -2.48373e-06 5.74263e-05 0.0103818 -0.0191125 5.8707e-05 -0.000277322 -0.0191125 0.094634 
0.0102963 -0.0189019 -2.96483e-06 4.64813e-05 -0.0189019 0.0937321 4.64993e-05 -0.000269917 -2.96483e-06 4.64993e-05 0.010354 -0.0190941 4.64813e-05 -0.000269917 -0.0190941 0.0945117 
0.010312 -0.0189101 5.23696e-06 4.03648e-05 -0.0189101 0.0937076 4.54019e-05 -0.000253517 5.23696e-06 4.54019e-05 0.010329 -0.0190746 4.03648e-05 -0.000253517 -0.0190746 0.0944728 
0.0103164 -0.0189042 1.46355e-05 2.59234e-05 -0.0189042 0.0936018 3.42202e-05 -0.000224314 1.46355e-05 3.42202e-05 0.0102953 -0.0190135 2.59234e-05 -0.000224314 -0.0190135 0.0942569 
0.0103 -0.0188866 1.5339e-05 1.18387e-05 -0.0188866 0.0934395 2.13983e-05 -0.000186173 1.5339e-05 2.13983e-05 0.0102724 -0.0189395 1.18387e-05 -0.000186173 -0.0189395 0.0939409 
0.0103146 -0.0189061 6.56607e-06 1.21291e-05 -0.0189061 0.0935225 1.99225e-05 -0.000169492 6.56607e-06 1.99225e-05 0.0102789 -0.0189501 1.21291e-05 -0.000169492 -0.0189501 0.0939424 
0.0103389 -0.0189624 2.33945e-06 2.60573e-05 -0.0189624 0.0937672 2.87139e-05 -0.00018276 2.33945e-06 2.87139e-05 0.0103047 -0.0189978 2.60573e-05 -0.00018276 -0.0189978 0.0941513 
0.0103829 -0.0190428 5.66557e-06 3.6251e-05 -0.0190428 0.0941712 3.35371e-05 -0.000206854 5.66557e-06 3.35371e-05 0.0103471 -0.0190824 3.6251e-05 -0.000206854 -0.0190824 0.0945522 
0.010431 -0.0191296 4.86112e-06 3.27083e-05 -0.0191296 0.094601 3.11438e-05 -0.000214234 4.86112e-06 3.11438e-05 0.0103983 -0.0191723 3.27083e-05 -0.000214234 -0.0191723 0.0949974 
0.0104178 -0.019162 -6.61403e-07 2.95616e-05 -0.019162 0.0947616 3.43491e-05 -0.000214514 -6.61403e-07 3.43491e-05 0.0104454 -0.019212 2.95616e-05 -0.000214514 -0.019212 0.0951813 
0.0103969 -0.019097 5.42423e-06 3.6543e-05 -0.019097 0.0945745 4.25749e-05 -0.000226961 5.42423e-06 4.25749e-05 0.0104402 -0.0192239 3.6543e-05 -0.000226961 -0.0192239 0.0951253 
0.0104203 -0.0191084 2.50368e-06 3.59845e-05 -0.0191084 0.0946437 3.38286e-05 -0.000231928 2.50368e-06 3.38286e-05 0.0104446 -0.0192677 3.59845e-05 -0.000231928 -0.0192677 0.0953298 
0.0104247 -0.0191171 2.2504e-06 4.42247e-05 -0.0191171 0.0946273 3.54016e-05 -0.000240924 2.2504e-06 3.54016e-05 0.0104499 -0.0192527 4.42247e-05 -0.000240924 -0.0192527 0.0953295 
0.0104459 -0.0191498 -6.1317e-06 4.71164e-05 -0.0191498 0.094764 3.92407e-05 -0.000256464 -6.1317e-06 3.92407e-05 0.0104648 -0.0192805 4.71164e-05 -0.000256464 -0.0192805 0.0954475 
0.0104435 -0.0191701 -8.48274e-06 5.66968e-05 -0.0191701 0.0948339 5.09809e-05 -0.000280235 -8.48274e-06 5.09809e-05 0.0104819 -0.0192908 5.66968e-05 -0.000280235 -0.0192908 0.0954934 
0.0104501 -0.0191798 -5.85341e-06 5.58793e-05 -0.0191798 0.0949245 5.20483e-05 -0.000289253 -5.85341e-06 5.20483e-05 0.0104954 -0.0193244 5.58793e-05 -0.000289253 -0.0193244 0.0956093 
0.0104644 -0.0191614 -4.89158e-06 5.12227e-05 -0.0191614 0.0948497 4.9073e-05 -0.000282898 -4.89158e-06 4.9073e-05 0.01047 -0.01932 5.12227e-05 -0.000282898 -0.01932 0.0955802 
0.0104764 -0.0191536 -5.73385e-06 4.81766e-05 -0.0191536 0.0947236 4.598e-05 -0.000271016 -5.73385e-06 4.598e-05 0.01043 -0.0192696 4.81766e-05 -0.000271016 -0.0192696 0.0954167 
0.0104859 -0.0191539 1.79117e-05 4.91258e-05 -0.0191539 0.0946188 4.56616e-05 -0.000265982 1.79117e-05 4.56616e-05 0.0103963 -0.0192067 4.91258e-05 -0.000265982 -0.0192067 0.095192 
0.0104937 -0.0191925 1.65585e-05 2.00319e-05 -0.0191925 0.0947119 1.9887e-05 -0.000224247 1.65585e-05 1.9887e-05 0.0104014 -0.0191852 2.00319e-05 -0.000224247 -0.0191852 0.0951295 
0.0105115 -0.0192314 1.21709e-05 1.87699e-05 -0.0192314 0.0948997 2.14962e-05 -0.00019987 1.21709e-05 2.14962e-05 0.0104144 -0.0192156 1.87699e-05 -0.00019987 -0.0192156 0.095235 
0.0105517 -0.0193092 1.19426e-05 2.95305e-05 -0.0193092 0.0952853 2.94458e-05 -0.000214339 1.19426e-05 2.94458e-05 0.0104411 -0.0192872 2.95305e-05 -0.000214339 -0.0192872 0.0955875 
0.0105506 -0.0193454 2.08806e-05 3.28055e-05 -0.0193454 0.0954723 3.13946e-05 -0.000231378 2.08806e-05 3.13946e-05 0.0104689 -0.0193076 3.28055e-05 -0.000231378 -0.0193076 0.0957405 
0.0105378 -0.0193159 2.50889e-05 2.32699e-05 -0.0193159 0.0954239 2.18943e-05 -0.000225238 2.50889e-05 2.18943e-05 0.0104701 -0.0193155 2.32699e-05 -0.000225238 -0.0193155 0.0957342 
0.0105231 -0.0192636 1.99125e-05 1.65875e-05 -0.0192636 0.0952035 1.53557e-05 -0.000208241 1.99125e-05 1.53557e-05 0.0104425 -0.0192846 1.65875e-05 -0.000208241 -0.0192846 0.0955788 
0.0104768 -0.0192019 9.18341e-06 2.07522e-05 -0.0192019 0.0948667 1.70055e-05 -0.000200428 9.18341e-06 1.70055e-05 0.0104265 -0.0192094 2.07522e-05 -0.000200428 -0.0192094 0.0952501 
0.0104222 -0.0191311 3.57394e-06 3.25544e-05 -0.0191311 0.09456 2.98579e-05 -0.0002163 3.57394e-06 2.98579e-05 0.0104299 -0.0191756 3.25544e-05 -0.0002163 -0.0191756 0.0949951 
0.0104075 -0.0190983 1.13376e-06 3.64884e-05 -0.0190983 0.0944831 3.73267e-05 -0.000232273 1.13376e-06 3.73267e-05 0.0104461 -0.0192181 3.64884e-05 -0.000232273 -0.0192181 0.0950705 
0.0104149 -0.0190969 -8.13413e-06 3.82821e-05 -0.0190969 0.0945062 4.14425e-05 -0.000240842 -8.13413e-06 4.14425e-05 0.0104518 -0.019263 3.82821e-05 -0.000240842 -0.019263 0.095248 
0.0104227 -0.0190933 -1.59048e-05 4.91853e-05 -0.0190933 0.0944766 5.02208e-05 -0.00025537 -1.59048e-05 5.02208e-05 0.010441 -0.0192619 4.91853e-05 -0.00025537 -0.0192619 0.0952879 
0.0104315 -0.0190769 -1.36153e-05 5.94794e-05 -0.0190769 0.0943482 5.6224e-05 -0.000272239 -1.36153e-05 5.6224e-05 0.0104069 -0.0192176 5.94794e-05 -0.000272239 -0.0192176 0.0951307 
0.0104532 -0.0190994 -2.05566e-06 5.8059e-05 -0.0190994 0.0943604 5.1417e-05 -0.000273221 -2.05566e-06 5.1417e-05 0.010383 -0.0191826 5.8059e-05 -0.000273221 -0.0191826 0.0950279 
0.0104865 -0.0191736 -3.22583e-06 4.26478e-05 -0.0191736 0.0946337 3.35034e-05 -0.000242775 -3.22583e-06 3.35034e-05 0.0103836 -0.0191939 4.26478e-05 -0.000242775 -0.0191939 0.0951424 
0.0105012 -0.0192551 -9.72052e-06 4.15712e-05 -0.0192551 0.0950125 3.15822e-05 -0.000220741 -9.72052e-06 3.15822e-05 0.0104332 -0.01923 4.15712e-05 -0.000220741 -0.01923 0.0953778 
0.0104896 -0.0192201 -4.88846e-06 4.84383e-05 -0.0192201 0.0949539 4.04876e-05 -0.00022503 -4.88846e-06 4.04876e-05 0.0104406 -0.0192421 4.84383e-05 -0.00022503 -0.0192421 0.0953407 
0.0104691 -0.0191718 3.91078e-06 4.2767e-05 -0.0191718 0.0947374 3.54339e-05 -0.00022103 3.91078e-06 3.54339e-05 0.010428 -0.0192268 4.2767e-05 -0.00022103 -0.0192268 0.0952171 
0.0104607 -0.0191683 8.6548e-06 3.29201e-05 -0.0191683 0.0947106 2.04673e-05 -0.000195703 8.6548e-06 2.04673e-05 0.010439 -0.0192362 3.29201e-05 -0.000195703 -0.0192362 0.0952532 
0.0104527 -0.0191863 9.56588e-06 2.63511e-05 -0.0191863 0.0948262 1.141e-05 -0.000167952 9.56588e-06 1.141e-05 0.010474 -0.0192802 2.63511e-05 -0.000167952 -0.0192802 0.0954343 
0.010459 -0.0191895 3.82263e-07 2.34174e-05 -0.0191895 0.094933 1.32555e-05 -0.000156935 3.82263e-07 1.32555e-05 0.0105031 -0.0193405 2.34174e-05 -0.000156935 -0.0193405 0.0956649 
0.0104781 -0.019154 3.77216e-06 3.21654e-05 -0.019154 0.0947898 2.5385e-05 -0.000168644 3.77216e-06 2.5385e-05 0.0104739 -0.0193409 3.21654e-05 -0.000168644 -0.0193409 0.0956456 
0.0104917 -0.0191927 1.2614e-05 2.58276e-05 -0.0191927 0.0948424 2.36304e-05 -0.000168431 1.2614e-05 2.36304e-05 0.0104662 -0.0193223 2.58276e-05 -0.000168431 -0.0193223 0.0956643 
0.0104925 -0.0192048 2.26704e-05 1.31523e-05 -0.0192048 0.0948672 1.47356e-05 -0.000147916 2.26704e-05 1.47356e-05 0.010467 -0.019299 1.31523e-05 -0.000147916 -0.019299 0.0955902 
0.0105095 -0.0192538 2.20955e-05 6.94513e-07 -0.0192538 0.0951101 4.65832e-06 -0.000123294 2.20955e-05 4.65832e-06 0.0104977 -0.0193444 6.94513e-07 -0.000123294 -0.0193444 0.0957849 
0.0105029 -0.019262 1.56554e-05 1.5211e-06 -0.019262 0.0951862 8.07814e-06 -0.000117946 1.56554e-05 8.07814e-06 0.0105241 -0.0193702 1.5211e-06 -0.000117946 -0.0193702 0.0958764 
0.0105293 -0.0192748 1.51927e-05 1.0212e-05 -0.0192748 0.0953189 1.85371e-05 -0.000135726 1.51927e-05 1.85371e-05 0.0105448 -0.019432 1.0212e-05 -0.000135726 -0.019432 0.096107 
0.010555 -0.0193152 1.62439e-05 1.24413e-05 -0.0193152 0.0954772 1.96582e-05 -0.000149492 1.62439e-05 1.96582e-05 0.0105625 -0.0194768 1.24413e-05 -0.000149492 -0.0194768 0.0963371 
0.0105912 -0.0193583 1.03412e-05 1.16066e-05 -0.0193583 0.0956652 1.54798e-05 -0.000148502 1.03412e-05 1.54798e-05 0.0105729 -0.0195128 1.16066e-05 -0.000148502 -0.0195128 0.0965392 
0.0106301 -0.0194128 1.55098e-05 1.76834e-05 -0.0194128 0.0958688 2.33099e-05 -0.000157249 1.55098e-05 2.33099e-05 0.0105721 -0.0195351 1.76834e-05 -0.000157249 -0.0195351 0.0966992 
0.0106566 -0.0194612 2.49238e-05 1.40158e-05 -0.0194612 0.0960399 2.3186e-05 -0.000165603 2.49238e-05 2.3186e-05 0.010573 -0.019532 1.40158e-05 -0.000165603 -0.019532 0.0967642 
