0.00614778 0 5.32108e-05 0 0 0.00874588 0 0 5.32108e-05 0 0.0061641 0 0 0 0 0.00874588 
0.00937994 -0.0116402 6.94842e-05 -8.34099e-05 -0.0116402 0.0309729 -8.34099e-05 0.000160455 6.94842e-05 -8.34099e-05 0.00943748 -0.0117161 -8.34099e-05 0.000160455 -0.0117161 0.0311187 
0.00963605 -0.0178702 2.76211e-05 -4.69455e-05 -0.0178702 0.0659503 -4.69455e-05 0.000132716 2.76211e-05 -4.69455e-05 0.00971622 -0.0181497 -4.69455e-05 0.000132716 -0.0181497 0.0668934 
0.00911847 -0.0175058 -9.29675e-06 5.99649e-05 -0.0175058 0.0784241 6.70846e-05 -0.000335932 -9.29675e-06 6.70846e-05 0.00922401 -0.0179272 5.99649e-05 -0.000335932 -0.0179272 0.0805031 
0.00888893 -0.0164618 -1.43707e-05 9.12722e-05 -0.0164618 0.0792455 0.000102063 -0.000578921 -1.43707e-05 0.000102063 0.00891836 -0.0168659 9.12722e-05 -0.000578921 -0.0168659 0.0816221 
0.00872255 -0.015879 -7.15278e-07 7.38891e-05 -0.015879 0.0776821 8.2295e-05 -0.000523183 -7.15278e-07 8.2295e-05 0.00866187 -0.016112 7.38891e-05 -0.000523183 -0.016112 0.0795193 
0.0084688 -0.0154215 1.10645e-06 4.398e-05 -0.0154215 0.0756351 4.69563e-05 -0.000375444 1.10645e-06 4.69563e-05 0.00839748 -0.0154961 4.398e-05 -0.000375444 -0.0154961 0.0767805 
0.00820587 -0.0149628 2.05403e-06 3.76623e-05 -0.0149628 0.073581 3.55943e-05 -0.000276716 2.05403e-06 3.55943e-05 0.00815427 -0.0150054 3.76623e-05 -0.000276716 -0.0150054 0.0743313 
0.00961227 -0.0175194 -8.04827e-06 4.45409e-05 -0.0175194 0.086326 4.15836e-05 -0.000285053 -8.04827e-06 4.15836e-05 0.00957563 -0.0176024 4.45409e-05 -0.000285053 -0.0176024 0.0871108 
0.00948126 -0.0172568 -1.61259e-05 5.86999e-05 -0.0172568 0.0850814 5.53183e-05 -0.000293174 -1.61259e-05 5.53183e-05 0.00944655 -0.0173791 5.86999e-05 -0.000293174 -0.0173791 0.0859161 
0.00940525 -0.0171146 -1.14509e-05 7.08184e-05 -0.0171146 0.0843379 6.74273e-05 -0.000323211 -1.14509e-05 6.74273e-05 0.00936974 -0.0172445 7.08184e-05 -0.000323211 -0.0172445 0.0852214 
0.00935179 -0.0170167 3.77177e-06 6.51941e-05 -0.0170167 0.0838158 6.3704e-05 -0.000331152 3.77177e-06 6.3704e-05 0.00930176 -0.0171437 6.51941e-05 -0.000331152 -0.0171437 0.0847096 
0.00934293 -0.0170048 1.06035e-05 4.40669e-05 -0.0170048 0.083718 4.62179e-05 -0.000301813 1.06035e-05 4.62179e-05 0.00927313 -0.0171056 4.40669e-05 -0.000301813 -0.0171056 0.0845655 
0.00933685 -0.0170131 -2.29073e-08 3.4399e-05 -0.0170131 0.0837385 3.52073e-05 -0.000267661 -2.29073e-08 3.52073e-05 0.00926127 -0.0170816 3.4399e-05 -0.000267661 -0.0170816 0.0844975 
0.00932938 -0.0170192 -1.23042e-05 4.85711e-05 -0.0170192 0.0837879 4.54144e-05 -0.000272745 -1.23042e-05 4.54144e-05 0.00926199 -0.0170691 4.85711e-05 -0.000272745 -0.0170691 0.0844602 
0.00931694 -0.017005 -2.02948e-05 6.5929e-05 -0.017005 0.083767 6.10312e-05 -0.000305749 -2.02948e-05 6.10312e-05 0.0092556 -0.017063 6.5929e-05 -0.000305749 -0.017063 0.084412 
0.00930809 -0.0169983 -2.32879e-05 7.60832e-05 -0.0169983 0.083779 7.24585e-05 -0.000338072 -2.32879e-05 7.24585e-05 0.00925651 -0.0170667 7.60832e-05 -0.000338072 -0.0170667 0.0844349 
0.00928783 -0.0169767 -2.33372e-05 7.68697e-05 -0.0169767 0.0837172 7.84149e-05 -0.000355395 -2.33372e-05 7.84149e-05 0.00925403 -0.0170578 7.68697e-05 -0.000355395 -0.0170578 0.0843992 
0.00927366 -0.0169264 -2.48064e-05 7.04799e-05 -0.0169264 0.0835285 7.64618e-05 -0.000348846 -2.48064e-05 7.64618e-05 0.00923609 -0.0170277 7.04799e-05 -0.000348846 -0.0170277 0.0842491 
0.00925084 -0.0169016 -2.1927e-05 7.00293e-05 -0.0169016 0.0833806 7.62717e-05 -0.000340825 -2.1927e-05 7.62717e-05 0.00923045 -0.0169985 7.00293e-05 -0.000340825 -0.0169985 0.0841114 
0.00922378 -0.0168678 -1.47553e-05 6.68153e-05 -0.0168678 0.0832452 7.04108e-05 -0.000328753 -1.47553e-05 7.04108e-05 0.00923266 -0.0169868 6.68153e-05 -0.000328753 -0.0169868 0.0840103 
0.0092119 -0.0168445 1.30799e-06 5.96191e-05 -0.0168445 0.0831807 5.95736e-05 -0.000307931 1.30799e-06 5.95736e-05 0.00923927 -0.0170013 5.96191e-05 -0.000307931 -0.0170013 0.0840247 
0.0091878 -0.0167866 7.5439e-06 4.10488e-05 -0.0167866 0.0829168 3.94069e-05 -0.000269743 7.5439e-06 3.94069e-05 0.00921302 -0.0169696 4.10488e-05 -0.000269743 -0.0169696 0.0838404 
0.00916487 -0.016757 -1.1298e-06 3.16192e-05 -0.016757 0.0827407 3.18245e-05 -0.000237349 -1.1298e-06 3.18245e-05 0.00920253 -0.0169289 3.16192e-05 -0.000237349 -0.0169289 0.0836674 
0.00914502 -0.0167282 -1.48396e-06 4.52662e-05 -0.0167282 0.0826084 4.40331e-05 -0.000248846 -1.48396e-06 4.40331e-05 0.00919855 -0.0169083 4.52662e-05 -0.000248846 -0.0169083 0.0835297 
0.00916545 -0.016754 -3.14246e-06 4.97595e-05 -0.016754 0.0827524 4.5622e-05 -0.000267381 -3.14246e-06 4.5622e-05 0.00920301 -0.0169542 4.97595e-05 -0.000267381 -0.0169542 0.0837046 
0.00918914 -0.0167602 1.07641e-05 4.87963e-05 -0.0167602 0.0827657 4.29496e-05 -0.000266073 1.07641e-05 4.29496e-05 0.00917883 -0.016947 4.87963e-05 -0.000266073 -0.016947 0.0837206 
0.00919418 -0.0167925 1.70354e-05 2.72071e-05 -0.0167925 0.0828363 2.44551e-05 -0.000227919 1.70354e-05 2.44551e-05 0.00918017 -0.0169213 2.72071e-05 -0.000227919 -0.0169213 0.0836981 
0.00918709 -0.0167898 1.62513e-05 1.62064e-05 -0.0167898 0.0828353 1.47145e-05 -0.000186833 1.62513e-05 1.47145e-05 0.00919244 -0.016912 1.62064e-05 -0.000186833 -0.016912 0.0836357 
0.00916123 -0.0167739 6.4679e-06 1.81556e-05 -0.0167739 0.0827822 1.73334e-05 -0.000176479 6.4679e-06 1.73334e-05 0.00921113 -0.0169239 1.81556e-05 -0.000176479 -0.0169239 0.0836172 
0.0091846 -0.0167937 7.14083e-07 3.05644e-05 -0.0167937 0.0829619 3.04631e-05 -0.000194686 7.14083e-07 3.04631e-05 0.00923244 -0.0170019 3.05644e-05 -0.000194686 -0.0170019 0.0839156 
0.00919772 -0.0168004 -6.31666e-06 3.74945e-05 -0.0168004 0.0829833 3.91924e-05 -0.000217445 -6.31666e-06 3.91924e-05 0.00922576 -0.0170097 3.74945e-05 -0.000217445 -0.0170097 0.0840004 
0.00919643 -0.0168013 -2.46255e-06 4.51588e-05 -0.0168013 0.0829494 4.78403e-05 -0.000238091 -2.46255e-06 4.78403e-05 0.00922379 -0.0169856 4.51588e-05 -0.000238091 -0.0169856 0.0839433 
0.00919465 -0.0168228 -5.24575e-06 4.17314e-05 -0.0168228 0.0830424 4.45655e-05 -0.000243389 -5.24575e-06 4.45655e-05 0.009245 -0.0169981 4.17314e-05 -0.000243389 -0.0169981 0.0839947 
0.00919457 -0.0168223 -3.3668e-06 4.4999e-05 -0.0168223 0.0830878 4.75871e-05 -0.000248556 -3.3668e-06 4.75871e-05 0.00925728 -0.0170259 4.4999e-05 -0.000248556 -0.0170259 0.0840692 
0.00917173 -0.0168016 -9.06594e-06 4.61296e-05 -0.0168016 0.0830109 4.6528e-05 -0.000253946 -9.06594e-06 4.6528e-05 0.00926771 -0.0170262 4.61296e-05 -0.000253946 -0.0170262 0.0840505 
0.00917796 -0.0167947 -2.21752e-05 5.50178e-05 -0.0167947 0.0830401 5.32327e-05 -0.000270335 -2.21752e-05 5.32327e-05 0.00926998 -0.0170627 5.50178e-05 -0.000270335 -0.0170627 0.0841737 
0.00918374 -0.0167686 -2.87956e-05 7.02804e-05 -0.0167686 0.0829056 7.02781e-05 -0.00030377 -2.87956e-05 7.02781e-05 0.0092421 -0.0170359 7.02804e-05 -0.00030377 -0.0170359 0.0840862 
0.00917493 -0.0167542 -1.07192e-05 7.82156e-05 -0.0167542 0.0827518 8.19255e-05 -0.000337405 -1.07192e-05 8.19255e-05 0.00921076 -0.0169781 7.82156e-05 -0.000337405 -0.0169781 0.0838739 
0.0091742 -0.0167631 7.25521e-06 5.68009e-05 -0.0167631 0.0827588 6.36835e-05 -0.000323089 7.25521e-06 6.36835e-05 0.00919362 -0.016953 5.68009e-05 -0.000323089 -0.016953 0.0837883 
0.00917159 -0.0167574 9.10647e-06 3.34878e-05 -0.0167574 0.0827256 3.78515e-05 -0.000270321 9.10647e-06 3.78515e-05 0.00917309 -0.0169173 3.34878e-05 -0.000270321 -0.0169173 0.0836565 
0.00917174 -0.0167586 2.2286e-05 3.02008e-05 -0.0167586 0.0827152 3.02531e-05 -0.000235256 2.2286e-05 3.02531e-05 0.00915676 -0.016885 3.02008e-05 -0.000235256 -0.016885 0.0835389 
0.00915127 -0.0167307 3.25189e-05 1.3158e-05 -0.0167307 0.082568 1.19087e-05 -0.000195972 3.25189e-05 1.19087e-05 0.00913446 -0.0168313 1.3158e-05 -0.000195972 -0.0168313 0.0832955 
0.00914577 -0.0167285 3.75154e-05 -2.16645e-06 -0.0167285 0.0825733 -3.6344e-06 -0.000149976 3.75154e-05 -3.6344e-06 0.00912948 -0.0168266 -2.16645e-06 -0.000149976 -0.0168266 0.0832559 
0.00915068 -0.0167141 3.12858e-05 -1.02026e-05 -0.0167141 0.0825233 -1.09611e-05 -0.000116783 3.12858e-05 -1.09611e-05 0.00911313 -0.0168126 -1.02026e-05 -0.000116783 -0.0168126 0.0831916 
0.00915491 -0.0167417 1.52136e-05 -3.77774e-06 -0.0167417 0.082621 -3.7184e-06 -0.000114241 1.52136e-05 -3.7184e-06 0.00912033 -0.0168186 -3.77774e-06 -0.000114241 -0.0168186 0.0832571 
0.00912756 -0.0167151 1.78445e-06 1.42822e-05 -0.0167151 0.0825174 1.5307e-05 -0.000142142 1.78445e-06 1.5307e-05 0.00911471 -0.016794 1.42822e-05 -0.000142142 -0.016794 0.0831364 
0.00912612 -0.0166994 4.69764e-06 3.34676e-05 -0.0166994 0.0825018 3.53568e-05 -0.000189561 4.69764e-06 3.53568e-05 0.00911647 -0.0168028 3.34676e-05 -0.000189561 -0.0168028 0.0831537 
0.00914531 -0.0167088 2.08617e-06 3.33083e-05 -0.0167088 0.0825459 3.5046e-05 -0.000213195 2.08617e-06 3.5046e-05 0.00911693 -0.016815 3.33083e-05 -0.000213195 -0.016815 0.0832186 
0.00917587 -0.0167519 7.1585e-06 3.68261e-05 -0.0167519 0.0827021 3.80739e-05 -0.000224461 7.1585e-06 3.80739e-05 0.00911508 -0.0168331 3.68261e-05 -0.000224461 -0.0168331 0.0833378 
0.00916471 -0.0167365 1.16011e-05 3.00122e-05 -0.0167365 0.0825739 3.03397e-05 -0.000216326 1.16011e-05 3.03397e-05 0.00909491 -0.0167769 3.00122e-05 -0.000216326 -0.0167769 0.0831211 
0.00915038 -0.0167238 5.07595e-06 2.46052e-05 -0.0167238 0.0824906 2.16145e-05 -0.000197299 5.07595e-06 2.16145e-05 0.0090885 -0.0167475 2.46052e-05 -0.000197299 -0.0167475 0.0829652 
0.00914097 -0.0167171 -3.54361e-06 3.5167e-05 -0.0167171 0.0824746 2.77017e-05 -0.00020169 -3.54361e-06 2.77017e-05 0.00909481 -0.0167524 3.5167e-05 -0.00020169 -0.0167524 0.0829465 
0.00913272 -0.0167241 -8.07181e-06 4.78885e-05 -0.0167241 0.0825401 3.79608e-05 -0.000225767 -8.07181e-06 3.79608e-05 0.00912399 -0.0167845 4.78885e-05 -0.000225767 -0.0167845 0.0830634 
0.00915167 -0.0167202 -1.13064e-05 5.14156e-05 -0.0167202 0.0825903 4.25145e-05 -0.000240661 -1.13064e-05 4.25145e-05 0.00913272 -0.016834 5.14156e-05 -0.000240661 -0.016834 0.0832295 
0.0091533 -0.0167334 -2.28376e-07 4.98731e-05 -0.0167334 0.0826059 4.73727e-05 -0.000244584 -2.28376e-07 4.73727e-05 0.00915571 -0.0168433 4.98731e-05 -0.000244584 -0.0168433 0.0833048 
0.00914635 -0.0166907 9.61432e-07 3.41154e-05 -0.0166907 0.0824015 3.81597e-05 -0.000226726 9.61432e-07 3.81597e-05 0.00914303 -0.0168279 3.41154e-05 -0.000226726 -0.0168279 0.083158 
0.00914456 -0.016717 -6.80138e-06 3.41014e-05 -0.016717 0.0824606 4.00088e-05 -0.000221643 -6.80138e-06 4.00088e-05 0.00916244 -0.0168486 3.41014e-05 -0.000221643 -0.0168486 0.0832419 
0.00915799 -0.0167331 -9.62021e-06 4.74196e-05 -0.0167331 0.082575 5.25212e-05 -0.000247287 -9.62021e-06 5.25212e-05 0.00918365 -0.0168946 4.74196e-05 -0.000247287 -0.0168946 0.0834133 
0.00917854 -0.0167712 -4.93752e-06 5.65537e-05 -0.0167712 0.0827617 5.90931e-05 -0.000280228 -4.93752e-06 5.90931e-05 0.0092101 -0.0169512 5.65537e-05 -0.000280228 -0.0169512 0.0836696 
0.00923058 -0.0168627 2.5255e-06 5.35981e-05 -0.0168627 0.0832155 5.3022e-05 -0.000288932 2.5255e-06 5.3022e-05 0.00925129 -0.0170539 5.35981e-05 -0.000288932 -0.0170539 0.0841762 
0.00925997 -0.0168944 1.33251e-05 4.44802e-05 -0.0168944 0.0833657 4.25464e-05 -0.000274357 1.33251e-05 4.25464e-05 0.00925441 -0.0170708 4.44802e-05 -0.000274357 -0.0170708 0.084324 
0.00927661 -0.0169108 8.07144e-06 2.91894e-05 -0.0169108 0.0833982 2.98305e-05 -0.000243736 8.07144e-06 2.98305e-05 0.00923584 -0.0170515 2.91894e-05 -0.000243736 -0.0170515 0.0842908 
0.00926101 -0.0169098 -2.39714e-07 3.28869e-05 -0.0169098 0.0833391 3.72245e-05 -0.000237262 -2.39714e-07 3.72245e-05 0.00922111 -0.0170015 3.28869e-05 -0.000237262 -0.0170015 0.0841164 
0.00921548 -0.0168362 8.5454e-06 4.17874e-05 -0.0168362 0.0830116 4.86055e-05 -0.000254764 8.5454e-06 4.86055e-05 0.00918854 -0.0169243 4.17874e-05 -0.000254764 -0.0169243 0.0837259 
0.00919607 -0.0167902 7.87791e-06 3.23654e-05 -0.0167902 0.0828192 3.76439e-05 -0.000248979 7.87791e-06 3.76439e-05 0.00916613 -0.0168946 3.23654e-05 -0.000248979 -0.0168946 0.083541 
0.00918078 -0.0167756 6.10088e-06 3.05252e-05 -0.0167756 0.0827384 3.18964e-05 -0.000230992 6.10088e-06 3.18964e-05 0.00916137 -0.0168775 3.05252e-05 -0.000230992 -0.0168775 0.0834665 
0.0091759 -0.0167671 7.96222e-06 3.10514e-05 -0.0167671 0.0827204 3.03326e-05 -0.000219327 7.96222e-06 3.03326e-05 0.00916265 -0.0168783 3.10514e-05 -0.000219327 -0.0168783 0.0834579 
0.00915971 -0.0167797 4.2907e-06 2.81365e-05 -0.0167797 0.0827932 2.7578e-05 -0.000208751 4.2907e-06 2.7578e-05 0.00919082 -0.0168976 2.81365e-05 -0.000208751 -0.0168976 0.0835453 
0.00912373 -0.0167144 -1.84258e-06 3.49151e-05 -0.0167144 0.0825736 3.02577e-05 -0.000211065 -1.84258e-06 3.02577e-05 0.00918171 -0.0168877 3.49151e-05 -0.000211065 -0.0168877 0.0834167 
0.00909784 -0.016649 -4.13743e-06 4.58601e-05 -0.016649 0.082304 3.49998e-05 -0.00022528 -4.13743e-06 3.49998e-05 0.00915727 -0.0168625 4.58601e-05 -0.00022528 -0.0168625 0.0832655 
0.00907922 -0.0166105 4.35047e-07 4.9196e-05 -0.0166105 0.0821042 3.64093e-05 -0.000234564 4.35047e-07 3.64093e-05 0.00913572 -0.0168286 4.9196e-05 -0.000234564 -0.0168286 0.0831234 
0.00907151 -0.0166156 2.22506e-05 3.9755e-05 -0.0166156 0.0821179 3.12122e-05 -0.000224285 2.22506e-05 3.12122e-05 0.00913856 -0.0168281 3.9755e-05 -0.000224285 -0.0168281 0.0831432 
0.00908742 -0.0166248 2.56731e-05 9.0059e-06 -0.0166248 0.0822048 5.55134e-06 -0.000171853 2.56731e-05 5.55134e-06 0.00913947 -0.0168508 9.0059e-06 -0.000171853 -0.0168508 0.0832505 
0.0090983 -0.0166263 1.74363e-05 -9.72855e-07 -0.0166263 0.0821865 -1.29675e-06 -0.000126848 1.74363e-05 -1.29675e-06 0.00912147 -0.0168336 -9.72855e-07 -0.000126848 -0.0168336 0.0832145 
0.00908326 -0.0166116 1.07259e-05 6.09776e-06 -0.0166116 0.0820597 9.62003e-06 -0.00012254 1.07259e-05 9.62003e-06 0.00909967 -0.0167777 6.09776e-06 -0.00012254 -0.0167777 0.0830011 
0.00906189 -0.0165574 6.75994e-06 1.61049e-05 -0.0165574 0.0817951 1.95887e-05 -0.000142011 6.75994e-06 1.95887e-05 0.00905416 -0.0167112 1.61049e-05 -0.000142011 -0.0167112 0.0826705 
0.0090655 -0.0165548 5.93551e-06 2.12698e-05 -0.0165548 0.0817365 2.51446e-05 -0.000158711 5.93551e-06 2.51446e-05 0.00902552 -0.0166704 2.12698e-05 -0.000158711 -0.0166704 0.0825206 
0.009044 -0.0165462 8.70378e-06 1.99084e-05 -0.0165462 0.0816375 2.69327e-05 -0.000163661 8.70378e-06 2.69327e-05 0.00901113 -0.0166081 1.99084e-05 -0.000163661 -0.0166081 0.0822763 
0.00903184 -0.0165336 1.06968e-05 1.43255e-05 -0.0165336 0.0816072 2.31238e-05 -0.000155751 1.06968e-05 2.31238e-05 0.00901262 -0.016594 1.43255e-05 -0.000155751 -0.016594 0.0821636 
0.0090337 -0.0165414 8.03893e-06 1.3777e-05 -0.0165414 0.0816814 1.89569e-05 -0.000147712 8.03893e-06 1.89569e-05 0.00902444 -0.0166251 1.3777e-05 -0.000147712 -0.0166251 0.0822543 
0.00904034 -0.0165713 1.99911e-05 2.05236e-05 -0.0165713 0.0818584 1.66325e-05 -0.000146559 1.99911e-05 1.66325e-05 0.00905321 -0.0166752 2.05236e-05 -0.000146559 -0.0166752 0.0824876 
0.00903439 -0.0165727 1.06896e-05 9.48175e-06 -0.0165727 0.081923 -1.20153e-06 -0.000124757 1.06896e-05 -1.20153e-06 0.0090683 -0.0167064 9.48175e-06 -0.000124757 -0.0167064 0.082625 
0.00902572 -0.0165072 -5.995e-06 1.6444e-05 -0.0165072 0.0816568 2.86114e-06 -0.00011349 -5.995e-06 2.86114e-06 0.00903131 -0.016665 1.6444e-05 -0.00011349 -0.016665 0.0824245 
0.00901294 -0.0164847 -8.82227e-06 3.56407e-05 -0.0164847 0.0814651 2.21287e-05 -0.000138572 -8.82227e-06 2.21287e-05 0.00900211 -0.0166096 3.56407e-05 -0.000138572 -0.0166096 0.0822104 
0.00903714 -0.0165093 -8.29029e-06 4.07013e-05 -0.0165093 0.0815551 2.90878e-05 -0.000163865 -8.29029e-06 2.90878e-05 0.00898846 -0.0166115 4.07013e-05 -0.000163865 -0.0166115 0.0822437 
0.00906494 -0.0165371 -3.36624e-06 4.04559e-05 -0.0165371 0.0816307 2.92991e-05 -0.000172964 -3.36624e-06 2.92991e-05 0.00896817 -0.0165934 4.04559e-05 -0.000172964 -0.0165934 0.0822263 
0.0090681 -0.0165724 -8.31442e-06 3.36943e-05 -0.0165724 0.0817267 2.05266e-05 -0.000160626 -8.31442e-06 2.05266e-05 0.00897277 -0.0165719 3.36943e-05 -0.000160626 -0.0165719 0.0821953 
0.00906037 -0.0165903 -5.15877e-06 3.69891e-05 -0.0165903 0.0818432 2.26828e-05 -0.00015229 -5.15877e-06 2.26828e-05 0.00899265 -0.0165911 3.69891e-05 -0.00015229 -0.0165911 0.0822599 
0.00903623 -0.0165473 -1.17502e-06 3.13506e-05 -0.0165473 0.081714 1.66679e-05 -0.000138502 -1.17502e-06 1.66679e-05 0.00899054 -0.016586 3.13506e-05 -0.000138502 -0.016586 0.0821851 
0.00904505 -0.016552 -2.96138e-06 2.23229e-05 -0.016552 0.0817783 1.24823e-05 -0.000118182 -2.96138e-06 1.24823e-05 0.00900448 -0.0166198 2.23229e-05 -0.000118182 -0.0166198 0.0823297 
0.00903538 -0.0165503 -8.23547e-06 1.96909e-05 -0.0165503 0.081767 1.66835e-05 -0.000108079 -8.23547e-06 1.66835e-05 0.00901263 -0.0166233 1.96909e-05 -0.000108079 -0.0166233 0.0823574 
0.00901634 -0.0165316 -6.65245e-06 2.44685e-05 -0.0165316 0.0817106 2.41364e-05 -0.000112523 -6.65245e-06 2.41364e-05 0.00901957 -0.0166231 2.44685e-05 -0.000112523 -0.0166231 0.0823361 
0.00898614 -0.0164753 -8.98631e-06 2.51288e-05 -0.0164753 0.0814896 2.17986e-05 -0.00011517 -8.98631e-06 2.17986e-05 0.00901001 -0.0165993 2.51288e-05 -0.00011517 -0.0165993 0.0821807 
0.00896874 -0.0164162 1.28317e-06 2.64622e-05 -0.0164162 0.081227 2.48344e-05 -0.000116298 1.28317e-06 2.48344e-05 0.00898883 -0.0165693 2.64622e-05 -0.000116298 -0.0165693 0.081997 
0.00896004 -0.0163859 1.38906e-05 1.33157e-05 -0.0163859 0.0810302 1.53209e-05 -0.000100897 1.38906e-05 1.53209e-05 0.00896243 -0.0165335 1.33157e-05 -0.000100897 -0.0165335 0.0818227 
0.00893967 -0.0163999 2.40077e-05 -4.77802e-06 -0.0163999 0.0810427 -3.22957e-07 -6.48819e-05 2.40077e-05 -3.22957e-07 0.00897558 -0.0165226 -4.77802e-06 -6.48819e-05 -0.0165226 0.0817949 
0.00893298 -0.0163861 2.25133e-05 -1.95249e-05 -0.0163861 0.0810588 -1.31931e-05 -2.5576e-05 2.25133e-05 -1.31931e-05 0.00898019 -0.0165464 -1.95249e-05 -2.5576e-05 -0.0165464 0.0818422 
0.00890565 -0.0163388 2.07798e-05 -1.68703e-05 -0.0163388 0.0808573 -1.1048e-05 -1.40419e-05 2.07798e-05 -1.1048e-05 0.00896463 -0.0165154 -1.68703e-05 -1.40419e-05 -0.0165154 0.081693 
0.0089311 -0.0163514 2.08475e-05 -1.24233e-05 -0.0163514 0.0809441 -6.73608e-06 -2.29809e-05 2.08475e-05 -6.73608e-06 0.00896342 -0.0165428 -1.24233e-05 -2.29809e-05 -0.0165428 0.0818216 
0.00895881 -0.0163945 2.67805e-05 -1.13953e-05 -0.0163945 0.081089 -6.33656e-06 -2.9648e-05 2.67805e-05 -6.33656e-06 0.00896643 -0.0165493 -1.13953e-05 -2.9648e-05 -0.0165493 0.0819217 
0.00898287 -0.0164338 2.93742e-05 -1.91662e-05 -0.0164338 0.0812288 -1.79554e-05 -1.48575e-05 2.93742e-05 -1.79554e-05 0.00896744 -0.016548 -1.91662e-05 -1.48575e-05 -0.016548 0.0819559 
0.00901187 -0.0164802 3.23706e-05 -2.1995e-05 -0.0164802 0.0814169 -2.47764e-05 3.49141e-06 3.23706e-05 -2.47764e-05 0.00896943 -0.0165632 -2.1995e-05 3.49141e-06 -0.0165632 0.082045 
0.00903156 -0.0165287 2.51297e-05 -2.42039e-05 -0.0165287 0.0816247 -3.05643e-05 1.75784e-05 2.51297e-05 -3.05643e-05 0.00898401 -0.0165827 -2.42039e-05 1.75784e-05 -0.0165827 0.082173 
0.00903281 -0.0165197 1.47211e-05 -1.55232e-05 -0.0165197 0.0815944 -2.14462e-05 1.00298e-05 1.47211e-05 -2.14462e-05 0.00898187 -0.0165715 -1.55232e-05 1.00298e-05 -0.0165715 0.082112 
0.0090245 -0.0164988 -1.97482e-06 -3.25846e-06 -0.0164988 0.081477 -4.27469e-06 -2.0375e-05 -1.97482e-06 -4.27469e-06 0.00897118 -0.0165552 -3.25846e-06 -2.0375e-05 -0.0165552 0.0820073 
0.00899831 -0.0164666 -2.02644e-05 1.5223e-05 -0.0164666 0.0812972 2.13166e-05 -6.98581e-05 -2.02644e-05 2.13166e-05 0.00896842 -0.0165228 1.5223e-05 -6.98581e-05 -0.0165228 0.0818408 
0.00900027 -0.0164914 -3.58696e-05 3.84169e-05 -0.0164914 0.0814411 4.76523e-05 -0.000133059 -3.58696e-05 4.76523e-05 0.00899691 -0.0165742 3.84169e-05 -0.000133059 -0.0165742 0.0820291 
0.0090208 -0.0165232 -3.73203e-05 6.06879e-05 -0.0165232 0.0816588 6.82711e-05 -0.00019649 -3.73203e-05 6.82711e-05 0.00901788 -0.0166441 6.06879e-05 -0.00019649 -0.0166441 0.0823374 
0.00903821 -0.0165275 -2.75897e-05 6.5054e-05 -0.0165275 0.0816964 7.10722e-05 -0.000230497 -2.75897e-05 7.10722e-05 0.0090054 -0.0166501 6.5054e-05 -0.000230497 -0.0166501 0.0824197 
0.00903351 -0.0165091 -2.1767e-05 5.19168e-05 -0.0165091 0.0815506 5.82913e-05 -0.000221016 -2.1767e-05 5.82913e-05 0.00896555 -0.016586 5.19168e-05 -0.000221016 -0.016586 0.0822029 
0.00902864 -0.0165141 -9.88867e-06 4.42268e-05 -0.0165141 0.0815267 5.04827e-05 -0.000200443 -9.88867e-06 5.04827e-05 0.00894827 -0.0165398 4.42268e-05 -0.000200443 -0.0165398 0.0820498 
0.00901358 -0.0165028 2.61852e-06 3.07632e-05 -0.0165028 0.0814785 3.30669e-05 -0.000169709 2.61852e-06 3.30669e-05 0.00893705 -0.0165085 3.07632e-05 -0.000169709 -0.0165085 0.0819073 
0.00898956 -0.0164889 6.78982e-06 1.61541e-05 -0.0164889 0.0814443 1.68844e-05 -0.000132227 6.78982e-06 1.68844e-05 0.00894722 -0.0164944 1.61541e-05 -0.000132227 -0.0164944 0.0818322 
0.00896802 -0.0164357 8.24427e-06 9.91265e-06 -0.0164357 0.0812653 1.38176e-05 -0.0001097 8.24427e-06 1.38176e-05 0.00893799 -0.016482 9.91265e-06 -0.0001097 -0.016482 0.0817001 
0.0089794 -0.0164309 1.18614e-05 9.06946e-06 -0.0164309 0.0812536 1.27683e-05 -0.000102333 1.18614e-05 1.27683e-05 0.00893238 -0.016498 9.06946e-06 -0.000102333 -0.016498 0.0817533 
0.00898217 -0.016445 5.97621e-06 6.98019e-06 -0.016445 0.0812764 7.57272e-06 -9.61941e-05 5.97621e-06 7.57272e-06 0.00893491 -0.0164939 6.98019e-06 -9.61941e-05 -0.0164939 0.0817753 
0.00898763 -0.0164462 5.47024e-06 1.47044e-05 -0.0164462 0.08128 1.37088e-05 -0.000104166 5.47024e-06 1.37088e-05 0.00892876 -0.0164895 1.47044e-05 -0.000104166 -0.0164895 0.0817544 
0.00900431 -0.0164669 8.394e-06 1.58551e-05 -0.0164669 0.0813568 1.41373e-05 -0.000110161 8.394e-06 1.41373e-05 0.00892927 -0.0164932 1.58551e-05 -0.000110161 -0.0164932 0.081792 
0.00900377 -0.0164664 7.34749e-06 1.08786e-05 -0.0164664 0.0813166 9.71143e-06 -0.000102639 7.34749e-06 9.71143e-06 0.0089204 -0.0164708 1.08786e-05 -0.000102639 -0.0164708 0.0816978 
0.00898853 -0.0164493 -2.87965e-06 1.01566e-05 -0.0164493 0.0812121 9.15247e-06 -9.45833e-05 -2.87965e-06 9.15247e-06 0.00891242 -0.0164416 1.01566e-05 -9.45833e-05 -0.0164416 0.0815469 
0.00896508 -0.0164282 -7.86001e-06 2.25884e-05 -0.0164282 0.0811228 1.99292e-05 -0.00010857 -7.86001e-06 1.99292e-05 0.0089167 -0.0164337 2.25884e-05 -0.00010857 -0.0164337 0.0814669 
0.0089313 -0.0164121 2.4364e-06 2.84246e-05 -0.0164121 0.081097 2.30022e-05 -0.000120809 2.4364e-06 2.30022e-05 0.00894908 -0.0164554 2.84246e-05 -0.000120809 -0.0164554 0.0815143 
0.00894637 -0.0164136 3.84535e-06 1.43324e-05 -0.0164136 0.0812366 7.50175e-06 -9.91256e-05 3.84535e-06 7.50175e-06 0.00897645 -0.0165454 1.43324e-05 -9.91256e-05 -0.0165454 0.0818376 
0.00896262 -0.01641 4.37334e-06 1.00625e-05 -0.01641 0.0812313 3.22906e-06 -7.51871e-05 4.37334e-06 3.22906e-06 0.00896953 -0.0165688 1.00625e-05 -7.51871e-05 -0.0165688 0.0819771 
0.00898321 -0.0164375 -4.05031e-07 9.56433e-06 -0.0164375 0.0813047 4.5897e-06 -6.69643e-05 -4.05031e-07 4.5897e-06 0.00896159 -0.0165638 9.56433e-06 -6.69643e-05 -0.0165638 0.0820444 
0.00898611 -0.0164536 -3.10319e-06 1.45815e-05 -0.0164536 0.081332 1.32177e-05 -7.66131e-05 -3.10319e-06 1.32177e-05 0.0089546 -0.0165363 1.45815e-05 -7.66131e-05 -0.0165363 0.081979 
0.00900785 -0.0164786 -5.1678e-07 1.84987e-05 -0.0164786 0.0814507 2.00202e-05 -9.30895e-05 -5.1678e-07 2.00202e-05 0.00894963 -0.0165415 1.84987e-05 -9.30895e-05 -0.0165415 0.0820137 
0.00899911 -0.0164945 9.58023e-06 1.63922e-05 -0.0164945 0.0814919 1.81708e-05 -9.82307e-05 9.58023e-06 1.81708e-05 0.00895986 -0.0165234 1.63922e-05 -9.82307e-05 -0.0165234 0.0819697 
0.00896683 -0.016438 1.88364e-05 3.257e-06 -0.016438 0.0812683 2.08772e-06 -7.40188e-05 1.88364e-05 2.08772e-06 0.0089502 -0.0164887 3.257e-06 -7.40188e-05 -0.0164887 0.0817376 
0.00893454 -0.0163659 1.65409e-05 -8.75888e-06 -0.0163659 0.0809498 -1.28618e-05 -3.75682e-05 1.65409e-05 -1.28618e-05 0.00892607 -0.0164558 -8.75888e-06 -3.75682e-05 -0.0164558 0.0814999 
0.00891531 -0.0163281 1.7271e-05 -4.74227e-06 -0.0163281 0.0807515 -1.23322e-05 -2.48576e-05 1.7271e-05 -1.23322e-05 0.00891526 -0.0164333 -4.74227e-06 -2.48576e-05 -0.0164333 0.0813726 
0.00892627 -0.0163375 1.41664e-05 -4.66326e-06 -0.0163375 0.0807848 -1.43564e-05 -2.04233e-05 1.41664e-05 -1.43564e-05 0.00891697 -0.0164529 -4.66326e-06 -2.04233e-05 -0.0164529 0.0814496 
0.0089352 -0.0163671 1.0734e-06 -1.21159e-06 -0.0163671 0.0809009 -9.63715e-06 -2.54249e-05 1.0734e-06 -9.63715e-06 0.00893033 -0.0164723 -1.21159e-06 -2.54249e-05 -0.0164723 0.0815675 
0.00892899 -0.0163704 -1.79526e-05 1.37094e-05 -0.0163704 0.0809226 7.57892e-06 -5.19007e-05 -1.79526e-05 7.57892e-06 0.00893722 -0.0164716 1.37094e-05 -5.19007e-05 -0.0164716 0.0815675 
0.00892767 -0.016343 -2.21581e-05 3.50594e-05 -0.016343 0.08082 3.23395e-05 -9.95566e-05 -2.21581e-05 3.23395e-05 0.0089209 -0.0164589 3.50594e-05 -9.95566e-05 -0.0164589 0.081476 
0.00892587 -0.0163467 -2.21812e-05 3.92792e-05 -0.0163467 0.0807979 3.85109e-05 -0.00012844 -2.21812e-05 3.85109e-05 0.00891647 -0.0164466 3.92792e-05 -0.00012844 -0.0164466 0.08144 
0.00891234 -0.0163154 -1.46287e-05 3.72957e-05 -0.0163154 0.0806444 3.61048e-05 -0.000130408 -1.46287e-05 3.61048e-05 0.00890238 -0.0164154 3.72957e-05 -0.000130408 -0.0164154 0.0812789 
0.00892369 -0.016349 -1.66066e-05 2.69389e-05 -0.016349 0.0807974 2.5696e-05 -0.000110888 -1.66066e-05 2.5696e-05 0.00892218 -0.0164548 2.69389e-05 -0.000110888 -0.0164548 0.0814521 
0.0089338 -0.0163612 -9.80799e-06 2.61217e-05 -0.0163612 0.0808798 2.48689e-05 -9.46026e-05 -9.80799e-06 2.48689e-05 0.00892587 -0.0164804 2.61217e-05 -9.46026e-05 -0.0164804 0.0815716 
0.00892779 -0.016355 -1.45882e-06 1.91652e-05 -0.016355 0.0808498 1.54437e-05 -7.66345e-05 -1.45882e-06 1.54437e-05 0.00891878 -0.0164722 1.91652e-05 -7.66345e-05 -0.0164722 0.0815632 
0.00892067 -0.0163722 3.01658e-07 1.05604e-05 -0.0163722 0.0809466 4.00538e-06 -5.2209e-05 3.01658e-07 4.00538e-06 0.00893818 -0.0164856 1.05604e-05 -5.2209e-05 -0.0164856 0.0816598 
0.00891248 -0.0163456 5.38584e-06 6.92155e-06 -0.0163456 0.0808921 8.88314e-07 -3.43875e-05 5.38584e-06 8.88314e-07 0.00893561 -0.0164897 6.92155e-06 -3.43875e-05 -0.0164897 0.0816483 
0.00890811 -0.0163459 1.56665e-05 2.57879e-06 -0.0163459 0.0809049 -4.242e-06 -2.34882e-05 1.56665e-05 -4.242e-06 0.0089404 -0.0164978 2.57879e-06 -2.34882e-05 -0.0164978 0.0816983 
0.00889471 -0.0163294 1.161e-05 -1.00663e-05 -0.0163294 0.0808528 -1.85567e-05 2.52915e-06 1.161e-05 -1.85567e-05 0.00894866 -0.0164896 -1.00663e-05 2.52915e-06 -0.0164896 0.0816644 
0.00890206 -0.0163119 -6.21047e-06 -7.03442e-06 -0.0163119 0.0808051 -1.36854e-05 1.01931e-05 -6.21047e-06 -1.36854e-05 0.0089433 -0.0164995 -7.03442e-06 1.01931e-05 -0.0164995 0.0816665 
0.00890819 -0.0162882 -1.56974e-05 1.10868e-05 -0.0162882 0.0806379 1.14665e-05 -2.19651e-05 -1.56974e-05 1.14665e-05 0.00891133 -0.0164613 1.10868e-05 -2.19651e-05 -0.0164613 0.0815008 
0.00892508 -0.01632 -5.05294e-06 2.28419e-05 -0.01632 0.0806894 2.69696e-05 -6.23669e-05 -5.05294e-06 2.69696e-05 0.0089024 -0.0164401 2.28419e-05 -6.23669e-05 -0.0164401 0.0814548 
0.00894287 -0.0163565 1.05215e-06 1.03827e-05 -0.0163565 0.0808141 1.38986e-05 -5.85679e-05 1.05215e-06 1.38986e-05 0.0088973 -0.0164373 1.03827e-05 -5.85679e-05 -0.0164373 0.0814616 
0.0089462 -0.0163833 9.41732e-06 3.3695e-06 -0.0163833 0.0809206 3.04484e-06 -3.56145e-05 9.41732e-06 3.04484e-06 0.00889895 -0.0164321 3.3695e-06 -3.56145e-05 -0.0164321 0.0814644 
