0.00612744 0 2.3803e-05 0 0 0.00870815 0 0 2.3803e-05 0 0.00615613 0 0 0 0 0.00870815 
0.00937679 -0.0116398 1.77201e-05 -1.90487e-05 -0.0116398 0.0309392 -1.90487e-05 3.65053e-05 1.77201e-05 -1.90487e-05 0.00940747 -0.0116758 -1.90487e-05 3.65053e-05 -0.0116758 0.0310084 
0.00966255 -0.0180362 -2.93248e-05 7.62646e-05 -0.0180362 0.0665077 7.62646e-05 -0.000271449 -2.93248e-05 7.62646e-05 0.00969023 -0.0180203 7.62646e-05 -0.000271449 -0.0180203 0.0664371 
0.00915985 -0.0177858 -4.5945e-05 0.00020952 -0.0177858 0.0798655 0.000213693 -0.000995653 -4.5945e-05 0.000213693 0.00918997 -0.0176967 0.00020952 -0.000995653 -0.0176967 0.0793172 
0.0088517 -0.0166499 -1.85736e-05 0.000198621 -0.0166499 0.0805757 0.000205198 -0.0012187 -1.85736e-05 0.000205198 0.00889501 -0.0165803 0.000198621 -0.0012187 -0.0165803 0.0798903 
0.00862955 -0.0159474 1.59808e-05 0.000119577 -0.0159474 0.0785919 0.000123999 -0.000949856 1.59808e-05 0.000123999 0.00868712 -0.0159238 0.000119577 -0.000949856 -0.0159238 0.0780804 
0.00837398 -0.0154224 3.79973e-05 5.12521e-05 -0.0154224 0.0762289 5.52254e-05 -0.000612547 3.79973e-05 5.52254e-05 0.00845207 -0.0154332 5.12521e-05 -0.000612547 -0.0154332 0.0759202 
0.00813849 -0.0149592 4.72406e-05 1.54615e-05 -0.0149592 0.0740417 2.00434e-05 -0.000388365 4.72406e-05 2.00434e-05 0.00821673 -0.0150043 1.54615e-05 -0.000388365 -0.0150043 0.0738926 
0.00954183 -0.0175151 4.70729e-05 4.1283e-06 -0.0175151 0.0867012 1.00965e-05 -0.000337585 4.70729e-05 1.00965e-05 0.00961555 -0.0175719 4.1283e-06 -0.000337585 -0.0175719 0.0866086 
0.00943404 -0.0172836 3.14974e-05 1.93406e-05 -0.0172836 0.0854977 2.44863e-05 -0.000322615 3.14974e-05 2.44863e-05 0.00946242 -0.0173144 1.93406e-05 -0.000322615 -0.0173144 0.0853898 
0.00937044 -0.0171873 1.48914e-05 4.4665e-05 -0.0171873 0.0849009 4.81881e-05 -0.000370418 1.48914e-05 4.81881e-05 0.00938826 -0.0171571 4.4665e-05 -0.000370418 -0.0171571 0.0846752 
0.00933705 -0.0171625 -8.06739e-06 6.78029e-05 -0.0171625 0.0847437 7.2471e-05 -0.000437763 -8.06739e-06 7.2471e-05 0.00936895 -0.0171058 6.78029e-05 -0.000437763 -0.0171058 0.0844021 
0.0093276 -0.0171499 -9.78475e-07 9.63236e-05 -0.0171499 0.0847314 0.000100618 -0.000511093 -9.78475e-07 0.000100618 0.00936862 -0.0171078 9.63236e-05 -0.000511093 -0.0171078 0.0843639 
0.00930751 -0.0170796 1.80376e-05 9.05456e-05 -0.0170796 0.0844043 8.95268e-05 -0.000527239 1.80376e-05 8.95268e-05 0.00933269 -0.017047 9.05456e-05 -0.000527239 -0.017047 0.0840479 
0.00931315 -0.0170794 2.30747e-05 6.79126e-05 -0.0170794 0.0843374 6.29123e-05 -0.000486949 2.30747e-05 6.29123e-05 0.00931345 -0.017033 6.79126e-05 -0.000486949 -0.017033 0.0839708 
0.00928405 -0.017086 1.14304e-05 5.98713e-05 -0.017086 0.0843156 5.26178e-05 -0.00044687 1.14304e-05 5.26178e-05 0.0093314 -0.017014 5.98713e-05 -0.00044687 -0.017014 0.0839074 
0.00924688 -0.0170424 -3.34743e-06 7.20528e-05 -0.0170424 0.0842078 6.53344e-05 -0.000449469 -3.34743e-06 6.53344e-05 0.0093444 -0.017031 7.20528e-05 -0.000449469 -0.017031 0.0838787 
0.00925303 -0.0170296 -1.29676e-05 9.16947e-05 -0.0170296 0.0842506 8.65068e-05 -0.000489303 -1.29676e-05 8.65068e-05 0.00935859 -0.0170913 9.16947e-05 -0.000489303 -0.0170913 0.0840993 
0.00928353 -0.0170567 1.0198e-05 0.000104142 -0.0170567 0.0843806 9.9408e-05 -0.000528194 1.0198e-05 9.9408e-05 0.00936899 -0.0171328 0.000104142 -0.000528194 -0.0171328 0.08434 
0.00932194 -0.0170923 1.72303e-05 7.68233e-05 -0.0170923 0.0844954 7.10785e-05 -0.000501871 1.72303e-05 7.10785e-05 0.00934273 -0.0171396 7.68233e-05 -0.000501871 -0.0171396 0.0844394 
0.00930238 -0.0170586 8.67448e-06 6.48208e-05 -0.0170586 0.084226 5.72331e-05 -0.000455064 8.67448e-06 5.72331e-05 0.00929197 -0.0170234 6.48208e-05 -0.000455064 -0.0170234 0.0840229 
0.0093081 -0.0170872 1.49846e-05 7.64666e-05 -0.0170872 0.084325 6.6573e-05 -0.000454026 1.49846e-05 6.6573e-05 0.00928749 -0.0170101 7.64666e-05 -0.000454026 -0.0170101 0.0839798 
0.0093017 -0.0170923 1.33252e-05 7.26594e-05 -0.0170923 0.084368 6.23398e-05 -0.000457725 1.33252e-05 6.23398e-05 0.00929789 -0.0170064 7.26594e-05 -0.000457725 -0.0170064 0.0839648 
0.0092988 -0.0170851 -4.71975e-07 7.5619e-05 -0.0170851 0.0843794 6.74469e-05 -0.000466134 -4.71975e-07 6.74469e-05 0.00931063 -0.0170248 7.5619e-05 -0.000466134 -0.0170248 0.0840062 
0.0093244 -0.0171005 -4.88251e-06 9.1868e-05 -0.0171005 0.0844783 8.62223e-05 -0.000499843 -4.88251e-06 8.62223e-05 0.00931476 -0.0170688 9.1868e-05 -0.000499843 -0.0170688 0.0841845 
0.00937364 -0.0171647 -5.47815e-06 9.9211e-05 -0.0171647 0.0847403 9.68605e-05 -0.00053698 -5.47815e-06 9.68605e-05 0.00933016 -0.0171139 9.9211e-05 -0.00053698 -0.0171139 0.0844653 
0.00940411 -0.0172282 -8.3404e-06 9.90992e-05 -0.0172282 0.0849671 9.95675e-05 -0.000553597 -8.3404e-06 9.95675e-05 0.00934677 -0.0171304 9.90992e-05 -0.000553597 -0.0171304 0.0846142 
0.00939774 -0.0172382 -8.87995e-06 0.000100236 -0.0172382 0.0849862 0.000103471 -0.000561797 -8.87995e-06 0.000103471 0.00936007 -0.0171133 0.000100236 -0.000561797 -0.0171133 0.0845392 
0.00937698 -0.0172162 -8.9466e-06 9.84848e-05 -0.0172162 0.0849093 0.000105925 -0.00056546 -8.9466e-06 0.000105925 0.00936962 -0.0171159 9.84848e-05 -0.00056546 -0.0171159 0.0844656 
0.00939277 -0.0172286 -1.68377e-05 9.88369e-05 -0.0172286 0.0850189 0.000108164 -0.000570582 -1.68377e-05 0.000108164 0.00938617 -0.0171702 9.88369e-05 -0.000570582 -0.0171702 0.0846573 
0.00940526 -0.0172509 -1.69367e-05 0.000110653 -0.0172509 0.0851107 0.000119276 -0.000593384 -1.69367e-05 0.000119276 0.00940116 -0.017193 0.000110653 -0.000593384 -0.017193 0.0847875 
0.00941312 -0.0172684 5.32255e-06 0.000112902 -0.0172684 0.0851881 0.000119888 -0.00060901 5.32255e-06 0.000119888 0.00941208 -0.0172085 0.000112902 -0.00060901 -0.0172085 0.0848599 
0.00941164 -0.0172756 2.1206e-05 8.6469e-05 -0.0172756 0.0852236 9.16294e-05 -0.000571593 2.1206e-05 9.16294e-05 0.0094138 -0.0172143 8.6469e-05 -0.000571593 -0.0172143 0.0848806 
0.00941058 -0.0172724 1.65072e-05 6.44901e-05 -0.0172724 0.0852312 6.78505e-05 -0.000510585 1.65072e-05 6.78505e-05 0.00941307 -0.0172136 6.44901e-05 -0.000510585 -0.0172136 0.0848818 
0.0094191 -0.0172892 1.38804e-05 7.10059e-05 -0.0172892 0.0853226 7.03369e-05 -0.000491289 1.38804e-05 7.03369e-05 0.00942369 -0.0172305 7.10059e-05 -0.000491289 -0.0172305 0.0849681 
0.00943809 -0.0172965 1.3061e-05 7.7267e-05 -0.0172965 0.085366 7.18429e-05 -0.000495335 1.3061e-05 7.18429e-05 0.00941704 -0.0172392 7.7267e-05 -0.000495335 -0.0172392 0.085008 
0.00944381 -0.0173111 7.27023e-06 8.01682e-05 -0.0173111 0.0853855 7.3403e-05 -0.000501771 7.27023e-06 7.3403e-05 0.00941249 -0.0172256 8.01682e-05 -0.000501771 -0.0172256 0.0849864 
0.00942094 -0.0172856 4.52633e-06 8.86515e-05 -0.0172856 0.0852438 8.127e-05 -0.000518588 4.52633e-06 8.127e-05 0.00940036 -0.0171839 8.86515e-05 -0.000518588 -0.0171839 0.0847932 
0.00938551 -0.017222 -1.23847e-05 9.32162e-05 -0.017222 0.0849616 8.53917e-05 -0.000533751 -1.23847e-05 8.53917e-05 0.0093752 -0.0171381 9.32162e-05 -0.000533751 -0.0171381 0.084526 
0.00935796 -0.0171892 -1.16344e-05 0.000113301 -0.0171892 0.0848155 0.000106762 -0.000572505 -1.16344e-05 0.000106762 0.00936717 -0.0171204 0.000113301 -0.000572505 -0.0171204 0.0844208 
0.00937037 -0.0171912 -3.69119e-06 0.000112625 -0.0171912 0.0848688 0.000107807 -0.000594806 -3.69119e-06 0.000107807 0.00935737 -0.0171457 0.000112625 -0.000594806 -0.0171457 0.0845281 
0.00936527 -0.0171812 8.74538e-06 9.60974e-05 -0.0171812 0.0847945 9.42643e-05 -0.000569758 8.74538e-06 9.42643e-05 0.00934282 -0.0171105 9.60974e-05 -0.000569758 -0.0171105 0.0844439 
0.00933526 -0.0171552 2.57614e-05 7.59421e-05 -0.0171552 0.084657 7.71848e-05 -0.000521436 2.57614e-05 7.71848e-05 0.00934748 -0.0170712 7.59421e-05 -0.000521436 -0.0170712 0.0842707 
0.00931378 -0.0171132 1.10106e-05 5.42591e-05 -0.0171132 0.0845087 5.76597e-05 -0.000468417 1.10106e-05 5.76597e-05 0.00934903 -0.0170705 5.42591e-05 -0.000468417 -0.0170705 0.0841707 
0.00930223 -0.0170839 -7.93394e-06 7.03291e-05 -0.0170839 0.0843869 7.3765e-05 -0.000467529 -7.93394e-06 7.3765e-05 0.00933927 -0.0170757 7.03291e-05 -0.000467529 -0.0170757 0.0841419 
0.00930682 -0.0171198 -1.3852e-05 9.62427e-05 -0.0171198 0.0845569 9.79981e-05 -0.000516454 -1.3852e-05 9.79981e-05 0.00935554 -0.0171149 9.62427e-05 -0.000516454 -0.0171149 0.0843577 
0.00929331 -0.0171087 -1.36375e-05 0.000106682 -0.0171087 0.0845663 0.000106503 -0.000555574 -1.36375e-05 0.000106503 0.00936803 -0.0171191 0.000106682 -0.000555574 -0.0171191 0.0844041 
0.00927466 -0.0170749 -2.48363e-06 0.000106716 -0.0170749 0.0844668 0.000104878 -0.000567255 -2.48363e-06 0.000104878 0.0093705 -0.0171213 0.000106716 -0.000567255 -0.0171213 0.0843832 
0.0092872 -0.0170459 3.27121e-06 9.29429e-05 -0.0170459 0.0843672 8.83384e-05 -0.000543375 3.27121e-06 8.83384e-05 0.00934202 -0.0171264 9.29429e-05 -0.000543375 -0.0171264 0.0843846 
0.00928136 -0.017035 5.37362e-06 8.54586e-05 -0.017035 0.0842274 7.82213e-05 -0.000513743 5.37362e-06 7.82213e-05 0.00931523 -0.0170728 8.54586e-05 -0.000513743 -0.0170728 0.0842321 
0.00926456 -0.0170005 1.76766e-06 8.21654e-05 -0.0170005 0.0840235 7.35043e-05 -0.000493766 1.76766e-06 7.35043e-05 0.00928954 -0.0170097 8.21654e-05 -0.000493766 -0.0170097 0.0839607 
0.00926829 -0.0169972 2.75744e-06 8.51103e-05 -0.0169972 0.0839804 7.70889e-05 -0.000490738 2.75744e-06 7.70889e-05 0.00927624 -0.0169962 8.51103e-05 -0.000490738 -0.0169962 0.0838774 
0.00925357 -0.0169616 -6.4122e-07 8.46132e-05 -0.0169616 0.083764 7.74855e-05 -0.000491647 -6.4122e-07 7.74855e-05 0.00924404 -0.016941 8.46132e-05 -0.000491647 -0.016941 0.0836222 
0.00924855 -0.0169649 2.63276e-06 8.792e-05 -0.0169649 0.083739 8.16746e-05 -0.00049706 2.63276e-06 8.16746e-05 0.00923496 -0.0169235 8.792e-05 -0.00049706 -0.0169235 0.0835498 
0.00925751 -0.0169782 5.1863e-06 8.58027e-05 -0.0169782 0.083805 7.81219e-05 -0.000497114 5.1863e-06 7.81219e-05 0.00922915 -0.0169286 8.58027e-05 -0.000497114 -0.0169286 0.0835806 
0.00924481 -0.0169572 -8.21339e-06 8.2465e-05 -0.0169572 0.0836891 7.53115e-05 -0.000491847 -8.21339e-06 7.53115e-05 0.00921527 -0.0168905 8.2465e-05 -0.000491847 -0.0168905 0.0834294 
0.00924295 -0.0169512 -2.72117e-05 9.7961e-05 -0.0169512 0.0836547 9.36007e-05 -0.000516227 -2.72117e-05 9.36007e-05 0.00920566 -0.016881 9.7961e-05 -0.000516227 -0.016881 0.0833723 
0.00921325 -0.0169554 -2.60482e-05 0.000121618 -0.0169554 0.0836644 0.00012104 -0.000571948 -2.60482e-05 0.00012104 0.00923249 -0.0168767 0.000121618 -0.000571948 -0.0168767 0.0833655 
0.00919879 -0.0169284 -1.77117e-05 0.000122273 -0.0169284 0.0836561 0.000120922 -0.000600455 -1.77117e-05 0.000120922 0.00926158 -0.0169178 0.000122273 -0.000600455 -0.0169178 0.0834534 
0.00920127 -0.0169433 -7.7945e-06 0.000112482 -0.0169433 0.0837908 0.000107147 -0.000588103 -7.7945e-06 0.000107147 0.00931384 -0.0169956 0.000112482 -0.000588103 -0.0169956 0.0837517 
0.00920711 -0.0169414 -2.23371e-06 0.000100183 -0.0169414 0.0838413 9.33219e-05 -0.000557966 -2.23371e-06 9.33219e-05 0.00934749 -0.0170608 0.000100183 -0.000557966 -0.0170608 0.0839837 
0.00923227 -0.0169509 4.59852e-06 9.29705e-05 -0.0169509 0.0838977 8.93669e-05 -0.000539026 4.59852e-06 8.93669e-05 0.00934489 -0.0171109 9.29705e-05 -0.000539026 -0.0171109 0.0841856 
0.00925415 -0.0169728 7.86053e-06 8.35093e-05 -0.0169728 0.0839342 8.37849e-05 -0.00052187 7.86053e-06 8.37849e-05 0.0093282 -0.0171009 8.35093e-05 -0.00052187 -0.0171009 0.084233 
0.00924158 -0.0169391 1.29686e-05 7.88987e-05 -0.0169391 0.0836962 8.17707e-05 -0.000509709 1.29686e-05 8.17707e-05 0.00928474 -0.0170153 7.88987e-05 -0.000509709 -0.0170153 0.0838989 
0.00926849 -0.016978 1.80617e-05 7.50121e-05 -0.016978 0.0838304 7.65632e-05 -0.000502931 1.80617e-05 7.65632e-05 0.0092747 -0.0170159 7.50121e-05 -0.000502931 -0.0170159 0.0839286 
0.00930347 -0.0170568 2.5197e-05 7.10925e-05 -0.0170568 0.0841653 6.82522e-05 -0.000492445 2.5197e-05 6.82522e-05 0.00929507 -0.0170513 7.10925e-05 -0.000492445 -0.0170513 0.0841599 
0.0093178 -0.0170895 2.62401e-05 6.20446e-05 -0.0170895 0.0843335 5.5937e-05 -0.000468925 2.62401e-05 5.5937e-05 0.00930419 -0.0170661 6.20446e-05 -0.000468925 -0.0170661 0.0842589 
0.00931923 -0.0170861 1.43373e-05 5.98304e-05 -0.0170861 0.0843366 5.19557e-05 -0.000450451 1.43373e-05 5.19557e-05 0.00930531 -0.0170607 5.98304e-05 -0.000450451 -0.0170607 0.0842423 
0.00931958 -0.0170681 1.04658e-05 7.31465e-05 -0.0170681 0.0842428 6.38062e-05 -0.00045998 1.04658e-05 6.38062e-05 0.00928791 -0.0170411 7.31465e-05 -0.00045998 -0.0170411 0.0841418 
0.00932556 -0.0170795 7.26181e-06 7.94136e-05 -0.0170795 0.0842534 7.13848e-05 -0.00048026 7.26181e-06 7.13848e-05 0.00927447 -0.0170294 7.94136e-05 -0.00048026 -0.0170294 0.084113 
0.00930692 -0.0170608 1.31863e-05 7.97131e-05 -0.0170608 0.0841391 7.64797e-05 -0.000490405 1.31863e-05 7.64797e-05 0.0092503 -0.0169835 7.97131e-05 -0.000490405 -0.0169835 0.0839328 
0.009282 -0.017007 7.30186e-06 7.13787e-05 -0.017007 0.0838987 7.13933e-05 -0.000482343 7.30186e-06 7.13933e-05 0.00920791 -0.0169215 7.13787e-05 -0.000482343 -0.0169215 0.0836469 
0.00923412 -0.0169296 2.81366e-06 7.66175e-05 -0.0169296 0.0835111 7.76301e-05 -0.000482778 2.81366e-06 7.76301e-05 0.00916967 -0.016826 7.66175e-05 -0.000482778 -0.016826 0.08322 
0.00918293 -0.0168741 1.32548e-05 8.27849e-05 -0.0168741 0.0832553 8.4692e-05 -0.000497478 1.32548e-05 8.4692e-05 0.00916582 -0.0167802 8.27849e-05 -0.000497478 -0.0167802 0.08296 
0.00917901 -0.0168797 -1.49445e-06 6.94032e-05 -0.0168797 0.0833718 7.21045e-05 -0.000484424 -1.49445e-06 7.21045e-05 0.00919459 -0.0168408 6.94032e-05 -0.000484424 -0.0168408 0.0831604 
0.00915767 -0.0168276 -2.89497e-05 8.39447e-05 -0.0168276 0.0831905 8.47474e-05 -0.000488954 -2.89497e-05 8.47474e-05 0.00918297 -0.0168373 8.39447e-05 -0.000488954 -0.0168373 0.0831095 
0.00914509 -0.0167695 -3.11707e-05 0.000115562 -0.0167695 0.0829159 0.000116029 -0.000540394 -3.11707e-05 0.000116029 0.00914381 -0.0167941 0.000115562 -0.000540394 -0.0167941 0.0829161 
0.00913516 -0.0167499 -1.87428e-05 0.000119515 -0.0167499 0.0827481 0.000119145 -0.000570779 -1.87428e-05 0.000119145 0.00912137 -0.0167403 0.000119515 -0.000570779 -0.0167403 0.0827211 
0.00912512 -0.0167411 1.18423e-06 0.000102047 -0.0167411 0.0826636 0.000101892 -0.000547999 1.18423e-06 0.000101892 0.00910525 -0.016708 0.000102047 -0.000547999 -0.016708 0.0825682 
0.00913397 -0.0167728 1.18852e-05 7.26664e-05 -0.0167728 0.0828157 7.49025e-05 -0.000485477 1.18852e-05 7.49025e-05 0.00911868 -0.0167299 7.26664e-05 -0.000485477 -0.0167299 0.0826742 
0.00912389 -0.0167746 6.40794e-06 5.46218e-05 -0.0167746 0.082854 5.96113e-05 -0.000425519 6.40794e-06 5.96113e-05 0.00913277 -0.0167374 5.46218e-05 -0.000425519 -0.0167374 0.0827043 
0.00911652 -0.0167579 -7.68112e-06 5.76423e-05 -0.0167579 0.0828339 6.40945e-05 -0.000404044 -7.68112e-06 6.40945e-05 0.00913714 -0.0167538 5.76423e-05 -0.000404044 -0.0167538 0.0827387 
0.00908862 -0.0167064 -1.35929e-05 7.7508e-05 -0.0167064 0.0826021 8.27631e-05 -0.000430184 -1.35929e-05 8.27631e-05 0.00912226 -0.016718 7.7508e-05 -0.000430184 -0.016718 0.0825591 
0.00909688 -0.0167067 -1.65085e-05 8.75348e-05 -0.0167067 0.0826166 9.24698e-05 -0.000463514 -1.65085e-05 9.24698e-05 0.00911366 -0.0167343 8.75348e-05 -0.000463514 -0.0167343 0.0826161 
0.00911604 -0.0167331 -2.19968e-05 9.008e-05 -0.0167331 0.0827206 9.63954e-05 -0.000480381 -2.19968e-05 9.63954e-05 0.0091075 -0.0167392 9.008e-05 -0.000480381 -0.0167392 0.0827017 
0.00911058 -0.0167143 -1.41721e-05 9.56503e-05 -0.0167143 0.0825956 0.000102054 -0.000491715 -1.41721e-05 0.000102054 0.00907851 -0.0166842 9.56503e-05 -0.000491715 -0.0166842 0.0824989 
0.00910903 -0.0167278 2.44546e-06 8.62762e-05 -0.0167278 0.0826166 9.27097e-05 -0.000482615 2.44546e-06 9.27097e-05 0.00908162 -0.0166581 8.62762e-05 -0.000482615 -0.0166581 0.0824098 
0.00911005 -0.0167381 7.08693e-06 6.55997e-05 -0.0167381 0.0826721 7.17532e-05 -0.000444147 7.08693e-06 7.17532e-05 0.00909188 -0.0166638 6.55997e-05 -0.000444147 -0.0166638 0.0823973 
0.00910863 -0.0167424 2.0014e-05 5.93336e-05 -0.0167424 0.0827038 6.34266e-05 -0.000411701 2.0014e-05 6.34266e-05 0.00910689 -0.016675 5.93336e-05 -0.000411701 -0.016675 0.0824088 
0.0091081 -0.0167574 1.37651e-05 4.3975e-05 -0.0167574 0.0828004 4.93416e-05 -0.000379801 1.37651e-05 4.93416e-05 0.00913033 -0.0167152 4.3975e-05 -0.000379801 -0.0167152 0.0825437 
0.00911276 -0.0167538 7.23659e-06 5.18094e-05 -0.0167538 0.0828316 5.65578e-05 -0.000377066 7.23659e-06 5.65578e-05 0.00913346 -0.0167452 5.18094e-05 -0.000377066 -0.0167452 0.0826494 
0.00912987 -0.0167407 -5.07263e-06 6.39418e-05 -0.0167407 0.0827657 6.57287e-05 -0.000399384 -5.07263e-06 6.57287e-05 0.00909752 -0.0167337 6.39418e-05 -0.000399384 -0.0167337 0.0826236 
0.00913224 -0.0167609 -5.46516e-06 8.14804e-05 -0.0167609 0.0827689 7.86609e-05 -0.000433884 -5.46516e-06 7.86609e-05 0.00907734 -0.0166891 8.14804e-05 -0.000433884 -0.0166891 0.082538 
0.00913266 -0.0167471 -7.69363e-06 8.04479e-05 -0.0167471 0.0826887 7.75937e-05 -0.000445772 -7.69363e-06 7.75937e-05 0.00904943 -0.0166374 8.04479e-05 -0.000445772 -0.0166374 0.0823355 
0.00913778 -0.0167765 -1.42866e-06 7.96193e-05 -0.0167765 0.0827905 7.99716e-05 -0.000445927 -1.42866e-06 7.99716e-05 0.00905868 -0.0166286 7.96193e-05 -0.000445927 -0.0166286 0.0823256 
0.00912565 -0.0167562 1.43773e-05 6.97819e-05 -0.0167562 0.0827133 7.0837e-05 -0.000428172 1.43773e-05 7.0837e-05 0.00905189 -0.0166125 6.97819e-05 -0.000428172 -0.0166125 0.082208 
0.00914291 -0.0168119 4.26224e-05 4.85904e-05 -0.0168119 0.0830026 5.05301e-05 -0.000386153 4.26224e-05 5.05301e-05 0.00908567 -0.0166781 4.85904e-05 -0.000386153 -0.0166781 0.0825081 
0.00911901 -0.0167768 5.4025e-05 1.53204e-05 -0.0167768 0.0828883 1.70742e-05 -0.000315413 5.4025e-05 1.70742e-05 0.00908122 -0.0166627 1.53204e-05 -0.000315413 -0.0166627 0.0824307 
0.00907482 -0.0167243 4.51777e-05 -1.33476e-06 -0.0167243 0.082681 7.96231e-07 -0.000253975 4.51777e-05 7.96231e-07 0.0090911 -0.0166368 -1.33476e-06 -0.000253975 -0.0166368 0.0822848 
0.00905192 -0.0166685 2.84987e-05 6.86105e-06 -0.0166685 0.0824982 1.1978e-05 -0.0002454 2.84987e-05 1.1978e-05 0.00909122 -0.0166489 6.86105e-06 -0.0002454 -0.0166489 0.0822355 
0.00902764 -0.0166087 1.76611e-05 2.77007e-05 -0.0166087 0.0822257 3.18335e-05 -0.000278628 1.76611e-05 3.18335e-05 0.00907213 -0.0166277 2.77007e-05 -0.000278628 -0.0166277 0.0820989 
0.00902216 -0.0165962 1.9119e-05 4.33621e-05 -0.0165962 0.0821456 4.29686e-05 -0.000315961 1.9119e-05 4.29686e-05 0.00906176 -0.016623 4.33621e-05 -0.000315961 -0.016623 0.0820842 
0.00905439 -0.0166438 1.43496e-05 4.25318e-05 -0.0166438 0.0823645 3.95128e-05 -0.000326585 1.43496e-05 3.95128e-05 0.00906069 -0.0166584 4.25318e-05 -0.000326585 -0.0166584 0.0822968 
0.00905239 -0.016656 5.71777e-06 4.79142e-05 -0.016656 0.0823889 4.51621e-05 -0.000333915 5.71777e-06 4.51621e-05 0.00905032 -0.0166256 4.79142e-05 -0.000333915 -0.0166256 0.0822383 
0.00905981 -0.0166726 5.06364e-06 5.75235e-05 -0.0166726 0.082492 5.91115e-05 -0.000357197 5.06364e-06 5.91115e-05 0.00904792 -0.0166271 5.75235e-05 -0.000357197 -0.0166271 0.0822701 
0.00905307 -0.0166682 -7.34516e-07 5.61353e-05 -0.0166682 0.0824915 6.23904e-05 -0.000369576 -7.34516e-07 6.23904e-05 0.00904552 -0.0166135 5.61353e-05 -0.000369576 -0.0166135 0.0822349 
0.00901585 -0.016617 -1.03343e-05 5.94025e-05 -0.016617 0.0822771 6.71163e-05 -0.000374064 -1.03343e-05 6.71163e-05 0.00903736 -0.0165729 5.94025e-05 -0.000374064 -0.0165729 0.0820302 
0.00898939 -0.0165409 -1.14658e-05 7.06566e-05 -0.0165409 0.0819646 7.49862e-05 -0.000387217 -1.14658e-05 7.49862e-05 0.00901232 -0.0165377 7.06566e-05 -0.000387217 -0.0165377 0.0817959 
0.00899708 -0.016529 -1.6448e-06 7.54487e-05 -0.016529 0.0818801 7.43701e-05 -0.000397306 -1.6448e-06 7.43701e-05 0.00900497 -0.016536 7.54487e-05 -0.000397306 -0.016536 0.0817802 
0.00899394 -0.0165118 -2.70561e-06 6.39282e-05 -0.0165118 0.0817289 5.98825e-05 -0.000378079 -2.70561e-06 5.98825e-05 0.00899021 -0.0165046 6.39282e-05 -0.000378079 -0.0165046 0.0816381 
0.00897549 -0.0165153 4.47317e-06 6.37956e-05 -0.0165153 0.0816892 5.70331e-05 -0.000360872 4.47317e-06 5.70331e-05 0.00900487 -0.0164955 6.37956e-05 -0.000360872 -0.0164955 0.0815811 
0.0089801 -0.0165168 6.7492e-06 5.68402e-05 -0.0165168 0.0817441 5.00806e-05 -0.000347418 6.7492e-06 5.00806e-05 0.00901312 -0.0165345 5.68402e-05 -0.000347418 -0.0165345 0.0816832 
0.00899809 -0.0165396 9.00323e-06 5.56012e-05 -0.0165396 0.0818576 4.83782e-05 -0.000341106 9.00323e-06 4.83782e-05 0.00901187 -0.0165667 5.56012e-05 -0.000341106 -0.0165667 0.0818491 
0.00899707 -0.0165609 1.62161e-05 5.39219e-05 -0.0165609 0.0819418 4.44609e-05 -0.000335745 1.62161e-05 4.44609e-05 0.00901922 -0.0165669 5.39219e-05 -0.000335745 -0.0165669 0.0819244 
0.009 -0.0165484 2.27885e-05 4.59911e-05 -0.0165484 0.0819231 3.50869e-05 -0.000320175 2.27885e-05 3.50869e-05 0.00900625 -0.016559 4.59911e-05 -0.000320175 -0.016559 0.081894 
0.00899888 -0.0165372 1.09655e-05 3.60445e-05 -0.0165372 0.0818466 2.59946e-05 -0.000295901 1.09655e-05 2.59946e-05 0.00899331 -0.0165281 3.60445e-05 -0.000295901 -0.0165281 0.0817857 
0.00899575 -0.0165387 2.80517e-06 4.9384e-05 -0.0165387 0.0818259 4.16392e-05 -0.000307808 2.80517e-06 4.16392e-05 0.00899603 -0.0165136 4.9384e-05 -0.000307808 -0.0165136 0.0817223 
0.00898111 -0.0165161 1.28742e-05 6.12374e-05 -0.0165161 0.0817139 5.74505e-05 -0.000343344 1.28742e-05 5.74505e-05 0.00899068 -0.0164959 6.12374e-05 -0.000343344 -0.0164959 0.0815979 
0.00899942 -0.0165137 2.2196e-05 4.88752e-05 -0.0165137 0.0817048 4.94646e-05 -0.000346499 2.2196e-05 4.94646e-05 0.00897856 -0.0165041 4.88752e-05 -0.000346499 -0.0165041 0.0816039 
0.00902401 -0.0165564 1.02925e-05 3.65593e-05 -0.0165564 0.0818347 3.96103e-05 -0.000327347 1.02925e-05 3.96103e-05 0.00897631 -0.0165123 3.65593e-05 -0.000327347 -0.0165123 0.0816922 
0.00907357 -0.0166354 3.52807e-06 5.2074e-05 -0.0166354 0.0821817 5.40934e-05 -0.000342707 3.52807e-06 5.40934e-05 0.00898246 -0.0165589 5.2074e-05 -0.000342707 -0.0165589 0.0819663 
0.00908222 -0.0166551 1.06853e-06 6.29813e-05 -0.0166551 0.0822319 6.24234e-05 -0.000371432 1.06853e-06 6.24234e-05 0.00896647 -0.0165267 6.29813e-05 -0.000371432 -0.0165267 0.0819074 
0.00907017 -0.0166642 9.96983e-06 6.54989e-05 -0.0166642 0.082259 6.22889e-05 -0.000382504 9.96983e-06 6.22889e-05 0.00897432 -0.0165009 6.54989e-05 -0.000382504 -0.0165009 0.0818284 
0.00905224 -0.0166689 1.82518e-05 5.41092e-05 -0.0166689 0.0823412 5.07568e-05 -0.000366548 1.82518e-05 5.07568e-05 0.00901095 -0.0165262 5.41092e-05 -0.000366548 -0.0165262 0.0818966 
0.00904768 -0.0166438 1.77537e-05 4.02443e-05 -0.0166438 0.0823332 3.8814e-05 -0.000334454 1.77537e-05 3.8814e-05 0.00902929 -0.016574 4.02443e-05 -0.000334454 -0.016574 0.0820134 
0.00903657 -0.0166005 9.35311e-06 3.80526e-05 -0.0166005 0.0821462 3.84829e-05 -0.000314908 9.35311e-06 3.84829e-05 0.00902117 -0.0165703 3.80526e-05 -0.000314908 -0.0165703 0.0819651 
0.00903325 -0.0165803 7.94763e-06 4.67545e-05 -0.0165803 0.0820115 5.08417e-05 -0.000325791 7.94763e-06 5.08417e-05 0.00900741 -0.0165543 4.67545e-05 -0.000325791 -0.0165543 0.0818915 
0.00901769 -0.0165721 1.19091e-05 4.97829e-05 -0.0165721 0.0819215 5.74025e-05 -0.000342923 1.19091e-05 5.74025e-05 0.00900605 -0.0165292 4.97829e-05 -0.000342923 -0.0165292 0.0817887 
0.00902329 -0.0165714 1.05719e-05 4.6311e-05 -0.0165714 0.0819386 5.50267e-05 -0.000348287 1.05719e-05 5.50267e-05 0.00900167 -0.016542 4.6311e-05 -0.000348287 -0.016542 0.0818089 
0.00899986 -0.0165466 3.58625e-06 4.85223e-05 -0.0165466 0.0817954 5.50029e-05 -0.000349804 3.58625e-06 5.50029e-05 0.00899257 -0.0165037 4.85223e-05 -0.000349804 -0.0165037 0.0816485 
0.00898734 -0.0165256 1.85031e-06 5.67356e-05 -0.0165256 0.0817217 6.04593e-05 -0.000359589 1.85031e-06 6.04593e-05 0.00899317 -0.0164987 5.67356e-05 -0.000359589 -0.0164987 0.0815844 
0.00900151 -0.0165518 -1.29547e-05 6.19793e-05 -0.0165518 0.081863 6.35001e-05 -0.000373841 -1.29547e-05 6.35001e-05 0.00900527 -0.0165382 6.19793e-05 -0.000373841 -0.0165382 0.0817505 
0.00901788 -0.0166057 -1.17824e-05 8.11073e-05 -0.0166057 0.0821384 7.95632e-05 -0.00040597 -1.17824e-05 7.95632e-05 0.00904754 -0.0165926 8.11073e-05 -0.00040597 -0.0165926 0.0820393 
0.00902044 -0.0166024 -3.27111e-06 8.23013e-05 -0.0166024 0.0821827 7.92181e-05 -0.000424745 -3.27111e-06 7.92181e-05 0.00906265 -0.0166204 8.23013e-05 -0.000424745 -0.0166204 0.0821317 
0.00905731 -0.0166432 9.93215e-06 7.21409e-05 -0.0166432 0.0823972 6.67167e-05 -0.000410536 9.93215e-06 6.67167e-05 0.00908533 -0.0166791 7.21409e-05 -0.000410536 -0.0166791 0.0824027 
0.0091021 -0.0166879 1.97816e-05 5.52909e-05 -0.0166879 0.0825654 5.02339e-05 -0.000375804 1.97816e-05 5.02339e-05 0.0090821 -0.0167055 5.52909e-05 -0.000375804 -0.0167055 0.0825638 
0.00912928 -0.0167236 1.77544e-05 4.26823e-05 -0.0167236 0.0826348 4.13141e-05 -0.000346224 1.77544e-05 4.13141e-05 0.00906521 -0.0166804 4.26823e-05 -0.000346224 -0.0166804 0.0825264 
0.0091512 -0.016777 1.96191e-05 4.45306e-05 -0.016777 0.0828152 4.58853e-05 -0.000342026 1.96191e-05 4.58853e-05 0.00907157 -0.0166755 4.45306e-05 -0.000342026 -0.0166755 0.0825581 
0.0091601 -0.0167966 2.39995e-05 4.35966e-05 -0.0167966 0.0828943 4.55863e-05 -0.00034459 2.39995e-05 4.55863e-05 0.00906485 -0.016672 4.35966e-05 -0.00034459 -0.016672 0.0825356 
0.00915495 -0.0167909 2.46274e-05 3.82177e-05 -0.0167909 0.0828553 3.94934e-05 -0.000337203 2.46274e-05 3.94934e-05 0.009045 -0.0166434 3.82177e-05 -0.000337203 -0.0166434 0.0824222 
0.00913157 -0.0167865 2.19716e-05 4.03225e-05 -0.0167865 0.0828278 3.69469e-05 -0.00033367 2.19716e-05 3.69469e-05 0.00905616 -0.0166151 4.03225e-05 -0.00033367 -0.0166151 0.0823206 
0.00910948 -0.0167655 9.89596e-06 4.63853e-05 -0.0167655 0.0828082 3.9942e-05 -0.000341472 9.89596e-06 3.9942e-05 0.00908384 -0.016636 4.63853e-05 -0.000341472 -0.016636 0.0823324 
0.00908386 -0.0167288 -6.69984e-06 6.13087e-05 -0.0167288 0.0827151 5.60524e-05 -0.000371138 -6.69984e-06 5.60524e-05 0.00910406 -0.0166684 6.13087e-05 -0.000371138 -0.0166684 0.0823817 
0.00907496 -0.0167018 -4.7704e-06 8.25581e-05 -0.0167018 0.0826568 7.93295e-05 -0.000422109 -4.7704e-06 7.93295e-05 0.00911754 -0.0167097 8.25581e-05 -0.000422109 -0.0167097 0.0825113 
0.00906457 -0.0166555 2.64535e-06 7.96857e-05 -0.0166555 0.0824487 7.95544e-05 -0.00044392 2.64535e-06 7.95544e-05 0.00910419 -0.0166978 7.96857e-05 -0.00044392 -0.0166978 0.0824444 
0.00907719 -0.0166732 1.02053e-05 6.78986e-05 -0.0166732 0.0824875 7.33501e-05 -0.000435298 1.02053e-05 7.33501e-05 0.00910827 -0.0167111 6.78986e-05 -0.000435298 -0.0167111 0.08253 
0.0090992 -0.016726 -4.39919e-06 5.6033e-05 -0.016726 0.0827117 6.61199e-05 -0.000415258 -4.39919e-06 6.61199e-05 0.00913012 -0.0167463 5.6033e-05 -0.000415258 -0.0167463 0.0827259 
0.00910729 -0.0167433 -2.54567e-06 7.1361e-05 -0.0167433 0.0828045 8.32995e-05 -0.000429056 -2.54567e-06 8.32995e-05 0.00913832 -0.0167594 7.1361e-05 -0.000429056 -0.0167594 0.0827922 
0.00911849 -0.0167278 3.91752e-06 7.09425e-05 -0.0167278 0.0827377 8.16138e-05 -0.000439435 3.91752e-06 8.16138e-05 0.00911604 -0.0167444 7.09425e-05 -0.000439435 -0.0167444 0.0827157 
0.00912821 -0.0167552 1.06793e-05 6.46195e-05 -0.0167552 0.0827899 7.12489e-05 -0.000428044 1.06793e-05 7.12489e-05 0.00911447 -0.0167259 6.46195e-05 -0.000428044 -0.0167259 0.0826876 
