0.00620793 0 -4.11547e-05 0 0 0.00869855 0 0 -4.11547e-05 0 0.00606967 0 0 0 0 0.00869855 
0.00948858 -0.0117758 -4.29066e-05 4.97905e-05 -0.0117758 0.0311913 4.97905e-05 -9.54291e-05 -4.29066e-05 4.97905e-05 0.00928834 -0.0115305 4.97905e-05 -9.54291e-05 -0.0115305 0.0307209 
0.0098001 -0.0182674 7.44523e-07 -4.22299e-05 -0.0182674 0.0672729 -4.22299e-05 0.000166002 7.44523e-07 -4.22299e-05 0.00963953 -0.0179847 -4.22299e-05 0.000166002 -0.0179847 0.066385 
0.00922591 -0.0178541 2.72052e-05 -0.00018733 -0.0178541 0.0800351 -0.000184318 0.000937594 2.72052e-05 -0.000184318 0.00915819 -0.017714 -0.00018733 0.000937594 -0.017714 0.0795925 
0.00889583 -0.0166973 2.0488e-05 -0.00019307 -0.0166973 0.0806029 -0.00018825 0.00121516 2.0488e-05 -0.00018825 0.00891056 -0.0166744 -0.00019307 0.00121516 -0.0166744 0.0806142 
0.00861847 -0.0158946 -4.17981e-06 -0.000135934 -0.0158946 0.0782163 -0.000128533 0.000987045 -4.17981e-06 -0.000128533 0.00869197 -0.0159617 -0.000135934 0.000987045 -0.0159617 0.0784792 
0.00837017 -0.0153567 -3.12427e-05 -8.26225e-05 -0.0153567 0.0758586 -7.27359e-05 0.00068966 -3.12427e-05 -7.27359e-05 0.00846167 -0.0154868 -8.26225e-05 0.00068966 -0.0154868 0.0762746 
0.00815024 -0.0149204 -2.16317e-05 -4.21041e-05 -0.0149204 0.0737766 -3.33244e-05 0.000473028 -2.16317e-05 -3.33244e-05 0.00822777 -0.0150695 -4.21041e-05 0.000473028 -0.0150695 0.0742623 
0.0096015 -0.0175226 -1.24621e-05 -6.03167e-05 -0.0175226 0.0866318 -5.45723e-05 0.000477771 -1.24621e-05 -5.45723e-05 0.00964096 -0.0176826 -6.03167e-05 0.000477771 -0.0176826 0.0872068 
0.00950919 -0.0173486 -1.10318e-05 -8.04296e-05 -0.0173486 0.0856337 -8.10113e-05 0.000502289 -1.10318e-05 -8.10113e-05 0.00950275 -0.0174434 -8.04296e-05 0.000502289 -0.0174434 0.0860973 
0.00943831 -0.0172415 -3.41739e-06 -8.46464e-05 -0.0172415 0.0850159 -8.87598e-05 0.000535286 -3.41739e-06 -8.87598e-05 0.00943009 -0.0172796 -8.46464e-05 0.000535286 -0.0172796 0.0853353 
0.00941681 -0.0172098 -7.62526e-06 -9.54412e-05 -0.0172098 0.0848511 -0.000100256 0.000568892 -7.62526e-06 -0.000100256 0.00940389 -0.0172462 -9.54412e-05 0.000568892 -0.0172462 0.0851135 
0.00937611 -0.0171466 -1.40876e-05 -8.89851e-05 -0.0171466 0.0845332 -9.56217e-05 0.000574895 -1.40876e-05 -9.56217e-05 0.00936717 -0.017176 -8.89851e-05 0.000574895 -0.017176 0.0847709 
0.0093693 -0.0171513 -1.18907e-05 -8.05088e-05 -0.0171513 0.084571 -8.53869e-05 0.000558194 -1.18907e-05 -8.53869e-05 0.00937578 -0.0171862 -8.05088e-05 0.000558194 -0.0171862 0.0848089 
0.00937086 -0.0171265 1.20798e-06 -8.37362e-05 -0.0171265 0.084491 -8.14329e-05 0.000543909 1.20798e-06 -8.14329e-05 0.0093691 -0.0171836 -8.37362e-05 0.000543909 -0.0171836 0.0847688 
0.00936858 -0.0171163 1.53898e-05 -0.000102316 -0.0171163 0.0843946 -9.26829e-05 0.000559608 1.53898e-05 -9.26829e-05 0.00935354 -0.0171641 -0.000102316 0.000559608 -0.0171641 0.08468 
0.00937151 -0.0171453 2.52016e-05 -0.000119167 -0.0171453 0.0844958 -0.000109993 0.000594454 2.52016e-05 -0.000109993 0.00936175 -0.0171714 -0.000119167 0.000594454 -0.0171714 0.0847412 
0.00935985 -0.0171414 1.93507e-05 -0.000128091 -0.0171414 0.0845056 -0.000123259 0.000624911 1.93507e-05 -0.000123259 0.00936668 -0.0171707 -0.000128091 0.000624911 -0.0171707 0.0847305 
0.00933921 -0.0171255 1.35942e-05 -0.000118844 -0.0171255 0.0844755 -0.000115386 0.000620462 1.35942e-05 -0.000115386 0.0093757 -0.0171744 -0.000118844 0.000620462 -0.0171744 0.0847241 
0.00930722 -0.0170527 1.52439e-05 -0.000108802 -0.0170527 0.0841885 -0.000103235 0.000591504 1.52439e-05 -0.000103235 0.00934925 -0.0171387 -0.000108802 0.000591504 -0.0171387 0.0845088 
0.00930794 -0.0170593 1.1512e-05 -0.000108918 -0.0170593 0.0842326 -0.000102225 0.000575015 1.1512e-05 -0.000102225 0.00936221 -0.017163 -0.000108918 0.000575015 -0.017163 0.0846272 
0.0093139 -0.0170194 6.76928e-07 -0.000104779 -0.0170194 0.0840658 -9.77587e-05 0.000562209 6.76928e-07 -9.77587e-05 0.00933924 -0.0171462 -0.000104779 0.000562209 -0.0171462 0.0845346 
0.00935904 -0.0170717 5.69441e-06 -9.28225e-05 -0.0170717 0.0842295 -8.51163e-05 0.000539717 5.69441e-06 -8.51163e-05 0.0093362 -0.0171709 -9.28225e-05 0.000539717 -0.0171709 0.0847008 
0.00936853 -0.0170967 -3.0483e-06 -9.91488e-05 -0.0170967 0.0842416 -9.15364e-05 0.000538056 -3.0483e-06 -9.15364e-05 0.00932066 -0.0171354 -9.91488e-05 0.000538056 -0.0171354 0.0846124 
0.00934462 -0.017074 -1.39352e-05 -8.90414e-05 -0.017074 0.0840907 -8.24954e-05 0.000526823 -1.39352e-05 -8.24954e-05 0.00929263 -0.0170776 -8.90414e-05 0.000526823 -0.0170776 0.0843536 
0.00933034 -0.0170489 -2.58983e-05 -7.52246e-05 -0.0170489 0.083985 -6.91394e-05 0.00049801 -2.58983e-05 -6.91394e-05 0.00927422 -0.017044 -7.52246e-05 0.00049801 -0.017044 0.0841927 
0.00930802 -0.0170554 -1.40633e-05 -5.8261e-05 -0.0170554 0.0840198 -5.38899e-05 0.000459314 -1.40633e-05 -5.38899e-05 0.00929692 -0.0170441 -5.8261e-05 0.000459314 -0.0170441 0.0842015 
0.00930743 -0.017064 -5.63205e-06 -6.91728e-05 -0.017064 0.0841747 -6.76727e-05 0.000458203 -5.63205e-06 -6.76727e-05 0.00932795 -0.0171121 -6.91728e-05 0.000458203 -0.0171121 0.0844419 
0.00932043 -0.0170651 -3.46235e-06 -8.03598e-05 -0.0170651 0.0842576 -7.88578e-05 0.000482021 -3.46235e-06 -7.88578e-05 0.00933294 -0.0171588 -8.03598e-05 0.000482021 -0.0171588 0.0846532 
0.00931551 -0.0170398 4.61865e-06 -8.53556e-05 -0.0170398 0.0841312 -8.01825e-05 0.000496693 4.61865e-06 -8.01825e-05 0.00931572 -0.01713 -8.53556e-05 0.000496693 -0.01713 0.0845823 
0.00930788 -0.0170432 8.75072e-06 -9.37371e-05 -0.0170432 0.0841201 -8.53875e-05 0.000508022 8.75072e-06 -8.53875e-05 0.00932275 -0.017119 -9.37371e-05 0.000508022 -0.017119 0.0845649 
0.00929578 -0.0170217 -3.67206e-06 -9.69706e-05 -0.0170217 0.0840455 -8.86198e-05 0.000514419 -3.67206e-06 -8.86198e-05 0.00932615 -0.0171149 -9.69706e-05 0.000514419 -0.0171149 0.0845117 
0.00929309 -0.016975 -5.72283e-06 -7.87599e-05 -0.016975 0.0838329 -7.48745e-05 0.000489888 -5.72283e-06 -7.48745e-05 0.00929322 -0.0170913 -7.87599e-05 0.000489888 -0.0170913 0.0843561 
0.00930702 -0.0170081 -7.34237e-06 -7.19003e-05 -0.0170081 0.0839054 -7.3433e-05 0.000466909 -7.34237e-06 -7.3433e-05 0.00928775 -0.0170847 -7.19003e-05 0.000466909 -0.0170847 0.0843906 
0.00929971 -0.0170192 -1.12128e-05 -7.0376e-05 -0.0170192 0.0839279 -7.42408e-05 0.000460027 -1.12128e-05 -7.42408e-05 0.00928567 -0.0170611 -7.0376e-05 0.000460027 -0.0170611 0.0843169 
0.00929145 -0.0169839 -1.83835e-05 -6.70865e-05 -0.0169839 0.083789 -7.07419e-05 0.000454388 -1.83835e-05 -7.07419e-05 0.00926533 -0.0170278 -6.70865e-05 0.000454388 -0.0170278 0.084132 
0.00929561 -0.0169945 -2.67144e-05 -5.83152e-05 -0.0169945 0.0838121 -6.08394e-05 0.000437262 -2.67144e-05 -6.08394e-05 0.00926368 -0.0170269 -5.83152e-05 0.000437262 -0.0170269 0.0841274 
0.00930126 -0.0170114 -1.55533e-05 -4.9207e-05 -0.0170114 0.0838857 -5.04505e-05 0.000414727 -1.55533e-05 -5.04505e-05 0.00927977 -0.0170356 -4.9207e-05 0.000414727 -0.0170356 0.0841745 
0.00927273 -0.0169843 -5.57639e-06 -6.03624e-05 -0.0169843 0.0837625 -6.18467e-05 0.000419337 -5.57639e-06 -6.18467e-05 0.0092892 -0.0170214 -6.03624e-05 0.000419337 -0.0170214 0.0840595 
0.00927827 -0.0169822 7.1979e-06 -7.4583e-05 -0.0169822 0.083814 -7.49794e-05 0.000448922 7.1979e-06 -7.49794e-05 0.00930365 -0.0170717 -7.4583e-05 0.000448922 -0.0170717 0.0842088 
0.00930389 -0.0169975 1.49401e-05 -9.31505e-05 -0.0169975 0.0838894 -9.32253e-05 0.000492974 1.49401e-05 -9.32253e-05 0.0093011 -0.0171029 -9.31505e-05 0.000492974 -0.0171029 0.0843651 
0.00932632 -0.0170536 5.24247e-06 -0.000105569 -0.0170536 0.0840941 -0.000105863 0.000536729 5.24247e-06 -0.000105863 0.00931337 -0.0171213 -0.000105569 0.000536729 -0.0171213 0.0845342 
0.00932122 -0.0170644 1.21008e-07 -9.59899e-05 -0.0170644 0.0841412 -9.80423e-05 0.000545526 1.21008e-07 -9.80423e-05 0.0093141 -0.0171078 -9.59899e-05 0.000545526 -0.0171078 0.084502 
0.00931854 -0.0170522 -7.29554e-06 -8.75632e-05 -0.0170522 0.0841175 -9.12894e-05 0.000531914 -7.29554e-06 -9.12894e-05 0.0092987 -0.0170958 -8.75632e-05 0.000531914 -0.0170958 0.0844369 
0.00930549 -0.0170358 -8.81975e-06 -7.97803e-05 -0.0170358 0.0840361 -8.19901e-05 0.000513188 -8.81975e-06 -8.19901e-05 0.00928499 -0.0170627 -7.97803e-05 0.000513188 -0.0170627 0.0843151 
0.00929718 -0.0170147 -7.65161e-06 -7.58792e-05 -0.0170147 0.0839503 -7.83922e-05 0.000498605 -7.65161e-06 -7.83922e-05 0.00926695 -0.0170391 -7.58792e-05 0.000498605 -0.0170391 0.084201 
0.00928319 -0.0170105 7.82826e-07 -7.46935e-05 -0.0170105 0.0839242 -8.12643e-05 0.000494574 7.82826e-07 -8.12643e-05 0.0092636 -0.0170205 -7.46935e-05 0.000494574 -0.0170205 0.0841396 
0.00926095 -0.0169988 1.175e-05 -8.06608e-05 -0.0169988 0.0839123 -8.94621e-05 0.000500372 1.175e-05 -8.94621e-05 0.00927592 -0.0170175 -8.06608e-05 0.000500372 -0.0170175 0.0841177 
0.00923381 -0.016933 1.60643e-05 -9.22725e-05 -0.016933 0.0836773 -9.86986e-05 0.000514915 1.60643e-05 -9.86986e-05 0.00925049 -0.0169947 -9.22725e-05 0.000514915 -0.0169947 0.0839482 
0.0092038 -0.0168444 1.29689e-05 -9.63831e-05 -0.0168444 0.0832479 -9.91033e-05 0.000518392 1.29689e-05 -9.91033e-05 0.00920104 -0.0169107 -9.63831e-05 0.000518392 -0.0169107 0.0835624 
0.00917632 -0.0168267 9.21333e-06 -9.29461e-05 -0.0168267 0.0830903 -9.40772e-05 0.000510916 9.21333e-06 -9.40772e-05 0.00918443 -0.0168648 -9.29461e-05 0.000510916 -0.0168648 0.0833658 
0.00915351 -0.0167999 1.3456e-05 -8.6606e-05 -0.0167999 0.0829991 -9.00941e-05 0.000496302 1.3456e-05 -9.00941e-05 0.0091838 -0.0168481 -8.6606e-05 0.000496302 -0.0168481 0.0832594 
0.00914194 -0.0167642 8.25129e-06 -8.77158e-05 -0.0167642 0.0828755 -9.28401e-05 0.000488129 8.25129e-06 -9.28401e-05 0.00918125 -0.0168447 -8.77158e-05 0.000488129 -0.0168447 0.0831916 
0.00914535 -0.0167608 4.53266e-06 -8.15302e-05 -0.0167608 0.0828495 -8.68506e-05 0.000476505 4.53266e-06 -8.68506e-05 0.0091819 -0.0168558 -8.15302e-05 0.000476505 -0.0168558 0.0832217 
0.00912787 -0.0167654 6.30136e-06 -7.68525e-05 -0.0167654 0.0828484 -8.14724e-05 0.00046162 6.30136e-06 -8.14724e-05 0.00919745 -0.0168595 -7.68525e-05 0.00046162 -0.0168595 0.0832426 
0.00909668 -0.0167064 -9.41416e-07 -7.95471e-05 -0.0167064 0.082627 -8.29873e-05 0.000457722 -9.41416e-07 -8.29873e-05 0.00918229 -0.0168388 -7.95471e-05 0.000457722 -0.0168388 0.083083 
0.00910305 -0.0167055 -7.2071e-06 -7.26756e-05 -0.0167055 0.082651 -7.31081e-05 0.000446938 -7.2071e-06 -7.31081e-05 0.00918449 -0.0168625 -7.26756e-05 0.000446938 -0.0168625 0.0831845 
0.00912364 -0.0167233 -3.48207e-06 -6.4626e-05 -0.0167233 0.0827218 -6.27123e-05 0.000424239 -3.48207e-06 -6.27123e-05 0.0091823 -0.0168716 -6.4626e-05 0.000424239 -0.0168716 0.0832675 
0.00914897 -0.0167552 1.52103e-06 -6.77397e-05 -0.0167552 0.0828279 -6.81857e-05 0.000420251 1.52103e-06 -6.81857e-05 0.00918141 -0.0168751 -6.77397e-05 0.000420251 -0.0168751 0.0833261 
0.00916438 -0.0167575 1.58648e-06 -7.42824e-05 -0.0167575 0.0827758 -7.93632e-05 0.000437895 1.58648e-06 -7.93632e-05 0.00915575 -0.0168365 -7.42824e-05 0.000437895 -0.0168365 0.0831738 
0.00918872 -0.0168302 3.64393e-06 -7.59562e-05 -0.0168302 0.0830371 -8.29262e-05 0.000455051 3.64393e-06 -8.29262e-05 0.00916416 -0.0168524 -7.59562e-05 0.000455051 -0.0168524 0.0832956 
0.00920944 -0.0168801 -2.74908e-06 -7.93001e-05 -0.0168801 0.0832911 -8.60968e-05 0.000467885 -2.74908e-06 -8.60968e-05 0.00917523 -0.0168741 -7.93001e-05 0.000467885 -0.0168741 0.0834304 
0.0092258 -0.0169024 -3.39021e-06 -7.15719e-05 -0.0169024 0.0834262 -7.82933e-05 0.000461388 -3.39021e-06 -7.82933e-05 0.00917331 -0.0168811 -7.15719e-05 0.000461388 -0.0168811 0.0834922 
0.00921438 -0.0169019 -9.85961e-06 -6.92715e-05 -0.0169019 0.0834191 -7.55766e-05 0.000450533 -9.85961e-06 -7.55766e-05 0.0091841 -0.0168578 -6.92715e-05 0.000450533 -0.0168578 0.0834197 
0.00917125 -0.0168533 -1.94828e-05 -6.44679e-05 -0.0168533 0.0832236 -6.71413e-05 0.000437777 -1.94828e-05 -6.71413e-05 0.00919481 -0.0168335 -6.44679e-05 0.000437777 -0.0168335 0.0832279 
0.00917138 -0.0168564 -2.17012e-05 -5.4446e-05 -0.0168564 0.0833337 -5.31475e-05 0.000414974 -2.17012e-05 -5.31475e-05 0.00922897 -0.016909 -5.4446e-05 0.000414974 -0.016909 0.0834662 
0.00917289 -0.0168319 -1.17494e-05 -5.04419e-05 -0.0168319 0.0832675 -4.92317e-05 0.000396612 -1.17494e-05 -4.92317e-05 0.00923063 -0.0169338 -5.04419e-05 0.000396612 -0.0169338 0.0835503 
0.00920356 -0.0168522 -4.97715e-06 -6.16001e-05 -0.0168522 0.0833359 -6.37609e-05 0.000411554 -4.97715e-06 -6.37609e-05 0.00921339 -0.0169555 -6.16001e-05 0.000411554 -0.0169555 0.0836831 
0.00921626 -0.0168661 2.19891e-07 -7.1171e-05 -0.0168661 0.0833109 -7.40905e-05 0.000438267 2.19891e-07 -7.40905e-05 0.00917994 -0.0169056 -7.1171e-05 0.000438267 -0.0169056 0.083569 
0.00919679 -0.0168371 -4.52795e-06 -7.71197e-05 -0.0168371 0.0831002 -7.92158e-05 0.000456373 -4.52795e-06 -7.92158e-05 0.00913286 -0.0168109 -7.71197e-05 0.000456373 -0.0168109 0.0831932 
0.0091567 -0.0167832 -1.2304e-05 -7.12114e-05 -0.0167832 0.082815 -7.30684e-05 0.000452246 -1.2304e-05 -7.30684e-05 0.00910104 -0.0167193 -7.12114e-05 0.000452246 -0.0167193 0.0827716 
0.00912031 -0.0167366 -9.86312e-06 -5.83157e-05 -0.0167366 0.0826084 -6.27593e-05 0.000427402 -9.86312e-06 -6.27593e-05 0.00908601 -0.0166776 -5.83157e-05 0.000427402 -0.0166776 0.0825153 
0.00910903 -0.0167069 -6.41942e-06 -5.85004e-05 -0.0167069 0.0825117 -6.36394e-05 0.000412176 -6.41942e-06 -6.36394e-05 0.00907552 -0.0166738 -5.85004e-05 0.000412176 -0.0166738 0.0824449 
0.00910415 -0.0166965 -1.457e-07 -6.40175e-05 -0.0166965 0.082454 -6.84603e-05 0.000416728 -1.457e-07 -6.84603e-05 0.00906887 -0.0166615 -6.40175e-05 0.000416728 -0.0166615 0.0823971 
0.00912198 -0.0167437 -4.33547e-06 -7.41281e-05 -0.0167437 0.0826831 -7.57451e-05 0.000435613 -4.33547e-06 -7.57451e-05 0.00908951 -0.0167062 -7.41281e-05 0.000435613 -0.0167062 0.0826182 
0.00911197 -0.0167501 -3.22065e-06 -6.88982e-05 -0.0167501 0.0827444 -6.75612e-05 0.000431543 -3.22065e-06 -6.75612e-05 0.00910941 -0.0167161 -6.88982e-05 0.000431543 -0.0167161 0.0826803 
0.00909036 -0.0167177 -2.29533e-09 -6.78817e-05 -0.0167177 0.0826596 -6.51226e-05 0.000420376 -2.29533e-09 -6.51226e-05 0.00911472 -0.0167227 -6.78817e-05 0.000420376 -0.0167227 0.0826583 
0.00904915 -0.0166693 -1.23081e-05 -6.79451e-05 -0.0166693 0.0824773 -6.69464e-05 0.000412349 -1.23081e-05 -6.69464e-05 0.009129 -0.0167143 -6.79451e-05 0.000412349 -0.0167143 0.0825818 
0.00901453 -0.0165901 -1.14207e-05 -5.19938e-05 -0.0165901 0.082183 -5.26916e-05 0.000385705 -1.14207e-05 -5.26916e-05 0.00912058 -0.0167084 -5.19938e-05 0.000385705 -0.0167084 0.0824508 
0.00901851 -0.0165636 -7.59135e-06 -4.94099e-05 -0.0165636 0.0820691 -5.26578e-05 0.00036643 -7.59135e-06 -5.26578e-05 0.00910723 -0.0167214 -4.94099e-05 0.00036643 -0.0167214 0.0824813 
0.00903239 -0.0165675 3.57995e-06 -5.36877e-05 -0.0165675 0.082023 -5.86505e-05 0.000367929 3.57995e-06 -5.86505e-05 0.00908429 -0.0167029 -5.36877e-05 0.000367929 -0.0167029 0.0824551 
0.00904124 -0.0165862 5.29695e-06 -7.05344e-05 -0.0165862 0.0820327 -7.40367e-05 0.000397603 5.29695e-06 -7.40367e-05 0.0090675 -0.0166675 -7.05344e-05 0.000397603 -0.0166675 0.0823649 
0.00906444 -0.0166185 -4.91739e-06 -7.7984e-05 -0.0166185 0.0821513 -7.92997e-05 0.000427428 -4.91739e-06 -7.92997e-05 0.00905388 -0.0166597 -7.7984e-05 0.000427428 -0.0166597 0.0823596 
0.0090803 -0.0166366 -1.74227e-05 -6.49211e-05 -0.0166366 0.0821877 -6.63546e-05 0.000418676 -1.74227e-05 -6.63546e-05 0.00903114 -0.0166265 -6.49211e-05 0.000418676 -0.0166265 0.0822601 
0.00909699 -0.0166743 -3.83161e-06 -4.67673e-05 -0.0166743 0.0823193 -4.99515e-05 0.00038242 -3.83161e-06 -4.99515e-05 0.00902663 -0.0166139 -4.67673e-05 0.00038242 -0.0166139 0.0822515 
0.00908256 -0.0166794 1.25696e-05 -6.00823e-05 -0.0166794 0.0823268 -6.38167e-05 0.000382413 1.25696e-05 -6.38167e-05 0.00902531 -0.0165867 -6.00823e-05 0.000382413 -0.0165867 0.0821419 
0.00908809 -0.0166984 1.00706e-05 -8.33128e-05 -0.0166984 0.0824777 -8.57872e-05 0.000426242 1.00706e-05 -8.57872e-05 0.00904718 -0.0166199 -8.33128e-05 0.000426242 -0.0166199 0.0822667 
0.00908286 -0.0167132 1.26565e-05 -8.48418e-05 -0.0167132 0.0825945 -8.49986e-05 0.000451635 1.26565e-05 -8.49986e-05 0.00907275 -0.0166538 -8.48418e-05 0.000451635 -0.0166538 0.0824083 
0.00909169 -0.016707 2.09227e-05 -8.71333e-05 -0.016707 0.082646 -8.51182e-05 0.000457852 2.09227e-05 -8.51182e-05 0.00907673 -0.0166893 -8.71333e-05 0.000457852 -0.0166893 0.0825404 
0.00906711 -0.0166611 2.26981e-05 -9.58152e-05 -0.0166611 0.082416 -9.30024e-05 0.000469386 2.26981e-05 -9.30024e-05 0.00905218 -0.0166428 -9.58152e-05 0.000469386 -0.0166428 0.0823535 
0.00903049 -0.0166014 -4.72623e-07 -9.32797e-05 -0.0166014 0.0821293 -9.25094e-05 0.000467872 -4.72623e-07 -9.25094e-05 0.00902342 -0.0165848 -9.32797e-05 0.000467872 -0.0165848 0.082081 
0.00898971 -0.0165523 -2.40097e-05 -5.95618e-05 -0.0165523 0.0819138 -6.04548e-05 0.000408227 -2.40097e-05 -6.04548e-05 0.009019 -0.0165479 -5.95618e-05 0.000408227 -0.0165479 0.0818938 
0.00895659 -0.0164894 -3.07768e-05 -2.561e-05 -0.0164894 0.0816795 -2.64237e-05 0.000316802 -3.07768e-05 -2.64237e-05 0.00901617 -0.0165348 -2.561e-05 0.000316802 -0.0165348 0.0817584 
0.00893262 -0.016442 -2.51727e-05 -1.6056e-05 -0.016442 0.0814801 -1.51487e-05 0.000257946 -2.51727e-05 -1.51487e-05 0.00901708 -0.0165313 -1.6056e-05 0.000257946 -0.0165313 0.0816847 
0.00888241 -0.0163518 -1.40713e-05 -2.58253e-05 -0.0163518 0.0810465 -2.24351e-05 0.000252279 -1.40713e-05 -2.24351e-05 0.00899279 -0.0164759 -2.58253e-05 0.000252279 -0.0164759 0.0813628 
0.00885192 -0.0162795 -1.00087e-05 -4.33055e-05 -0.0162795 0.0807066 -3.80041e-05 0.000283128 -1.00087e-05 -3.80041e-05 0.0089658 -0.0164445 -4.33055e-05 0.000283128 -0.0164445 0.0811441 
0.0088558 -0.0162807 -4.04715e-06 -5.07302e-05 -0.0162807 0.0806819 -4.49151e-05 0.000312985 -4.04715e-06 -4.49151e-05 0.00895952 -0.0164551 -5.07302e-05 0.000312985 -0.0164551 0.081194 
0.00886899 -0.0162805 -5.18966e-06 -5.69388e-05 -0.0162805 0.0806472 -5.19935e-05 0.000332956 -5.18966e-06 -5.19935e-05 0.00892912 -0.0164381 -5.69388e-05 0.000332956 -0.0164381 0.0811541 
0.00889177 -0.0163279 -1.60431e-05 -5.29328e-05 -0.0163279 0.0808014 -5.14323e-05 0.000336587 -1.60431e-05 -5.14323e-05 0.00891288 -0.0164227 -5.29328e-05 0.000336587 -0.0164227 0.0811918 
0.00889085 -0.0163663 -1.87083e-05 -3.48276e-05 -0.0163663 0.0809558 -3.84273e-05 0.000308732 -1.87083e-05 -3.84273e-05 0.00890948 -0.0164006 -3.48276e-05 0.000308732 -0.0164006 0.0811785 
0.00888549 -0.0163555 -7.5499e-06 -2.58291e-05 -0.0163555 0.0809733 -3.1174e-05 0.000274295 -7.5499e-06 -3.1174e-05 0.00889706 -0.0163814 -2.58291e-05 0.000274295 -0.0163814 0.0811044 
0.00885666 -0.0162919 -1.39687e-05 -3.76327e-05 -0.0162919 0.080693 -4.40921e-05 0.000277017 -1.39687e-05 -4.40921e-05 0.00886226 -0.0163114 -3.76327e-05 0.000277017 -0.0163114 0.0807862 
0.00885896 -0.0162837 -1.82966e-05 -3.37064e-05 -0.0162837 0.0806533 -3.90575e-05 0.000278809 -1.82966e-05 -3.90575e-05 0.00885837 -0.016302 -3.37064e-05 0.000278809 -0.016302 0.080738 
0.00886002 -0.0162821 -2.52147e-05 -3.09755e-05 -0.0162821 0.0806232 -3.32269e-05 0.000270766 -2.52147e-05 -3.32269e-05 0.00885568 -0.0162974 -3.09755e-05 0.000270766 -0.0162974 0.0807088 
0.00887445 -0.0163202 -1.27678e-05 -2.35921e-05 -0.0163202 0.0807889 -2.16518e-05 0.000252157 -1.27678e-05 -2.16518e-05 0.00886494 -0.016327 -2.35921e-05 0.000252157 -0.016327 0.0808585 
0.00886969 -0.0163157 1.21339e-06 -3.67603e-05 -0.0163157 0.0807788 -3.0046e-05 0.000253777 1.21339e-06 -3.0046e-05 0.00885829 -0.0163127 -3.67603e-05 0.000253777 -0.0163127 0.0808219 
0.00886119 -0.0163144 -4.60724e-06 -5.44724e-05 -0.0163144 0.0807897 -4.48348e-05 0.000280901 -4.60724e-06 -4.48348e-05 0.00886252 -0.0163093 -5.44724e-05 0.000280901 -0.0163093 0.080817 
0.00886316 -0.0162841 2.13679e-07 -4.81237e-05 -0.0162841 0.0806868 -3.8032e-05 0.000283569 2.13679e-07 -3.8032e-05 0.0088438 -0.0162988 -4.81237e-05 0.000283569 -0.0162988 0.0807459 
0.00885517 -0.0162599 9.23428e-06 -5.09613e-05 -0.0162599 0.0805195 -4.43309e-05 0.000284202 9.23428e-06 -4.43309e-05 0.0088261 -0.0162579 -5.09613e-05 0.000284202 -0.0162579 0.0805832 
0.00886807 -0.0162747 5.49697e-06 -6.30511e-05 -0.0162747 0.0805485 -6.10031e-05 0.000312629 5.49697e-06 -6.10031e-05 0.00881745 -0.0162584 -6.30511e-05 0.000312629 -0.0162584 0.0805851 
0.00886347 -0.0162746 3.7309e-06 -5.8949e-05 -0.0162746 0.080506 -5.69678e-05 0.000320767 3.7309e-06 -5.69678e-05 0.00880774 -0.0162339 -5.8949e-05 0.000320767 -0.0162339 0.0804974 
0.00887617 -0.016314 -1.15268e-05 -5.4835e-05 -0.016314 0.0806979 -5.22211e-05 0.000311591 -1.15268e-05 -5.22211e-05 0.00883007 -0.0162663 -5.4835e-05 0.000311591 -0.0162663 0.0806581 
0.00889171 -0.0163232 -2.42444e-05 -3.46898e-05 -0.0163232 0.0807756 -3.2455e-05 0.000273922 -2.42444e-05 -3.2455e-05 0.00883756 -0.0162875 -3.46898e-05 0.000273922 -0.0162875 0.0807455 
0.00890028 -0.0163214 -2.54146e-05 -1.8088e-05 -0.0163214 0.0807343 -1.32357e-05 0.000224696 -2.54146e-05 -1.32357e-05 0.00882359 -0.0162752 -1.8088e-05 0.000224696 -0.0162752 0.0806961 
0.00891083 -0.0163466 -2.27628e-05 -1.42529e-05 -0.0163466 0.0808054 -7.93661e-06 0.000193266 -2.27628e-05 -7.93661e-06 0.0088214 -0.0162734 -1.42529e-05 0.000193266 -0.0162734 0.0807196 
0.00889626 -0.0163377 -1.5854e-05 -1.80258e-05 -0.0163377 0.0807518 -1.12279e-05 0.000189204 -1.5854e-05 -1.12279e-05 0.00881503 -0.0162512 -1.80258e-05 0.000189204 -0.0162512 0.0806256 
0.00887018 -0.0162983 -5.17023e-06 -2.58958e-05 -0.0162983 0.0805947 -2.14777e-05 0.000203066 -5.17023e-06 -2.14777e-05 0.008812 -0.016225 -2.58958e-05 0.000203066 -0.016225 0.0804787 
0.00887224 -0.0162987 1.29126e-05 -3.74342e-05 -0.0162987 0.0806332 -3.50253e-05 0.0002289 1.29126e-05 -3.50253e-05 0.00882871 -0.0162579 -3.74342e-05 0.0002289 -0.0162579 0.080586 
0.00889767 -0.0163302 9.17353e-06 -5.98549e-05 -0.0163302 0.0807953 -5.8741e-05 0.000277098 9.17353e-06 -5.8741e-05 0.00884558 -0.0163069 -5.98549e-05 0.000277098 -0.0163069 0.0808094 
0.00891151 -0.0163635 2.66854e-07 -5.65293e-05 -0.0163635 0.0809282 -5.85571e-05 0.000300202 2.66854e-07 -5.85571e-05 0.00885973 -0.0163281 -5.65293e-05 0.000300202 -0.0163281 0.0809457 
0.00889604 -0.0163826 -2.61829e-08 -4.47222e-05 -0.0163826 0.0810284 -4.69827e-05 0.000285779 -2.61829e-08 -4.69827e-05 0.00889265 -0.0163457 -4.47222e-05 0.000285779 -0.0163457 0.081035 
0.00885565 -0.016315 7.17549e-06 -4.62801e-05 -0.016315 0.0808093 -4.29095e-05 0.000274361 7.17549e-06 -4.29095e-05 0.00889879 -0.0163425 -4.62801e-05 0.000274361 -0.0163425 0.0809178 
0.00883596 -0.0162422 5.51329e-06 -5.98223e-05 -0.0162422 0.0805302 -4.96529e-05 0.000288381 5.51329e-06 -4.96529e-05 0.00888431 -0.0163421 -5.98223e-05 0.000288381 -0.0163421 0.0808263 
0.00883755 -0.0162221 7.10545e-06 -6.06757e-05 -0.0162221 0.0803973 -4.9282e-05 0.000300799 7.10545e-06 -4.9282e-05 0.00886867 -0.0163403 -6.06757e-05 0.000300799 -0.0163403 0.0808207 
0.00883801 -0.0162478 -2.93034e-06 -5.89624e-05 -0.0162478 0.0804611 -5.2865e-05 0.000304887 -2.93034e-06 -5.2865e-05 0.00887915 -0.0163448 -5.89624e-05 0.000304887 -0.0163448 0.0808974 
0.00884643 -0.0162533 -1.4028e-05 -4.07958e-05 -0.0162533 0.0805135 -4.16955e-05 0.000281568 -1.4028e-05 -4.16955e-05 0.00886804 -0.016357 -4.07958e-05 0.000281568 -0.016357 0.0809493 
0.00884346 -0.0162505 -1.30529e-05 -2.38266e-05 -0.0162505 0.0804868 -2.80187e-05 0.000241626 -1.30529e-05 -2.80187e-05 0.00884911 -0.0163296 -2.38266e-05 0.000241626 -0.0163296 0.0808886 
0.00883769 -0.0162837 -1.85025e-05 -2.43725e-05 -0.0162837 0.0806442 -2.51619e-05 0.000219506 -1.85025e-05 -2.51619e-05 0.00887411 -0.0163319 -2.43725e-05 0.000219506 -0.0163319 0.0809659 
0.00882275 -0.0162417 -2.77612e-05 -2.00984e-05 -0.0162417 0.0805347 -1.71038e-05 0.000203682 -2.77612e-05 -1.71038e-05 0.00886658 -0.0163231 -2.00984e-05 0.000203682 -0.0163231 0.0808631 
0.00879812 -0.0161804 -3.42019e-05 -5.71124e-06 -0.0161804 0.0802498 -3.73108e-06 0.000171589 -3.42019e-05 -3.73108e-06 0.0088409 -0.0162764 -5.71124e-06 0.000171589 -0.0162764 0.0806203 
0.00878024 -0.0161348 -1.72102e-05 5.3086e-06 -0.0161348 0.080004 4.97551e-06 0.000137748 -1.72102e-05 4.97551e-06 0.00881399 -0.016233 5.3086e-06 0.000137748 -0.016233 0.080397 
0.00876758 -0.0161011 -1.37576e-05 -1.33939e-05 -0.0161011 0.0797974 -1.65108e-05 0.000153701 -1.37576e-05 -1.65108e-05 0.0087838 -0.0161865 -1.33939e-05 0.000153701 -0.0161865 0.0801759 
0.00875827 -0.0160838 -2.50286e-05 -2.13883e-05 -0.0160838 0.079659 -2.34925e-05 0.000181101 -2.50286e-05 -2.34925e-05 0.00876003 -0.0161399 -2.13883e-05 0.000181101 -0.0161399 0.0799726 
0.00875968 -0.016104 -3.2458e-05 -1.11356e-05 -0.016104 0.0797235 -9.49009e-06 0.000175502 -3.2458e-05 -9.49009e-06 0.00875783 -0.0161356 -1.11356e-05 0.000175502 -0.0161356 0.0799585 
0.00877478 -0.0161469 -3.06465e-05 -1.55639e-06 -0.0161469 0.0799534 3.29431e-06 0.000148254 -3.06465e-05 3.29431e-06 0.00877279 -0.0161724 -1.55639e-06 0.000148254 -0.0161724 0.0801432 
0.00879323 -0.0161498 -1.68182e-05 -2.60545e-06 -0.0161498 0.0800129 4.39059e-06 0.000133353 -1.68182e-05 4.39059e-06 0.00876489 -0.0161821 -2.60545e-06 0.000133353 -0.0161821 0.0802073 
0.00880878 -0.0161889 -1.25647e-05 -1.88874e-05 -0.0161889 0.0801626 -1.06851e-05 0.000151806 -1.25647e-05 -1.06851e-05 0.00877667 -0.0161936 -1.88874e-05 0.000151806 -0.0161936 0.080326 
0.00878781 -0.0161313 -1.09282e-05 -2.48333e-05 -0.0161313 0.0798874 -1.6979e-05 0.000171804 -1.09282e-05 -1.6979e-05 0.00874329 -0.0161331 -2.48333e-05 0.000171804 -0.0161331 0.0800314 
0.00877135 -0.0161253 -1.88626e-05 -2.51883e-05 -0.0161253 0.0798169 -2.07209e-05 0.000180895 -1.88626e-05 -2.07209e-05 0.00874276 -0.0161122 -2.51883e-05 0.000180895 -0.0161122 0.0799378 
0.0087617 -0.0161299 -2.01901e-05 -1.48133e-05 -0.0161299 0.0798673 -1.36893e-05 0.0001713 -2.01901e-05 -1.36893e-05 0.00876039 -0.0161299 -1.48133e-05 0.0001713 -0.0161299 0.0799904 
0.00874942 -0.0161084 -1.3239e-05 -1.06474e-05 -0.0161084 0.0798254 -1.33843e-05 0.00016114 -1.3239e-05 -1.33843e-05 0.00876523 -0.0161451 -1.06474e-05 0.00016114 -0.0161451 0.0800152 
0.00872241 -0.0160528 -1.57441e-05 -1.65653e-05 -0.0160528 0.0795848 -2.13613e-05 0.000166523 -1.57441e-05 -2.13613e-05 0.00875028 -0.0161146 -1.65653e-05 0.000166523 -0.0161146 0.0798513 
0.00871381 -0.0160363 -2.04317e-05 -1.29167e-05 -0.0160363 0.0795123 -1.83025e-05 0.00016583 -2.04317e-05 -1.83025e-05 0.00875276 -0.0161166 -1.29167e-05 0.00016583 -0.0161166 0.0798422 
0.00871491 -0.0160214 -2.51946e-05 -5.34588e-06 -0.0160214 0.0794499 -1.12116e-05 0.000149632 -2.51946e-05 -1.12116e-05 0.00874835 -0.0161221 -5.34588e-06 0.000149632 -0.0161221 0.0798455 
0.00872721 -0.0160337 -1.99603e-05 2.14414e-06 -0.0160337 0.0794813 -2.03338e-07 0.000122748 -1.99603e-05 -2.03338e-07 0.00874711 -0.0161315 2.14414e-06 0.000122748 -0.0161315 0.0799048 
0.00874299 -0.0160775 -9.56486e-06 -4.3418e-06 -0.0160775 0.0796557 -7.87693e-07 0.000112163 -9.56486e-06 -7.87693e-07 0.00875637 -0.0161539 -4.3418e-06 0.000112163 -0.0161539 0.0800503 
0.00875061 -0.0160831 9.47678e-06 -1.82953e-05 -0.0160831 0.0796976 -1.41917e-05 0.000130899 9.47678e-06 -1.41917e-05 0.00874158 -0.0161496 -1.82953e-05 0.000130899 -0.0161496 0.0800583 
0.00871865 -0.0160545 1.43471e-05 -4.38663e-05 -0.0160545 0.0795403 -4.13019e-05 0.000184382 1.43471e-05 -4.13019e-05 0.00873017 -0.0160893 -4.38663e-05 0.000184382 -0.0160893 0.0798331 
0.00870723 -0.0160039 2.17608e-05 -5.37515e-05 -0.0160039 0.0793541 -5.12533e-05 0.000229047 2.17608e-05 -5.12533e-05 0.00870769 -0.0160623 -5.37515e-05 0.000229047 -0.0160623 0.0796478 
0.00870364 -0.0159838 1.86548e-05 -6.39382e-05 -0.0159838 0.0792174 -5.8771e-05 0.000258469 1.86548e-05 -5.8771e-05 0.00868935 -0.0160333 -6.39382e-05 0.000258469 -0.0160333 0.0795139 
