0.00611827 0 1.65274e-05 0 0 0.00874622 0 0 1.65274e-05 0 0.0062061 0 0 0 0 0.00874622 
0.00936934 -0.0116327 2.17727e-05 -2.59464e-05 -0.0116327 0.0309579 -2.59464e-05 4.96886e-05 2.17727e-05 -2.59464e-05 0.00946474 -0.0117442 -2.59464e-05 4.96886e-05 -0.0117442 0.0311719 
0.00966504 -0.0180418 8.1238e-06 -1.25915e-05 -0.0180418 0.0665484 -1.25915e-05 3.37328e-05 8.1238e-06 -1.25915e-05 0.0096764 -0.0179868 -1.25915e-05 3.37328e-05 -0.0179868 0.0663146 
0.00915465 -0.0178296 -3.22435e-06 1.86859e-05 -0.0178296 0.0800946 1.63696e-05 -9.65876e-05 -3.22435e-06 1.63696e-05 0.00913185 -0.017498 1.86859e-05 -9.65876e-05 -0.017498 0.0783987 
0.00882265 -0.0167005 3.87521e-06 2.69285e-05 -0.0167005 0.080935 2.05414e-05 -0.000145955 3.87521e-06 2.05414e-05 0.00884889 -0.0163692 2.69285e-05 -0.000145955 -0.0163692 0.0787037 
0.00860387 -0.0159599 6.74236e-06 1.14813e-05 -0.0159599 0.0788632 6.10567e-06 -0.000111637 6.74236e-06 6.10567e-06 0.0086526 -0.0157831 1.14813e-05 -0.000111637 -0.0157831 0.077122 
0.00841804 -0.0155071 4.36942e-06 -1.41274e-07 -0.0155071 0.076783 4.84166e-07 -6.37881e-05 4.36942e-06 4.84166e-07 0.00845245 -0.0154125 -1.41274e-07 -6.37881e-05 -0.0154125 0.0756151 
0.00823289 -0.0151412 -4.42892e-06 -3.5204e-07 -0.0151412 0.0749145 6.78203e-06 -4.60804e-05 -4.42892e-06 6.78203e-06 0.00824402 -0.0150408 -3.5204e-07 -4.60804e-05 -0.0150408 0.0740203 
0.00967066 -0.0178036 -9.65408e-06 1.31179e-05 -0.0178036 0.088014 2.17573e-05 -7.03496e-05 -9.65408e-06 2.17573e-05 0.00968583 -0.0176371 1.31179e-05 -7.03496e-05 -0.0176371 0.0869749 
0.00951811 -0.0175068 -1.12729e-05 2.29165e-05 -0.0175068 0.0865396 2.72579e-05 -9.42687e-05 -1.12729e-05 2.72579e-05 0.00952604 -0.017331 2.29165e-05 -9.42687e-05 -0.017331 0.0854681 
0.00942636 -0.0173509 -1.51793e-05 2.80823e-05 -0.0173509 0.085711 2.88392e-05 -0.000111209 -1.51793e-05 2.88392e-05 0.00944023 -0.0171622 2.80823e-05 -0.000111209 -0.0171622 0.0845967 
0.00934969 -0.0172397 -6.63023e-06 3.11764e-05 -0.0172397 0.0851445 3.23745e-05 -0.00012043 -6.63023e-06 3.23745e-05 0.00938262 -0.0170523 3.11764e-05 -0.00012043 -0.0170523 0.0840016 
0.00930417 -0.0171514 -3.60221e-07 1.66508e-05 -0.0171514 0.084755 1.94783e-05 -9.86288e-05 -3.60221e-07 1.94783e-05 0.00933225 -0.0169894 1.66508e-05 -9.86288e-05 -0.0169894 0.0836412 
0.0092944 -0.0171095 2.30796e-06 7.50738e-06 -0.0171095 0.0845547 8.82728e-06 -6.65653e-05 2.30796e-06 8.82728e-06 0.00929243 -0.0169502 7.50738e-06 -6.65653e-05 -0.0169502 0.0834737 
0.00928289 -0.0170969 7.51634e-06 5.14874e-06 -0.0170969 0.0844379 3.87933e-06 -4.76382e-05 7.51634e-06 3.87933e-06 0.00927567 -0.0169038 5.14874e-06 -4.76382e-05 -0.0169038 0.0833234 
0.00927679 -0.0170841 7.5762e-06 -6.62085e-07 -0.0170841 0.0843701 -8.44617e-07 -3.53915e-05 7.5762e-06 -8.44617e-07 0.0092618 -0.0168874 -6.62085e-07 -3.53915e-05 -0.0168874 0.0832349 
0.00924571 -0.0170719 8.41699e-06 1.46246e-06 -0.0170719 0.0843014 -6.42797e-08 -3.37265e-05 8.41699e-06 -6.42797e-08 0.00927925 -0.0168707 1.46246e-06 -3.37265e-05 -0.0168707 0.0831644 
0.00925243 -0.0170691 1.04661e-05 3.57458e-06 -0.0170691 0.0843819 -3.66583e-07 -3.89697e-05 1.04661e-05 -3.66583e-07 0.00929271 -0.0169283 3.57458e-06 -3.89697e-05 -0.0169283 0.0833414 
0.00923744 -0.0170618 3.2377e-06 3.59652e-06 -0.0170618 0.084359 -1.4712e-06 -4.392e-05 3.2377e-06 -1.4712e-06 0.00929957 -0.016939 3.59652e-06 -4.392e-05 -0.016939 0.0834138 
0.00924173 -0.0170581 6.51076e-06 1.51114e-05 -0.0170581 0.0844032 7.64643e-06 -6.44065e-05 6.51076e-06 7.64643e-06 0.00930129 -0.0169669 1.51114e-05 -6.44065e-05 -0.0169669 0.0835477 
0.00923209 -0.0170316 -1.33022e-06 1.49676e-05 -0.0170316 0.0842823 6.98304e-06 -7.90174e-05 -1.33022e-06 6.98304e-06 0.00928676 -0.016941 1.49676e-05 -7.90174e-05 -0.016941 0.0834739 
0.00919184 -0.01693 -4.00734e-06 2.29548e-05 -0.01693 0.0837741 1.61202e-05 -9.68137e-05 -4.00734e-06 1.61202e-05 0.009226 -0.0168359 2.29548e-05 -9.68137e-05 -0.0168359 0.082981 
0.00915693 -0.0168791 6.68645e-07 2.78921e-05 -0.0168791 0.0834634 1.9415e-05 -0.000113098 6.68645e-07 1.9415e-05 0.00919129 -0.0167635 2.78921e-05 -0.000113098 -0.0167635 0.082646 
0.00914093 -0.0168781 1.76173e-05 2.49093e-05 -0.0168781 0.0834639 1.52108e-05 -0.000117236 1.76173e-05 1.52108e-05 0.00920813 -0.0167665 2.49093e-05 -0.000117236 -0.0167665 0.0826422 
0.00913905 -0.0168605 1.85548e-05 3.5007e-06 -0.0168605 0.0834424 -4.97064e-06 -8.62484e-05 1.85548e-05 -4.97064e-06 0.00922287 -0.0167964 3.5007e-06 -8.62484e-05 -0.0167964 0.082709 
0.00919566 -0.0169418 1.46002e-05 -2.43088e-07 -0.0169418 0.0838417 -6.0017e-06 -6.57143e-05 1.46002e-05 -6.0017e-06 0.0092619 -0.016904 -2.43088e-07 -6.57143e-05 -0.016904 0.0832032 
0.00925509 -0.0170461 4.87409e-06 4.9148e-06 -0.0170461 0.0842979 3.1441e-06 -7.47631e-05 4.87409e-06 3.1441e-06 0.00929154 -0.0169805 4.9148e-06 -7.47631e-05 -0.0169805 0.0836474 
0.00931467 -0.0171629 -1.93781e-06 1.60775e-05 -0.0171629 0.0848354 1.925e-05 -0.000105047 -1.93781e-06 1.925e-05 0.00932608 -0.0170508 1.60775e-05 -0.000105047 -0.0170508 0.0840819 
0.00934025 -0.0172199 -7.3737e-06 2.54256e-05 -0.0172199 0.085114 2.91933e-05 -0.000136343 -7.3737e-06 2.91933e-05 0.00934987 -0.0170706 2.54256e-05 -0.000136343 -0.0170706 0.0842473 
0.00936829 -0.0172458 -3.04919e-06 3.14347e-05 -0.0172458 0.0852656 3.445e-05 -0.000155926 -3.04919e-06 3.445e-05 0.00936278 -0.017091 3.14347e-05 -0.000155926 -0.017091 0.0843394 
0.00936987 -0.0172301 1.38446e-05 2.65702e-05 -0.0172301 0.0851359 2.83862e-05 -0.000154179 1.38446e-05 2.83862e-05 0.00934655 -0.0170504 2.65702e-05 -0.000154179 -0.0170504 0.084146 
0.00939588 -0.017288 1.73015e-05 7.39271e-06 -0.017288 0.0853488 6.37365e-06 -0.000119007 1.73015e-05 6.37365e-06 0.00935939 -0.0170774 7.39271e-06 -0.000119007 -0.0170774 0.084267 
0.00938445 -0.0172791 3.57843e-06 6.76251e-06 -0.0172791 0.0852842 2.24319e-06 -9.98872e-05 3.57843e-06 2.24319e-06 0.00934107 -0.0170432 6.76251e-06 -9.98872e-05 -0.0170432 0.0841086 
0.00936358 -0.0172327 4.15214e-06 2.60489e-05 -0.0172327 0.0850701 2.0502e-05 -0.000126541 4.15214e-06 2.0502e-05 0.00930315 -0.0169886 2.60489e-05 -0.000126541 -0.0169886 0.083841 
0.00934612 -0.0172088 1.5822e-06 2.87256e-05 -0.0172088 0.0849367 2.26087e-05 -0.0001512 1.5822e-06 2.26087e-05 0.00927945 -0.0169427 2.87256e-05 -0.0001512 -0.0169427 0.0836521 
0.0093157 -0.0171558 2.63722e-06 2.9781e-05 -0.0171558 0.084687 2.24645e-05 -0.000156812 2.63722e-06 2.24645e-05 0.00925425 -0.016884 2.9781e-05 -0.000156812 -0.016884 0.0833703 
0.00930246 -0.017117 -8.42853e-07 2.87124e-05 -0.017117 0.0845113 1.94618e-05 -0.000153188 -8.42853e-07 1.94618e-05 0.00923632 -0.0168573 2.87124e-05 -0.000153188 -0.0168573 0.0832113 
0.00931384 -0.0171498 6.90768e-06 3.19697e-05 -0.0171498 0.0846536 2.26479e-05 -0.000154901 6.90768e-06 2.26479e-05 0.00925394 -0.0168928 3.19697e-05 -0.000154901 -0.0168928 0.0833786 
0.00930043 -0.0171486 2.13159e-06 2.26039e-05 -0.0171486 0.0846723 1.60955e-05 -0.000146619 2.13159e-06 1.60955e-05 0.00927844 -0.016907 2.26039e-05 -0.000146619 -0.016907 0.0834441 
0.0092759 -0.017107 -5.02052e-06 2.64219e-05 -0.017107 0.0845364 2.25209e-05 -0.000148924 -5.02052e-06 2.25209e-05 0.00928695 -0.0169181 2.64219e-05 -0.000148924 -0.0169181 0.0834224 
0.00926261 -0.0170945 -2.11939e-05 3.53e-05 -0.0170945 0.0845172 3.35975e-05 -0.000170336 -2.11939e-05 3.35975e-05 0.00930599 -0.0169515 3.53e-05 -0.000170336 -0.0169515 0.0835369 
0.00927084 -0.0171115 -2.11742e-05 5.45097e-05 -0.0171115 0.0846543 5.62785e-05 -0.000214821 -2.11742e-05 5.62785e-05 0.00933706 -0.0170128 5.45097e-05 -0.000214821 -0.0170128 0.0838048 
0.00926386 -0.0170917 -2.01861e-05 5.43147e-05 -0.0170917 0.0845922 5.87276e-05 -0.00023958 -2.01861e-05 5.87276e-05 0.00934037 -0.0170241 5.43147e-05 -0.00023958 -0.0170241 0.0838489 
0.00925157 -0.0170632 -1.31571e-05 5.11706e-05 -0.0170632 0.0844558 5.43193e-05 -0.0002366 -1.31571e-05 5.43193e-05 0.00932703 -0.0170067 5.11706e-05 -0.0002366 -0.0170067 0.0837711 
0.00925864 -0.017053 2.56102e-06 4.33638e-05 -0.017053 0.0844064 4.34283e-05 -0.000218052 2.56102e-06 4.34283e-05 0.00930849 -0.0170013 4.33638e-05 -0.000218052 -0.0170013 0.0837542 
0.00926814 -0.0170545 3.91027e-06 2.64961e-05 -0.0170545 0.0843663 2.34804e-05 -0.000182639 3.91027e-06 2.34804e-05 0.00927912 -0.016974 2.64961e-05 -0.000182639 -0.016974 0.083686 
0.00925908 -0.0170452 1.16793e-05 2.4223e-05 -0.0170452 0.0842597 1.86173e-05 -0.000156617 1.16793e-05 1.86173e-05 0.0092499 -0.0169128 2.4223e-05 -0.000156617 -0.0169128 0.0834786 
0.00923127 -0.0170287 6.88329e-06 1.56237e-05 -0.0170287 0.0841558 1.03792e-05 -0.00013761 6.88329e-06 1.03792e-05 0.00923886 -0.0168605 1.56237e-05 -0.00013761 -0.0168605 0.0832592 
0.0091955 -0.01697 9.42721e-06 2.08511e-05 -0.01697 0.083925 1.83568e-05 -0.000139334 9.42721e-06 1.83568e-05 0.00922141 -0.016818 2.08511e-05 -0.000139334 -0.016818 0.0830024 
0.00917364 -0.0169186 -2.40375e-06 1.92175e-05 -0.0169186 0.0837132 1.69889e-05 -0.000143074 -2.40375e-06 1.69889e-05 0.00920207 -0.0167941 1.92175e-05 -0.000143074 -0.0167941 0.0828409 
0.00915517 -0.0168784 -5.27146e-06 2.93667e-05 -0.0168784 0.0835095 3.03296e-05 -0.000158512 -5.27146e-06 3.03296e-05 0.00918047 -0.0167605 2.93667e-05 -0.000158512 -0.0167605 0.0826753 
0.00912326 -0.0168091 1.32327e-05 2.85579e-05 -0.0168091 0.083144 3.55054e-05 -0.000168675 1.32327e-05 3.55054e-05 0.00913745 -0.0166818 2.85579e-05 -0.000168675 -0.0166818 0.0823026 
0.00910773 -0.0168058 3.33141e-05 2.85234e-06 -0.0168058 0.0830928 1.32773e-05 -0.000132145 3.33141e-05 1.32773e-05 0.00913226 -0.0166661 2.85234e-06 -0.000132145 -0.0166661 0.0822243 
0.00910905 -0.0168152 3.93633e-05 -2.58491e-05 -0.0168152 0.0831838 -1.64521e-05 -6.02493e-05 3.93633e-05 -1.64521e-05 0.00914997 -0.016695 -2.58491e-05 -6.02493e-05 -0.016695 0.0823405 
0.0090925 -0.0167873 2.70199e-05 -3.39908e-05 -0.0167873 0.0830898 -2.75829e-05 -1.06993e-05 2.70199e-05 -2.75829e-05 0.00915252 -0.0166991 -3.39908e-05 -1.06993e-05 -0.0166991 0.0823308 
0.00909435 -0.0168028 1.08507e-05 -1.87218e-05 -0.0168028 0.0832012 -1.40139e-05 -1.49526e-05 1.08507e-05 -1.40139e-05 0.00917643 -0.0167467 -1.87218e-05 -1.49526e-05 -0.0167467 0.0825425 
0.00909203 -0.0167774 1.00187e-05 2.65493e-06 -0.0167774 0.083126 6.24372e-06 -5.41746e-05 1.00187e-05 6.24372e-06 0.00916981 -0.0167539 2.65493e-06 -5.41746e-05 -0.0167539 0.0825705 
0.00909022 -0.0167537 9.81833e-06 5.45416e-06 -0.0167537 0.0829908 7.33358e-06 -7.54301e-05 9.81833e-06 7.33358e-06 0.00914661 -0.0167281 5.45416e-06 -7.54301e-05 -0.0167281 0.0824813 
0.00908227 -0.0167362 1.02403e-05 5.84853e-06 -0.0167362 0.0828458 5.03216e-06 -7.71597e-05 1.02403e-05 5.03216e-06 0.00911662 -0.0166762 5.84853e-06 -7.71597e-05 -0.0166762 0.0822885 
0.0090685 -0.0167207 1.71412e-05 5.15828e-06 -0.0167207 0.082727 5.04169e-06 -7.50558e-05 1.71412e-05 5.04169e-06 0.0090908 -0.016623 5.15828e-06 -7.50558e-05 -0.016623 0.0820712 
0.0090671 -0.0167176 1.79262e-05 -1.78781e-06 -0.0167176 0.0827092 3.49495e-08 -6.77062e-05 1.79262e-05 3.49495e-08 0.00907694 -0.0166008 -1.78781e-06 -6.77062e-05 -0.0166008 0.0819733 
0.00909453 -0.0167444 8.27342e-06 -1.78759e-06 -0.0167444 0.0828426 -1.50562e-06 -6.291e-05 8.27342e-06 -1.50562e-06 0.00907489 -0.0166182 -1.78759e-06 -6.291e-05 -0.0166182 0.0820689 
0.00909755 -0.0167579 5.80395e-06 1.20066e-05 -0.0167579 0.0828594 8.59638e-06 -8.05486e-05 5.80395e-06 8.59638e-06 0.00907894 -0.0166001 1.20066e-05 -8.05486e-05 -0.0166001 0.0820305 
0.00910547 -0.0168025 -1.23835e-07 1.76606e-05 -0.0168025 0.0830704 1.09848e-05 -9.87475e-05 -1.23835e-07 1.09848e-05 0.00911646 -0.0166425 1.76606e-05 -9.87475e-05 -0.0166425 0.0822076 
0.0091059 -0.016822 2.82643e-06 2.52043e-05 -0.016822 0.0832298 1.87679e-05 -0.000117573 2.82643e-06 1.87679e-05 0.00915486 -0.0167009 2.52043e-05 -0.000117573 -0.0167009 0.0824204 
0.00909408 -0.0167724 6.32794e-06 2.18951e-05 -0.0167724 0.0830601 1.77275e-05 -0.000124482 6.32794e-06 1.77275e-05 0.00914327 -0.0167042 2.18951e-05 -0.000124482 -0.0167042 0.0823731 
0.00910488 -0.0167555 1.32426e-05 1.53761e-05 -0.0167555 0.0829582 1.44445e-05 -0.000117871 1.32426e-05 1.44445e-05 0.00911999 -0.0166967 1.53761e-05 -0.000117871 -0.0166967 0.0823498 
0.00912302 -0.0168132 9.43297e-06 6.61519e-06 -0.0168132 0.0831542 6.67872e-06 -0.000102984 9.43297e-06 6.67872e-06 0.00913511 -0.0167105 6.61519e-06 -0.000102984 -0.0167105 0.0825003 
0.00913451 -0.0168426 -4.07292e-06 1.1997e-05 -0.0168426 0.0833104 1.1797e-05 -0.000104873 -4.07292e-06 1.1797e-05 0.0091465 -0.0167289 1.1997e-05 -0.000104873 -0.0167289 0.0826006 
0.00915148 -0.016849 -2.36029e-06 3.08795e-05 -0.016849 0.0833584 2.72028e-05 -0.000135755 -2.36029e-06 2.72028e-05 0.00914526 -0.0167288 3.08795e-05 -0.000135755 -0.0167288 0.0826129 
0.00916589 -0.0168925 5.74561e-06 3.53403e-05 -0.0168925 0.0835213 2.70777e-05 -0.000161259 5.74561e-06 2.70777e-05 0.00916597 -0.0167469 3.53403e-05 -0.000161259 -0.0167469 0.0827179 
0.00918866 -0.0169382 6.73341e-06 2.76047e-05 -0.0169382 0.0837618 1.7879e-05 -0.000159155 6.73341e-06 1.7879e-05 0.00918721 -0.0167972 2.76047e-05 -0.000159155 -0.0167972 0.0829308 
0.0091533 -0.0169001 -3.24069e-06 2.40807e-05 -0.0169001 0.0835841 1.60992e-05 -0.000150071 -3.24069e-06 1.60992e-05 0.00917836 -0.0167562 2.40807e-05 -0.000150071 -0.0167562 0.0827435 
0.00913594 -0.0168594 -5.85969e-06 3.35833e-05 -0.0168594 0.0834535 2.95099e-05 -0.000164238 -5.85969e-06 2.95099e-05 0.00917092 -0.0167497 3.35833e-05 -0.000164238 -0.0167497 0.0826609 
0.00912541 -0.0168292 -1.95107e-06 3.61969e-05 -0.0168292 0.0833237 3.50937e-05 -0.000181292 -1.95107e-06 3.50937e-05 0.0091625 -0.0167396 3.61969e-05 -0.000181292 -0.0167396 0.0825995 
0.00912377 -0.0168166 5.10606e-07 3.3124e-05 -0.0168166 0.0832512 3.34236e-05 -0.000185845 5.10606e-07 3.34236e-05 0.00915324 -0.016733 3.3124e-05 -0.000185845 -0.016733 0.082568 
0.00912532 -0.0168114 7.21181e-06 3.06245e-05 -0.0168114 0.0831987 3.33347e-05 -0.000187294 7.21181e-06 3.33347e-05 0.00914659 -0.0167174 3.06245e-05 -0.000187294 -0.0167174 0.0825148 
0.00910847 -0.0167993 1.32271e-05 2.21689e-05 -0.0167993 0.0831028 2.35805e-05 -0.000173656 1.32271e-05 2.35805e-05 0.00913423 -0.0166892 2.21689e-05 -0.000173656 -0.0166892 0.0823832 
0.00910056 -0.0167867 1.16602e-05 1.44693e-05 -0.0167867 0.0830639 1.40955e-05 -0.000152099 1.16602e-05 1.40955e-05 0.0091314 -0.0166806 1.44693e-05 -0.000152099 -0.0166806 0.0823307 
0.00907764 -0.0167527 2.81444e-06 1.30406e-05 -0.0167527 0.0829076 1.44276e-05 -0.000138204 2.81444e-06 1.44276e-05 0.00912363 -0.016654 1.30406e-05 -0.000138204 -0.016654 0.0821856 
0.00906302 -0.0167251 -8.75221e-06 2.14644e-05 -0.0167251 0.0827924 2.53414e-05 -0.000146692 -8.75221e-06 2.53414e-05 0.00912907 -0.0166453 2.14644e-05 -0.000146692 -0.0166453 0.0821064 
0.00908886 -0.0167407 -8.75596e-06 3.66054e-05 -0.0167407 0.0828771 4.04952e-05 -0.000176411 -8.75596e-06 4.04952e-05 0.00913785 -0.016689 3.66054e-05 -0.000176411 -0.016689 0.0822556 
0.00911983 -0.0168042 -1.75413e-05 3.97115e-05 -0.0168042 0.0831174 4.13328e-05 -0.000194623 -1.75413e-05 4.13328e-05 0.00915807 -0.0167308 3.97115e-05 -0.000194623 -0.0167308 0.0824913 
0.00916066 -0.0168996 -1.77964e-05 5.12829e-05 -0.0168996 0.0835586 5.12436e-05 -0.000216342 -1.77964e-05 5.12436e-05 0.009202 -0.0168016 5.12829e-05 -0.000216342 -0.0168016 0.082869 
0.00919925 -0.0169765 -1.0473e-05 5.45107e-05 -0.0169765 0.0839678 5.23054e-05 -0.00023266 -1.0473e-05 5.23054e-05 0.0092409 -0.0168771 5.45107e-05 -0.00023266 -0.0168771 0.0832371 
0.00923281 -0.0170219 -1.64165e-07 4.56827e-05 -0.0170219 0.0842242 4.2442e-05 -0.000223885 -1.64165e-07 4.2442e-05 0.00926087 -0.0169246 4.56827e-05 -0.000223885 -0.0169246 0.0834834 
0.00924837 -0.0170437 1.16029e-05 3.2935e-05 -0.0170437 0.0843215 2.8623e-05 -0.000195809 1.16029e-05 2.8623e-05 0.00927425 -0.0169358 3.2935e-05 -0.000195809 -0.0169358 0.0835691 
0.00923501 -0.017027 2.39254e-05 1.80268e-05 -0.017027 0.084223 1.36881e-05 -0.000160338 2.39254e-05 1.36881e-05 0.00927431 -0.0169152 1.80268e-05 -0.000160338 -0.0169152 0.0834567 
0.00922236 -0.0170102 1.83066e-05 1.11083e-06 -0.0170102 0.0841509 1.48631e-06 -0.000124246 1.83066e-05 1.48631e-06 0.00927712 -0.0169137 1.11083e-06 -0.000124246 -0.0169137 0.0834004 
0.00923699 -0.0170365 5.08035e-06 4.75756e-06 -0.0170365 0.0842964 8.71578e-06 -0.000115767 5.08035e-06 8.71578e-06 0.00929797 -0.0169577 4.75756e-06 -0.000115767 -0.0169577 0.0835797 
0.00920956 -0.0170048 1.29527e-05 2.11948e-05 -0.0170048 0.0841381 2.73741e-05 -0.000145624 1.29527e-05 2.73741e-05 0.00929387 -0.0169267 2.11948e-05 -0.000145624 -0.0169267 0.0834297 
0.00917661 -0.0169284 1.39231e-05 1.38926e-05 -0.0169284 0.0837999 1.98472e-05 -0.000152188 1.39231e-05 1.98472e-05 0.00926906 -0.0168751 1.38926e-05 -0.000152188 -0.0168751 0.0831232 
0.00917939 -0.0169125 4.79098e-06 1.19607e-05 -0.0169125 0.083706 1.70564e-05 -0.000144995 4.79098e-06 1.70564e-05 0.00925769 -0.0168734 1.19607e-05 -0.000144995 -0.0168734 0.08307 
0.00921174 -0.0169667 -1.7463e-06 2.45636e-05 -0.0169667 0.0839179 2.64587e-05 -0.000160069 -1.7463e-06 2.64587e-05 0.00926135 -0.0169111 2.45636e-05 -0.000160069 -0.0169111 0.0832723 
0.00922716 -0.0169592 -5.72902e-06 3.54589e-05 -0.0169592 0.083837 3.29584e-05 -0.000183116 -5.72902e-06 3.29584e-05 0.00921759 -0.0168645 3.54589e-05 -0.000183116 -0.0168645 0.0831193 
0.00924492 -0.0170069 -2.94183e-06 4.18176e-05 -0.0170069 0.0839693 3.6457e-05 -0.000200795 -2.94183e-06 3.6457e-05 0.00919997 -0.0168372 4.18176e-05 -0.000200795 -0.0168372 0.0830956 
0.00925769 -0.017035 3.54382e-06 4.04311e-05 -0.017035 0.0840883 3.52427e-05 -0.000208738 3.54382e-06 3.52427e-05 0.00918959 -0.0168155 4.04311e-05 -0.000208738 -0.0168155 0.0830568 
0.00925959 -0.0170323 1.2025e-05 3.24212e-05 -0.0170323 0.0840764 2.68558e-05 -0.000197642 1.2025e-05 2.68558e-05 0.00917719 -0.0167881 3.24212e-05 -0.000197642 -0.0167881 0.0829513 
0.0092308 -0.0170135 9.30993e-06 1.94471e-05 -0.0170135 0.0839739 1.44064e-05 -0.00016937 9.30993e-06 1.44064e-05 0.00918204 -0.016759 1.94471e-05 -0.00016937 -0.016759 0.082811 
0.00919562 -0.0169524 8.05975e-06 2.28504e-05 -0.0169524 0.0837427 1.76587e-05 -0.000160539 8.05975e-06 1.76587e-05 0.00917845 -0.0167403 2.28504e-05 -0.000160539 -0.0167403 0.0826373 
0.00919893 -0.0169466 9.02419e-06 2.5502e-05 -0.0169466 0.0837494 1.80137e-05 -0.00016222 9.02419e-06 1.80137e-05 0.00918381 -0.0167745 2.5502e-05 -0.00016222 -0.0167745 0.082743 
0.009196 -0.0169731 9.70526e-06 2.30571e-05 -0.0169731 0.0838742 1.84969e-05 -0.000161982 9.70526e-06 1.84969e-05 0.00920874 -0.0168063 2.30571e-05 -0.000161982 -0.0168063 0.0829211 
0.00921488 -0.0169922 2.31879e-05 2.12609e-05 -0.0169922 0.0840441 1.94262e-05 -0.000161176 2.31879e-05 1.94262e-05 0.00922629 -0.0168599 2.12609e-05 -0.000161176 -0.0168599 0.0831592 
0.00921122 -0.0169784 2.7285e-05 6.00714e-06 -0.0169784 0.0839837 4.56335e-06 -0.000139825 2.7285e-05 4.56335e-06 0.00923318 -0.0168525 6.00714e-06 -0.000139825 -0.0168525 0.083154 
0.00923005 -0.0170079 3.16318e-05 1.8571e-06 -0.0170079 0.0841273 1.78891e-06 -0.000125509 3.16318e-05 1.78891e-06 0.00925765 -0.0168975 1.8571e-06 -0.000125509 -0.0168975 0.083343 
0.00925886 -0.0170317 2.04908e-05 -1.91245e-07 -0.0170317 0.0842335 -1.72873e-06 -0.000122273 2.04908e-05 -1.72873e-06 0.00926257 -0.0169296 -1.91245e-07 -0.000122273 -0.0169296 0.0834863 
0.009281 -0.0170824 9.13537e-06 1.74221e-05 -0.0170824 0.0844076 1.30882e-05 -0.000149507 9.13537e-06 1.30882e-05 0.00928183 -0.016945 1.74221e-05 -0.000149507 -0.016945 0.0836137 
0.00928102 -0.017123 1.87611e-05 3.6499e-05 -0.017123 0.0845907 3.02191e-05 -0.000198811 1.87611e-05 3.02191e-05 0.00931856 -0.0169744 3.6499e-05 -0.000198811 -0.0169744 0.083741 
0.00929572 -0.0171449 2.39609e-05 2.52385e-05 -0.0171449 0.0847758 2.07964e-05 -0.000208412 2.39609e-05 2.07964e-05 0.00935442 -0.0170388 2.52385e-05 -0.000208412 -0.0170388 0.0839671 
0.00929431 -0.0171433 3.00983e-05 1.5406e-05 -0.0171433 0.0847848 1.53024e-05 -0.000193646 3.00983e-05 1.53024e-05 0.00936962 -0.0170595 1.5406e-05 -0.000193646 -0.0170595 0.084033 
0.0092798 -0.0171053 2.67657e-05 3.37458e-06 -0.0171053 0.084605 6.98453e-06 -0.000169049 2.67657e-05 6.98453e-06 0.00935282 -0.0170363 3.37458e-06 -0.000169049 -0.0170363 0.0838876 
0.0092782 -0.0170628 1.48641e-05 4.63299e-06 -0.0170628 0.0843794 1.02678e-05 -0.000158955 1.48641e-05 1.02678e-05 0.00930562 -0.0169942 4.63299e-06 -0.000158955 -0.0169942 0.0836758 
0.00927188 -0.0170445 1.07184e-05 1.88643e-05 -0.0170445 0.0841919 2.58449e-05 -0.000179463 1.07184e-05 2.58449e-05 0.00925934 -0.0169206 1.88643e-05 -0.000179463 -0.0169206 0.0834048 
0.00926977 -0.0170674 6.40694e-06 2.58028e-05 -0.0170674 0.0842418 3.28127e-05 -0.000204382 6.40694e-06 3.28127e-05 0.00924733 -0.0168887 2.58028e-05 -0.000204382 -0.0168887 0.0833155 
0.00927338 -0.01714 6.42155e-06 3.08807e-05 -0.01714 0.0846241 3.70824e-05 -0.000220241 6.42155e-06 3.70824e-05 0.00930198 -0.0169458 3.08807e-05 -0.000220241 -0.0169458 0.0836095 
0.00923617 -0.0170694 -5.87191e-07 3.17491e-05 -0.0170694 0.0844362 3.5731e-05 -0.000223592 -5.87191e-07 3.5731e-05 0.00930419 -0.0169412 3.17491e-05 -0.000223592 -0.0169412 0.0835012 
0.00921571 -0.0169643 9.47997e-06 3.8591e-05 -0.0169643 0.0839914 4.27976e-05 -0.000232087 9.47997e-06 4.27976e-05 0.00924169 -0.016893 3.8591e-05 -0.000232087 -0.016893 0.0832068 
0.00921665 -0.0169425 7.66736e-06 2.59565e-05 -0.0169425 0.0837792 2.78239e-05 -0.000213742 7.66736e-06 2.78239e-05 0.00918968 -0.0168281 2.59565e-05 -0.000213742 -0.0168281 0.0830014 
0.00922219 -0.0169273 5.96809e-06 2.49738e-05 -0.0169273 0.0836127 2.19905e-05 -0.000189963 5.96809e-06 2.19905e-05 0.00913574 -0.0167473 2.49738e-05 -0.000189963 -0.0167473 0.0827171 
0.00923645 -0.0169475 1.40475e-05 2.63593e-05 -0.0169475 0.0836076 2.16911e-05 -0.000179501 1.40475e-05 2.16911e-05 0.00909769 -0.0166913 2.63593e-05 -0.000179501 -0.0166913 0.0825377 
0.00921484 -0.016948 4.39533e-06 1.694e-05 -0.016948 0.0835384 1.24045e-05 -0.000161374 4.39533e-06 1.24045e-05 0.00907598 -0.0166235 1.694e-05 -0.000161374 -0.0166235 0.0822857 
0.00916911 -0.0169173 -7.80455e-06 2.84818e-05 -0.0169173 0.0834335 2.38544e-05 -0.000168961 -7.80455e-06 2.38544e-05 0.00908478 -0.016589 2.84818e-05 -0.000168961 -0.016589 0.0820967 
0.00913378 -0.0168752 -3.80492e-06 4.70901e-05 -0.0168752 0.0833629 4.14579e-05 -0.000207298 -3.80492e-06 4.14579e-05 0.00911399 -0.0166182 4.70901e-05 -0.000207298 -0.0166182 0.0821196 
0.00910689 -0.0168097 7.94018e-06 4.27137e-05 -0.0168097 0.0831564 3.76809e-05 -0.000220409 7.94018e-06 3.76809e-05 0.00911032 -0.0166409 4.27137e-05 -0.000220409 -0.0166409 0.0821178 
0.00909667 -0.0167811 1.39723e-05 2.42183e-05 -0.0167811 0.0830433 2.15948e-05 -0.000191542 1.39723e-05 2.15948e-05 0.00910914 -0.0166491 2.42183e-05 -0.000191542 -0.0166491 0.0821638 
0.00908926 -0.0167723 1.81473e-05 1.27934e-05 -0.0167723 0.0830028 1.43254e-05 -0.000158925 1.81473e-05 1.43254e-05 0.00911503 -0.0166546 1.27934e-05 -0.000158925 -0.0166546 0.0822054 
0.00908343 -0.0167709 2.29744e-05 2.22541e-06 -0.0167709 0.083013 6.5098e-06 -0.000127059 2.29744e-05 6.5098e-06 0.00913061 -0.0166689 2.22541e-06 -0.000127059 -0.0166689 0.082268 
0.00907483 -0.0167522 1.28034e-05 -4.57213e-06 -0.0167522 0.0829553 1.46076e-06 -0.000103657 1.28034e-05 1.46076e-06 0.00914631 -0.0166791 -4.57213e-06 -0.000103657 -0.0166791 0.0822802 
0.00909497 -0.0167545 8.09441e-06 9.36883e-06 -0.0167545 0.0829768 1.46499e-05 -0.000115205 8.09441e-06 1.46499e-05 0.00915153 -0.0167129 9.36883e-06 -0.000115205 -0.0167129 0.0823846 
0.00913676 -0.0168004 4.50786e-06 2.02039e-05 -0.0168004 0.0831329 2.22328e-05 -0.000142886 4.50786e-06 2.22328e-05 0.00914708 -0.0167437 2.02039e-05 -0.000142886 -0.0167437 0.0825558 
0.00917416 -0.0168969 -7.20515e-06 2.79019e-05 -0.0168969 0.0835114 2.78176e-05 -0.000167878 -7.20515e-06 2.78176e-05 0.00917489 -0.0167847 2.79019e-05 -0.000167878 -0.0167847 0.0828468 
0.00918567 -0.0169289 -1.26518e-05 4.25151e-05 -0.0169289 0.0836833 4.17413e-05 -0.000200125 -1.26518e-05 4.17413e-05 0.00919071 -0.0167996 4.25151e-05 -0.000200125 -0.0167996 0.0829412 
0.00917523 -0.0169144 -3.36184e-06 5.25229e-05 -0.0169144 0.0836382 5.02642e-05 -0.000231711 -3.36184e-06 5.02642e-05 0.00919871 -0.0167903 5.25229e-05 -0.000231711 -0.0167903 0.0828798 
0.00918319 -0.0169058 5.82243e-06 4.26248e-05 -0.0169058 0.0836121 4.05993e-05 -0.000231528 5.82243e-06 4.05993e-05 0.00919143 -0.0167993 4.26248e-05 -0.000231528 -0.0167993 0.0828732 
0.00919015 -0.016933 4.14937e-06 3.11479e-05 -0.016933 0.0836987 2.92085e-05 -0.000211202 4.14937e-06 2.92085e-05 0.00919994 -0.0168059 3.11479e-05 -0.000211202 -0.0168059 0.082933 
0.00918766 -0.0169189 -1.31e-07 3.39787e-05 -0.0169189 0.08364 2.84824e-05 -0.000203214 -1.31e-07 2.84824e-05 0.00918587 -0.0167904 3.39787e-05 -0.000203214 -0.0167904 0.0828473 
0.00918132 -0.0169191 -5.58176e-06 4.23744e-05 -0.0169191 0.0836211 3.42586e-05 -0.000216084 -5.58176e-06 3.42586e-05 0.00918006 -0.0167759 4.23744e-05 -0.000216084 -0.0167759 0.0827967 
0.00918138 -0.0169207 -1.79957e-05 5.16865e-05 -0.0169207 0.0836432 4.32825e-05 -0.000240204 -1.79957e-05 4.32825e-05 0.0091784 -0.0167755 5.16865e-05 -0.000240204 -0.0167755 0.0827961 
0.00918273 -0.0169492 -1.08357e-05 6.8379e-05 -0.0169492 0.0837899 5.99711e-05 -0.000279498 -1.08357e-05 5.99711e-05 0.0092069 -0.0167993 6.8379e-05 -0.000279498 -0.0167993 0.082924 
0.00917045 -0.016947 -1.66023e-05 6.45252e-05 -0.016947 0.0838419 5.46712e-05 -0.000296267 -1.66023e-05 5.46712e-05 0.00923454 -0.0168301 6.45252e-05 -0.000296267 -0.0168301 0.0830192 
0.00917049 -0.0169205 -1.99467e-05 6.81817e-05 -0.0169205 0.0837901 6.09954e-05 -0.000304903 -1.99467e-05 6.09954e-05 0.00924827 -0.0168579 6.81817e-05 -0.000304903 -0.0168579 0.083085 
0.00918191 -0.0169211 -9.29352e-06 6.81234e-05 -0.0169211 0.0837716 6.80127e-05 -0.00031449 -9.29352e-06 6.80127e-05 0.00926417 -0.0168784 6.81234e-05 -0.00031449 -0.0168784 0.0831563 
0.00920907 -0.0169678 4.04738e-06 5.34769e-05 -0.0169678 0.0839479 5.78079e-05 -0.000300964 4.04738e-06 5.78079e-05 0.00928251 -0.0169285 5.34769e-05 -0.000300964 -0.0169285 0.0833669 
0.00921722 -0.0170056 8.57966e-06 3.54623e-05 -0.0170056 0.0841033 3.86703e-05 -0.000259901 8.57966e-06 3.86703e-05 0.00930624 -0.0169561 3.54623e-05 -0.000259901 -0.0169561 0.083517 
0.00920777 -0.0170126 1.28126e-05 2.93922e-05 -0.0170126 0.0841693 3.08821e-05 -0.000229518 1.28126e-05 3.08821e-05 0.00932719 -0.016976 2.93922e-05 -0.000229518 -0.016976 0.0835892 
0.0092104 -0.0170097 1.27319e-05 2.58684e-05 -0.0170097 0.0842284 2.65788e-05 -0.000214615 1.27319e-05 2.65788e-05 0.00933775 -0.0170152 2.58684e-05 -0.000214615 -0.0170152 0.0837237 
0.00920021 -0.0169393 3.10229e-05 2.46054e-05 -0.0169393 0.0839018 2.93275e-05 -0.000211193 3.10229e-05 2.93275e-05 0.00929251 -0.0169583 2.46054e-05 -0.000211193 -0.0169583 0.08346 
0.00922608 -0.0169726 3.39453e-05 1.92967e-06 -0.0169726 0.0839639 1.00446e-05 -0.000181713 3.39453e-05 1.00446e-05 0.00927854 -0.0169488 1.92967e-06 -0.000181713 -0.0169488 0.0834767 
0.00927169 -0.0170451 2.95371e-05 -3.55925e-06 -0.0170451 0.0842407 3.51519e-06 -0.000153452 2.95371e-05 3.51519e-06 0.00928348 -0.0169665 -3.55925e-06 -0.000153452 -0.0169665 0.0836302 
0.00928349 -0.0170938 2.54324e-05 5.50539e-06 -0.0170938 0.0844052 7.93237e-06 -0.000156639 2.54324e-05 7.93237e-06 0.00928798 -0.0169556 5.50539e-06 -0.000156639 -0.0169556 0.0836369 
