0.00618696 0 -1.41289e-05 0 0 0.00877888 0 0 -1.41289e-05 0 0.00615835 0 0 0 0 0.00877888 
0.00945559 -0.0117369 -2.08521e-06 -4.1405e-07 -0.0117369 0.0311864 -4.1405e-07 9.22867e-07 -2.08521e-06 -4.1405e-07 0.00940271 -0.0116699 -4.1405e-07 9.22867e-07 -0.0116699 0.0310581 
0.00968707 -0.0180927 5.67059e-05 -0.00010585 -0.0180927 0.0667087 -0.00010585 0.000367967 5.67059e-05 -0.00010585 0.00967499 -0.0179451 -0.00010585 0.000367967 -0.0179451 0.0662222 
0.0091525 -0.0177478 8.21628e-05 -0.000257376 -0.0177478 0.0797065 -0.000251877 0.00113361 8.21628e-05 -0.000251877 0.0091776 -0.0176373 -0.000257376 0.00113361 -0.0176373 0.0790244 
0.00888919 -0.0166964 4.72981e-05 -0.000262917 -0.0166964 0.0807591 -0.000253899 0.00139923 4.72981e-05 -0.000253899 0.00893327 -0.016654 -0.000262917 0.00139923 -0.016654 0.0801931 
0.00870247 -0.016061 7.96937e-06 -0.00017085 -0.016061 0.079102 -0.000166344 0.00112671 7.96937e-06 -0.000166344 0.00875092 -0.0160692 -0.00017085 0.00112671 -0.0160692 0.0787753 
0.00843697 -0.0154757 -2.0816e-05 -9.01869e-05 -0.0154757 0.0764548 -9.31771e-05 0.000758096 -2.0816e-05 -9.31771e-05 0.00847642 -0.0155056 -9.01869e-05 0.000758096 -0.0155056 0.0763103 
0.00819268 -0.0150067 -2.37919e-05 -4.50763e-05 -0.0150067 0.074146 -5.23084e-05 0.000510078 -2.37919e-05 -5.23084e-05 0.00822135 -0.0150291 -4.50763e-05 0.000510078 -0.0150291 0.0740726 
0.00962382 -0.0176325 -3.62573e-05 -4.8056e-05 -0.0176325 0.0870856 -5.7948e-05 0.000486915 -3.62573e-05 -5.7948e-05 0.0096655 -0.0176354 -4.8056e-05 0.000486915 -0.0176354 0.0869807 
0.00948276 -0.0173678 -4.08338e-05 -4.63026e-05 -0.0173678 0.0857551 -5.36142e-05 0.000452853 -4.08338e-05 -5.36142e-05 0.00952102 -0.017375 -4.63026e-05 0.000452853 -0.017375 0.0856389 
0.00943068 -0.0172699 -4.43083e-05 -4.38702e-05 -0.0172699 0.0852217 -4.95238e-05 0.000444719 -4.43083e-05 -4.95238e-05 0.00945096 -0.0172685 -4.38702e-05 0.000444719 -0.0172685 0.0850819 
0.00939826 -0.017241 -3.17375e-05 -4.33392e-05 -0.017241 0.0850279 -4.66237e-05 0.000444821 -3.17375e-05 -4.66237e-05 0.00943401 -0.0172118 -4.33392e-05 0.000444821 -0.0172118 0.084823 
0.00939268 -0.0172406 -1.2927e-05 -6.14698e-05 -0.0172406 0.0850589 -6.15282e-05 0.000472803 -1.2927e-05 -6.15282e-05 0.0094364 -0.0172276 -6.14698e-05 0.000472803 -0.0172276 0.0848418 
0.0093882 -0.017213 1.95753e-06 -8.67127e-05 -0.017213 0.0849572 -8.5622e-05 0.000528204 1.95753e-06 -8.5622e-05 0.00941727 -0.0172182 -8.67127e-05 0.000528204 -0.0172182 0.0847822 
0.00938616 -0.017196 6.52933e-07 -0.000103772 -0.017196 0.0848438 -0.000103832 0.000578594 6.52933e-07 -0.000103832 0.00939139 -0.0171868 -0.000103772 0.000578594 -0.0171868 0.0846698 
0.00934783 -0.0171819 -5.03855e-06 -0.000101245 -0.0171819 0.0847304 -0.00010273 0.00059409 -5.03855e-06 -0.00010273 0.00939168 -0.0171434 -0.000101245 0.00059409 -0.0171434 0.0845068 
0.00932994 -0.0171596 -1.3173e-05 -9.10981e-05 -0.0171596 0.0847186 -9.16352e-05 0.000574445 -1.3173e-05 -9.16352e-05 0.00939419 -0.0171603 -9.10981e-05 0.000574445 -0.0171603 0.0845191 
0.00933252 -0.0171622 -6.19023e-06 -7.75513e-05 -0.0171622 0.0847949 -7.86664e-05 0.000538979 -6.19023e-06 -7.86664e-05 0.00939877 -0.0171877 -7.75513e-05 0.000538979 -0.0171877 0.0846548 
0.00934864 -0.0171857 1.02059e-05 -8.34013e-05 -0.0171857 0.0849409 -8.52289e-05 0.000529061 1.02059e-05 -8.52289e-05 0.00941593 -0.017215 -8.34013e-05 0.000529061 -0.017215 0.0848314 
0.00934215 -0.0171811 1.10613e-05 -0.000104512 -0.0171811 0.0849253 -0.000105124 0.000558552 1.10613e-05 -0.000105124 0.00943343 -0.0172115 -0.000104512 0.000558552 -0.0172115 0.0848252 
0.00934264 -0.0171588 1.81271e-05 -0.000110537 -0.0171588 0.0848431 -0.000107651 0.000584363 1.81271e-05 -0.000107651 0.00942842 -0.0172218 -0.000110537 0.000584363 -0.0172218 0.0847995 
0.00932312 -0.0171399 1.8489e-05 -0.000121174 -0.0171399 0.0847151 -0.000113873 0.000604584 1.8489e-05 -0.000113873 0.0094252 -0.017203 -0.000121174 0.000604584 -0.017203 0.0847134 
0.00929724 -0.0170941 2.54784e-05 -0.00012266 -0.0170941 0.0845131 -0.000113512 0.000614854 2.54784e-05 -0.000113512 0.00941052 -0.0171772 -0.00012266 0.000614854 -0.0171772 0.0845552 
0.00930673 -0.0170671 1.3119e-05 -0.000130086 -0.0170671 0.0843997 -0.000121618 0.000628582 1.3119e-05 -0.000121618 0.00939456 -0.0171712 -0.000130086 0.000628582 -0.0171712 0.0845049 
0.00933536 -0.0171003 1.01491e-05 -0.00011623 -0.0171003 0.0844774 -0.000108491 0.000617201 1.01491e-05 -0.000108491 0.00938879 -0.0171813 -0.00011623 0.000617201 -0.0171813 0.0845878 
0.0093462 -0.0171179 1.40421e-05 -0.000111582 -0.0171179 0.0844851 -0.000102583 0.000598763 1.40421e-05 -0.000102583 0.00936709 -0.0171594 -0.000111582 0.000598763 -0.0171594 0.0845325 
0.00936432 -0.0171681 1.53815e-05 -0.000115016 -0.0171681 0.0846853 -0.000108681 0.000600263 1.53815e-05 -0.000108681 0.009379 -0.0171688 -0.000115016 0.000600263 -0.0171688 0.0846422 
0.0093654 -0.0171567 1.61489e-05 -0.000116194 -0.0171567 0.0846349 -0.000113717 0.000609073 1.61489e-05 -0.000113717 0.0093723 -0.0171427 -0.000116194 0.000609073 -0.0171427 0.0845241 
0.00942916 -0.0172493 1.07909e-05 -0.000120739 -0.0172493 0.0850624 -0.000119678 0.000628 1.07909e-05 -0.000119678 0.00938789 -0.0172307 -0.000120739 0.000628 -0.0172307 0.0849306 
0.00948718 -0.0173528 -7.91522e-06 -0.000117497 -0.0173528 0.0855016 -0.000112646 0.000631573 -7.91522e-06 -0.000112646 0.00940641 -0.0172749 -0.000117497 0.000631573 -0.0172749 0.0852734 
0.00948826 -0.0173505 -4.60737e-06 -9.69984e-05 -0.0173505 0.0854535 -8.77119e-05 0.000596275 -4.60737e-06 -8.77119e-05 0.0093793 -0.0172199 -9.69984e-05 0.000596275 -0.0172199 0.085089 
0.00945789 -0.0173182 -2.486e-06 -9.65979e-05 -0.0173182 0.0852646 -8.92758e-05 0.000574157 -2.486e-06 -8.92758e-05 0.00936816 -0.0171494 -9.65979e-05 0.000574157 -0.0171494 0.0847814 
0.00941335 -0.0172912 8.16956e-06 -9.74794e-05 -0.0172912 0.085163 -9.7197e-05 0.000578511 8.16956e-06 -9.7197e-05 0.00938511 -0.0171405 -9.74794e-05 0.000578511 -0.0171405 0.084655 
0.00937948 -0.0172429 7.2633e-06 -0.000108287 -0.0172429 0.085058 -0.000112295 0.000601312 7.2633e-06 -0.000112295 0.00940197 -0.0171687 -0.000108287 0.000601312 -0.0171687 0.0846693 
0.00935931 -0.0172112 6.55415e-06 -0.000106343 -0.0172112 0.085003 -0.000109386 0.000608822 6.55415e-06 -0.000109386 0.00941088 -0.0172107 -0.000106343 0.000608822 -0.0172107 0.0848043 
0.00934577 -0.0171806 2.43375e-06 -0.000103889 -0.0171806 0.084927 -0.00010459 0.000598388 2.43375e-06 -0.00010459 0.0094147 -0.0172266 -0.000103889 0.000598388 -0.0172266 0.0848936 
0.00933333 -0.0171206 7.17782e-06 -9.81672e-05 -0.0171206 0.0846687 -9.66953e-05 0.000579492 7.17782e-06 -9.66953e-05 0.00939311 -0.0171945 -9.81672e-05 0.000579492 -0.0171945 0.084752 
0.00934961 -0.0171189 1.2316e-05 -0.000104927 -0.0171189 0.0846106 -0.000100925 0.000578323 1.2316e-05 -0.000100925 0.0093745 -0.0171904 -0.000104927 0.000578323 -0.0171904 0.0847462 
0.0093168 -0.0170784 1.59062e-05 -0.000112372 -0.0170784 0.084329 -0.000104395 0.000586007 1.59062e-05 -0.000104395 0.00935021 -0.0171137 -0.000112372 0.000586007 -0.0171137 0.0844347 
0.00930345 -0.0170501 1.28641e-05 -0.000119193 -0.0170501 0.0841938 -0.000106062 0.000596606 1.28641e-05 -0.000106062 0.00934059 -0.0170954 -0.000119193 0.000596606 -0.0170954 0.0842992 
0.00932101 -0.0170742 2.22522e-07 -0.000118169 -0.0170742 0.0843012 -0.000102024 0.000598594 2.22522e-07 -0.000102024 0.00935676 -0.0171286 -0.000118169 0.000598594 -0.0171286 0.0844362 
0.00934117 -0.0171045 -8.16987e-06 -0.000104624 -0.0171045 0.0844233 -8.87905e-05 0.000581361 -8.16987e-06 -8.87905e-05 0.00936893 -0.0171584 -0.000104624 0.000581361 -0.0171584 0.084575 
0.00937907 -0.0171671 -1.39172e-06 -9.19235e-05 -0.0171671 0.0846993 -8.09949e-05 0.000556584 -1.39172e-06 -8.09949e-05 0.00937423 -0.0172097 -9.19235e-05 0.000556584 -0.0172097 0.0848389 
0.00938528 -0.0171821 1.61028e-05 -9.83701e-05 -0.0171821 0.0847339 -9.54437e-05 0.000564703 1.61028e-05 -9.54437e-05 0.0093629 -0.0171786 -9.83701e-05 0.000564703 -0.0171786 0.084789 
0.00938218 -0.0172144 2.15771e-05 -0.000118167 -0.0172144 0.0848764 -0.000120445 0.000608798 2.15771e-05 -0.000120445 0.00938411 -0.0171801 -0.000118167 0.000608798 -0.0171801 0.0848295 
0.00936125 -0.0171938 1.47942e-05 -0.000124623 -0.0171938 0.0848521 -0.000130095 0.000643883 1.47942e-05 -0.000130095 0.00940684 -0.0171887 -0.000124623 0.000643883 -0.0171887 0.0848087 
0.00935611 -0.0171682 6.65735e-06 -0.000113967 -0.0171682 0.0847936 -0.00012171 0.00064015 6.65735e-06 -0.00012171 0.0094147 -0.0172124 -0.000113967 0.00064015 -0.0172124 0.0848338 
0.00936255 -0.0171845 3.27487e-06 -0.000103551 -0.0171845 0.0848717 -0.000110978 0.000617698 3.27487e-06 -0.000110978 0.00942838 -0.0172474 -0.000103551 0.000617698 -0.0172474 0.0849824 
0.00936389 -0.0171823 2.99718e-06 -0.000100042 -0.0171823 0.0848757 -0.000106046 0.000600984 2.99718e-06 -0.000106046 0.0094312 -0.0172535 -0.000100042 0.000600984 -0.0172535 0.0850181 
0.00936571 -0.0171606 -2.42874e-06 -9.98278e-05 -0.0171606 0.0847754 -0.000103047 0.000590594 -2.42874e-06 -0.000103047 0.00941355 -0.0172386 -9.98278e-05 0.000590594 -0.0172386 0.0849434 
0.00934864 -0.0171275 7.75905e-06 -9.49094e-05 -0.0171275 0.0845672 -9.48876e-05 0.000577473 7.75905e-06 -9.48876e-05 0.00938985 -0.0171886 -9.49094e-05 0.000577473 -0.0171886 0.0847278 
0.00935267 -0.0171538 2.21728e-05 -0.000106559 -0.0171538 0.0846753 -0.000104684 0.000585583 2.21728e-05 -0.000104684 0.00940684 -0.0172087 -0.000106559 0.000585583 -0.0172087 0.0848213 
0.00937244 -0.017163 2.28936e-05 -0.000125495 -0.017163 0.0847471 -0.000124279 0.000624137 2.28936e-05 -0.000124279 0.00940389 -0.0172307 -0.000125495 0.000624137 -0.0172307 0.0849059 
0.00938069 -0.0171884 1.19487e-05 -0.000126701 -0.0171884 0.0848113 -0.000126471 0.000645685 1.19487e-05 -0.000126471 0.00940793 -0.0172199 -0.000126701 0.000645685 -0.0172199 0.0849143 
0.00940224 -0.0172121 -1.8355e-06 -0.000113081 -0.0172121 0.0849189 -0.000113232 0.000630521 -1.8355e-06 -0.000113232 0.00939739 -0.0172304 -0.000113081 0.000630521 -0.0172304 0.0849566 
0.00941214 -0.0172051 -1.43736e-05 -9.51358e-05 -0.0172051 0.0848449 -9.37315e-05 0.000588969 -1.43736e-05 -9.37315e-05 0.00936666 -0.0171871 -9.51358e-05 0.000588969 -0.0171871 0.084805 
0.0094212 -0.0172565 -2.76634e-05 -7.83004e-05 -0.0172565 0.0850208 -7.64545e-05 0.000543231 -2.76634e-05 -7.64545e-05 0.0093761 -0.0171853 -7.83004e-05 0.000543231 -0.0171853 0.0848585 
0.00941404 -0.0172626 -1.98083e-05 -6.22966e-05 -0.0172626 0.0850895 -5.8421e-05 0.000497314 -1.98083e-05 -5.8421e-05 0.00939058 -0.0171889 -6.22966e-05 0.000497314 -0.0171889 0.0848653 
0.00939109 -0.0172055 -5.13627e-06 -7.28918e-05 -0.0172055 0.0848766 -6.59757e-05 0.000491813 -5.13627e-06 -6.59757e-05 0.009378 -0.0171713 -7.28918e-05 0.000491813 -0.0171713 0.0847157 
0.00939026 -0.0172091 -2.14421e-06 -9.38978e-05 -0.0172091 0.0849008 -8.71492e-05 0.00053146 -2.14421e-06 -8.71492e-05 0.00939179 -0.0171993 -9.38978e-05 0.00053146 -0.0171993 0.0848302 
0.00935934 -0.0171532 -7.01104e-06 -9.92113e-05 -0.0171532 0.0846428 -9.48581e-05 0.000563522 -7.01104e-06 -9.48581e-05 0.00937551 -0.0171652 -9.92113e-05 0.000563522 -0.0171652 0.0846505 
0.00934019 -0.0171239 -1.02233e-05 -9.37927e-05 -0.0171239 0.0845115 -8.9961e-05 0.000567669 -1.02233e-05 -8.9961e-05 0.00936759 -0.0171572 -9.37927e-05 0.000567669 -0.0171572 0.0845899 
0.00932054 -0.0171061 1.94861e-07 -8.78973e-05 -0.0171061 0.0844465 -8.32513e-05 0.000554034 1.94861e-07 -8.32513e-05 0.00936857 -0.0171541 -8.78973e-05 0.000554034 -0.0171541 0.0845778 
0.00929929 -0.0170534 -4.57962e-06 -9.8006e-05 -0.0170534 0.0842366 -9.45378e-05 0.000561221 -4.57962e-06 -9.45378e-05 0.0093454 -0.0171253 -9.8006e-05 0.000561221 -0.0171253 0.0844257 
0.00928032 -0.0169976 -9.81615e-06 -8.9368e-05 -0.0169976 0.0839526 -8.85704e-05 0.00055386 -9.81615e-06 -8.85704e-05 0.00931113 -0.0170665 -8.9368e-05 0.00055386 -0.0170665 0.0841621 
0.00927167 -0.0169973 -2.69542e-06 -7.67762e-05 -0.0169973 0.0838937 -8.06394e-05 0.000526721 -2.69542e-06 -8.06394e-05 0.009293 -0.0170397 -7.67762e-05 0.000526721 -0.0170397 0.084056 
0.00925635 -0.0169806 5.28761e-06 -8.04627e-05 -0.0169806 0.083815 -8.73849e-05 0.000516503 5.28761e-06 -8.73849e-05 0.0092738 -0.0170037 -8.04627e-05 0.000516503 -0.0170037 0.0839103 
0.00924049 -0.0169471 5.9287e-06 -8.94496e-05 -0.0169471 0.0836779 -9.7026e-05 0.00052711 5.9287e-06 -9.7026e-05 0.00925911 -0.0169682 -8.94496e-05 0.00052711 -0.0169682 0.0837448 
0.00926219 -0.0169806 1.40052e-05 -9.23853e-05 -0.0169806 0.0838494 -9.65748e-05 0.000535988 1.40052e-05 -9.65748e-05 0.00927031 -0.0170082 -9.23853e-05 0.000535988 -0.0170082 0.0839238 
0.00926649 -0.0169992 1.43889e-05 -0.000104777 -0.0169992 0.0839316 -0.000104445 0.00055327 1.43889e-05 -0.000104445 0.0092757 -0.0170154 -0.000104777 0.00055327 -0.0170154 0.0839966 
0.00924762 -0.0169587 1.13795e-05 -0.000109072 -0.0169587 0.083753 -0.000103661 0.000565258 1.13795e-05 -0.000103661 0.00925487 -0.0169753 -0.000109072 0.000565258 -0.0169753 0.0838119 
0.00924508 -0.0169592 4.1368e-06 -0.000106814 -0.0169592 0.0837543 -9.61438e-05 0.000559649 4.1368e-06 -9.61438e-05 0.00924884 -0.0169756 -0.000106814 0.000559649 -0.0169756 0.0838145 
0.00923146 -0.0169095 -1.70118e-06 -9.66878e-05 -0.0169095 0.0835215 -8.43575e-05 0.000535731 -1.70118e-06 -8.43575e-05 0.00921163 -0.0169227 -9.66878e-05 0.000535731 -0.0169227 0.0835818 
0.00920409 -0.016877 -1.07604e-05 -8.74563e-05 -0.016877 0.0833169 -7.73465e-05 0.000510436 -1.07604e-05 -7.73465e-05 0.00918823 -0.0168675 -8.74563e-05 0.000510436 -0.0168675 0.0833525 
0.0091642 -0.0168163 -1.27251e-05 -7.21287e-05 -0.0168163 0.0830369 -6.65552e-05 0.000477289 -1.27251e-05 -6.65552e-05 0.00916287 -0.0168096 -7.21287e-05 0.000477289 -0.0168096 0.0830602 
0.00913104 -0.0167928 -1.02097e-05 -6.30051e-05 -0.0167928 0.0829503 -6.41914e-05 0.000449314 -1.02097e-05 -6.41914e-05 0.00917217 -0.0168013 -6.30051e-05 0.000449314 -0.0168013 0.0829942 
0.00912795 -0.0167483 -7.67792e-06 -6.17357e-05 -0.0167483 0.0828242 -6.93539e-05 0.000438772 -7.67792e-06 -6.93539e-05 0.00916194 -0.0168069 -6.17357e-05 0.000438772 -0.0168069 0.0829551 
0.00915573 -0.0167741 -8.09924e-07 -6.41905e-05 -0.0167741 0.0829116 -7.30766e-05 0.00044021 -8.09924e-07 -7.30766e-05 0.00915522 -0.0168303 -6.41905e-05 0.00044021 -0.0168303 0.0830893 
0.00916337 -0.0167825 4.85225e-06 -7.2511e-05 -0.0167825 0.0828798 -7.96018e-05 0.000450579 4.85225e-06 -7.96018e-05 0.00913809 -0.016794 -7.2511e-05 0.000450579 -0.016794 0.0829948 
0.00918191 -0.0168148 -1.97573e-06 -8.05901e-05 -0.0168148 0.0829915 -8.3728e-05 0.000463966 -1.97573e-06 -8.3728e-05 0.00912616 -0.0167907 -8.05901e-05 0.000463966 -0.0167907 0.0830085 
0.00919526 -0.0168464 -6.40876e-06 -7.17235e-05 -0.0168464 0.0831153 -7.3456e-05 0.000452448 -6.40876e-06 -7.3456e-05 0.00911675 -0.0167795 -7.17235e-05 0.000452448 -0.0167795 0.0830177 
0.00919165 -0.0168636 -8.7526e-06 -6.4508e-05 -0.0168636 0.083194 -6.69607e-05 0.000432164 -8.7526e-06 -6.69607e-05 0.00911645 -0.0167629 -6.4508e-05 0.000432164 -0.0167629 0.0829884 
0.00916403 -0.0168248 -5.73579e-06 -6.16493e-05 -0.0168248 0.0830493 -6.63437e-05 0.000421532 -5.73579e-06 -6.63437e-05 0.00911783 -0.0167256 -6.16493e-05 0.000421532 -0.0167256 0.0827973 
0.0091336 -0.0167931 -4.52155e-06 -6.50669e-05 -0.0167931 0.0829399 -7.25923e-05 0.000427382 -4.52155e-06 -7.25923e-05 0.00913423 -0.0167286 -6.50669e-05 0.000427382 -0.0167286 0.0827268 
0.00911673 -0.0167699 -8.75351e-06 -6.62983e-05 -0.0167699 0.0828979 -7.48365e-05 0.000434577 -8.75351e-06 -7.48365e-05 0.00915642 -0.0167615 -6.62983e-05 0.000434577 -0.0167615 0.0827912 
0.00909973 -0.0167437 -1.87438e-05 -6.12079e-05 -0.0167437 0.0828157 -6.99646e-05 0.000430332 -1.87438e-05 -6.99646e-05 0.00916569 -0.0167809 -6.12079e-05 0.000430332 -0.0167809 0.0828233 
0.00909484 -0.0167482 -2.03199e-05 -4.88654e-05 -0.0167482 0.0828751 -5.80268e-05 0.0004084 -2.03199e-05 -5.80268e-05 0.00918944 -0.016818 -4.88654e-05 0.0004084 -0.016818 0.0829757 
0.00909316 -0.0167273 -1.48573e-05 -4.56207e-05 -0.0167273 0.0828252 -5.53721e-05 0.000391866 -1.48573e-05 -5.53721e-05 0.00918835 -0.0168329 -4.56207e-05 0.000391866 -0.0168329 0.0830142 
0.00913317 -0.0167795 -6.27891e-06 -5.45551e-05 -0.0167795 0.083077 -6.11196e-05 0.000399105 -6.27891e-06 -6.11196e-05 0.00920641 -0.0168918 -5.45551e-05 0.000399105 -0.0168918 0.0833191 
0.00914457 -0.0168234 5.64751e-06 -6.76639e-05 -0.0168234 0.0832464 -6.96344e-05 0.000421193 5.64751e-06 -6.96344e-05 0.00922925 -0.0169061 -6.76639e-05 0.000421193 -0.0169061 0.0834543 
0.00916038 -0.0168161 7.45921e-06 -8.64928e-05 -0.0168161 0.083243 -8.46311e-05 0.000459648 7.45921e-06 -8.46311e-05 0.00922731 -0.0169101 -8.64928e-05 0.000459648 -0.0169101 0.0834433 
0.00919002 -0.0168281 -2.93836e-06 -9.12696e-05 -0.0168281 0.0832406 -8.7409e-05 0.000485629 -2.93836e-06 -8.7409e-05 0.00919973 -0.0169068 -9.12696e-05 0.000485629 -0.0169068 0.0834298 
0.00920372 -0.0168549 -1.1571e-05 -8.02533e-05 -0.0168549 0.083249 -7.69061e-05 0.000479546 -1.1571e-05 -7.69061e-05 0.00918754 -0.0168654 -8.02533e-05 0.000479546 -0.0168654 0.0833289 
0.00922651 -0.0168754 -2.04423e-05 -6.63228e-05 -0.0168754 0.0832886 -6.47669e-05 0.000452049 -2.04423e-05 -6.47669e-05 0.00917263 -0.0168455 -6.63228e-05 0.000452049 -0.0168455 0.0832399 
0.00923749 -0.0169272 -2.46612e-05 -5.48553e-05 -0.0169272 0.0834554 -5.39321e-05 0.000423049 -2.46612e-05 -5.39321e-05 0.00918179 -0.0168486 -5.48553e-05 0.000423049 -0.0168486 0.0832802 
0.00926478 -0.0169734 -3.04839e-05 -5.08904e-05 -0.0169734 0.0837018 -4.95984e-05 0.000407301 -3.04839e-05 -4.95984e-05 0.00919303 -0.016888 -5.08904e-05 0.000407301 -0.016888 0.0834574 
0.00929696 -0.0170195 -3.42829e-05 -4.70004e-05 -0.0170195 0.0839184 -4.56187e-05 0.0004006 -3.42829e-05 -4.56187e-05 0.00919891 -0.016913 -4.70004e-05 0.0004006 -0.016913 0.0836203 
0.00931656 -0.0170653 -4.20582e-05 -4.32804e-05 -0.0170653 0.0841062 -4.21662e-05 0.000395313 -4.20582e-05 -4.21662e-05 0.00921905 -0.0169223 -4.32804e-05 0.000395313 -0.0169223 0.0837217 
0.00935464 -0.0171494 -3.05645e-05 -3.53572e-05 -0.0171494 0.0845192 -3.31311e-05 0.000382754 -3.05645e-05 -3.31311e-05 0.00925631 -0.0169979 -3.53572e-05 0.000382754 -0.0169979 0.0840698 
0.00931361 -0.0171351 -1.57233e-05 -4.91976e-05 -0.0171351 0.0844738 -4.76015e-05 0.000397457 -1.57233e-05 -4.76015e-05 0.0092781 -0.0169777 -4.91976e-05 0.000397457 -0.0169777 0.0839877 
0.00927772 -0.0170741 -7.42527e-07 -6.82211e-05 -0.0170741 0.0843293 -7.04885e-05 0.000442748 -7.42527e-07 -7.04885e-05 0.00929394 -0.0169955 -6.82211e-05 0.000442748 -0.0169955 0.0839482 
0.00926005 -0.0170369 4.67497e-06 -8.87254e-05 -0.0170369 0.08424 -9.44205e-05 0.000503083 4.67497e-06 -9.44205e-05 0.00931353 -0.0170335 -8.87254e-05 0.000503083 -0.0170335 0.0840471 
0.00926528 -0.0169855 -1.89205e-06 -9.47214e-05 -0.0169855 0.0840359 -0.000100402 0.000537877 -1.89205e-06 -0.000100402 0.00929495 -0.0170378 -9.47214e-05 0.000537877 -0.0170378 0.0840218 
0.00927933 -0.0169976 -8.94388e-06 -8.5228e-05 -0.0169976 0.0839953 -8.8118e-05 0.000529295 -8.94388e-06 -8.8118e-05 0.00928522 -0.017028 -8.5228e-05 0.000529295 -0.017028 0.0840268 
0.00930946 -0.0170449 -7.2895e-06 -7.56639e-05 -0.0170449 0.0841523 -7.56131e-05 0.000501157 -7.2895e-06 -7.56131e-05 0.00928841 -0.0170403 -7.56639e-05 0.000501157 -0.0170403 0.0841266 
0.00929808 -0.0170578 1.77461e-06 -7.6226e-05 -0.0170578 0.0841575 -7.43329e-05 0.000484948 1.77461e-06 -7.43329e-05 0.00929383 -0.0170162 -7.6226e-05 0.000484948 -0.0170162 0.0840423 
0.00926807 -0.0169959 1.59378e-05 -8.89938e-05 -0.0169959 0.0838917 -8.5562e-05 0.000499644 1.59378e-05 -8.5562e-05 0.00927416 -0.0169692 -8.89938e-05 0.000499644 -0.0169692 0.0837547 
0.00925444 -0.0169748 2.00689e-05 -0.000110422 -0.0169748 0.0837828 -0.000101888 0.000538673 2.00689e-05 -0.000101888 0.00926235 -0.0169623 -0.000110422 0.000538673 -0.0169623 0.0836698 
0.00926879 -0.0170069 1.73185e-05 -0.000118833 -0.0170069 0.0839419 -0.000107362 0.00057079 1.73185e-05 -0.000107362 0.00927865 -0.0169959 -0.000118833 0.00057079 -0.0169959 0.083842 
0.00927123 -0.0169942 1.26099e-05 -0.000115297 -0.0169942 0.0838887 -0.000106642 0.000580256 1.26099e-05 -0.000106642 0.00925697 -0.0169835 -0.000115297 0.000580256 -0.0169835 0.0837908 
0.00926942 -0.0169943 1.02915e-05 -0.00010818 -0.0169943 0.0838598 -0.000104945 0.000577496 1.02915e-05 -0.000104945 0.00924054 -0.0169597 -0.00010818 0.000577496 -0.0169597 0.0837337 
0.00925942 -0.0169736 1.56581e-05 -0.000100526 -0.0169736 0.0837526 -0.000106191 0.000570954 1.56581e-05 -0.000106191 0.00922409 -0.0169208 -0.000100526 0.000570954 -0.0169208 0.0835815 
0.00925306 -0.0169946 1.37248e-05 -0.000104711 -0.0169946 0.0838477 -0.000115194 0.000578801 1.37248e-05 -0.000115194 0.00925014 -0.0169325 -0.000104711 0.000578801 -0.0169325 0.0836418 
0.00922946 -0.0169625 1.09848e-05 -0.00010373 -0.0169625 0.0837601 -0.000110562 0.000578049 1.09848e-05 -0.000110562 0.00926316 -0.0169422 -0.00010373 0.000578049 -0.0169422 0.0836079 
0.00919479 -0.0169288 8.49419e-06 -0.000101751 -0.0169288 0.0836635 -0.000102062 0.000566874 8.49419e-06 -0.000102062 0.00928182 -0.0169672 -0.000101751 0.000566874 -0.0169672 0.0836525 
0.00919185 -0.0168884 5.2684e-06 -0.00010058 -0.0168884 0.083572 -9.40433e-05 0.000551505 5.2684e-06 -9.40433e-05 0.00927911 -0.0170004 -0.00010058 0.000551505 -0.0170004 0.0837497 
0.00919259 -0.0168638 3.13938e-06 -9.91293e-05 -0.0168638 0.0834307 -8.91056e-05 0.000540003 3.13938e-06 -8.91056e-05 0.0092594 -0.0169837 -9.91293e-05 0.000540003 -0.0169837 0.0837141 
0.00920349 -0.0168622 -9.28538e-06 -9.62806e-05 -0.0168622 0.0833609 -8.60447e-05 0.000530628 -9.28538e-06 -8.60447e-05 0.0092326 -0.0169541 -9.62806e-05 0.000530628 -0.0169541 0.0836327 
0.00922543 -0.0169018 -8.2291e-06 -8.12046e-05 -0.0169018 0.0834796 -7.12646e-05 0.00050528 -8.2291e-06 -7.12646e-05 0.00922646 -0.0169457 -8.12046e-05 0.00050528 -0.0169457 0.0836643 
0.00920845 -0.0168808 -6.32041e-06 -7.87172e-05 -0.0168808 0.0833364 -7.03061e-05 0.000484471 -6.32041e-06 -7.03061e-05 0.00920789 -0.0168879 -7.87172e-05 0.000484471 -0.0168879 0.0834208 
0.00920733 -0.0169128 -6.78047e-06 -7.80108e-05 -0.0169128 0.0834946 -7.30099e-05 0.000478361 -6.78047e-06 -7.30099e-05 0.0092416 -0.0169169 -7.80108e-05 0.000478361 -0.0169169 0.0835361 
0.00920585 -0.0169248 -3.14469e-06 -7.73102e-05 -0.0169248 0.0836245 -7.41506e-05 0.000477835 -3.14469e-06 -7.41506e-05 0.00927632 -0.0169719 -7.73102e-05 0.000477835 -0.0169719 0.0837234 
0.00921856 -0.0169273 -6.6665e-06 -8.02883e-05 -0.0169273 0.0836987 -8.01288e-05 0.000484307 -6.6665e-06 -8.01288e-05 0.00928872 -0.0170202 -8.02883e-05 0.000484307 -0.0170202 0.0839043 
0.00921478 -0.0168957 -9.11902e-06 -7.45179e-05 -0.0168957 0.0835298 -7.70548e-05 0.000479688 -9.11902e-06 -7.70548e-05 0.00926392 -0.0169903 -7.45179e-05 0.000479688 -0.0169903 0.0837847 
0.00921368 -0.0168929 -1.65662e-05 -6.95155e-05 -0.0168929 0.0834662 -7.45011e-05 0.000470842 -1.65662e-05 -7.45011e-05 0.00924056 -0.0169661 -6.95155e-05 0.000470842 -0.0169661 0.0837048 
0.00922784 -0.0169282 -2.15447e-05 -6.05732e-05 -0.0169282 0.0836181 -6.43666e-05 0.000452504 -2.15447e-05 -6.43666e-05 0.00924795 -0.0169745 -6.05732e-05 0.000452504 -0.0169745 0.083804 
0.00922087 -0.0169331 -1.77591e-05 -5.62948e-05 -0.0169331 0.0836492 -5.43993e-05 0.000432273 -1.77591e-05 -5.43993e-05 0.00926024 -0.0169671 -5.62948e-05 0.000432273 -0.0169671 0.0837884 
0.00924086 -0.0169432 -1.43059e-05 -6.33314e-05 -0.0169432 0.0837432 -5.64772e-05 0.000431013 -1.43059e-05 -5.64772e-05 0.00926708 -0.017004 -6.33314e-05 0.000431013 -0.017004 0.0839125 
0.00923802 -0.0169317 -8.62385e-06 -6.94723e-05 -0.0169317 0.083647 -6.1573e-05 0.00044219 -8.62385e-06 -6.1573e-05 0.00925346 -0.0169782 -6.94723e-05 0.00044219 -0.0169782 0.0838194 
0.0092449 -0.0169424 -5.1551e-06 -7.50284e-05 -0.0169424 0.083664 -7.10251e-05 0.000459701 -5.1551e-06 -7.10251e-05 0.0092448 -0.0169693 -7.50284e-05 0.000459701 -0.0169693 0.0837928 
0.00923756 -0.0169253 -6.65636e-06 -7.79128e-05 -0.0169253 0.0835535 -7.9874e-05 0.000477232 -6.65636e-06 -7.9874e-05 0.00922227 -0.0169286 -7.79128e-05 0.000477232 -0.0169286 0.0836206 
0.00921916 -0.016905 -4.11767e-07 -7.49525e-05 -0.016905 0.0834305 -8.00463e-05 0.000482426 -4.11767e-07 -8.00463e-05 0.00920402 -0.0168882 -7.49525e-05 0.000482426 -0.0168882 0.0834365 
0.00921116 -0.0169199 1.1093e-05 -8.36477e-05 -0.0169199 0.0835233 -8.85054e-05 0.000498658 1.1093e-05 -8.85054e-05 0.0092157 -0.0169031 -8.36477e-05 0.000498658 -0.0169031 0.0835012 
0.0092016 -0.0168908 2.59418e-05 -9.81895e-05 -0.0168908 0.0834587 -0.000102719 0.000528722 2.59418e-05 -0.000102719 0.00920785 -0.0169023 -9.81895e-05 0.000528722 -0.0169023 0.0834774 
0.009184 -0.0168643 2.37923e-05 -0.000115498 -0.0168643 0.0833402 -0.000120124 0.000567771 2.37923e-05 -0.000120124 0.00920665 -0.0168805 -0.000115498 0.000567771 -0.0168805 0.0833926 
0.00917931 -0.0168679 1.96488e-05 -0.000110315 -0.0168679 0.0833796 -0.000116757 0.000576183 1.96488e-05 -0.000116757 0.0092243 -0.0169011 -0.000110315 0.000576183 -0.0169011 0.0834634 
0.00917216 -0.0168431 2.39885e-05 -0.000102118 -0.0168431 0.0832928 -0.000107539 0.000556446 2.39885e-05 -0.000107539 0.00922222 -0.0168995 -0.000102118 0.000556446 -0.0168995 0.0834193 
0.00917014 -0.0168213 1.60251e-05 -0.00010627 -0.0168213 0.0831735 -0.000106843 0.000544057 1.60251e-05 -0.000106843 0.00919861 -0.0168825 -0.00010627 0.000544057 -0.0168825 0.0833234 
0.00917555 -0.0168394 8.45806e-06 -9.87757e-05 -0.0168394 0.0832193 -9.3846e-05 0.000524275 8.45806e-06 -9.3846e-05 0.00919407 -0.0168738 -9.87757e-05 0.000524275 -0.0168738 0.083332 
0.00915743 -0.0168168 -1.11833e-06 -8.96603e-05 -0.0168168 0.0831091 -8.41234e-05 0.000497466 -1.11833e-06 -8.41234e-05 0.00918099 -0.016841 -8.96603e-05 0.000497466 -0.016841 0.0831868 
0.00916322 -0.0168119 -7.10662e-06 -7.75153e-05 -0.0168119 0.0831075 -7.24163e-05 0.000467911 -7.10662e-06 -7.24163e-05 0.0091746 -0.016843 -7.75153e-05 0.000467911 -0.016843 0.0831868 
0.0091591 -0.0168218 -8.00594e-06 -6.91796e-05 -0.0168218 0.0831306 -6.53356e-05 0.000443596 -8.00594e-06 -6.53356e-05 0.0091844 -0.0168398 -6.91796e-05 0.000443596 -0.0168398 0.0831994 
0.00916316 -0.0168287 -4.37921e-06 -6.76271e-05 -0.0168287 0.0832013 -6.30799e-05 0.000430573 -4.37921e-06 -6.30799e-05 0.0091957 -0.0168697 -6.76271e-05 0.000430573 -0.0168697 0.0833048 
0.00917088 -0.0168244 -1.12281e-05 -7.14777e-05 -0.0168244 0.0831969 -6.63367e-05 0.000430377 -1.12281e-05 -6.63367e-05 0.0091969 -0.0168782 -7.14777e-05 0.000430377 -0.0168782 0.0833477 
0.00919965 -0.016847 -1.78671e-05 -6.36939e-05 -0.016847 0.0832735 -5.80616e-05 0.000419957 -1.78671e-05 -5.80616e-05 0.00920221 -0.0168923 -6.36939e-05 0.000419957 -0.0168923 0.0834325 
0.00921527 -0.0168727 -1.95732e-05 -5.60776e-05 -0.0168727 0.0833134 -5.13017e-05 0.00040295 -1.95732e-05 -5.13017e-05 0.00919533 -0.0168859 -5.60776e-05 0.00040295 -0.0168859 0.0834181 
0.00922781 -0.016907 -1.88144e-05 -5.53231e-05 -0.016907 0.0834279 -5.16343e-05 0.000397864 -1.88144e-05 -5.16343e-05 0.00919708 -0.0168866 -5.53231e-05 0.000397864 -0.0168866 0.0834458 
0.00920943 -0.0168929 -9.29053e-06 -5.77723e-05 -0.0168929 0.0833543 -5.38975e-05 0.00040317 -9.29053e-06 -5.38975e-05 0.00920095 -0.016859 -5.77723e-05 0.00040317 -0.016859 0.0833135 
0.00920662 -0.0168844 4.21641e-06 -6.91839e-05 -0.0168844 0.0833525 -6.79514e-05 0.000428482 4.21641e-06 -6.79514e-05 0.00920297 -0.01688 -6.91839e-05 0.000428482 -0.01688 0.0833405 
0.0092003 -0.0168627 1.2633e-05 -8.60102e-05 -0.0168627 0.083259 -8.81351e-05 0.000471924 1.2633e-05 -8.81351e-05 0.00919226 -0.0168722 -8.60102e-05 0.000471924 -0.0168722 0.0832987 
