0.00616841 0 5.82868e-05 0 0 0.00876729 0 0 5.82868e-05 0 0.00619112 0 0 0 0 0.00876729 
0.00942763 -0.011703 6.85957e-05 -8.13381e-05 -0.011703 0.0311075 -8.13381e-05 0.000155985 6.85957e-05 -8.13381e-05 0.00944768 -0.0117251 -8.13381e-05 0.000155985 -0.0117251 0.0311499 
0.00973452 -0.018124 4.26221e-05 2.15163e-06 -0.018124 0.0668296 2.15163e-06 -3.87744e-05 4.26221e-05 2.15163e-06 0.00969481 -0.0180673 2.15163e-06 -3.87744e-05 -0.0180673 0.0666243 
0.0091973 -0.0178305 4.33974e-06 0.000128588 -0.0178305 0.0799808 0.000127778 -0.000774659 4.33974e-06 0.000127778 0.0091577 -0.0176457 0.000128588 -0.000774659 -0.0176457 0.0791706 
0.00893024 -0.016763 -5.76396e-06 0.000146223 -0.016763 0.0810319 0.000146635 -0.0010613 -5.76396e-06 0.000146635 0.00888724 -0.016605 0.000146223 -0.0010613 -0.016605 0.0800696 
0.00869608 -0.0159996 1.09947e-06 0.000111485 -0.0159996 0.0787382 0.000110253 -0.000885965 1.09947e-06 0.000110253 0.00862796 -0.01588 0.000111485 -0.000885965 -0.01588 0.077977 
0.00844293 -0.0154808 -1.0751e-06 8.1555e-05 -0.0154808 0.0763118 7.67071e-05 -0.000650998 -1.0751e-06 7.67071e-05 0.00837331 -0.0153434 8.1555e-05 -0.000650998 -0.0153434 0.0756772 
0.0081963 -0.0150384 -1.2785e-05 7.52619e-05 -0.0150384 0.074176 6.9718e-05 -0.000509614 -1.2785e-05 6.9718e-05 0.00814074 -0.0148955 7.52619e-05 -0.000509614 -0.0148955 0.0735837 
0.00960506 -0.0176375 -2.57119e-05 0.00010856 -0.0176375 0.0870674 0.000101496 -0.00057199 -2.57119e-05 0.000101496 0.00958033 -0.0174836 0.00010856 -0.00057199 -0.0174836 0.0864035 
0.00947252 -0.0173854 -1.96266e-05 0.000126111 -0.0173854 0.0858834 0.000116934 -0.000595723 -1.96266e-05 0.000116934 0.00947982 -0.0172875 0.000126111 -0.000595723 -0.0172875 0.0853321 
0.00941272 -0.0172377 -1.6621e-05 0.000123697 -0.0172377 0.0851526 0.000112577 -0.000609694 -1.6621e-05 0.000112577 0.0094064 -0.0171861 0.000123697 -0.000609694 -0.0171861 0.0847365 
0.00936408 -0.0171591 -9.34328e-06 0.000117306 -0.0171591 0.084671 0.000108058 -0.000603339 -9.34328e-06 0.000108058 0.00935497 -0.0170949 0.000117306 -0.000603339 -0.0170949 0.0842959 
0.00936488 -0.017157 1.03288e-06 0.000104678 -0.017157 0.084635 9.97021e-05 -0.00058372 1.03288e-06 9.97021e-05 0.0093351 -0.0170902 0.000104678 -0.00058372 -0.0170902 0.0842624 
0.00936202 -0.0171574 1.70302e-05 8.94739e-05 -0.0171574 0.0846105 8.76827e-05 -0.000551171 1.70302e-05 8.76827e-05 0.00931968 -0.0170698 8.94739e-05 -0.000551171 -0.0170698 0.0842148 
0.00936615 -0.017186 2.68116e-05 6.79008e-05 -0.017186 0.0847457 6.66872e-05 -0.000501766 2.68116e-05 6.66872e-05 0.00932956 -0.0170833 6.79008e-05 -0.000501766 -0.0170833 0.0843178 
0.009353 -0.0171522 2.25623e-05 5.46479e-05 -0.0171522 0.0846195 5.52909e-05 -0.000459158 2.25623e-05 5.52909e-05 0.009308 -0.0170569 5.46479e-05 -0.000459158 -0.0170569 0.0841937 
0.00936719 -0.0171751 9.91076e-06 5.94006e-05 -0.0171751 0.0847313 5.95442e-05 -0.000449639 9.91076e-06 5.95442e-05 0.0093227 -0.0170756 5.94006e-05 -0.000449639 -0.0170756 0.0843142 
0.00937573 -0.0172092 1.48616e-05 7.85589e-05 -0.0172092 0.0848923 7.53506e-05 -0.000478122 1.48616e-05 7.53506e-05 0.00935659 -0.0171109 7.85589e-05 -0.000478122 -0.0171109 0.0844836 
0.00936657 -0.0172114 3.43572e-05 7.46358e-05 -0.0172114 0.0849434 7.08633e-05 -0.000489014 3.43572e-05 7.08633e-05 0.00938874 -0.0171459 7.46358e-05 -0.000489014 -0.0171459 0.0845933 
0.00937521 -0.0172083 3.7657e-05 5.15111e-05 -0.0172083 0.0849902 4.90048e-05 -0.000456833 3.7657e-05 4.90048e-05 0.0094053 -0.0171971 5.15111e-05 -0.000456833 -0.0171971 0.0847599 
0.00938915 -0.0171831 2.25369e-05 4.63746e-05 -0.0171831 0.0848584 4.4687e-05 -0.00043117 2.25369e-05 4.4687e-05 0.00938532 -0.0171892 4.63746e-05 -0.00043117 -0.0171892 0.0847194 
0.00941435 -0.0172336 7.18233e-06 6.53268e-05 -0.0172336 0.0849866 6.43033e-05 -0.000455577 7.18233e-06 6.43033e-05 0.00939371 -0.0171939 6.53268e-05 -0.000455577 -0.0171939 0.0848044 
0.00943456 -0.017296 -3.79245e-07 8.51311e-05 -0.017296 0.0852419 8.61312e-05 -0.000506822 -3.79245e-07 8.61312e-05 0.00941522 -0.0172253 8.51311e-05 -0.000506822 -0.0172253 0.0849661 
0.00944338 -0.0173326 -5.12871e-06 9.72277e-05 -0.0173326 0.0854444 9.90839e-05 -0.000552088 -5.12871e-06 9.90839e-05 0.00943308 -0.0172566 9.72277e-05 -0.000552088 -0.0172566 0.0851124 
0.00942123 -0.0173062 2.96643e-07 0.000104298 -0.0173062 0.0853655 0.000106997 -0.000582802 2.96643e-07 0.000106997 0.00943233 -0.017239 0.000104298 -0.000582802 -0.017239 0.0850265 
0.00942367 -0.0173045 1.74335e-05 9.82875e-05 -0.0173045 0.085423 0.000100605 -0.000587075 1.74335e-05 0.000100605 0.00943921 -0.0172704 9.82875e-05 -0.000587075 -0.0172704 0.085141 
0.00941724 -0.0172691 3.23489e-05 7.87067e-05 -0.0172691 0.0852776 7.5502e-05 -0.000549596 3.23489e-05 7.5502e-05 0.00941271 -0.0172503 7.87067e-05 -0.000549596 -0.0172503 0.0850595 
0.00939895 -0.0172206 2.08253e-05 5.88063e-05 -0.0172206 0.0850086 5.33007e-05 -0.000493436 2.08253e-05 5.33007e-05 0.00937738 -0.017182 5.88063e-05 -0.000493436 -0.017182 0.0847934 
0.00936668 -0.0171568 5.89134e-06 6.90229e-05 -0.0171568 0.084643 6.69279e-05 -0.000484626 5.89134e-06 6.69279e-05 0.00934373 -0.0170892 6.90229e-05 -0.000484626 -0.0170892 0.0843697 
0.00934904 -0.0171378 -7.63191e-06 8.98998e-05 -0.0171378 0.0845057 8.7374e-05 -0.000522106 -7.63191e-06 8.7374e-05 0.00932957 -0.0170619 8.98998e-05 -0.000522106 -0.0170619 0.084185 
0.00932152 -0.0171152 -1.43118e-05 0.000108465 -0.0171152 0.0843971 0.000102506 -0.000566484 -1.43118e-05 0.000102506 0.00933118 -0.0170434 0.000108465 -0.000566484 -0.0170434 0.0840628 
0.00931757 -0.0170831 -1.12552e-05 0.000118577 -0.0170831 0.0843029 0.000110768 -0.000599646 -1.12552e-05 0.000110768 0.00932091 -0.0170539 0.000118577 -0.000599646 -0.0170539 0.0840408 
0.00933148 -0.0171076 -2.91114e-06 0.000115098 -0.0171076 0.0843998 0.000105282 -0.00060498 -2.91114e-06 0.000105282 0.00932606 -0.0170803 0.000115098 -0.00060498 -0.0170803 0.084192 
0.00933971 -0.0171502 1.89188e-05 0.00010273 -0.0171502 0.0845999 9.26881e-05 -0.000582367 1.89188e-05 9.26881e-05 0.00935607 -0.0171154 0.00010273 -0.000582367 -0.0171154 0.0844029 
0.00934473 -0.0171541 3.24446e-05 7.18177e-05 -0.0171541 0.0846771 6.47244e-05 -0.000521283 3.24446e-05 6.47244e-05 0.00936977 -0.0171456 7.18177e-05 -0.000521283 -0.0171456 0.0845243 
0.0093621 -0.0171653 3.11713e-05 5.15445e-05 -0.0171653 0.0847465 4.7994e-05 -0.000460604 3.11713e-05 4.7994e-05 0.00937391 -0.0171672 5.15445e-05 -0.000460604 -0.0171672 0.084636 
0.00940201 -0.0172304 2.59244e-05 5.35914e-05 -0.0172304 0.0850287 5.19044e-05 -0.000444157 2.59244e-05 5.19044e-05 0.00939314 -0.0172134 5.35914e-05 -0.000444157 -0.0172134 0.0849009 
0.00942938 -0.0172824 1.52117e-05 6.30518e-05 -0.0172824 0.0852541 6.43042e-05 -0.000464294 1.52117e-05 6.43042e-05 0.00941314 -0.017239 6.30518e-05 -0.000464294 -0.017239 0.0850702 
0.00946564 -0.017305 1.0438e-05 7.95966e-05 -0.017305 0.0853592 8.25395e-05 -0.000507482 1.0438e-05 8.25395e-05 0.00940617 -0.0172524 7.95966e-05 -0.000507482 -0.0172524 0.0851336 
0.00947686 -0.0173442 1.61059e-05 8.76697e-05 -0.0173442 0.0854516 8.95786e-05 -0.000542995 1.61059e-05 8.95786e-05 0.00941136 -0.0172409 8.76697e-05 -0.000542995 -0.0172409 0.0851382 
0.00945738 -0.0173269 2.58527e-05 7.96052e-05 -0.0173269 0.0853602 8.1874e-05 -0.000542946 2.58527e-05 8.1874e-05 0.0094014 -0.0172118 7.96052e-05 -0.000542946 -0.0172118 0.0849792 
0.00944051 -0.017343 2.52533e-05 6.72514e-05 -0.017343 0.08547 6.83027e-05 -0.000519868 2.52533e-05 6.83027e-05 0.00943483 -0.0172376 6.72514e-05 -0.000519868 -0.0172376 0.0850812 
0.00941262 -0.0172914 2.53189e-05 6.78477e-05 -0.0172914 0.0853369 6.84867e-05 -0.000507631 2.53189e-05 6.84867e-05 0.00944528 -0.0172498 6.78477e-05 -0.000507631 -0.0172498 0.0850508 
0.00939529 -0.0172345 2.10049e-06 6.66754e-05 -0.0172345 0.0851145 6.93549e-05 -0.000504599 2.10049e-06 6.93549e-05 0.00943609 -0.0172454 6.66754e-05 -0.000504599 -0.0172454 0.0849704 
0.00936212 -0.0171688 -4.14932e-06 9.21851e-05 -0.0171688 0.0847726 9.62081e-05 -0.000540602 -4.14932e-06 9.62081e-05 0.00940625 -0.0171972 9.21851e-05 -0.000540602 -0.0171972 0.0847231 
0.00930853 -0.0170685 -6.35829e-06 0.00010227 -0.0170685 0.0842637 0.000102643 -0.000573266 -6.35829e-06 0.000102643 0.00935658 -0.0171029 0.00010227 -0.000573266 -0.0171029 0.0842591 
0.00930116 -0.0170405 -1.32259e-05 0.00010695 -0.0170405 0.0841157 0.000101703 -0.000586051 -1.32259e-05 0.000101703 0.00932786 -0.0170836 0.00010695 -0.000586051 -0.0170836 0.0841461 
0.00932262 -0.0170712 -2.79415e-05 0.000117279 -0.0170712 0.0842284 0.000107301 -0.00060141 -2.79415e-05 0.000107301 0.00930745 -0.0170917 0.000117279 -0.00060141 -0.0170917 0.0842446 
0.00933871 -0.0171235 -3.02243e-05 0.000134283 -0.0171235 0.0844453 0.000123816 -0.000632488 -3.02243e-05 0.000123816 0.00930867 -0.017088 0.000134283 -0.000632488 -0.017088 0.0843584 
0.00933547 -0.0171174 -2.051e-05 0.000136285 -0.0171174 0.0844453 0.000129602 -0.000653242 -2.051e-05 0.000129602 0.00930399 -0.0170573 0.000136285 -0.000653242 -0.0170573 0.084263 
0.00932294 -0.0170922 -2.10629e-05 0.00012221 -0.0170922 0.0843309 0.000120224 -0.000640484 -2.10629e-05 0.000120224 0.0092934 -0.0170275 0.00012221 -0.000640484 -0.0170275 0.0841037 
0.00931733 -0.0170807 -1.54271e-05 0.000118964 -0.0170807 0.0842726 0.000120265 -0.000626711 -1.54271e-05 0.000120265 0.00928318 -0.0170176 0.000118964 -0.000626711 -0.0170176 0.0840323 
0.00929293 -0.0170599 -9.35724e-06 0.00010954 -0.0170599 0.0841661 0.000110946 -0.000604314 -9.35724e-06 0.000110946 0.00928131 -0.0169925 0.00010954 -0.000604314 -0.0169925 0.0839182 
0.00924507 -0.0169759 1.98304e-06 9.88538e-05 -0.0169759 0.0838051 9.96835e-05 -0.0005709 1.98304e-06 9.96835e-05 0.00926074 -0.0169369 9.88538e-05 -0.0005709 -0.0169369 0.0835971 
0.00923374 -0.0169235 8.62547e-06 8.33609e-05 -0.0169235 0.0835826 8.50097e-05 -0.00053112 8.62547e-06 8.50097e-05 0.00923509 -0.016925 8.33609e-05 -0.00053112 -0.016925 0.0834695 
0.00924154 -0.0169495 6.5391e-06 7.43428e-05 -0.0169495 0.0836594 7.56617e-05 -0.000498748 6.5391e-06 7.56617e-05 0.00923978 -0.0169405 7.43428e-05 -0.000498748 -0.0169405 0.0835834 
0.00922271 -0.016911 6.39701e-06 7.60408e-05 -0.016911 0.0834738 7.6357e-05 -0.000485824 6.39701e-06 7.6357e-05 0.009212 -0.0168967 7.60408e-05 -0.000485824 -0.0168967 0.0833939 
0.00922533 -0.0169023 -8.10184e-06 7.61891e-05 -0.0169023 0.083423 7.55759e-05 -0.000481762 -8.10184e-06 7.55759e-05 0.00917688 -0.0168769 7.61891e-05 -0.000481762 -0.0168769 0.0833245 
0.00920691 -0.0168586 -1.06168e-05 9.22176e-05 -0.0168586 0.0831722 9.0366e-05 -0.000499202 -1.06168e-05 9.0366e-05 0.00912877 -0.0167864 9.22176e-05 -0.000499202 -0.0167864 0.082993 
0.00918484 -0.0168404 -8.882e-06 9.75132e-05 -0.0168404 0.0830403 9.50631e-05 -0.000518506 -8.882e-06 9.50631e-05 0.00911195 -0.0167265 9.75132e-05 -0.000518506 -0.0167265 0.0827504 
0.00918044 -0.0168611 -7.50488e-06 9.60038e-05 -0.0168611 0.0831655 9.40203e-05 -0.000524409 -7.50488e-06 9.40203e-05 0.00913926 -0.016749 9.60038e-05 -0.000524409 -0.016749 0.0828263 
0.00918733 -0.0168596 -3.89495e-06 9.31219e-05 -0.0168596 0.0832338 9.21097e-05 -0.000520333 -3.89495e-06 9.21097e-05 0.00916157 -0.0167912 9.31219e-05 -0.000520333 -0.0167912 0.082956 
0.0092096 -0.0169114 2.06966e-06 8.75836e-05 -0.0169114 0.0834916 8.91306e-05 -0.000512397 2.06966e-06 8.91306e-05 0.00920687 -0.0168652 8.75836e-05 -0.000512397 -0.0168652 0.0832894 
0.00919971 -0.0168895 6.3412e-06 7.93397e-05 -0.0168895 0.0834157 8.30103e-05 -0.000497141 6.3412e-06 8.30103e-05 0.00920405 -0.0168748 7.93397e-05 -0.000497141 -0.0168748 0.0832938 
0.00921253 -0.0169047 9.35694e-06 7.34663e-05 -0.0169047 0.0835028 7.74396e-05 -0.000482026 9.35694e-06 7.74396e-05 0.00921389 -0.0169026 7.34663e-05 -0.000482026 -0.0169026 0.0834385 
0.00923041 -0.0169414 1.15413e-05 7.12545e-05 -0.0169414 0.0836772 7.07502e-05 -0.000468623 1.15413e-05 7.07502e-05 0.00923209 -0.0169387 7.12545e-05 -0.000468623 -0.0169387 0.0836359 
0.00922125 -0.0169319 1.36878e-05 6.96868e-05 -0.0169319 0.0836429 6.46472e-05 -0.000455142 1.36878e-05 6.46472e-05 0.00923474 -0.0169321 6.96868e-05 -0.000455142 -0.0169321 0.0836176 
0.00920767 -0.0168875 2.76721e-06 6.80696e-05 -0.0168875 0.0834495 6.11192e-05 -0.000445341 2.76721e-06 6.11192e-05 0.00921548 -0.0169032 6.80696e-05 -0.000445341 -0.0169032 0.0834572 
0.00922599 -0.0168955 -6.67762e-06 8.19166e-05 -0.0168955 0.0834577 7.55021e-05 -0.000464524 -6.67762e-06 7.55021e-05 0.00920252 -0.0169045 8.19166e-05 -0.000464524 -0.0169045 0.0834718 
0.00922975 -0.0169196 -1.08936e-05 9.60775e-05 -0.0169196 0.083507 8.94886e-05 -0.000500488 -1.08936e-05 8.94886e-05 0.00919931 -0.0168913 9.60775e-05 -0.000500488 -0.0168913 0.083465 
0.00921593 -0.0169204 7.61165e-07 0.000103838 -0.0169204 0.0835175 9.39593e-05 -0.000526311 7.61165e-07 9.39593e-05 0.00920268 -0.0168807 0.000103838 -0.000526311 -0.0168807 0.0834245 
0.0091904 -0.0168732 2.83287e-06 8.79449e-05 -0.0168732 0.0833429 7.75332e-05 -0.000508524 2.83287e-06 7.75332e-05 0.00918606 -0.0168554 8.79449e-05 -0.000508524 -0.0168554 0.0832705 
0.00917499 -0.0168529 1.13671e-05 8.23143e-05 -0.0168529 0.0832688 7.48446e-05 -0.000488052 1.13671e-05 7.48446e-05 0.0091846 -0.0168493 8.23143e-05 -0.000488052 -0.0168493 0.0832397 
0.00916035 -0.0168181 1.39253e-05 6.78848e-05 -0.0168181 0.0831335 6.47438e-05 -0.000459575 1.39253e-05 6.47438e-05 0.00918083 -0.0168351 6.78848e-05 -0.000459575 -0.0168351 0.0831574 
0.00914413 -0.0167949 2.52629e-05 5.94461e-05 -0.0167949 0.083023 5.98777e-05 -0.000431656 2.52629e-05 5.98777e-05 0.0091793 -0.0168278 5.94461e-05 -0.000431656 -0.0168278 0.0830989 
0.00914392 -0.0167889 3.90439e-05 4.46091e-05 -0.0167889 0.0830084 4.65989e-05 -0.000398748 3.90439e-05 4.65989e-05 0.00917067 -0.0168379 4.46091e-05 -0.000398748 -0.0168379 0.0831283 
0.00913276 -0.0167674 4.50111e-05 2.61081e-05 -0.0167674 0.0828975 2.67917e-05 -0.000350406 4.50111e-05 2.67917e-05 0.00915419 -0.0168061 2.61081e-05 -0.000350406 -0.0168061 0.0830215 
0.00912256 -0.016753 2.41821e-05 1.72641e-05 -0.016753 0.0828255 1.67985e-05 -0.000311604 2.41821e-05 1.67985e-05 0.00914658 -0.0167847 1.72641e-05 -0.000311604 -0.0167847 0.0829332 
0.00913369 -0.0167511 1.23255e-05 4.10398e-05 -0.0167511 0.0828282 3.82648e-05 -0.000328048 1.23255e-05 3.82648e-05 0.00914476 -0.01679 4.10398e-05 -0.000328048 -0.01679 0.0829466 
0.00913817 -0.0167539 1.41194e-05 5.98112e-05 -0.0167539 0.0827999 5.3998e-05 -0.000371357 1.41194e-05 5.3998e-05 0.00914084 -0.0167815 5.98112e-05 -0.000371357 -0.0167815 0.0829156 
0.00914257 -0.0167501 1.46005e-05 5.85815e-05 -0.0167501 0.0827501 5.35543e-05 -0.000388375 1.46005e-05 5.35543e-05 0.00912264 -0.0167684 5.85815e-05 -0.000388375 -0.0167684 0.0828492 
0.00913231 -0.0167192 1.97427e-05 5.42594e-05 -0.0167192 0.0825513 5.28147e-05 -0.000385278 1.97427e-05 5.28147e-05 0.00907771 -0.0167075 5.42594e-05 -0.000385278 -0.0167075 0.0825958 
0.00913138 -0.0167281 1.40852e-05 4.78143e-05 -0.0167281 0.0825383 5.02819e-05 -0.000377219 1.40852e-05 5.02819e-05 0.00905868 -0.0166687 4.78143e-05 -0.000377219 -0.0166687 0.0824763 
0.00910702 -0.0167306 6.85771e-06 5.27891e-05 -0.0167306 0.0825344 5.71425e-05 -0.000381791 6.85771e-06 5.71425e-05 0.0090606 -0.0166389 5.27891e-05 -0.000381791 -0.0166389 0.0823613 
0.00908047 -0.0167056 1.08032e-05 6.06263e-05 -0.0167056 0.0825025 6.64822e-05 -0.000398169 1.08032e-05 6.64822e-05 0.00906949 -0.0166381 6.06263e-05 -0.000398169 -0.0166381 0.0823098 
0.00906986 -0.0166876 8.997e-06 5.5469e-05 -0.0166876 0.0825093 6.3431e-05 -0.000400617 8.997e-06 6.3431e-05 0.00908525 -0.0166672 5.5469e-05 -0.000400617 -0.0166672 0.0823941 
0.00906137 -0.0166575 7.00511e-06 5.67158e-05 -0.0166575 0.0824159 6.40861e-05 -0.000397853 7.00511e-06 6.40861e-05 0.00908818 -0.0166736 5.67158e-05 -0.000397853 -0.0166736 0.082398 
0.00907599 -0.0166865 8.19713e-06 5.7501e-05 -0.0166865 0.0825566 6.39723e-05 -0.000395454 8.19713e-06 6.39723e-05 0.00912155 -0.0167158 5.7501e-05 -0.000395454 -0.0167158 0.0825938 
0.00909293 -0.0167391 -9.95789e-07 5.54691e-05 -0.0167391 0.0828263 6.08974e-05 -0.000389108 -9.95789e-07 6.08974e-05 0.00917099 -0.0167908 5.54691e-05 -0.000389108 -0.0167908 0.082913 
0.00909093 -0.0167338 -1.98226e-05 6.74224e-05 -0.0167338 0.0828556 6.99493e-05 -0.000400289 -1.98226e-05 6.99493e-05 0.00919078 -0.0168265 6.74224e-05 -0.000400289 -0.0168265 0.0830276 
0.00909203 -0.0166909 -2.18192e-05 9.27146e-05 -0.0166909 0.0826742 9.20735e-05 -0.000444152 -2.18192e-05 9.20735e-05 0.00916467 -0.0168178 9.27146e-05 -0.000444152 -0.0168178 0.0829469 
0.0091258 -0.016751 -1.34158e-05 0.000100918 -0.016751 0.0828842 9.70398e-05 -0.000481572 -1.34158e-05 9.70398e-05 0.00916837 -0.0168448 0.000100918 -0.000481572 -0.0168448 0.0831483 
0.00915532 -0.0167913 3.4164e-06 9.21394e-05 -0.0167913 0.0830409 8.70605e-05 -0.000480522 3.4164e-06 8.70605e-05 0.00916058 -0.0168439 9.21394e-05 -0.000480522 -0.0168439 0.083221 
0.00915369 -0.0167703 5.68491e-06 6.94774e-05 -0.0167703 0.0828797 6.76475e-05 -0.000443242 5.68491e-06 6.76475e-05 0.00911996 -0.0167713 6.94774e-05 -0.000443242 -0.0167713 0.0829352 
0.00911685 -0.0167349 3.3131e-06 6.36061e-05 -0.0167349 0.0826301 6.71436e-05 -0.000419983 3.3131e-06 6.71436e-05 0.00909303 -0.0166809 6.36061e-05 -0.000419983 -0.0166809 0.0825385 
0.00909201 -0.0166898 -9.50511e-06 6.37656e-05 -0.0166898 0.0824393 7.05234e-05 -0.000415605 -9.50511e-06 7.05234e-05 0.00906695 -0.0166435 6.37656e-05 -0.000415605 -0.0166435 0.0822899 
0.00907049 -0.0166823 -1.64986e-05 7.99099e-05 -0.0166823 0.0824126 8.55139e-05 -0.000438855 -1.64986e-05 8.55139e-05 0.00907522 -0.0166392 7.99099e-05 -0.000438855 -0.0166392 0.0822614 
0.0090556 -0.0166607 -1.53384e-05 9.02921e-05 -0.0166607 0.0823854 9.41153e-05 -0.000466775 -1.53384e-05 9.41153e-05 0.00908816 -0.016657 9.02921e-05 -0.000466775 -0.016657 0.0822973 
0.00904574 -0.0166453 2.23838e-06 9.31335e-05 -0.0166453 0.082356 9.42869e-05 -0.00048341 2.23838e-06 9.42869e-05 0.0091005 -0.0166778 9.31335e-05 -0.00048341 -0.0166778 0.0823606 
0.00901604 -0.0165986 1.08673e-05 7.34771e-05 -0.0165986 0.0821615 7.01334e-05 -0.00045409 1.08673e-05 7.01334e-05 0.00909802 -0.016664 7.34771e-05 -0.00045409 -0.016664 0.0822615 
0.00901199 -0.0165676 1.7601e-05 6.18832e-05 -0.0165676 0.0820491 5.47191e-05 -0.000413094 1.7601e-05 5.47191e-05 0.00908413 -0.0166704 6.18832e-05 -0.000413094 -0.0166704 0.0822518 
0.00904174 -0.0165944 1.07202e-05 5.23163e-05 -0.0165944 0.0821473 4.45676e-05 -0.00038 1.07202e-05 4.45676e-05 0.0090709 -0.016686 5.23163e-05 -0.00038 -0.016686 0.0823792 
0.00907572 -0.0166664 -1.81504e-06 6.03675e-05 -0.0166664 0.0824307 5.30103e-05 -0.000380214 -1.81504e-06 5.30103e-05 0.00908196 -0.0167067 6.03675e-05 -0.000380214 -0.0167067 0.0825902 
0.00910011 -0.0167064 -1.75736e-05 7.26849e-05 -0.0167064 0.0826191 6.75698e-05 -0.000402079 -1.75736e-05 6.75698e-05 0.00908419 -0.0167148 7.26849e-05 -0.000402079 -0.0167148 0.0826861 
0.00909131 -0.016687 -2.65474e-05 8.74911e-05 -0.016687 0.0825132 8.52349e-05 -0.000432342 -2.65474e-05 8.52349e-05 0.00906292 -0.0166708 8.74911e-05 -0.000432342 -0.0166708 0.0825116 
0.00906555 -0.0166625 -2.77447e-05 9.68771e-05 -0.0166625 0.0823817 9.7521e-05 -0.000460486 -2.77447e-05 9.7521e-05 0.00905563 -0.0166317 9.68771e-05 -0.000460486 -0.0166317 0.0823331 
0.00905888 -0.0166373 -2.45171e-05 9.76936e-05 -0.0166373 0.082301 9.97428e-05 -0.000472615 -2.45171e-05 9.97428e-05 0.00904188 -0.0166268 9.76936e-05 -0.000472615 -0.0166268 0.0822638 
0.0090233 -0.016587 -2.49502e-05 9.34458e-05 -0.016587 0.0820443 9.6143e-05 -0.000469071 -2.49502e-05 9.6143e-05 0.0090229 -0.016571 9.34458e-05 -0.000469071 -0.016571 0.0820158 
0.00900712 -0.0165209 -1.91997e-05 9.28219e-05 -0.0165209 0.0817508 9.51661e-05 -0.000462935 -1.91997e-05 9.51661e-05 0.0089855 -0.0165265 9.28219e-05 -0.000462935 -0.0165265 0.0817565 
0.0090161 -0.0165506 -1.25636e-05 8.56519e-05 -0.0165506 0.0818243 8.94818e-05 -0.000451805 -1.25636e-05 8.94818e-05 0.00899027 -0.0165276 8.56519e-05 -0.000451805 -0.0165276 0.0818021 
0.00899831 -0.0165633 -4.74916e-06 7.41818e-05 -0.0165633 0.081874 8.22448e-05 -0.000430073 -4.74916e-06 8.22448e-05 0.00901151 -0.0165238 7.41818e-05 -0.000430073 -0.0165238 0.0817904 
0.00899057 -0.0165617 5.15176e-06 6.22735e-05 -0.0165617 0.0819522 7.0145e-05 -0.000398705 5.15176e-06 7.0145e-05 0.00904869 -0.016564 6.22735e-05 -0.000398705 -0.016564 0.081899 
0.00899881 -0.0165708 1.45287e-05 5.26182e-05 -0.0165708 0.0820702 5.70246e-05 -0.000369013 1.45287e-05 5.70246e-05 0.00907692 -0.0166381 5.26182e-05 -0.000369013 -0.0166381 0.082151 
0.00900225 -0.0165451 1.64667e-05 4.3188e-05 -0.0165451 0.0819644 4.47701e-05 -0.000340364 1.64667e-05 4.47701e-05 0.00905929 -0.0166393 4.3188e-05 -0.000340364 -0.0166393 0.0821497 
0.00901839 -0.016574 1.49036e-05 4.19258e-05 -0.016574 0.0820496 4.39014e-05 -0.000328386 1.49036e-05 4.39014e-05 0.00905904 -0.0166418 4.19258e-05 -0.000328386 -0.0166418 0.082228 
0.00904089 -0.0166251 1.57341e-05 4.89484e-05 -0.0166251 0.0822716 4.81508e-05 -0.000340041 1.57341e-05 4.81508e-05 0.00908232 -0.0166657 4.89484e-05 -0.000340041 -0.0166657 0.0823838 
0.00905669 -0.0166383 1.94362e-05 4.95816e-05 -0.0166383 0.0823396 4.74833e-05 -0.000348472 1.94362e-05 4.74833e-05 0.00909239 -0.0166749 4.95816e-05 -0.000348472 -0.0166749 0.0824099 
0.00907592 -0.0166612 1.44395e-05 4.38353e-05 -0.0166612 0.0824147 4.45766e-05 -0.000344941 1.44395e-05 4.45766e-05 0.00909137 -0.0166878 4.38353e-05 -0.000344941 -0.0166878 0.0824505 
0.00908593 -0.0166753 -1.17325e-05 4.78289e-05 -0.0166753 0.0824345 5.1737e-05 -0.000350937 -1.17325e-05 5.1737e-05 0.00907731 -0.0166751 4.78289e-05 -0.000350937 -0.0166751 0.0824106 
0.009113 -0.016723 -2.60678e-05 8.02634e-05 -0.016723 0.0826367 8.46925e-05 -0.000406245 -2.60678e-05 8.46925e-05 0.0090776 -0.0166937 8.02634e-05 -0.000406245 -0.0166937 0.0825393 
0.00914691 -0.0167616 -3.22489e-05 0.000103616 -0.0167616 0.0828056 0.000106 -0.00047458 -3.22489e-05 0.000106 0.00907242 -0.0166985 0.000103616 -0.00047458 -0.0166985 0.0826235 
0.00918334 -0.0168084 -3.1047e-05 0.000113287 -0.0168084 0.0829685 0.000116218 -0.000521117 -3.1047e-05 0.000116218 0.00907149 -0.0166945 0.000113287 -0.000521117 -0.0166945 0.0826705 
0.00919545 -0.0168586 -1.8388e-05 0.000112526 -0.0168586 0.0831376 0.000114597 -0.000536876 -1.8388e-05 0.000114597 0.00908878 -0.0166955 0.000112526 -0.000536876 -0.0166955 0.0827093 
0.00918447 -0.0168513 -1.29079e-05 9.75278e-05 -0.0168513 0.0831245 9.57139e-05 -0.00051365 -1.29079e-05 9.57139e-05 0.00910336 -0.0166934 9.75278e-05 -0.00051365 -0.0166934 0.0826482 
0.00918083 -0.0168437 -1.46271e-05 9.02831e-05 -0.0168437 0.0831203 8.62657e-05 -0.000486486 -1.46271e-05 8.62657e-05 0.00911658 -0.0167188 9.02831e-05 -0.000486486 -0.0167188 0.0826882 
0.00920788 -0.0168736 -1.56574e-05 9.19001e-05 -0.0168736 0.0832823 8.9364e-05 -0.000481399 -1.56574e-05 8.9364e-05 0.00913837 -0.016776 9.19001e-05 -0.000481399 -0.016776 0.0829259 
0.00923545 -0.0169392 -8.81141e-06 9.53699e-05 -0.0169392 0.0835663 9.57854e-05 -0.000494605 -8.81141e-06 9.57854e-05 0.00917829 -0.0168367 9.53699e-05 -0.000494605 -0.0168367 0.0832369 
0.00924707 -0.0169738 1.22515e-06 8.97708e-05 -0.0169738 0.0837538 9.14274e-05 -0.000498607 1.22515e-06 9.14274e-05 0.00920874 -0.0168842 8.97708e-05 -0.000498607 -0.0168842 0.0834456 
0.00928305 -0.0170366 3.43565e-06 8.10645e-05 -0.0170366 0.0840973 8.21765e-05 -0.000490433 3.43565e-06 8.21765e-05 0.00925556 -0.0169675 8.10645e-05 -0.000490433 -0.0169675 0.0838277 
0.00928325 -0.0170612 7.85205e-07 7.97622e-05 -0.0170612 0.0842308 8.0161e-05 -0.000485375 7.85205e-07 8.0161e-05 0.00929563 -0.0170078 7.97622e-05 -0.000485375 -0.0170078 0.0840055 
0.00926843 -0.0170457 6.16382e-07 8.27913e-05 -0.0170457 0.08422 8.53714e-05 -0.000492736 6.16382e-07 8.53714e-05 0.00931622 -0.0170407 8.27913e-05 -0.000492736 -0.0170407 0.084083 
0.00925356 -0.0170172 -4.3776e-06 8.23276e-05 -0.0170172 0.0841382 8.72294e-05 -0.000499248 -4.3776e-06 8.72294e-05 0.00932179 -0.0170559 8.23276e-05 -0.000499248 -0.0170559 0.0841097 
0.00925312 -0.0169974 -8.29727e-06 8.70405e-05 -0.0169974 0.0840683 9.2544e-05 -0.000508807 -8.29727e-06 9.2544e-05 0.00931332 -0.0170609 8.70405e-05 -0.000508807 -0.0170609 0.0841224 
0.00927581 -0.0169981 -1.13697e-05 9.21992e-05 -0.0169981 0.0840502 9.54774e-05 -0.000518652 -1.13697e-05 9.54774e-05 0.00929143 -0.0170539 9.21992e-05 -0.000518652 -0.0170539 0.0841241 
0.0092519 -0.0169787 -9.38769e-06 9.75406e-05 -0.0169787 0.0838588 9.77146e-05 -0.000526587 -9.38769e-06 9.77146e-05 0.00927267 -0.01698 9.75406e-05 -0.000526587 -0.01698 0.0838494 
0.00923262 -0.0169833 -1.45465e-06 9.53442e-05 -0.0169833 0.0838876 9.52505e-05 -0.000527196 -1.45465e-06 9.52505e-05 0.00928979 -0.0169826 9.53442e-05 -0.000527196 -0.0169826 0.0838213 
0.00923828 -0.0169727 9.79116e-06 8.53753e-05 -0.0169727 0.0839192 8.82868e-05 -0.0005153 9.79116e-06 8.82868e-05 0.00930105 -0.0170157 8.53753e-05 -0.0005153 -0.0170157 0.0839047 
0.00925512 -0.0169643 5.0669e-06 7.07348e-05 -0.0169643 0.0838658 7.66393e-05 -0.000489673 5.0669e-06 7.66393e-05 0.00928933 -0.0170161 7.07348e-05 -0.000489673 -0.0170161 0.0838982 
0.00930038 -0.0170479 3.89123e-06 7.57357e-05 -0.0170479 0.0841785 8.38856e-05 -0.000488963 3.89123e-06 8.38856e-05 0.00930741 -0.0170576 7.57357e-05 -0.000488963 -0.0170576 0.0841488 
0.00928866 -0.0170698 8.60923e-06 7.93213e-05 -0.0170698 0.0842303 8.70663e-05 -0.000499857 8.60923e-06 8.70663e-05 0.00931314 -0.0170327 7.93213e-05 -0.000499857 -0.0170327 0.0840741 
0.00927088 -0.0170603 6.89458e-06 7.50897e-05 -0.0170603 0.0842524 8.14323e-05 -0.000498782 6.89458e-06 8.14323e-05 0.00931718 -0.0170406 7.50897e-05 -0.000498782 -0.0170406 0.0840587 
0.00924811 -0.0170158 1.1757e-05 7.87352e-05 -0.0170158 0.0841182 8.20509e-05 -0.000499559 1.1757e-05 8.20509e-05 0.00930914 -0.0170312 7.87352e-05 -0.000499559 -0.0170312 0.0839846 
0.00923581 -0.0169787 1.61638e-05 7.34579e-05 -0.0169787 0.0839723 7.54568e-05 -0.000492257 1.61638e-05 7.54568e-05 0.00929828 -0.017015 7.34579e-05 -0.000492257 -0.017015 0.0839045 
0.0092255 -0.016938 1.37396e-05 6.69101e-05 -0.016938 0.0837619 7.07411e-05 -0.000478084 1.37396e-05 7.07411e-05 0.00927857 -0.0169773 6.69101e-05 -0.000478084 -0.0169773 0.0837248 
0.00922567 -0.0169364 6.49369e-06 6.92086e-05 -0.0169364 0.0837067 7.17987e-05 -0.00047371 6.49369e-06 7.17987e-05 0.0092656 -0.0169683 6.92086e-05 -0.00047371 -0.0169683 0.0836721 
0.00925239 -0.0169842 1.76664e-05 8.01779e-05 -0.0169842 0.0839199 7.72465e-05 -0.000486146 1.76664e-05 7.72465e-05 0.00927234 -0.0170021 8.01779e-05 -0.000486146 -0.0170021 0.0838649 
0.00923821 -0.016938 1.79437e-05 6.51084e-05 -0.016938 0.0836794 6.14651e-05 -0.000464313 1.79437e-05 6.14651e-05 0.00923116 -0.0169338 6.51084e-05 -0.000464313 -0.0169338 0.0835861 
0.00924686 -0.0169542 1.73941e-05 6.02774e-05 -0.0169542 0.0837067 6.02307e-05 -0.000443163 1.73941e-05 6.02307e-05 0.00921852 -0.0169151 6.02774e-05 -0.000443163 -0.0169151 0.0835416 
0.00925256 -0.0169786 2.05173e-05 5.84691e-05 -0.0169786 0.0837912 6.09021e-05 -0.000433263 2.05173e-05 6.09021e-05 0.00922517 -0.0169039 5.84691e-05 -0.000433263 -0.0169039 0.083527 
0.00926241 -0.0169578 1.88347e-05 5.42017e-05 -0.0169578 0.0837 5.7489e-05 -0.000422545 1.88347e-05 5.7489e-05 0.00920109 -0.0168821 5.42017e-05 -0.000422545 -0.0168821 0.0833895 
