0.00618429 0 1.09598e-05 0 0 0.00875066 0 0 1.09598e-05 0 0.00613875 0 0 0 0 0.00875066 
0.00946796 -0.0117543 8.08006e-06 -8.49124e-06 -0.0117543 0.0311945 -8.49124e-06 1.64032e-05 8.08006e-06 -8.49124e-06 0.00936265 -0.0116188 -8.49124e-06 1.64032e-05 -0.0116188 0.0309345 
0.00975305 -0.0182527 -1.1039e-05 3.6741e-05 -0.0182527 0.067247 3.6741e-05 -0.000131432 -1.1039e-05 3.6741e-05 0.00963924 -0.0178686 3.6741e-05 -0.000131432 -0.0178686 0.0659651 
0.00922269 -0.0179763 -2.83133e-05 9.20263e-05 -0.0179763 0.0807706 9.24574e-05 -0.000446277 -2.83133e-05 9.24574e-05 0.00912332 -0.0174739 9.20263e-05 -0.000446277 -0.0174739 0.0782816 
0.0089296 -0.0168935 -2.65374e-05 0.000104775 -0.0168935 0.0818802 0.000103669 -0.00057408 -2.65374e-05 0.000103669 0.00888728 -0.0164764 0.000104775 -0.00057408 -0.0164764 0.0792348 
0.00866723 -0.016099 -1.84498e-05 8.29778e-05 -0.016099 0.0795167 8.11289e-05 -0.000492113 -1.84498e-05 8.11289e-05 0.00868532 -0.0158424 8.29778e-05 -0.000492113 -0.0158424 0.0775177 
0.00839004 -0.0154782 -2.87717e-06 5.95947e-05 -0.0154782 0.0766692 5.87462e-05 -0.000366721 -2.87717e-06 5.87462e-05 0.00843299 -0.015346 5.95947e-05 -0.000366721 -0.015346 0.0753517 
0.00813768 -0.0149727 -3.4876e-06 3.69663e-05 -0.0149727 0.0741443 3.66866e-05 -0.000265379 -3.4876e-06 3.66866e-05 0.0081731 -0.014884 3.69663e-05 -0.000265379 -0.014884 0.073225 
0.00955491 -0.0175696 -8.4667e-06 4.23092e-05 -0.0175696 0.0869148 4.37309e-05 -0.000263109 -8.4667e-06 4.37309e-05 0.00958426 -0.017451 4.23092e-05 -0.000263109 -0.017451 0.0859741 
0.00947317 -0.0173905 -1.20875e-05 4.88565e-05 -0.0173905 0.0859561 5.24934e-05 -0.000261186 -1.20875e-05 5.24934e-05 0.00946064 -0.0172519 4.88565e-05 -0.000261186 -0.0172519 0.0850211 
0.00945194 -0.0173348 -7.74235e-06 5.48692e-05 -0.0173348 0.085566 5.7985e-05 -0.000274993 -7.74235e-06 5.7985e-05 0.00938952 -0.0171424 5.48692e-05 -0.000274993 -0.0171424 0.0845375 
0.00943173 -0.017316 1.23489e-06 5.0262e-05 -0.017316 0.0853665 4.90654e-05 -0.00026986 1.23489e-06 4.90654e-05 0.0093623 -0.0170595 5.0262e-05 -0.00026986 -0.0170595 0.0841888 
0.00941241 -0.0173273 1.05973e-05 4.13151e-05 -0.0173273 0.0853978 3.61112e-05 -0.000248286 1.05973e-05 3.61112e-05 0.00937503 -0.0170573 4.13151e-05 -0.000248286 -0.0170573 0.0841266 
0.00941097 -0.0173221 1.30734e-05 3.01754e-05 -0.0173221 0.0854555 2.4849e-05 -0.000221871 1.30734e-05 2.4849e-05 0.00939638 -0.0170973 3.01754e-05 -0.000221871 -0.0170973 0.0842345 
0.00940773 -0.0173218 1.76079e-05 2.56875e-05 -0.0173218 0.0854764 2.24061e-05 -0.000204786 1.76079e-05 2.24061e-05 0.00941605 -0.0171281 2.56875e-05 -0.000204786 -0.0171281 0.0843442 
0.00939285 -0.0173012 5.25736e-06 2.28964e-05 -0.0173012 0.0853931 2.10632e-05 -0.000201168 5.25736e-06 2.10632e-05 0.00941743 -0.0171326 2.28964e-05 -0.000201168 -0.0171326 0.0843328 
0.00936844 -0.0172785 -7.46224e-06 3.95946e-05 -0.0172785 0.0852967 3.9417e-05 -0.000230555 -7.46224e-06 3.9417e-05 0.00941878 -0.0171242 3.95946e-05 -0.000230555 -0.0171242 0.0842787 
0.00937045 -0.0172907 -1.61656e-05 5.4235e-05 -0.0172907 0.0854096 5.69844e-05 -0.000273811 -1.61656e-05 5.69844e-05 0.00942847 -0.0171628 5.4235e-05 -0.000273811 -0.0171628 0.0844374 
0.00940141 -0.0173097 -1.27157e-05 6.14496e-05 -0.0173097 0.0855551 6.72246e-05 -0.000302024 -1.27157e-05 6.72246e-05 0.00942184 -0.0171974 6.14496e-05 -0.000302024 -0.0171974 0.0846316 
0.00941026 -0.0173046 -1.35439e-05 5.51518e-05 -0.0173046 0.0854775 6.03883e-05 -0.000297281 -1.35439e-05 6.03883e-05 0.00939137 -0.0171496 5.51518e-05 -0.000297281 -0.0171496 0.084514 
0.0094125 -0.0173265 -1.43606e-05 5.46412e-05 -0.0173265 0.0855195 5.92518e-05 -0.00028792 -1.43606e-05 5.92518e-05 0.00938812 -0.0171203 5.46412e-05 -0.00028792 -0.0171203 0.084444 
0.00939805 -0.0172939 -1.58087e-05 5.28698e-05 -0.0172939 0.0853703 5.78167e-05 -0.000277292 -1.58087e-05 5.78167e-05 0.0093729 -0.0170801 5.28698e-05 -0.000277292 -0.0170801 0.084234 
0.00938213 -0.0172738 -1.73997e-05 5.43179e-05 -0.0172738 0.0852605 5.71729e-05 -0.000270122 -1.73997e-05 5.71729e-05 0.00936732 -0.017061 5.43179e-05 -0.000270122 -0.017061 0.0841118 
0.00939659 -0.0172806 -1.7964e-05 5.42348e-05 -0.0172806 0.0853034 5.71564e-05 -0.000264822 -1.7964e-05 5.71564e-05 0.00936694 -0.017078 5.42348e-05 -0.000264822 -0.017078 0.0841645 
0.0093972 -0.0172766 -8.42199e-06 5.31708e-05 -0.0172766 0.085237 5.80619e-05 -0.000260795 -8.42199e-06 5.80619e-05 0.00934921 -0.0170525 5.31708e-05 -0.000260795 -0.0170525 0.084067 
0.00938223 -0.0172672 -2.06295e-06 3.81786e-05 -0.0172672 0.0851547 4.46754e-05 -0.000232859 -2.06295e-06 4.46754e-05 0.00933827 -0.0170183 3.81786e-05 -0.000232859 -0.0170183 0.0839237 
0.0093551 -0.0172575 9.13805e-07 2.7436e-05 -0.0172575 0.085123 3.449e-05 -0.000198156 9.13805e-07 3.449e-05 0.00935485 -0.0170081 2.7436e-05 -0.000198156 -0.0170081 0.083856 
0.0093616 -0.0172631 1.17845e-06 2.26743e-05 -0.0172631 0.0852461 3.06382e-05 -0.000175617 1.17845e-06 3.06382e-05 0.0093849 -0.0170698 2.26743e-05 -0.000175617 -0.0170698 0.0840559 
0.00934578 -0.017232 9.66752e-06 1.87212e-05 -0.017232 0.0851249 3.02391e-05 -0.000160585 9.66752e-06 3.02391e-05 0.00938319 -0.0170752 1.87212e-05 -0.000160585 -0.0170752 0.0840447 
0.00935505 -0.0172535 1.56668e-05 6.11845e-06 -0.0172535 0.0852465 2.02566e-05 -0.000136964 1.56668e-05 2.02566e-05 0.00939333 -0.0171164 6.11845e-06 -0.000136964 -0.0171164 0.0842418 
0.00936954 -0.0172886 1.62692e-05 -1.38946e-06 -0.0172886 0.0854467 1.01547e-05 -0.000108543 1.62692e-05 1.01547e-05 0.00941415 -0.0171566 -1.38946e-06 -0.000108543 -0.0171566 0.0844808 
0.00936376 -0.0172487 1.27967e-05 -7.5254e-07 -0.0172487 0.0852824 6.17495e-06 -9.22551e-05 1.27967e-05 6.17495e-06 0.00939649 -0.017121 -7.5254e-07 -9.22551e-05 -0.017121 0.0843351 
0.00939894 -0.0172602 1.2987e-05 4.08493e-06 -0.0172602 0.0852842 7.04729e-06 -8.96538e-05 1.2987e-05 7.04729e-06 0.00937033 -0.0171113 4.08493e-06 -8.96538e-05 -0.0171113 0.0843044 
0.00942093 -0.0173149 1.91882e-05 2.67396e-06 -0.0173149 0.0854052 5.80884e-06 -8.55858e-05 1.91882e-05 5.80884e-06 0.00936081 -0.0170836 2.67396e-06 -8.55858e-05 -0.0170836 0.0842684 
0.00943819 -0.0173816 3.07208e-05 -9.6751e-06 -0.0173816 0.0856873 -1.46491e-06 -6.44738e-05 3.07208e-05 -1.46491e-06 0.00939066 -0.0170981 -9.6751e-06 -6.44738e-05 -0.0170981 0.0843729 
0.00943461 -0.0173855 3.92739e-05 -2.67697e-05 -0.0173855 0.0857567 -1.49235e-05 -2.75155e-05 3.92739e-05 -1.49235e-05 0.00940695 -0.0171152 -2.67697e-05 -2.75155e-05 -0.0171152 0.0843887 
0.0094201 -0.0173604 4.55889e-05 -3.77521e-05 -0.0173604 0.085677 -2.65211e-05 8.17381e-06 4.55889e-05 -2.65211e-05 0.00940505 -0.0171185 -3.77521e-05 8.17381e-06 -0.0171185 0.0843483 
0.00943232 -0.0173579 2.94952e-05 -4.25006e-05 -0.0173579 0.0856925 -3.42258e-05 2.91704e-05 2.94952e-05 -3.42258e-05 0.00940401 -0.0171365 -4.25006e-05 2.91704e-05 -0.0171365 0.084421 
0.00939709 -0.017348 1.53052e-05 -1.69447e-05 -0.017348 0.0856016 -1.34627e-05 -2.86985e-06 1.53052e-05 -1.34627e-05 0.00942283 -0.0171112 -1.69447e-05 -2.86985e-06 -0.0171112 0.0843313 
0.00940388 -0.0173644 -2.269e-06 9.6517e-06 -0.0173644 0.0857906 4.61041e-06 -6.36546e-05 -2.269e-06 4.61041e-06 0.00945942 -0.017193 9.6517e-06 -6.36546e-05 -0.017193 0.0846099 
0.00938001 -0.0172961 -1.14019e-05 3.70541e-05 -0.0172961 0.0855198 2.46038e-05 -0.000129663 -1.14019e-05 2.46038e-05 0.00944117 -0.0171732 3.70541e-05 -0.000129663 -0.0171732 0.0844846 
0.00938828 -0.0172811 -1.34261e-05 5.09486e-05 -0.0172811 0.0854297 3.43445e-05 -0.000176904 -1.34261e-05 3.43445e-05 0.00940947 -0.0171682 5.09486e-05 -0.000176904 -0.0171682 0.0844718 
0.00935714 -0.017249 -1.17879e-05 5.18694e-05 -0.017249 0.0851994 3.55648e-05 -0.00019391 -1.17879e-05 3.55648e-05 0.00938016 -0.0170872 5.18694e-05 -0.00019391 -0.0170872 0.0841948 
0.00932781 -0.0171925 -7.76269e-06 4.52001e-05 -0.0171925 0.0849446 3.3839e-05 -0.00018913 -7.76269e-06 3.3839e-05 0.00934957 -0.0170272 4.52001e-05 -0.00018913 -0.0170272 0.083895 
0.00931995 -0.0171527 -3.45241e-06 3.73793e-05 -0.0171527 0.0847547 3.18801e-05 -0.000178382 -3.45241e-06 3.18801e-05 0.00930768 -0.0169908 3.73793e-05 -0.000178382 -0.0169908 0.083704 
0.00930833 -0.0171393 4.90711e-07 3.04136e-05 -0.0171393 0.0846327 2.68405e-05 -0.000163643 4.90711e-07 2.68405e-05 0.00928616 -0.0169389 3.04136e-05 -0.000163643 -0.0169389 0.083531 
0.00929353 -0.0170829 4.79179e-06 2.51984e-05 -0.0170829 0.0843461 2.08934e-05 -0.000146942 4.79179e-06 2.08934e-05 0.00924473 -0.0168704 2.51984e-05 -0.000146942 -0.0168704 0.0831998 
0.00929158 -0.0171165 -4.93728e-06 1.85458e-05 -0.0171165 0.0844359 1.4971e-05 -0.000129592 -4.93728e-06 1.4971e-05 0.00925129 -0.0168713 1.85458e-05 -0.000129592 -0.0168713 0.0832245 
0.00929758 -0.0171338 -3.03163e-07 2.85417e-05 -0.0171338 0.0845628 2.9026e-05 -0.000141139 -3.03163e-07 2.9026e-05 0.00926178 -0.0168953 2.85417e-05 -0.000141139 -0.0168953 0.0833287 
0.00928073 -0.0171392 9.25571e-06 2.35854e-05 -0.0171392 0.0846244 2.8097e-05 -0.000148786 9.25571e-06 2.8097e-05 0.00929025 -0.016914 2.35854e-05 -0.000148786 -0.016914 0.08342 
0.00924094 -0.0170555 1.24375e-05 1.18172e-05 -0.0170555 0.0843182 1.64291e-05 -0.000131411 1.24375e-05 1.64291e-05 0.00927829 -0.0168936 1.18172e-05 -0.000131411 -0.0168936 0.0832373 
0.00924112 -0.0170465 1.84204e-05 1.05694e-05 -0.0170465 0.0843114 9.67219e-06 -0.000116935 1.84204e-05 9.67219e-06 0.00928772 -0.0169317 1.05694e-05 -0.000116935 -0.0169317 0.083382 
0.00924505 -0.0170156 1.48589e-05 7.65943e-06 -0.0170156 0.0841669 5.26907e-07 -0.00010533 1.48589e-05 5.26907e-07 0.00926929 -0.0169217 7.65943e-06 -0.00010533 -0.0169217 0.0833463 
0.00926663 -0.0170531 1.60997e-05 1.21506e-05 -0.0170531 0.0842772 3.59699e-06 -0.000105354 1.60997e-05 3.59699e-06 0.00927022 -0.0169333 1.21506e-05 -0.000105354 -0.0169333 0.0834584 
0.00926814 -0.0170821 1.53182e-05 8.92699e-06 -0.0170821 0.0843795 3.91222e-06 -0.000105557 1.53182e-05 3.91222e-06 0.00927741 -0.0169319 8.92699e-06 -0.000105557 -0.0169319 0.0835016 
0.0092506 -0.0170724 2.91719e-06 7.70561e-06 -0.0170724 0.0843625 5.44596e-06 -0.000103787 2.91719e-06 5.44596e-06 0.00928335 -0.0169193 7.70561e-06 -0.000103787 -0.0169193 0.0834407 
0.00924347 -0.0170623 -6.07329e-06 2.0521e-05 -0.0170623 0.0843768 2.15518e-05 -0.000124249 -6.07329e-06 2.15518e-05 0.00929058 -0.016937 2.0521e-05 -0.000124249 -0.016937 0.0834813 
0.00922324 -0.0170217 1.36837e-06 3.16342e-05 -0.0170217 0.0842204 3.78317e-05 -0.000160358 1.36837e-06 3.78317e-05 0.00928132 -0.0169211 3.16342e-05 -0.000160358 -0.0169211 0.0833891 
0.00922938 -0.017008 1.92151e-05 2.57682e-05 -0.017008 0.0841749 2.94131e-05 -0.000167603 1.92151e-05 2.94131e-05 0.00927408 -0.0169271 2.57682e-05 -0.000167603 -0.0169271 0.0834086 
0.009226 -0.0169801 2.20945e-05 1.01728e-05 -0.0169801 0.0839898 7.21909e-06 -0.000140816 2.20945e-05 7.21909e-06 0.00924807 -0.0168823 1.01728e-05 -0.000140816 -0.0168823 0.0832258 
0.00926559 -0.0170266 2.2037e-05 8.88702e-06 -0.0170266 0.0841446 3.9481e-07 -0.0001216 2.2037e-05 3.9481e-07 0.00924804 -0.0168955 8.88702e-06 -0.0001216 -0.0168955 0.0833166 
0.00931422 -0.0171218 1.11878e-05 1.0847e-05 -0.0171218 0.0845112 1.31596e-06 -0.0001215 1.11878e-05 1.31596e-06 0.00926249 -0.0169343 1.0847e-05 -0.0001215 -0.0169343 0.0835543 
0.00936113 -0.0172176 -2.49742e-06 2.44954e-05 -0.0172176 0.0849452 1.64284e-05 -0.000147436 -2.49742e-06 1.64284e-05 0.00928597 -0.016985 2.44954e-05 -0.000147436 -0.016985 0.0838561 
0.00937068 -0.0172563 3.23163e-06 3.97654e-05 -0.0172563 0.0851359 3.50389e-05 -0.000187905 3.23163e-06 3.50389e-05 0.00929973 -0.0169934 3.97654e-05 -0.000187905 -0.0169934 0.0839442 
0.00936024 -0.0172638 3.10334e-06 3.32676e-05 -0.0172638 0.0852122 3.01181e-05 -0.000198561 3.10334e-06 3.01181e-05 0.00933172 -0.0169998 3.32676e-05 -0.000198561 -0.0169998 0.083974 
0.00935213 -0.0172628 -4.25946e-06 3.33357e-05 -0.0172628 0.0852846 2.95062e-05 -0.000197674 -4.25946e-06 2.95062e-05 0.00937452 -0.0170492 3.33357e-05 -0.000197674 -0.0170492 0.0841062 
0.00936291 -0.0172457 -6.57092e-06 4.65406e-05 -0.0172457 0.0852688 4.20968e-05 -0.000222112 -6.57092e-06 4.20968e-05 0.00938155 -0.0170969 4.65406e-05 -0.000222112 -0.0170969 0.0842267 
0.00933693 -0.0171891 -2.04511e-06 5.13045e-05 -0.0171891 0.0849432 4.72358e-05 -0.000246326 -2.04511e-06 4.72358e-05 0.00935411 -0.0170409 5.13045e-05 -0.000246326 -0.0170409 0.0839704 
0.00933311 -0.0171691 8.44762e-06 4.56193e-05 -0.0171691 0.0848085 4.36997e-05 -0.000250384 8.44762e-06 4.36997e-05 0.00933114 -0.0170171 4.56193e-05 -0.000250384 -0.0170171 0.0838402 
0.00933062 -0.0171586 8.12424e-06 3.03801e-05 -0.0171586 0.0847064 2.95363e-05 -0.00022515 8.12424e-06 2.95363e-05 0.00929936 -0.0169813 3.03801e-05 -0.00022515 -0.0169813 0.0836962 
0.00932847 -0.0171734 1.35996e-05 2.85562e-05 -0.0171734 0.0847415 2.59831e-05 -0.000204522 1.35996e-05 2.59831e-05 0.00928923 -0.0169609 2.85562e-05 -0.000204522 -0.0169609 0.0836555 
0.00934854 -0.0171917 2.16905e-06 2.32799e-05 -0.0171917 0.0848538 1.91441e-05 -0.000190087 2.16905e-06 1.91441e-05 0.00928242 -0.0169685 2.32799e-05 -0.000190087 -0.0169685 0.0837161 
0.00934883 -0.0171897 -5.44261e-06 3.52977e-05 -0.0171897 0.084801 3.32376e-05 -0.000202686 -5.44261e-06 3.32376e-05 0.00926101 -0.0169284 3.52977e-05 -0.000202686 -0.0169284 0.0835847 
0.00934187 -0.0172187 8.74958e-07 4.17205e-05 -0.0172187 0.0849184 4.52168e-05 -0.000225457 8.74958e-07 4.52168e-05 0.00928273 -0.0169264 4.17205e-05 -0.000225457 -0.0169264 0.0836085 
0.00931884 -0.0171871 1.86329e-08 3.17946e-05 -0.0171871 0.0848387 3.95825e-05 -0.000222826 1.86329e-08 3.95825e-05 0.00929446 -0.0169267 3.17946e-05 -0.000222826 -0.0169267 0.0835375 
0.00930855 -0.0171626 4.86962e-06 3.00018e-05 -0.0171626 0.0847825 3.80397e-05 -0.000210406 4.86962e-06 3.80397e-05 0.00931039 -0.016953 3.00018e-05 -0.000210406 -0.016953 0.0835846 
0.00930213 -0.0171623 3.17008e-06 2.19013e-05 -0.0171623 0.084803 2.96177e-05 -0.000189276 3.17008e-06 2.96177e-05 0.00932209 -0.0169894 2.19013e-05 -0.000189276 -0.0169894 0.0837161 
0.00927398 -0.0171143 -1.4181e-06 2.41654e-05 -0.0171143 0.0846088 2.89024e-05 -0.000178172 -1.4181e-06 2.89024e-05 0.00930869 -0.0169672 2.41654e-05 -0.000178172 -0.0169672 0.0836109 
0.00926143 -0.0170681 -5.61706e-06 3.15173e-05 -0.0170681 0.0844191 3.19912e-05 -0.000181387 -5.61706e-06 3.19912e-05 0.00928785 -0.0169448 3.15173e-05 -0.000181387 -0.0169448 0.0835006 
0.00929162 -0.0170897 -1.39083e-05 3.75395e-05 -0.0170897 0.0844985 3.68288e-05 -0.000192637 -1.39083e-05 3.68288e-05 0.00927968 -0.0169603 3.75395e-05 -0.000192637 -0.0169603 0.0836068 
0.0093196 -0.0171316 -2.21397e-05 4.87802e-05 -0.0171316 0.08462 4.85857e-05 -0.000217171 -2.21397e-05 4.85857e-05 0.00926542 -0.0169547 4.87802e-05 -0.000217171 -0.0169547 0.0836613 
0.00931283 -0.0171358 -2.15286e-05 6.09601e-05 -0.0171358 0.0845822 5.81893e-05 -0.000246344 -2.15286e-05 5.81893e-05 0.0092414 -0.0169057 6.09601e-05 -0.000246344 -0.0169057 0.0835049 
0.00929728 -0.0171248 -4.38185e-06 6.13975e-05 -0.0171248 0.0845319 5.70583e-05 -0.000258678 -4.38185e-06 5.70583e-05 0.00923027 -0.0168679 6.13975e-05 -0.000258678 -0.0168679 0.0833567 
0.00926329 -0.0170694 -8.7184e-07 3.9452e-05 -0.0170694 0.0842999 3.50395e-05 -0.000226441 -8.7184e-07 3.50395e-05 0.00921041 -0.0168216 3.9452e-05 -0.000226441 -0.0168216 0.0831087 
0.00921852 -0.0170048 1.40442e-06 3.47099e-05 -0.0170048 0.0840166 2.93133e-05 -0.000199147 1.40442e-06 2.93133e-05 0.00919262 -0.0167783 3.47099e-05 -0.000199147 -0.0167783 0.0828651 
0.00916875 -0.0169276 -2.39801e-06 3.21754e-05 -0.0169276 0.0836936 2.74974e-05 -0.00018749 -2.39801e-06 2.74974e-05 0.00918726 -0.0167378 3.21754e-05 -0.00018749 -0.0167378 0.0826248 
0.00917274 -0.0169205 4.11438e-08 3.64508e-05 -0.0169205 0.0837188 3.3788e-05 -0.000194629 4.11438e-08 3.3788e-05 0.00920064 -0.0167883 3.64508e-05 -0.000194629 -0.0167883 0.0827796 
0.00915884 -0.016881 6.60818e-06 3.54842e-05 -0.016881 0.0835254 3.32071e-05 -0.000199846 6.60818e-06 3.32071e-05 0.009179 -0.0167673 3.54842e-05 -0.000199846 -0.0167673 0.0826826 
0.00914066 -0.0168367 1.82426e-05 2.76254e-05 -0.0168367 0.0832811 2.5809e-05 -0.000190641 1.82426e-05 2.5809e-05 0.00914913 -0.0167169 2.76254e-05 -0.000190641 -0.0167169 0.0824684 
0.00915104 -0.016887 2.44438e-05 1.44618e-05 -0.016887 0.0834938 1.03605e-05 -0.000165448 2.44438e-05 1.03605e-05 0.00917128 -0.0167514 1.44618e-05 -0.000165448 -0.0167514 0.0826612 
0.00915749 -0.0169013 2.37393e-05 5.7194e-06 -0.0169013 0.0836245 2.76292e-07 -0.000136867 2.37393e-05 2.76292e-07 0.00917939 -0.0167857 5.7194e-06 -0.000136867 -0.0167857 0.0828198 
0.00912697 -0.0168444 1.96369e-05 4.90014e-06 -0.0168444 0.0833879 1.47464e-07 -0.000122263 1.96369e-05 1.47464e-07 0.00916598 -0.0167416 4.90014e-06 -0.000122263 -0.0167416 0.0826377 
0.00912021 -0.0168084 1.13424e-05 6.11787e-06 -0.0168084 0.0832411 5.54835e-06 -0.000120577 1.13424e-05 5.54835e-06 0.00914996 -0.016734 6.11787e-06 -0.000120577 -0.016734 0.0825697 
0.00910802 -0.0168059 1.15899e-06 1.25918e-05 -0.0168059 0.0831928 1.64299e-05 -0.000132456 1.15899e-06 1.64299e-05 0.00914746 -0.0167221 1.25918e-05 -0.000132456 -0.0167221 0.0825467 
0.00909045 -0.0167479 -9.03548e-06 2.35145e-05 -0.0167479 0.0829391 2.88342e-05 -0.000153551 -9.03548e-06 2.88342e-05 0.009105 -0.0166759 2.35145e-05 -0.000153551 -0.0166759 0.0823175 
0.00908257 -0.0167018 -8.86543e-06 3.6034e-05 -0.0167018 0.0826725 4.12023e-05 -0.000180356 -8.86543e-06 4.12023e-05 0.00905362 -0.0166042 3.6034e-05 -0.000180356 -0.0166042 0.0820338 
0.00908105 -0.0166952 4.1685e-07 3.52264e-05 -0.0166952 0.0825498 3.99375e-05 -0.000188167 4.1685e-07 3.99375e-05 0.00902204 -0.0165426 3.52264e-05 -0.000188167 -0.0165426 0.0818111 
0.0090613 -0.0166918 9.17469e-06 2.19921e-05 -0.0166918 0.0824743 2.56587e-05 -0.000164975 9.17469e-06 2.56587e-05 0.00901845 -0.0164946 2.19921e-05 -0.000164975 -0.0164946 0.0816096 
0.00903575 -0.0166742 -1.44436e-06 1.19818e-05 -0.0166742 0.0824201 1.56023e-05 -0.000136508 -1.44436e-06 1.56023e-05 0.00902555 -0.0164904 1.19818e-05 -0.000136508 -0.0164904 0.081518 
0.00901972 -0.0166277 -4.86391e-06 2.38626e-05 -0.0166277 0.0822633 2.87531e-05 -0.000143185 -4.86391e-06 2.87531e-05 0.009009 -0.0164863 2.38626e-05 -0.000143185 -0.0164863 0.0814252 
0.00901994 -0.0166174 -2.38732e-06 3.04501e-05 -0.0166174 0.0822091 3.28088e-05 -0.000161382 -2.38732e-06 3.28088e-05 0.00899832 -0.0164812 3.04501e-05 -0.000161382 -0.0164812 0.081419 
0.0090165 -0.0166356 -6.28325e-06 3.20332e-05 -0.0166356 0.082275 2.72031e-05 -0.000166179 -6.28325e-06 2.72031e-05 0.00900946 -0.0164852 3.20332e-05 -0.000166179 -0.0164852 0.0814749 
0.00903459 -0.0166485 -3.80714e-07 3.87587e-05 -0.0166485 0.0823878 3.09343e-05 -0.000175387 -3.80714e-07 3.09343e-05 0.00902258 -0.0165193 3.87587e-05 -0.000175387 -0.0165193 0.0816167 
0.00904504 -0.0166786 -2.99546e-06 3.32457e-05 -0.0166786 0.082514 2.81299e-05 -0.000178381 -2.99546e-06 2.81299e-05 0.00904151 -0.0165471 3.32457e-05 -0.000178381 -0.0165471 0.0817642 
0.00906825 -0.0167386 1.90042e-06 3.6359e-05 -0.0167386 0.0828261 3.18578e-05 -0.000184159 1.90042e-06 3.18578e-05 0.00908283 -0.0166147 3.6359e-05 -0.000184159 -0.0166147 0.0820878 
0.00908296 -0.0167667 -1.81404e-06 3.36713e-05 -0.0167667 0.083015 2.69314e-05 -0.000186381 -1.81404e-06 2.69314e-05 0.00910906 -0.0166669 3.36713e-05 -0.000186381 -0.0166669 0.0823245 
0.00908758 -0.0167338 5.3532e-06 3.86885e-05 -0.0167338 0.0828901 3.25084e-05 -0.000194749 5.3532e-06 3.25084e-05 0.00908756 -0.016656 3.86885e-05 -0.000194749 -0.016656 0.0822675 
0.00907346 -0.0167415 3.72974e-06 2.9341e-05 -0.0167415 0.0828557 2.56521e-05 -0.000188491 3.72974e-06 2.56521e-05 0.00909621 -0.0166316 2.9341e-05 -0.000188491 -0.0166316 0.082214 
0.00904187 -0.0166761 -6.56265e-06 2.87907e-05 -0.0166761 0.0825794 2.65517e-05 -0.000182413 -6.56265e-06 2.65517e-05 0.00908141 -0.0165917 2.87907e-05 -0.000182413 -0.0165917 0.0819563 
0.00906216 -0.0167038 -1.87792e-05 4.40672e-05 -0.0167038 0.0827192 4.22856e-05 -0.000208135 -1.87792e-05 4.22856e-05 0.00909902 -0.0166422 4.40672e-05 -0.000208135 -0.0166422 0.0821496 
0.00908516 -0.016768 -1.77386e-05 6.42667e-05 -0.016768 0.0830113 6.16061e-05 -0.000259071 -1.77386e-05 6.16061e-05 0.00913393 -0.0167008 6.42667e-05 -0.000259071 -0.0167008 0.0824517 
0.0091148 -0.0168186 -1.94909e-05 6.47715e-05 -0.0168186 0.0833001 5.95163e-05 -0.000282496 -1.94909e-05 5.95163e-05 0.00916594 -0.0167628 6.47715e-05 -0.000282496 -0.0167628 0.082753 
0.00915406 -0.0168611 -1.04888e-05 6.4601e-05 -0.0168611 0.08352 5.94879e-05 -0.000285376 -1.04888e-05 5.94879e-05 0.00918072 -0.0168074 6.4601e-05 -0.000285376 -0.0168074 0.0829835 
0.00917412 -0.016872 7.07449e-06 4.97311e-05 -0.016872 0.0835143 4.81817e-05 -0.000263793 7.07449e-06 4.81817e-05 0.00916471 -0.0167861 4.97311e-05 -0.000263793 -0.0167861 0.0829277 
0.00917268 -0.0168886 2.84298e-05 2.76196e-05 -0.0168886 0.0835102 2.88132e-05 -0.000221065 2.84298e-05 2.88132e-05 0.00916694 -0.016755 2.76196e-05 -0.000221065 -0.016755 0.082817 
0.00917433 -0.0169154 3.50763e-05 2.23215e-06 -0.0169154 0.0836366 3.48386e-06 -0.000163996 3.50763e-05 3.48386e-06 0.00918663 -0.0167779 2.23215e-06 -0.000163996 -0.0167779 0.082877 
0.00917275 -0.0169046 1.8173e-05 -5.45853e-06 -0.0169046 0.0836271 -5.02961e-06 -0.000128626 1.8173e-05 -5.02961e-06 0.00918864 -0.0167904 -5.45853e-06 -0.000128626 -0.0167904 0.0828858 
0.00914421 -0.0168384 -1.35657e-06 1.60808e-05 -0.0168384 0.083301 1.66106e-05 -0.000152052 -1.35657e-06 1.66106e-05 0.00915853 -0.0167312 1.60808e-05 -0.000152052 -0.0167312 0.0825867 
0.00914393 -0.0168481 -1.41241e-05 3.89329e-05 -0.0168481 0.083317 4.16711e-05 -0.000205364 -1.41241e-05 4.16711e-05 0.00916512 -0.016739 3.89329e-05 -0.000205364 -0.016739 0.0826082 
0.00915786 -0.0168853 -1.70995e-05 5.41788e-05 -0.0168853 0.0835009 5.82344e-05 -0.00025384 -1.70995e-05 5.82344e-05 0.00918342 -0.0167793 5.41788e-05 -0.00025384 -0.0167793 0.0827895 
0.00916944 -0.0169071 -1.8699e-05 5.72923e-05 -0.0169071 0.0836342 6.22141e-05 -0.000277075 -1.8699e-05 6.22141e-05 0.00919479 -0.0168054 5.72923e-05 -0.000277075 -0.0168054 0.0829246 
0.00915417 -0.0168585 -1.77641e-05 6.11757e-05 -0.0168585 0.0834058 6.45972e-05 -0.000288751 -1.77641e-05 6.45972e-05 0.00916316 -0.0167554 6.11757e-05 -0.000288751 -0.0167554 0.0826939 
0.00916365 -0.0168759 -1.53269e-05 6.15449e-05 -0.0168759 0.0834484 6.07074e-05 -0.000289401 -1.53269e-05 6.07074e-05 0.00915366 -0.0167487 6.15449e-05 -0.000289401 -0.0167487 0.0826908 
0.00917938 -0.0168982 -1.08175e-05 5.91191e-05 -0.0168982 0.0835407 5.7654e-05 -0.000285519 -1.08175e-05 5.7654e-05 0.00915166 -0.0167478 5.91191e-05 -0.000285519 -0.0167478 0.0827225 
0.00918174 -0.0169247 -2.37164e-05 5.07248e-05 -0.0169247 0.0836488 5.20871e-05 -0.000270813 -2.37164e-05 5.20871e-05 0.00918142 -0.0167537 5.07248e-05 -0.000270813 -0.0167537 0.0827754 
0.00920631 -0.0169584 -2.11953e-05 6.45658e-05 -0.0169584 0.0838573 6.64902e-05 -0.000283203 -2.11953e-05 6.64902e-05 0.00922096 -0.0168227 6.45658e-05 -0.000283203 -0.0168227 0.0830157 
0.00924677 -0.0170458 -5.74134e-06 6.48501e-05 -0.0170458 0.0842775 6.50449e-05 -0.000295096 -5.74134e-06 6.50449e-05 0.00927975 -0.0169306 6.48501e-05 -0.000295096 -0.0169306 0.0834946 
0.00927225 -0.0170871 8.67407e-06 4.48842e-05 -0.0170871 0.0845042 4.62616e-05 -0.000266659 8.67407e-06 4.62616e-05 0.00931201 -0.0169919 4.48842e-05 -0.000266659 -0.0169919 0.083772 
0.00928356 -0.0170802 2.03721e-05 2.37275e-05 -0.0170802 0.0844611 2.69646e-05 -0.000217165 2.03721e-05 2.69646e-05 0.00930355 -0.016987 2.37275e-05 -0.000217165 -0.016987 0.083745 
0.00928944 -0.0171189 1.77002e-05 8.59531e-06 -0.0171189 0.0845835 1.49063e-05 -0.000176137 1.77002e-05 1.49063e-05 0.00931988 -0.0169949 8.59531e-06 -0.000176137 -0.0169949 0.0838116 
0.00926106 -0.0170665 1.25618e-05 1.12943e-05 -0.0170665 0.0843518 1.94766e-05 -0.000166358 1.25618e-05 1.94766e-05 0.00929101 -0.016949 1.12943e-05 -0.000166358 -0.016949 0.0835519 
0.00924628 -0.0170341 7.7518e-06 1.98695e-05 -0.0170341 0.084202 2.60827e-05 -0.00017881 7.7518e-06 2.60827e-05 0.00927114 -0.016918 1.98695e-05 -0.00017881 -0.016918 0.0833995 
0.00926521 -0.0170551 -3.31115e-07 2.74969e-05 -0.0170551 0.0842957 3.14696e-05 -0.000196542 -3.31115e-07 3.14696e-05 0.00926658 -0.0169303 2.74969e-05 -0.000196542 -0.0169303 0.0834734 
0.00928051 -0.0170745 3.13338e-06 3.96865e-05 -0.0170745 0.0843549 4.21302e-05 -0.000223438 3.13338e-06 4.21302e-05 0.00925528 -0.0169184 3.96865e-05 -0.000223438 -0.0169184 0.0834682 
0.00926934 -0.0170599 -5.75523e-06 4.06958e-05 -0.0170599 0.0842421 3.85935e-05 -0.00023688 -5.75523e-06 3.85935e-05 0.00922784 -0.0168668 4.06958e-05 -0.00023688 -0.0168668 0.0832624 
0.00928831 -0.0170823 -1.38091e-05 5.17644e-05 -0.0170823 0.0843454 4.6533e-05 -0.000254344 -1.38091e-05 4.6533e-05 0.0092174 -0.0168682 5.17644e-05 -0.000254344 -0.0168682 0.0832913 
0.00926622 -0.0170736 -1.08038e-05 6.06692e-05 -0.0170736 0.0842666 5.61839e-05 -0.000276502 -1.08038e-05 5.61839e-05 0.00921288 -0.0168223 6.06692e-05 -0.000276502 -0.0168223 0.0831281 
0.0092521 -0.0170609 -9.52579e-06 5.5427e-05 -0.0170609 0.0842605 5.24522e-05 -0.000277519 -9.52579e-06 5.24522e-05 0.00922021 -0.0168309 5.5427e-05 -0.000277519 -0.0168309 0.0831157 
0.00926786 -0.0170868 -1.22913e-05 4.97438e-05 -0.0170868 0.0844442 4.97951e-05 -0.000265103 -1.22913e-05 4.97951e-05 0.00924354 -0.0168863 4.97438e-05 -0.000265103 -0.0168863 0.0833562 
0.00926078 -0.0170553 -1.57986e-05 5.028e-05 -0.0170553 0.0843155 5.51415e-05 -0.000261778 -1.57986e-05 5.51415e-05 0.00922901 -0.0168703 5.028e-05 -0.000261778 -0.0168703 0.0832873 
0.00923551 -0.0170158 -1.21393e-05 5.19998e-05 -0.0170158 0.0840978 6.04629e-05 -0.000266111 -1.21393e-05 6.04629e-05 0.00921379 -0.0168235 5.19998e-05 -0.000266111 -0.0168235 0.0830841 
0.00920764 -0.0169711 -3.94842e-06 4.42239e-05 -0.0169711 0.0838802 5.45417e-05 -0.000254818 -3.94842e-06 5.45417e-05 0.00919919 -0.0167859 4.42239e-05 -0.000254818 -0.0167859 0.0828704 
0.00920877 -0.0169815 2.77442e-07 3.33934e-05 -0.0169815 0.0839424 4.34468e-05 -0.000229476 2.77442e-07 4.34468e-05 0.00921025 -0.0168104 3.33934e-05 -0.000229476 -0.0168104 0.082955 
0.00919394 -0.0169676 1.02673e-06 2.69655e-05 -0.0169676 0.0838985 3.46575e-05 -0.000202262 1.02673e-06 3.46575e-05 0.00921784 -0.0168113 2.69655e-05 -0.000202262 -0.0168113 0.0829468 
0.00920024 -0.0169609 2.78901e-06 2.42901e-05 -0.0169609 0.0839114 2.97812e-05 -0.000181618 2.78901e-06 2.97812e-05 0.00921837 -0.0168356 2.42901e-05 -0.000181618 -0.0168356 0.0830257 
0.00921865 -0.0169877 1.8758e-06 2.11624e-05 -0.0169877 0.0840275 2.43395e-05 -0.000163972 1.8758e-06 2.43395e-05 0.00922644 -0.0168594 2.11624e-05 -0.000163972 -0.0168594 0.0831743 
0.00922853 -0.0170165 -1.35498e-08 2.33977e-05 -0.0170165 0.0841525 2.322e-05 -0.000156223 -1.35498e-08 2.322e-05 0.00923788 -0.0168761 2.33977e-05 -0.000156223 -0.0168761 0.0832889 
0.00923419 -0.0170307 3.70433e-06 2.91915e-05 -0.0170307 0.0842387 2.61033e-05 -0.000162212 3.70433e-06 2.61033e-05 0.00924127 -0.0168891 2.91915e-05 -0.000162212 -0.0168891 0.0833629 
0.00923509 -0.0169908 5.13728e-06 2.7139e-05 -0.0169908 0.0840637 2.17747e-05 -0.000161899 5.13728e-06 2.17747e-05 0.00920749 -0.0168509 2.7139e-05 -0.000161899 -0.0168509 0.0831952 
0.00924432 -0.0170128 1.19365e-05 2.82706e-05 -0.0170128 0.0840952 1.99391e-05 -0.000162011 1.19365e-05 1.99391e-05 0.00920868 -0.0168343 2.82706e-05 -0.000162011 -0.0168343 0.0831761 
