0.00773044 0 -6.21665e-07 0 0 0.0110175 0 0 -6.21665e-07 0 0.00778914 0 0 0 0 0.0110175 
0.00942168 -0.0116928 -1.36599e-05 1.87073e-05 -0.0116928 0.0311264 1.87073e-05 -3.62621e-05 -1.36599e-05 1.87073e-05 0.00952095 -0.0118189 1.87073e-05 -3.62621e-05 -0.0118189 0.0313684 
0.00968279 -0.0179526 -1.68977e-05 9.66898e-05 -0.0179526 0.0662651 9.66898e-05 -0.0003291 -1.68977e-05 9.66898e-05 0.00976681 -0.0182648 9.66898e-05 -0.0003291 -0.0182648 0.0673017 
0.00915959 -0.0175182 -2.53539e-05 0.000147546 -0.0175182 0.0784786 0.000150241 -0.000780182 -2.53539e-05 0.000150241 0.00918263 -0.0179061 0.000147546 -0.000780182 -0.0179061 0.0804298 
0.00887143 -0.016435 -3.0672e-05 0.000133294 -0.016435 0.0789708 0.000140704 -0.00088354 -3.0672e-05 0.000140704 0.00884108 -0.0167003 0.000133294 -0.00088354 -0.0167003 0.0809569 
0.00863599 -0.0157354 -1.2819e-05 0.000105974 -0.0157354 0.0769075 0.000115067 -0.000722709 -1.2819e-05 0.000115067 0.00855417 -0.0158592 0.000105974 -0.000722709 -0.0158592 0.078315 
0.00839711 -0.0153092 -6.76704e-06 7.10593e-05 -0.0153092 0.0750515 7.57238e-05 -0.00052717 -6.76704e-06 7.57238e-05 0.00833411 -0.0153315 7.10593e-05 -0.00052717 -0.0153315 0.0758987 
0.00817061 -0.0148994 -9.05808e-06 6.02409e-05 -0.0148994 0.0732593 5.65009e-05 -0.00039593 -9.05808e-06 5.65009e-05 0.00812101 -0.0149315 6.02409e-05 -0.00039593 -0.0149315 0.0738483 
0.0111991 -0.0204439 -9.22196e-06 9.30612e-05 -0.0204439 0.100686 7.69849e-05 -0.000485037 -9.22196e-06 7.69849e-05 0.011179 -0.0205188 9.30612e-05 -0.000485037 -0.0205188 0.101441 
0.0110544 -0.0201792 -2.66147e-06 9.33724e-05 -0.0201792 0.0995032 7.62171e-05 -0.000469694 -2.66147e-06 7.62171e-05 0.011072 -0.020325 9.33724e-05 -0.000469694 -0.020325 0.100366 
0.0109689 -0.0199849 1.45583e-05 8.3827e-05 -0.0199849 0.0985925 7.1908e-05 -0.000456063 1.45583e-05 7.1908e-05 0.0109761 -0.0201893 8.3827e-05 -0.000456063 -0.0201893 0.0996212 
0.010908 -0.0198825 2.44054e-05 6.08701e-05 -0.0198825 0.0980201 5.45559e-05 -0.000421456 2.44054e-05 5.45559e-05 0.0109076 -0.0200778 6.08701e-05 -0.000421456 -0.0200778 0.0991111 
0.0108851 -0.0197922 1.97263e-05 4.57443e-05 -0.0197922 0.0975507 4.33525e-05 -0.000383491 1.97263e-05 4.33525e-05 0.01083 -0.0199672 4.57443e-05 -0.000383491 -0.0199672 0.098608 
0.0109039 -0.0198272 3.15167e-05 4.92045e-05 -0.0198272 0.0975857 4.86963e-05 -0.000374925 3.15167e-05 4.86963e-05 0.0108033 -0.0199264 4.92045e-05 -0.000374925 -0.0199264 0.0984982 
0.0109068 -0.0198855 2.18296e-05 3.64743e-05 -0.0198855 0.0977971 3.4881e-05 -0.0003554 2.18296e-05 3.4881e-05 0.0108105 -0.0199182 3.64743e-05 -0.0003554 -0.0199182 0.098519 
0.0109184 -0.0199075 2.4896e-05 4.62101e-05 -0.0199075 0.0979728 4.53088e-05 -0.00035676 2.4896e-05 4.53088e-05 0.0108194 -0.0199368 4.62101e-05 -0.00035676 -0.0199368 0.0985995 
0.0109458 -0.019962 2.70597e-05 4.20446e-05 -0.019962 0.0982647 4.44138e-05 -0.000359056 2.70597e-05 4.44138e-05 0.0108418 -0.0199875 4.20446e-05 -0.000359056 -0.0199875 0.0988578 
0.0109529 -0.0199773 2.58169e-05 3.44538e-05 -0.0199773 0.0983592 3.86942e-05 -0.000341237 2.58169e-05 3.86942e-05 0.0108569 -0.0199929 3.44538e-05 -0.000341237 -0.0199929 0.0989159 
0.0109258 -0.0199365 1.96455e-05 3.49492e-05 -0.0199365 0.0981768 3.59784e-05 -0.000326022 1.96455e-05 3.59784e-05 0.010856 -0.0199631 3.49492e-05 -0.000326022 -0.0199631 0.0987333 
0.0109056 -0.0199405 3.35945e-06 4.44257e-05 -0.0199405 0.0982318 4.40388e-05 -0.00033498 3.35945e-06 4.40388e-05 0.0108919 -0.0200058 4.44257e-05 -0.00033498 -0.0200058 0.0988599 
0.0108858 -0.019892 -1.57907e-05 6.50899e-05 -0.019892 0.0981102 6.26829e-05 -0.000369619 -1.57907e-05 6.26829e-05 0.0108998 -0.0200368 6.50899e-05 -0.000369619 -0.0200368 0.0989108 
0.0108729 -0.0198443 -3.79346e-05 9.13035e-05 -0.0198443 0.0979089 8.74506e-05 -0.000428053 -3.79346e-05 8.74506e-05 0.0108755 -0.0200296 9.13035e-05 -0.000428053 -0.0200296 0.0988583 
0.0108643 -0.019844 -4.80354e-05 0.000119744 -0.019844 0.0978737 0.000117188 -0.00050099 -4.80354e-05 0.000117188 0.0108772 -0.0200147 0.000119744 -0.00050099 -0.0200147 0.0988585 
0.0108476 -0.0198516 -4.81586e-05 0.000132641 -0.0198516 0.0979323 0.000133905 -0.000558772 -4.81586e-05 0.000133905 0.0109081 -0.0200297 0.000132641 -0.000558772 -0.0200297 0.0989261 
0.0108513 -0.0198039 -4.92957e-05 0.000131376 -0.0198039 0.0977987 0.000137929 -0.000583662 -4.92957e-05 0.000137929 0.0108912 -0.0200432 0.000131376 -0.000583662 -0.0200432 0.0988923 
0.0108411 -0.0197774 -3.17052e-05 0.000130329 -0.0197774 0.0975917 0.00014136 -0.000592419 -3.17052e-05 0.00014136 0.0108661 -0.0199944 0.000130329 -0.000592419 -0.0199944 0.098708 
0.0108193 -0.01976 -6.38296e-06 0.000112146 -0.01976 0.0974476 0.000120746 -0.000568614 -6.38296e-06 0.000120746 0.0108562 -0.0199489 0.000112146 -0.000568614 -0.0199489 0.0985032 
0.0108162 -0.0197523 4.46445e-07 7.98541e-05 -0.0197523 0.097428 8.40033e-05 -0.000499173 4.46445e-07 8.40033e-05 0.0108493 -0.019953 7.98541e-05 -0.000499173 -0.019953 0.09847 
0.0108411 -0.0198041 7.23936e-06 6.7705e-05 -0.0198041 0.0976798 6.64679e-05 -0.000436563 7.23936e-06 6.64679e-05 0.0108675 -0.0200012 6.7705e-05 -0.000436563 -0.0200012 0.0987216 
0.010869 -0.0198536 1.75517e-05 5.89353e-05 -0.0198536 0.097942 5.14971e-05 -0.000390967 1.75517e-05 5.14971e-05 0.010883 -0.0200478 5.89353e-05 -0.000390967 -0.0200478 0.0989841 
0.0108735 -0.0199155 2.34004e-05 4.64202e-05 -0.0199155 0.0982606 3.71634e-05 -0.000350752 2.34004e-05 3.71634e-05 0.0109339 -0.0201023 4.64202e-05 -0.000350752 -0.0201023 0.099301 
0.0108646 -0.0198814 9.00224e-06 3.96534e-05 -0.0198814 0.0982316 3.11782e-05 -0.000323831 9.00224e-06 3.11782e-05 0.0109464 -0.02013 3.96534e-05 -0.000323831 -0.02013 0.0993732 
0.0108408 -0.0198343 -1.20763e-05 5.62308e-05 -0.0198343 0.0980282 4.96615e-05 -0.000339138 -1.20763e-05 4.96615e-05 0.0109479 -0.0201144 5.62308e-05 -0.000339138 -0.0201144 0.0992827 
0.0108534 -0.0198089 -2.07962e-05 8.10787e-05 -0.0198089 0.097924 7.86089e-05 -0.000392701 -2.07962e-05 7.86089e-05 0.0109381 -0.0201249 8.10787e-05 -0.000392701 -0.0201249 0.0992819 
0.0108904 -0.0198422 -1.47376e-05 9.14751e-05 -0.0198422 0.0979908 9.32379e-05 -0.000438641 -1.47376e-05 9.32379e-05 0.0109294 -0.0201301 9.14751e-05 -0.000438641 -0.0201301 0.0993484 
0.010926 -0.0198849 -8.05459e-06 8.34661e-05 -0.0198849 0.0980812 8.43288e-05 -0.000440033 -8.05459e-06 8.43288e-05 0.0109139 -0.0201146 8.34661e-05 -0.000440033 -0.0201146 0.0993338 
0.0109581 -0.0199451 5.71849e-06 7.57522e-05 -0.0199451 0.0982581 7.27261e-05 -0.000418873 5.71849e-06 7.27261e-05 0.0109088 -0.0201009 7.57522e-05 -0.000418873 -0.0201009 0.099334 
0.0109433 -0.0199573 1.00487e-05 6.01806e-05 -0.0199573 0.098254 5.743e-05 -0.000386224 1.00487e-05 5.743e-05 0.010909 -0.0200601 6.01806e-05 -0.000386224 -0.0200601 0.0991606 
0.0109238 -0.019922 8.08195e-06 5.49221e-05 -0.019922 0.0981287 5.63662e-05 -0.000370106 8.08195e-06 5.63662e-05 0.010888 -0.0200417 5.49221e-05 -0.000370106 -0.0200417 0.0989936 
0.0109055 -0.0199004 -6.40218e-06 5.75746e-05 -0.0199004 0.0980333 6.27344e-05 -0.000376818 -6.40218e-06 6.27344e-05 0.010872 -0.0200179 5.75746e-05 -0.000376818 -0.0200179 0.098891 
0.0108834 -0.0198857 -3.1095e-06 7.38552e-05 -0.0198857 0.0979949 7.74502e-05 -0.000403627 -3.1095e-06 7.74502e-05 0.0108751 -0.0200076 7.38552e-05 -0.000403627 -0.0200076 0.0988561 
0.0108773 -0.0198852 2.0144e-05 7.1094e-05 -0.0198852 0.0980645 7.20774e-05 -0.000412287 2.0144e-05 7.20774e-05 0.0108858 -0.0200359 7.1094e-05 -0.000412287 -0.0200359 0.0989709 
0.0108813 -0.0198753 2.67224e-05 4.00658e-05 -0.0198753 0.0980759 4.10544e-05 -0.000361483 2.67224e-05 4.10544e-05 0.0108841 -0.0200476 4.00658e-05 -0.000361483 -0.0200476 0.0990414 
0.0108571 -0.0198211 1.77105e-05 2.6843e-05 -0.0198211 0.0978022 3.18837e-05 -0.000311451 1.77105e-05 3.18837e-05 0.0108501 -0.0199855 2.6843e-05 -0.000311451 -0.0199855 0.0987755 
0.0108479 -0.0197958 1.05745e-05 3.45601e-05 -0.0197958 0.0976563 4.45909e-05 -0.000308957 1.05745e-05 4.45909e-05 0.0108247 -0.0199432 3.45601e-05 -0.000308957 -0.0199432 0.0985903 
0.0108293 -0.0197368 -2.53843e-06 4.40193e-05 -0.0197368 0.0973308 5.52976e-05 -0.000327936 -2.53843e-06 5.52976e-05 0.0107812 -0.0198588 4.40193e-05 -0.000327936 -0.0198588 0.0981972 
0.0108033 -0.0197172 5.74225e-06 6.39967e-05 -0.0197172 0.0971591 7.14358e-05 -0.000368158 5.74225e-06 7.14358e-05 0.0107682 -0.0198057 6.39967e-05 -0.000368158 -0.0198057 0.0979374 
0.010795 -0.0197073 1.29884e-05 5.86387e-05 -0.0197073 0.0971261 6.42747e-05 -0.00038152 1.29884e-05 6.42747e-05 0.0107662 -0.0198063 5.86387e-05 -0.00038152 -0.0198063 0.0978741 
0.0107853 -0.019698 9.49664e-06 5.03404e-05 -0.019698 0.0970852 5.37382e-05 -0.000367883 9.49664e-06 5.37382e-05 0.0107568 -0.0197998 5.03404e-05 -0.000367883 -0.0197998 0.0978267 
0.0107905 -0.0197413 1.59894e-06 5.64587e-05 -0.0197413 0.0973101 5.59709e-05 -0.00036915 1.59894e-06 5.59709e-05 0.0107833 -0.0198379 5.64587e-05 -0.00036915 -0.0198379 0.0980322 
0.0108047 -0.0197391 -1.2529e-05 7.06349e-05 -0.0197391 0.0973761 6.68284e-05 -0.000394843 -1.2529e-05 6.68284e-05 0.0107759 -0.0198548 7.06349e-05 -0.000394843 -0.0198548 0.0981032 
0.0108156 -0.0197286 -1.39587e-05 9.02345e-05 -0.0197286 0.097302 8.26507e-05 -0.000435926 -1.39587e-05 8.26507e-05 0.0107474 -0.0198228 9.02345e-05 -0.000435926 -0.0198228 0.0980076 
0.0108306 -0.0197664 -1.21178e-05 9.17719e-05 -0.0197664 0.0974097 8.56356e-05 -0.000459027 -1.21178e-05 8.56356e-05 0.0107503 -0.0198071 9.17719e-05 -0.000459027 -0.0198071 0.0980112 
0.0108246 -0.0197822 -1.72792e-05 8.52267e-05 -0.0197822 0.0974762 8.64043e-05 -0.000460002 -1.72792e-05 8.64043e-05 0.0107605 -0.0198052 8.52267e-05 -0.000460002 -0.0198052 0.0979958 
0.0108175 -0.0197807 -1.03364e-05 8.43803e-05 -0.0197807 0.0975251 9.09186e-05 -0.000456205 -1.03364e-05 9.09186e-05 0.0107682 -0.0198274 8.43803e-05 -0.000456205 -0.0198274 0.0980593 
0.0107695 -0.0197014 -1.34324e-07 7.46561e-05 -0.0197014 0.0971872 8.18906e-05 -0.000438505 -1.34324e-07 8.18906e-05 0.010744 -0.0197698 7.46561e-05 -0.000438505 -0.0197698 0.0977724 
0.0107429 -0.019649 -4.8701e-06 6.07577e-05 -0.019649 0.0969724 6.6962e-05 -0.000404135 -4.8701e-06 6.6962e-05 0.0107231 -0.0197451 6.07577e-05 -0.000404135 -0.0197451 0.0976212 
0.0107065 -0.0195978 -7.22202e-06 6.78899e-05 -0.0195978 0.0967369 6.87745e-05 -0.000393564 -7.22202e-06 6.87745e-05 0.0107081 -0.0197019 6.78899e-05 -0.000393564 -0.0197019 0.0974242 
0.0106822 -0.0195577 -1.44197e-05 7.39425e-05 -0.0195577 0.0965862 7.0994e-05 -0.000399667 -1.44197e-05 7.0994e-05 0.0106974 -0.0196886 7.39425e-05 -0.000399667 -0.0196886 0.0973275 
0.0106645 -0.0195262 -1.50174e-05 8.23667e-05 -0.0195262 0.0964639 7.97324e-05 -0.000414174 -1.50174e-05 7.97324e-05 0.0106878 -0.0196748 8.23667e-05 -0.000414174 -0.0196748 0.0972593 
0.0106725 -0.0195283 -1.07558e-05 8.13401e-05 -0.0195283 0.0964975 8.11076e-05 -0.000421357 -1.07558e-05 8.11076e-05 0.0106824 -0.0196885 8.13401e-05 -0.000421357 -0.0196885 0.0973333 
0.0106823 -0.0195264 -3.41551e-06 7.49811e-05 -0.0195264 0.0964704 7.74829e-05 -0.000414847 -3.41551e-06 7.74829e-05 0.010666 -0.0196679 7.49811e-05 -0.000414847 -0.0196679 0.0972879 
0.0106727 -0.0195321 8.04635e-06 6.62792e-05 -0.0195321 0.096437 6.83061e-05 -0.000396558 8.04635e-06 6.83061e-05 0.010668 -0.0196295 6.62792e-05 -0.000396558 -0.0196295 0.0971566 
0.0106668 -0.0195412 1.55858e-05 5.29586e-05 -0.0195412 0.0965049 5.4996e-05 -0.00036991 1.55858e-05 5.4996e-05 0.0106881 -0.0196484 5.29586e-05 -0.00036991 -0.0196484 0.0971839 
0.0106637 -0.0195249 1.19275e-05 4.50235e-05 -0.0195249 0.0964807 4.76373e-05 -0.000348584 1.19275e-05 4.76373e-05 0.0107007 -0.0196718 4.50235e-05 -0.000348584 -0.0196718 0.0972212 
0.0106972 -0.0195482 1.04622e-05 5.24089e-05 -0.0195482 0.0966001 5.65606e-05 -0.000358581 1.04622e-05 5.65606e-05 0.0107001 -0.0197231 5.24089e-05 -0.000358581 -0.0197231 0.0974309 
0.0107205 -0.0195931 1.80127e-05 5.5502e-05 -0.0195931 0.0967372 6.19718e-05 -0.000376741 1.80127e-05 6.19718e-05 0.0106932 -0.0197266 5.5502e-05 -0.000376741 -0.0197266 0.0975419 
0.0107153 -0.0195658 2.06762e-05 4.28573e-05 -0.0195658 0.0965688 5.48351e-05 -0.000368062 2.06762e-05 5.48351e-05 0.0106525 -0.0196559 4.28573e-05 -0.000368062 -0.0196559 0.0972734 
0.010684 -0.0195734 2.26859e-05 3.77344e-05 -0.0195734 0.0965443 5.16079e-05 -0.00035518 2.26859e-05 5.16079e-05 0.0106621 -0.0196138 3.77344e-05 -0.00035518 -0.0196138 0.0971199 
0.0106348 -0.0195143 2.30738e-05 3.35434e-05 -0.0195143 0.0963651 4.49069e-05 -0.000338387 2.30738e-05 4.49069e-05 0.0106565 -0.0195971 3.35434e-05 -0.000338387 -0.0195971 0.0969381 
0.0106267 -0.019472 1.23489e-05 3.39397e-05 -0.019472 0.0962696 4.13946e-05 -0.000327255 1.23489e-05 4.13946e-05 0.0106543 -0.0196065 3.39397e-05 -0.000327255 -0.0196065 0.0969351 
0.0106217 -0.0194303 -1.08524e-07 4.83041e-05 -0.0194303 0.0960585 5.40599e-05 -0.000344208 -1.08524e-07 5.40599e-05 0.0106309 -0.0195727 4.83041e-05 -0.000344208 -0.0195727 0.0967764 
0.0106391 -0.0194063 -5.74663e-07 6.72801e-05 -0.0194063 0.0958681 7.07091e-05 -0.000385049 -5.74663e-07 7.07091e-05 0.0105842 -0.0195233 6.72801e-05 -0.000385049 -0.0195233 0.0965522 
0.0106598 -0.0194919 1.1004e-05 7.12218e-05 -0.0194919 0.0961226 7.11437e-05 -0.000409883 1.1004e-05 7.11437e-05 0.0106068 -0.0195232 7.12218e-05 -0.000409883 -0.0195232 0.0966425 
0.0106694 -0.0195547 1.09744e-05 5.87526e-05 -0.0195547 0.0964495 5.58058e-05 -0.000396109 1.09744e-05 5.58058e-05 0.0106546 -0.019577 5.87526e-05 -0.000396109 -0.019577 0.0968593 
0.0106607 -0.0195511 8.20471e-06 5.82588e-05 -0.0195511 0.0965339 5.34553e-05 -0.000382226 8.20471e-06 5.34553e-05 0.0106737 -0.0196231 5.82588e-05 -0.000382226 -0.0196231 0.0969902 
0.0106665 -0.0195309 -4.46148e-06 6.26019e-05 -0.0195309 0.0965187 5.79276e-05 -0.000386859 -4.46148e-06 5.79276e-05 0.0106761 -0.0196519 6.26019e-05 -0.000386859 -0.0196519 0.0971013 
0.0106806 -0.0195386 -5.66574e-06 7.85398e-05 -0.0195386 0.0965339 7.48716e-05 -0.000417067 -5.66574e-06 7.48716e-05 0.0106712 -0.0196637 7.85398e-05 -0.000417067 -0.0196637 0.0971917 
0.0107068 -0.0195836 5.17668e-06 8.07188e-05 -0.0195836 0.0967071 7.50601e-05 -0.000433721 5.17668e-06 7.50601e-05 0.010685 -0.019681 8.07188e-05 -0.000433721 -0.019681 0.0973421 
0.0106887 -0.0195697 2.31565e-05 6.58305e-05 -0.0195697 0.096616 5.70814e-05 -0.000407926 2.31565e-05 5.70814e-05 0.0106793 -0.0196512 6.58305e-05 -0.000407926 -0.0196512 0.0972087 
0.0106664 -0.0195617 2.57233e-05 4.1967e-05 -0.0195617 0.0966087 3.34355e-05 -0.000352884 2.57233e-05 3.34355e-05 0.010697 -0.019659 4.1967e-05 -0.000352884 -0.019659 0.0972116 
0.0106429 -0.0194914 -1.9299e-06 3.6213e-05 -0.0194914 0.0963547 2.82951e-05 -0.000316114 -1.9299e-06 2.82951e-05 0.010675 -0.0196428 3.6213e-05 -0.000316114 -0.0196428 0.0970582 
0.0106597 -0.0195215 -1.38789e-05 6.87505e-05 -0.0195215 0.0964934 6.24936e-05 -0.000354956 -1.38789e-05 6.24936e-05 0.0106956 -0.0196851 6.87505e-05 -0.000354956 -0.0196851 0.0972808 
0.0106662 -0.0195119 -7.10031e-06 8.60745e-05 -0.0195119 0.096445 8.17984e-05 -0.000410771 -7.10031e-06 8.17984e-05 0.0106834 -0.0196806 8.60745e-05 -0.000410771 -0.0196806 0.0972715 
0.0106563 -0.0194599 4.47498e-06 7.53981e-05 -0.0194599 0.0961393 7.39146e-05 -0.000415787 4.47498e-06 7.39146e-05 0.0106355 -0.0196027 7.53981e-05 -0.000415787 -0.0196027 0.0969361 
0.0106769 -0.0194935 4.44755e-06 5.79392e-05 -0.0194935 0.0962031 5.60721e-05 -0.000380789 4.44755e-06 5.60721e-05 0.0106204 -0.0195871 5.79392e-05 -0.000380789 -0.0195871 0.0969045 
0.0106989 -0.0195402 1.08594e-05 5.61084e-05 -0.0195402 0.096369 5.13751e-05 -0.000353916 1.08594e-05 5.13751e-05 0.010614 -0.0195851 5.61084e-05 -0.000353916 -0.0195851 0.0969463 
0.0107027 -0.0195763 2.64597e-05 4.76292e-05 -0.0195763 0.0965326 4.22355e-05 -0.000330167 2.64597e-05 4.22355e-05 0.0106265 -0.0195914 4.76292e-05 -0.000330167 -0.0195914 0.0970179 
0.0106963 -0.0195478 2.73339e-05 2.88708e-05 -0.0195478 0.0964453 2.21128e-05 -0.000288905 2.73339e-05 2.21128e-05 0.010606 -0.0195729 2.88708e-05 -0.000288905 -0.0195729 0.0969138 
0.0106767 -0.0195223 2.18639e-05 2.54491e-05 -0.0195223 0.0963106 1.79669e-05 -0.000258623 2.18639e-05 1.79669e-05 0.0105903 -0.0195373 2.54491e-05 -0.000258623 -0.0195373 0.0967757 
0.0106179 -0.0194886 3.71574e-06 2.9597e-05 -0.0194886 0.0961593 2.5018e-05 -0.000256459 3.71574e-06 2.5018e-05 0.0106096 -0.0195018 2.9597e-05 -0.000256459 -0.0195018 0.0966106 
0.0106138 -0.0194526 -2.75813e-06 4.94157e-05 -0.0194526 0.0961532 4.71693e-05 -0.000287041 -2.75813e-06 4.71693e-05 0.0106294 -0.0195579 4.94157e-05 -0.000287041 -0.0195579 0.0967355 
0.010595 -0.0194222 7.93907e-06 5.77115e-05 -0.0194222 0.0960284 5.62609e-05 -0.000317065 7.93907e-06 5.62609e-05 0.0106449 -0.0195711 5.77115e-05 -0.000317065 -0.0195711 0.0967681 
0.0105957 -0.0194097 7.91644e-06 4.523e-05 -0.0194097 0.0959985 3.99216e-05 -0.000302845 7.91644e-06 3.99216e-05 0.0106565 -0.0196033 4.523e-05 -0.000302845 -0.0196033 0.0968678 
0.010609 -0.0194358 7.14945e-07 4.32082e-05 -0.0194358 0.096121 3.48877e-05 -0.000282071 7.14945e-07 3.48877e-05 0.0106718 -0.0196506 4.32082e-05 -0.000282071 -0.0196506 0.0970881 
0.0106289 -0.0194435 -6.24793e-06 5.34177e-05 -0.0194435 0.0961644 4.46176e-05 -0.000290875 -6.24793e-06 4.46176e-05 0.0106697 -0.0196628 5.34177e-05 -0.000290875 -0.0196628 0.0971772 
0.0106176 -0.0194009 -7.48446e-06 6.37637e-05 -0.0194009 0.0958952 5.53351e-05 -0.000315007 -7.48446e-06 5.53351e-05 0.0106315 -0.0195929 6.37637e-05 -0.000315007 -0.0195929 0.0968803 
0.0106418 -0.0193969 -1.05908e-05 6.61561e-05 -0.0193969 0.0958013 5.89084e-05 -0.000331375 -1.05908e-05 5.89084e-05 0.0105896 -0.0195574 6.61561e-05 -0.000331375 -0.0195574 0.0967222 
0.0106627 -0.0194792 -1.87972e-05 6.90844e-05 -0.0194792 0.0960547 6.31541e-05 -0.000342926 -1.87972e-05 6.31541e-05 0.0106035 -0.0195553 6.90844e-05 -0.000342926 -0.0195553 0.096816 
0.0106688 -0.0195171 -2.45463e-05 7.76587e-05 -0.0195171 0.0962611 7.56375e-05 -0.000363546 -2.45463e-05 7.56375e-05 0.010631 -0.0195761 7.76587e-05 -0.000363546 -0.0195761 0.0969091 
0.0106603 -0.0195277 -1.72438e-05 8.22063e-05 -0.0195277 0.0963688 8.30997e-05 -0.000381528 -1.72438e-05 8.30997e-05 0.0106656 -0.0196094 8.22063e-05 -0.000381528 -0.0196094 0.0970118 
0.0106632 -0.0195431 -1.22212e-05 7.35481e-05 -0.0195431 0.0965288 7.31812e-05 -0.000374094 -1.22212e-05 7.31812e-05 0.0107121 -0.0196815 7.35481e-05 -0.000374094 -0.0196815 0.097272 
0.0106722 -0.019559 -1.01786e-05 6.80953e-05 -0.019559 0.0966805 6.20957e-05 -0.000352954 -1.01786e-05 6.20957e-05 0.0107498 -0.0197635 6.80953e-05 -0.000352954 -0.0197635 0.097591 
0.0106976 -0.019545 -7.31762e-06 6.63122e-05 -0.019545 0.0966539 5.53475e-05 -0.000334467 -7.31762e-06 5.53475e-05 0.0107328 -0.0197932 6.63122e-05 -0.000334467 -0.0197932 0.0977161 
0.0106985 -0.0195194 -9.67708e-06 6.331e-05 -0.0195194 0.0964242 4.97776e-05 -0.000318428 -9.67708e-06 4.97776e-05 0.0106926 -0.0197228 6.331e-05 -0.000318428 -0.0197228 0.0974875 
0.010701 -0.0195586 -9.56214e-06 6.57357e-05 -0.0195586 0.096513 5.31838e-05 -0.000315539 -9.56214e-06 5.31838e-05 0.0107016 -0.0197091 6.57357e-05 -0.000315539 -0.0197091 0.0974785 
0.0107354 -0.0196165 9.20114e-07 6.60809e-05 -0.0196165 0.0968266 5.81784e-05 -0.00032302 9.20114e-07 5.81784e-05 0.0107289 -0.0197757 6.60809e-05 -0.00032302 -0.0197757 0.0977649 
0.0107697 -0.0196668 2.52023e-06 4.9621e-05 -0.0196668 0.0970701 4.88806e-05 -0.000306932 2.52023e-06 4.88806e-05 0.0107509 -0.0198186 4.9621e-05 -0.000306932 -0.0198186 0.0980021 
0.0107984 -0.0197354 1.10919e-05 4.46518e-05 -0.0197354 0.097378 4.83782e-05 -0.00029266 1.10919e-05 4.83782e-05 0.0107815 -0.0198692 4.46518e-05 -0.00029266 -0.0198692 0.0982752 
0.0107902 -0.0197328 1.79903e-05 3.24287e-05 -0.0197328 0.097384 3.89103e-05 -0.000271302 1.79903e-05 3.89103e-05 0.0107943 -0.0198622 3.24287e-05 -0.000271302 -0.0198622 0.0982488 
0.0108062 -0.0197323 1.49729e-05 2.47814e-05 -0.0197323 0.0974191 3.14758e-05 -0.000250494 1.49729e-05 3.14758e-05 0.0108088 -0.0198872 2.47814e-05 -0.000250494 -0.0198872 0.0983102 
0.0108113 -0.0197347 1.70782e-05 2.94245e-05 -0.0197347 0.0973842 3.49282e-05 -0.00024947 1.70782e-05 3.49282e-05 0.0108184 -0.0198932 2.94245e-05 -0.00024947 -0.0198932 0.0983045 
0.010819 -0.0197488 1.39646e-05 3.20604e-05 -0.0197488 0.0974229 3.74351e-05 -0.000263941 1.39646e-05 3.74351e-05 0.0108256 -0.0199212 3.20604e-05 -0.000263941 -0.0199212 0.0983849 
0.0108205 -0.019786 1.45678e-05 4.03105e-05 -0.019786 0.0975944 4.6331e-05 -0.000289623 1.45678e-05 4.6331e-05 0.0108537 -0.0199655 4.03105e-05 -0.000289623 -0.0199655 0.0985962 
0.010831 -0.0197785 1.54706e-05 4.1178e-05 -0.0197785 0.0976317 4.9408e-05 -0.00030984 1.54706e-05 4.9408e-05 0.0108683 -0.0199961 4.1178e-05 -0.00030984 -0.0199961 0.0987173 
0.0108327 -0.0197835 1.84907e-05 4.07566e-05 -0.0197835 0.097632 4.97959e-05 -0.000319556 1.84907e-05 4.97959e-05 0.0108752 -0.0200108 4.07566e-05 -0.000319556 -0.0200108 0.0987821 
0.010835 -0.0197714 1.30533e-05 3.75046e-05 -0.0197714 0.0975707 4.68799e-05 -0.000320301 1.30533e-05 4.68799e-05 0.0108589 -0.0200057 3.75046e-05 -0.000320301 -0.0200057 0.0987553 
0.0108108 -0.0197397 5.86682e-06 4.40772e-05 -0.0197397 0.0973773 5.32568e-05 -0.000330116 5.86682e-06 5.32568e-05 0.0108344 -0.0199513 4.40772e-05 -0.000330116 -0.0199513 0.0985408 
0.0107982 -0.0197028 -5.15148e-06 5.33435e-05 -0.0197028 0.0971989 6.02699e-05 -0.000347946 -5.15148e-06 6.02699e-05 0.0108039 -0.0199044 5.33435e-05 -0.000347946 -0.0199044 0.0983194 
0.0107789 -0.0197108 -1.44109e-05 6.62213e-05 -0.0197108 0.0972056 7.00897e-05 -0.000370908 -1.44109e-05 7.00897e-05 0.0108135 -0.019889 6.62213e-05 -0.000370908 -0.019889 0.0982723 
0.0108261 -0.0197714 -9.03978e-06 7.84562e-05 -0.0197714 0.0975811 8.10581e-05 -0.000399032 -9.03978e-06 8.10581e-05 0.0108428 -0.0199779 7.84562e-05 -0.000399032 -0.0199779 0.0986585 
0.0108774 -0.0198477 -3.69829e-06 7.37918e-05 -0.0198477 0.0979341 7.64608e-05 -0.000406276 -3.69829e-06 7.64608e-05 0.0108645 -0.0200338 7.37918e-05 -0.000406276 -0.0200338 0.0989943 
0.01088 -0.0198548 4.33459e-06 6.71843e-05 -0.0198548 0.0979245 7.06771e-05 -0.000397092 4.33459e-06 7.06771e-05 0.0108559 -0.0200023 6.71843e-05 -0.000397092 -0.0200023 0.098903 
0.0108804 -0.0198298 6.69822e-06 5.80394e-05 -0.0198298 0.0977879 5.95069e-05 -0.000376223 6.69822e-06 5.95069e-05 0.0108245 -0.0199582 5.80394e-05 -0.000376223 -0.0199582 0.0986882 
0.0108899 -0.0198629 -5.80515e-07 5.8115e-05 -0.0198629 0.0978773 5.55024e-05 -0.000364853 -5.80515e-07 5.55024e-05 0.0108302 -0.0199468 5.8115e-05 -0.000364853 -0.0199468 0.0986749 
0.0108824 -0.0198195 -7.98017e-06 6.89959e-05 -0.0198195 0.0976672 6.31826e-05 -0.000376309 -7.98017e-06 6.31826e-05 0.0108016 -0.0199016 6.89959e-05 -0.000376309 -0.0199016 0.0984165 
0.0108701 -0.0198223 4.7063e-06 7.79333e-05 -0.0198223 0.0976125 7.05925e-05 -0.00039605 4.7063e-06 7.05925e-05 0.0108016 -0.0198832 7.79333e-05 -0.00039605 -0.0198832 0.0983242 
0.0108585 -0.0198333 1.34207e-05 6.03568e-05 -0.0198333 0.0976874 5.43438e-05 -0.000377157 1.34207e-05 5.43438e-05 0.0108228 -0.0199103 6.03568e-05 -0.000377157 -0.0199103 0.098408 
0.0108282 -0.0198112 1.56606e-06 4.50487e-05 -0.0198112 0.0976565 4.00717e-05 -0.000335791 1.56606e-06 4.00717e-05 0.0108453 -0.0199308 4.50487e-05 -0.000335791 -0.0199308 0.0984565 
0.0108098 -0.0197849 1.94874e-06 5.86539e-05 -0.0197849 0.0976386 5.41505e-05 -0.000338792 1.94874e-06 5.41505e-05 0.0108602 -0.0199719 5.86539e-05 -0.000338792 -0.0199719 0.0985864 
0.0107932 -0.0197294 1.17681e-05 5.94393e-05 -0.0197294 0.0974356 5.95417e-05 -0.000354334 1.17681e-05 5.95417e-05 0.010836 -0.0199573 5.94393e-05 -0.000354334 -0.0199573 0.0985134 
0.01076 -0.019667 2.54607e-05 4.81769e-05 -0.019667 0.0971146 5.10797e-05 -0.000345676 2.54607e-05 5.10797e-05 0.0108015 -0.0198869 4.81769e-05 -0.000345676 -0.0198869 0.0982272 
0.0107404 -0.0196212 3.13899e-05 3.13834e-05 -0.0196212 0.0968848 3.40927e-05 -0.000314323 3.13899e-05 3.40927e-05 0.0107745 -0.0198372 3.13834e-05 -0.000314323 -0.0198372 0.0979927 
0.0107505 -0.0196116 2.83144e-05 2.16671e-05 -0.0196116 0.0968108 2.22451e-05 -0.000278607 2.83144e-05 2.22451e-05 0.0107392 -0.0198165 2.16671e-05 -0.000278607 -0.0198165 0.0978982 
0.0107613 -0.0196266 2.88306e-05 2.46349e-05 -0.0196266 0.0968072 2.42938e-05 -0.000267336 2.88306e-05 2.42938e-05 0.0107105 -0.0197734 2.46349e-05 -0.000267336 -0.0197734 0.0977891 
0.0107603 -0.0196606 3.00567e-05 2.2434e-05 -0.0196606 0.0969253 2.67621e-05 -0.00026512 3.00567e-05 2.67621e-05 0.0107075 -0.0197515 2.2434e-05 -0.00026512 -0.0197515 0.0977574 
0.010725 -0.0196325 1.37136e-05 2.02569e-05 -0.0196325 0.0968277 3.20263e-05 -0.000269729 1.37136e-05 3.20263e-05 0.0107105 -0.0197064 2.02569e-05 -0.000269729 -0.0197064 0.0975526 
0.0106898 -0.0195796 -7.55014e-06 3.83448e-05 -0.0195796 0.096661 5.17662e-05 -0.000301026 -7.55014e-06 5.17662e-05 0.0107205 -0.0196941 3.83448e-05 -0.000301026 -0.0196941 0.0973985 
0.0106779 -0.0195687 -1.50635e-05 6.65057e-05 -0.0195687 0.0966756 7.60209e-05 -0.000359219 -1.50635e-05 7.60209e-05 0.0107512 -0.0197416 6.65057e-05 -0.000359219 -0.0197416 0.0975201 
0.0106582 -0.0195098 -3.66016e-07 7.5255e-05 -0.0195098 0.0964449 8.10716e-05 -0.000392178 -3.66016e-07 8.10716e-05 0.0107416 -0.0197377 7.5255e-05 -0.000392178 -0.0197377 0.0974262 
0.010644 -0.0194454 9.44365e-06 5.69234e-05 -0.0194454 0.0961072 5.98739e-05 -0.000368054 9.44365e-06 5.98739e-05 0.0107009 -0.0196879 5.69234e-05 -0.000368054 -0.0196879 0.0971681 
0.0106714 -0.0195243 1.62562e-05 4.54476e-05 -0.0195243 0.0964027 4.44251e-05 -0.000330352 1.62562e-05 4.44251e-05 0.0107373 -0.0197366 4.54476e-05 -0.000330352 -0.0197366 0.0974451 
0.0107053 -0.0195464 7.01277e-06 4.33703e-05 -0.0195464 0.0965348 3.4298e-05 -0.000308458 7.01277e-06 3.4298e-05 0.0107402 -0.0197725 4.33703e-05 -0.000308458 -0.0197725 0.097584 
0.0107546 -0.0196232 1.50698e-05 6.19389e-05 -0.0196232 0.0968375 4.58451e-05 -0.000329537 1.50698e-05 4.58451e-05 0.0107505 -0.0198224 6.19389e-05 -0.000329537 -0.0198224 0.0978705 
0.0107667 -0.0196599 2.57994e-05 5.40918e-05 -0.0196599 0.0969462 3.84459e-05 -0.000335403 2.57994e-05 3.84459e-05 0.0107454 -0.0198062 5.40918e-05 -0.000335403 -0.0198062 0.0978822 
0.0107558 -0.0196706 2.54453e-05 3.53505e-05 -0.0196706 0.0969958 2.82932e-05 -0.000309788 2.54453e-05 2.82932e-05 0.0107488 -0.0197932 3.53505e-05 -0.000309788 -0.0197932 0.0978477 
0.0107579 -0.0196926 1.7079e-05 2.93635e-05 -0.0196926 0.0971644 3.49422e-05 -0.00029772 1.7079e-05 3.49422e-05 0.0107804 -0.0198271 2.93635e-05 -0.00029772 -0.0198271 0.0979987 
0.0107617 -0.0196861 -4.64958e-06 3.79253e-05 -0.0196861 0.0971987 5.3742e-05 -0.000320423 -4.64958e-06 5.3742e-05 0.0107919 -0.0198551 3.79253e-05 -0.000320423 -0.0198551 0.0980834 
0.0107676 -0.0196845 -1.63016e-05 6.73933e-05 -0.0196845 0.0971954 8.80494e-05 -0.000390316 -1.63016e-05 8.80494e-05 0.0107913 -0.0198628 6.73933e-05 -0.000390316 -0.0198628 0.0981173 
0.0107769 -0.0196733 -1.54939e-05 8.60743e-05 -0.0196733 0.0971189 0.000103656 -0.000454614 -1.54939e-05 0.000103656 0.0107798 -0.0198427 8.60743e-05 -0.000454614 -0.0198427 0.0980372 
