0.00778503 0 -5.97543e-05 0 0 0.010971 0 0 -5.97543e-05 0 0.00769485 0 0 0 0 0.010971 
0.00949947 -0.0117897 -5.26612e-05 6.15514e-05 -0.0117897 0.0312793 6.15514e-05 -0.000117906 -5.26612e-05 6.15514e-05 0.00940392 -0.0116742 6.15514e-05 -0.000117906 -0.0116742 0.0310574 
0.00974077 -0.0181524 -1.50428e-05 -2.68933e-05 -0.0181524 0.0668995 -2.68933e-05 0.000116704 -1.50428e-05 -2.68933e-05 0.0096973 -0.0180746 -2.68933e-05 0.000116704 -0.0180746 0.0666713 
0.00914108 -0.0176785 1.39153e-05 -0.000167329 -0.0176785 0.0792853 -0.000164351 0.000877469 1.39153e-05 -0.000164351 0.00918156 -0.0177404 -0.000167329 0.000877469 -0.0177404 0.0796302 
0.00884105 -0.0165413 1.67363e-05 -0.000176214 -0.0165413 0.0798637 -0.000169199 0.00115636 1.67363e-05 -0.000169199 0.00890827 -0.0166899 -0.000176214 0.00115636 -0.0166899 0.0805852 
0.0086286 -0.0158599 1.28675e-06 -0.000132592 -0.0158599 0.0779606 -0.000122909 0.000960134 1.28675e-06 -0.000122909 0.00870122 -0.0160142 -0.000132592 0.000960134 -0.0160142 0.0787041 
0.0084011 -0.0153818 -1.18734e-05 -8.8292e-05 -0.0153818 0.0758547 -7.85816e-05 0.000690517 -1.18734e-05 -7.85816e-05 0.00846739 -0.0155302 -8.8292e-05 0.000690517 -0.0155302 0.0765153 
0.00817334 -0.0149628 -4.45631e-06 -6.22277e-05 -0.0149628 0.0738811 -5.63171e-05 0.000506886 -4.45631e-06 -5.63171e-05 0.00823491 -0.0151006 -6.22277e-05 0.000506886 -0.0151006 0.0744699 
0.0112047 -0.0205001 -3.07451e-06 -9.32276e-05 -0.0205001 0.1013 -9.39508e-05 0.000619393 -3.07451e-06 -9.39508e-05 0.0112821 -0.0206768 -9.32276e-05 0.000619393 -0.0206768 0.102043 
0.0110343 -0.0201753 -7.09398e-06 -0.000100073 -0.0201753 0.0996904 -0.000106954 0.000617951 -7.09398e-06 -0.000106954 0.0111139 -0.0203369 -0.000100073 0.000617951 -0.0203369 0.10037 
0.0109527 -0.0200141 9.31929e-06 -0.000100971 -0.0200141 0.0988409 -0.000107557 0.000631876 9.31929e-06 -0.000107557 0.0110186 -0.0201762 -0.000100971 0.000631876 -0.0201762 0.0994937 
0.0109143 -0.0199791 2.13917e-05 -0.000121849 -0.0199791 0.0985993 -0.00012665 0.000670809 2.13917e-05 -0.00012665 0.0109941 -0.0201244 -0.000121849 0.000670809 -0.0201244 0.0992154 
0.0109076 -0.0199663 1.08906e-05 -0.000136131 -0.0199663 0.0985639 -0.000141922 0.000714597 1.08906e-05 -0.000141922 0.0109764 -0.0201218 -0.000136131 0.000714597 -0.0201218 0.0991699 
0.0109046 -0.0199631 -6.09316e-06 -0.000123005 -0.0199631 0.0985422 -0.000128559 0.000711166 -6.09316e-06 -0.000128559 0.0109551 -0.0200975 -0.000123005 0.000711166 -0.0200975 0.0991022 
0.0108762 -0.0198957 -1.00949e-05 -9.82094e-05 -0.0198957 0.098205 -0.000101562 0.000655225 -1.00949e-05 -0.000101562 0.0108937 -0.0200011 -9.82094e-05 0.000655225 -0.0200011 0.0986851 
0.0108555 -0.0198838 -7.0954e-06 -8.88815e-05 -0.0198838 0.0981014 -8.82509e-05 0.000602004 -7.0954e-06 -8.82509e-05 0.0108703 -0.019944 -8.88815e-05 0.000602004 -0.019944 0.0984696 
0.0108747 -0.0199162 6.17624e-08 -9.30436e-05 -0.0199162 0.0982915 -9.12384e-05 0.000587482 6.17624e-08 -9.12384e-05 0.0108734 -0.0199684 -9.30436e-05 0.000587482 -0.0199684 0.09859 
0.0109026 -0.0199072 -1.46639e-05 -0.000101758 -0.0199072 0.0982549 -0.00010194 0.00059844 -1.46639e-05 -0.00010194 0.0108393 -0.0199454 -0.000101758 0.00059844 -0.0199454 0.0985154 
0.0109143 -0.0199183 -1.9315e-05 -8.61598e-05 -0.0199183 0.0981823 -8.58324e-05 0.00058202 -1.9315e-05 -8.58324e-05 0.0107962 -0.019884 -8.61598e-05 0.00058202 -0.019884 0.0983194 
0.0108706 -0.0198656 -1.3569e-06 -8.0432e-05 -0.0198656 0.0978344 -7.72107e-05 0.000555915 -1.3569e-06 -7.72107e-05 0.0107446 -0.0197573 -8.0432e-05 0.000555915 -0.0197573 0.0977869 
0.0108226 -0.0197982 1.13356e-05 -0.000102345 -0.0197982 0.0975178 -9.78759e-05 0.00057833 1.13356e-05 -9.78759e-05 0.0107205 -0.0196821 -0.000102345 0.00057833 -0.0196821 0.0973841 
0.0107923 -0.0197916 1.98259e-05 -0.000120441 -0.0197916 0.09754 -0.000115763 0.000623979 1.98259e-05 -0.000115763 0.0107628 -0.0197186 -0.000120441 0.000623979 -0.0197186 0.0974688 
0.0107971 -0.0197752 3.12369e-05 -0.000126597 -0.0197752 0.0975914 -0.000126207 0.000653844 3.12369e-05 -0.000126207 0.0107938 -0.0197987 -0.000126597 0.000653844 -0.0197987 0.0977205 
0.0107866 -0.0197871 2.16702e-05 -0.000139965 -0.0197871 0.0976626 -0.000140769 0.00068493 2.16702e-05 -0.000140769 0.0108293 -0.0198551 -0.000139965 0.00068493 -0.0198551 0.0979722 
0.0107883 -0.0197506 7.09146e-06 -0.000128041 -0.0197506 0.0975649 -0.000128578 0.000678295 7.09146e-06 -0.000128578 0.0108252 -0.0198735 -0.000128041 0.000678295 -0.0198735 0.0980221 
0.0107955 -0.019748 -3.5696e-06 -0.000109902 -0.019748 0.0975066 -0.00010844 0.000638646 -3.5696e-06 -0.00010844 0.0108107 -0.0198675 -0.000109902 0.000638646 -0.0198675 0.0980274 
0.0107965 -0.019755 -2.21664e-06 -9.79433e-05 -0.019755 0.0974855 -9.26334e-05 0.000599018 -2.21664e-06 -9.26334e-05 0.0107964 -0.0198411 -9.79433e-05 0.000599018 -0.0198411 0.0979609 
0.0108011 -0.0197556 9.19631e-06 -9.76731e-05 -0.0197556 0.0974648 -9.1173e-05 0.000578614 9.19631e-06 -9.1173e-05 0.0107781 -0.0198107 -9.76731e-05 0.000578614 -0.0198107 0.097849 
0.0108036 -0.0197743 2.14676e-05 -0.000113879 -0.0197743 0.0975176 -0.000106441 0.000599099 2.14676e-05 -0.000106441 0.0107879 -0.0197906 -0.000113879 0.000599099 -0.0197906 0.0977876 
0.0108282 -0.0198201 2.67851e-05 -0.000129705 -0.0198201 0.0977514 -0.000123501 0.000639193 2.67851e-05 -0.000123501 0.010804 -0.01984 -0.000129705 0.000639193 -0.01984 0.0979681 
0.0108396 -0.0198453 3.41968e-05 -0.000135102 -0.0198453 0.0978852 -0.000134062 0.000670272 3.41968e-05 -0.000134062 0.0108112 -0.0198638 -0.000135102 0.000670272 -0.0198638 0.098096 
0.0108567 -0.0198738 2.98441e-05 -0.000141391 -0.0198738 0.0980413 -0.000143901 0.000692772 2.98441e-05 -0.000143901 0.010822 -0.0198894 -0.000141391 0.000692772 -0.0198894 0.0982493 
0.0108645 -0.0198855 2.50695e-05 -0.000134489 -0.0198855 0.0981015 -0.000138472 0.000690778 2.50695e-05 -0.000138472 0.0108213 -0.0198928 -0.000134489 0.000690778 -0.0198928 0.098296 
0.0108346 -0.0198467 1.84575e-05 -0.000124695 -0.0198467 0.0979092 -0.000130453 0.000668318 1.84575e-05 -0.000130453 0.0108145 -0.0198426 -0.000124695 0.000668318 -0.0198426 0.0980787 
0.0108306 -0.019841 3.008e-06 -0.000115003 -0.019841 0.0979177 -0.00011915 0.000640141 3.008e-06 -0.00011915 0.0108242 -0.0198652 -0.000115003 0.000640141 -0.0198652 0.098122 
0.0108304 -0.0198235 -1.45617e-05 -9.68752e-05 -0.0198235 0.0978525 -9.85603e-05 0.000596229 -1.45617e-05 -9.85603e-05 0.0108061 -0.0198664 -9.68752e-05 0.000596229 -0.0198664 0.0981105 
0.0108073 -0.0197682 -1.59858e-05 -7.66055e-05 -0.0197682 0.097549 -7.69207e-05 0.000543582 -1.59858e-05 -7.69207e-05 0.0107658 -0.019786 -7.66055e-05 0.000543582 -0.019786 0.0977856 
0.0107968 -0.0198062 -4.64677e-06 -7.5991e-05 -0.0198062 0.097693 -7.92002e-05 0.000526971 -4.64677e-06 -7.92002e-05 0.0107959 -0.0198007 -7.5991e-05 0.000526971 -0.0198007 0.0978745 
0.0107826 -0.019768 6.2439e-06 -8.82845e-05 -0.019768 0.0976167 -9.66154e-05 0.000549587 6.2439e-06 -9.66154e-05 0.0107996 -0.0198144 -8.82845e-05 0.000549587 -0.0198144 0.0978546 
0.0107796 -0.0197259 6.95939e-06 -9.84432e-05 -0.0197259 0.0974284 -0.000110379 0.000579713 6.95939e-06 -0.000110379 0.0107775 -0.0197967 -9.84432e-05 0.000579713 -0.0197967 0.0977453 
0.0107772 -0.0197045 1.03673e-05 -9.94133e-05 -0.0197045 0.097251 -0.000110791 0.000591988 1.03673e-05 -0.000110791 0.0107454 -0.0197499 -9.94133e-05 0.000591988 -0.0197499 0.0975536 
0.0107849 -0.0197529 2.69414e-06 -0.000105524 -0.0197529 0.0974145 -0.000113018 0.000601442 2.69414e-06 -0.000113018 0.0107521 -0.0197553 -0.000105524 0.000601442 -0.0197553 0.0976218 
0.0107661 -0.01976 -6.29789e-07 -0.000100616 -0.01976 0.0974851 -0.000102606 0.000595478 -6.29789e-07 -0.000102606 0.0107652 -0.0197556 -0.000100616 0.000595478 -0.0197556 0.0976286 
0.0107698 -0.0197382 -2.89036e-06 -9.68179e-05 -0.0197382 0.0974908 -9.62197e-05 0.000581041 -2.89036e-06 -9.62197e-05 0.0107629 -0.0197793 -9.68179e-05 0.000581041 -0.0197793 0.0976922 
0.0107822 -0.0197776 1.3599e-05 -9.46757e-05 -0.0197776 0.0976776 -9.56314e-05 0.000575941 1.3599e-05 -9.56314e-05 0.0107845 -0.0198178 -9.46757e-05 0.000575941 -0.0198178 0.097922 
0.0107431 -0.0196969 4.45751e-06 -0.000111409 -0.0196969 0.0973186 -0.000115703 0.000599991 4.45751e-06 -0.000115703 0.0107528 -0.0197452 -0.000111409 0.000599991 -0.0197452 0.0975829 
0.0107122 -0.0196492 1.72189e-06 -9.94246e-05 -0.0196492 0.0970794 -0.000106569 0.000598015 1.72189e-06 -0.000106569 0.0107324 -0.0196997 -9.94246e-05 0.000598015 -0.0196997 0.0973466 
0.0106741 -0.019563 1.06483e-05 -9.14392e-05 -0.019563 0.0966693 -9.7504e-05 0.000571623 1.06483e-05 -9.7504e-05 0.0106861 -0.0196228 -9.14392e-05 0.000571623 -0.0196228 0.0969451 
0.0106568 -0.0195398 1.6267e-05 -0.000101853 -0.0195398 0.0965279 -0.000103743 0.00056925 1.6267e-05 -0.000103743 0.0106753 -0.0195931 -0.000101853 0.00056925 -0.0195931 0.0967992 
0.0106332 -0.0194955 1.88485e-05 -0.00010961 -0.0194955 0.0963126 -0.000109652 0.000580589 1.88485e-05 -0.000109652 0.0106482 -0.0195554 -0.00010961 0.000580589 -0.0195554 0.0965878 
0.0106345 -0.0195101 9.57788e-06 -0.000114544 -0.0195101 0.0963818 -0.000115338 0.000595682 9.57788e-06 -0.000115338 0.0106521 -0.0195685 -0.000114544 0.000595682 -0.0195685 0.0966618 
0.0106342 -0.0195418 -3.4709e-06 -0.000103704 -0.0195418 0.0965597 -0.000103235 0.000584337 -3.4709e-06 -0.000103235 0.0106838 -0.0195997 -0.000103704 0.000584337 -0.0195997 0.0968337 
0.0106211 -0.0195305 -3.24164e-06 -8.47255e-05 -0.0195305 0.0965853 -8.0403e-05 0.000537892 -3.24164e-06 -8.0403e-05 0.0107038 -0.0196247 -8.47255e-05 0.000537892 -0.0196247 0.096908 
0.0106396 -0.0195246 -8.3066e-06 -8.39898e-05 -0.0195246 0.0966313 -7.34212e-05 0.000504634 -8.3066e-06 -7.34212e-05 0.0107006 -0.0196661 -8.39898e-05 0.000504634 -0.0196661 0.0970619 
0.0106281 -0.0195008 -1.28677e-05 -7.98765e-05 -0.0195008 0.0964686 -6.67516e-05 0.000484834 -1.28677e-05 -6.67516e-05 0.0106867 -0.019624 -7.98765e-05 0.000484834 -0.019624 0.0969307 
0.010618 -0.0195185 -1.38596e-05 -7.50495e-05 -0.0195185 0.0965333 -6.16602e-05 0.000469788 -1.38596e-05 -6.16602e-05 0.0107155 -0.0196344 -7.50495e-05 0.000469788 -0.0196344 0.0969806 
0.0106199 -0.0194961 -1.86182e-05 -7.39346e-05 -0.0194961 0.0964946 -6.24534e-05 0.000464686 -1.86182e-05 -6.24534e-05 0.0107186 -0.0196617 -7.39346e-05 0.000464686 -0.0196617 0.0970176 
0.0106268 -0.0194713 -1.84752e-05 -6.31999e-05 -0.0194713 0.0963491 -5.91667e-05 0.000450624 -1.84752e-05 -5.91667e-05 0.0106956 -0.0196461 -6.31999e-05 0.000450624 -0.0196461 0.0969403 
0.0106338 -0.0194819 -4.53764e-06 -5.92545e-05 -0.0194819 0.096312 -6.36265e-05 0.000444444 -4.53764e-06 -6.36265e-05 0.0106744 -0.0196233 -5.92545e-05 0.000444444 -0.0196233 0.0968789 
0.0106647 -0.0195288 -1.84408e-06 -7.50635e-05 -0.0195288 0.0964961 -8.25579e-05 0.00047014 -1.84408e-06 -8.25579e-05 0.0106672 -0.0196346 -7.50635e-05 0.00047014 -0.0196346 0.096989 
0.0106621 -0.0195481 -4.29772e-06 -8.11784e-05 -0.0195481 0.0965448 -8.43124e-05 0.000492339 -4.29772e-06 -8.43124e-05 0.0106687 -0.0196086 -8.11784e-05 0.000492339 -0.0196086 0.0969396 
0.0106628 -0.0195305 -5.28499e-06 -7.8914e-05 -0.0195305 0.0964863 -7.81541e-05 0.000490826 -5.28499e-06 -7.81541e-05 0.0106585 -0.0195913 -7.8914e-05 0.000490826 -0.0195913 0.0968319 
0.0106569 -0.0195285 -1.84045e-06 -7.76116e-05 -0.0195285 0.0964431 -7.67969e-05 0.000485223 -1.84045e-06 -7.67969e-05 0.0106645 -0.0195776 -7.76116e-05 0.000485223 -0.0195776 0.0967615 
0.0106772 -0.0195646 -5.45796e-07 -8.27716e-05 -0.0195646 0.0966165 -8.19037e-05 0.000491727 -5.45796e-07 -8.19037e-05 0.0106914 -0.019622 -8.27716e-05 0.000491727 -0.019622 0.0969292 
0.0106948 -0.0196246 -1.17013e-06 -8.7716e-05 -0.0196246 0.0968937 -8.39145e-05 0.00050497 -1.17013e-06 -8.39145e-05 0.0107395 -0.019682 -8.7716e-05 0.00050497 -0.019682 0.0971981 
0.0107288 -0.0196654 7.05665e-06 -9.06863e-05 -0.0196654 0.0971449 -8.3797e-05 0.000515661 7.05665e-06 -8.3797e-05 0.0107672 -0.0197573 -9.06863e-05 0.000515661 -0.0197573 0.0974905 
0.0107283 -0.0196378 -5.76412e-06 -0.000100707 -0.0196378 0.0969842 -9.51758e-05 0.000536917 -5.76412e-06 -9.51758e-05 0.0107446 -0.0197269 -0.000100707 0.000536917 -0.0197269 0.0973556 
0.0107215 -0.0196581 -2.67972e-05 -8.48063e-05 -0.0196581 0.0970174 -8.52042e-05 0.00053184 -2.67972e-05 -8.52042e-05 0.0107536 -0.0197216 -8.48063e-05 0.00053184 -0.0197216 0.097355 
0.0107054 -0.0196516 -3.32216e-05 -5.63037e-05 -0.0196516 0.0970256 -6.25763e-05 0.000487633 -3.32216e-05 -6.25763e-05 0.0107618 -0.0197317 -5.63037e-05 0.000487633 -0.0197317 0.0973663 
0.0107093 -0.019663 -2.77229e-05 -4.67751e-05 -0.019663 0.0971488 -5.57038e-05 0.000453847 -2.77229e-05 -5.57038e-05 0.0107888 -0.0197755 -4.67751e-05 0.000453847 -0.0197755 0.0975524 
0.0107382 -0.019707 -8.07313e-06 -5.63038e-05 -0.019707 0.0974191 -6.3362e-05 0.000459979 -8.07313e-06 -6.3362e-05 0.0108253 -0.019858 -5.63038e-05 0.000459979 -0.019858 0.0979252 
0.0107549 -0.0197429 9.23644e-06 -8.37407e-05 -0.0197429 0.0976115 -8.62821e-05 0.000506833 9.23644e-06 -8.62821e-05 0.0108529 -0.0199082 -8.37407e-05 0.000506833 -0.0199082 0.0981885 
0.0107552 -0.0197121 5.43484e-06 -0.000107176 -0.0197121 0.0974893 -0.000108236 0.000565897 5.43484e-06 -0.000108236 0.0108267 -0.0198923 -0.000107176 0.000565897 -0.0198923 0.0981181 
0.0107234 -0.0196479 -7.01559e-06 -0.000102048 -0.0196479 0.0971164 -0.000105317 0.000584575 -7.01559e-06 -0.000105317 0.0107736 -0.0197929 -0.000102048 0.000584575 -0.0197929 0.0977112 
0.0107203 -0.0196345 -1.64849e-05 -8.30379e-05 -0.0196345 0.0970114 -8.80571e-05 0.000555305 -1.64849e-05 -8.80571e-05 0.0107424 -0.0197475 -8.30379e-05 0.000555305 -0.0197475 0.0975241 
0.0107276 -0.0196214 -1.58232e-05 -7.13671e-05 -0.0196214 0.0968979 -7.46263e-05 0.000519235 -1.58232e-05 -7.46263e-05 0.0107126 -0.0196881 -7.13671e-05 0.000519235 -0.0196881 0.0972899 
0.0107336 -0.0196561 -2.69657e-05 -7.09271e-05 -0.0196561 0.09697 -7.59964e-05 0.000505596 -2.69657e-05 -7.59964e-05 0.0107049 -0.0196632 -7.09271e-05 0.000505596 -0.0196632 0.0971983 
0.010744 -0.0196907 -4.5396e-05 -5.46502e-05 -0.0196907 0.0971422 -6.36388e-05 0.000480863 -4.5396e-05 -6.36388e-05 0.010703 -0.0196757 -5.46502e-05 0.000480863 -0.0196757 0.0972529 
0.010783 -0.0197611 -4.59846e-05 -2.76876e-05 -0.0197611 0.0975211 -3.64702e-05 0.000421924 -4.59846e-05 -3.64702e-05 0.0107212 -0.0197331 -2.76876e-05 0.000421924 -0.0197331 0.0975693 
0.0107748 -0.0197445 -3.53881e-05 -2.49295e-05 -0.0197445 0.097449 -3.13728e-05 0.00038249 -3.53881e-05 -3.13728e-05 0.010705 -0.0196874 -2.49295e-05 0.00038249 -0.0196874 0.0974223 
0.0107866 -0.0197425 -2.01703e-05 -3.83778e-05 -0.0197425 0.0974447 -4.55978e-05 0.000391781 -2.01703e-05 -4.55978e-05 0.0106889 -0.019675 -3.83778e-05 0.000391781 -0.019675 0.0973665 
0.0107634 -0.0197087 -9.81825e-06 -5.82338e-05 -0.0197087 0.0972303 -6.66425e-05 0.000433262 -9.81825e-06 -6.66425e-05 0.0106644 -0.0196092 -5.82338e-05 0.000433262 -0.0196092 0.0970856 
0.0107336 -0.0196737 6.02768e-07 -7.5765e-05 -0.0196737 0.097047 -8.11848e-05 0.000480167 6.02768e-07 -8.11848e-05 0.0106492 -0.0195631 -7.5765e-05 0.000480167 -0.0195631 0.0968417 
0.0107144 -0.0196623 -1.32873e-05 -9.20485e-05 -0.0196623 0.097024 -9.328e-05 0.00052264 -1.32873e-05 -9.328e-05 0.0106664 -0.0195671 -9.20485e-05 0.00052264 -0.0195671 0.0968167 
0.0107293 -0.0196735 -1.98197e-05 -7.61139e-05 -0.0196735 0.0971508 -7.36154e-05 0.000512926 -1.98197e-05 -7.36154e-05 0.0106857 -0.0196282 -7.61139e-05 0.000512926 -0.0196282 0.0970293 
0.0107104 -0.0196324 -1.47197e-05 -6.50028e-05 -0.0196324 0.0969519 -6.22004e-05 0.000479593 -1.47197e-05 -6.22004e-05 0.0106613 -0.0196023 -6.50028e-05 0.000479593 -0.0196023 0.0969093 
0.0106914 -0.0195958 -1.05304e-05 -6.83348e-05 -0.0195958 0.0967563 -6.6808e-05 0.000468452 -1.05304e-05 -6.6808e-05 0.0106346 -0.0195548 -6.83348e-05 0.000468452 -0.0195548 0.0967192 
0.0106571 -0.0195432 -1.04608e-06 -7.49225e-05 -0.0195432 0.0964863 -7.29788e-05 0.000478252 -1.04608e-06 -7.29788e-05 0.0106146 -0.0194879 -7.49225e-05 0.000478252 -0.0194879 0.0964135 
0.0106416 -0.0195413 1.80835e-06 -9.10347e-05 -0.0195413 0.0964944 -8.42517e-05 0.000507405 1.80835e-06 -8.42517e-05 0.0106286 -0.0195048 -9.10347e-05 0.000507405 -0.0195048 0.0964359 
0.0106364 -0.0195104 3.35155e-06 -9.66859e-05 -0.0195104 0.0964155 -8.67609e-05 0.000528169 3.35155e-06 -8.67609e-05 0.0106268 -0.0195186 -9.66859e-05 0.000528169 -0.0195186 0.0964502 
0.0106653 -0.0195368 3.42168e-06 -9.49408e-05 -0.0195368 0.096534 -8.84165e-05 0.000532453 3.42168e-06 -8.84165e-05 0.0106235 -0.0195554 -9.49408e-05 0.000532453 -0.0195554 0.0966409 
0.0106886 -0.0195585 1.31716e-05 -9.01935e-05 -0.0195585 0.0965787 -8.90601e-05 0.000526449 1.31716e-05 -8.90601e-05 0.0106011 -0.0195363 -9.01935e-05 0.000526449 -0.0195363 0.0966454 
0.0106848 -0.0195622 1.32697e-05 -9.76461e-05 -0.0195622 0.0965196 -0.000100649 0.000533831 1.32697e-05 -0.000100649 0.0105759 -0.0194771 -9.76461e-05 0.000533831 -0.0194771 0.0964543 
0.0106643 -0.01958 1.15901e-05 -9.88023e-05 -0.01958 0.0965831 -0.000100087 0.00053913 1.15901e-05 -0.000100087 0.0105947 -0.019456 -9.88023e-05 0.00053913 -0.019456 0.0963818 
0.0106488 -0.0195478 -3.62603e-07 -9.69209e-05 -0.0195478 0.0965367 -9.32585e-05 0.000529226 -3.62603e-07 -9.32585e-05 0.0106046 -0.0194724 -9.69209e-05 0.000529226 -0.0194724 0.0963578 
0.0106438 -0.019535 -6.66988e-06 -8.39867e-05 -0.019535 0.0965203 -7.91665e-05 0.00050464 -6.66988e-06 -7.91665e-05 0.0106143 -0.019501 -8.39867e-05 0.00050464 -0.019501 0.0964445 
0.0106202 -0.0195181 -1.29614e-05 -7.44276e-05 -0.0195181 0.0964623 -7.01061e-05 0.000476135 -1.29614e-05 -7.01061e-05 0.0106315 -0.0195126 -7.44276e-05 0.000476135 -0.0195126 0.0964878 
0.010609 -0.0194646 -8.66141e-06 -6.68359e-05 -0.0194646 0.0962759 -6.48343e-05 0.00045578 -8.66141e-06 -6.48343e-05 0.0106189 -0.0195113 -6.68359e-05 0.00045578 -0.0195113 0.0964256 
0.0105889 -0.0194234 6.08394e-06 -7.35955e-05 -0.0194234 0.0960388 -7.18108e-05 0.000460125 6.08394e-06 -7.18108e-05 0.0106026 -0.0194746 -7.35955e-05 0.000460125 -0.0194746 0.0962597 
0.0105409 -0.0193462 9.5109e-06 -9.36297e-05 -0.0193462 0.0956322 -8.72763e-05 0.000491288 9.5109e-06 -8.72763e-05 0.0105757 -0.0193982 -9.36297e-05 0.000491288 -0.0193982 0.0958718 
0.0105424 -0.0193343 4.40858e-06 -9.97493e-05 -0.0193343 0.0955839 -9.06824e-05 0.000516016 4.40858e-06 -9.06824e-05 0.0105624 -0.0194142 -9.97493e-05 0.000516016 -0.0194142 0.0958761 
0.0105164 -0.0193363 1.72277e-06 -9.09976e-05 -0.0193363 0.0955621 -8.22805e-05 0.000507147 1.72277e-06 -8.22805e-05 0.0105706 -0.0194012 -9.09976e-05 0.000507147 -0.0194012 0.0958632 
0.0104809 -0.0193101 -1.5323e-06 -8.17567e-05 -0.0193101 0.0955342 -7.61942e-05 0.000482312 -1.5323e-06 -7.61942e-05 0.0106036 -0.0194184 -8.17567e-05 0.000482312 -0.0194184 0.0959006 
0.0104589 -0.0192572 -6.91008e-06 -7.35519e-05 -0.0192572 0.0954103 -7.27597e-05 0.000460366 -6.91008e-06 -7.27597e-05 0.0106187 -0.0194564 -7.35519e-05 0.000460366 -0.0194564 0.095964 
0.0104723 -0.0192314 -1.68184e-05 -6.60555e-05 -0.0192314 0.095331 -6.51832e-05 0.000438133 -1.68184e-05 -6.51832e-05 0.0106061 -0.0194882 -6.60555e-05 0.000438133 -0.0194882 0.0960779 
0.0105177 -0.0193024 -2.48164e-05 -5.43825e-05 -0.0193024 0.095596 -5.04972e-05 0.000406911 -2.48164e-05 -5.04972e-05 0.0106168 -0.0195288 -5.43825e-05 0.000406911 -0.0195288 0.0963757 
0.0105547 -0.0193875 -3.24241e-05 -4.41235e-05 -0.0193875 0.0959537 -4.04879e-05 0.000376092 -3.24241e-05 -4.04879e-05 0.0106361 -0.0195636 -4.41235e-05 0.000376092 -0.0195636 0.0966424 
0.0105792 -0.0193955 -2.9092e-05 -3.09364e-05 -0.0193955 0.0959994 -3.51489e-05 0.000348793 -2.9092e-05 -3.51489e-05 0.0106153 -0.0195428 -3.09364e-05 0.000348793 -0.0195428 0.0965912 
0.0105985 -0.0194282 -2.60678e-05 -3.1588e-05 -0.0194282 0.0960763 -4.43656e-05 0.000346868 -2.60678e-05 -4.43656e-05 0.0106123 -0.0195169 -3.1588e-05 0.000346868 -0.0195169 0.096538 
0.010591 -0.0194595 -2.72883e-05 -3.81212e-05 -0.0194595 0.0961846 -5.03718e-05 0.000361978 -2.72883e-05 -5.03718e-05 0.0106374 -0.0195158 -3.81212e-05 0.000361978 -0.0195158 0.0965299 
0.0105961 -0.0194691 -3.24675e-05 -4.37502e-05 -0.0194691 0.0963124 -4.68807e-05 0.000374935 -3.24675e-05 -4.68807e-05 0.0106695 -0.0195694 -4.37502e-05 0.000374935 -0.0195694 0.096686 
0.0106473 -0.0195395 -3.25245e-05 -4.41809e-05 -0.0195395 0.0966981 -4.20522e-05 0.000383448 -3.25245e-05 -4.20522e-05 0.0107164 -0.0196824 -4.41809e-05 0.000383448 -0.0196824 0.097179 
0.0106458 -0.019545 -2.59216e-05 -4.53951e-05 -0.019545 0.0966899 -4.33276e-05 0.000389444 -2.59216e-05 -4.33276e-05 0.0107263 -0.019683 -4.53951e-05 0.000389444 -0.019683 0.0972107 
0.0106619 -0.0195381 -4.0084e-05 -5.38925e-05 -0.0195381 0.0966536 -5.48144e-05 0.000411983 -4.0084e-05 -5.48144e-05 0.0107208 -0.0196806 -5.38925e-05 0.000411983 -0.0196806 0.0971746 
0.0106753 -0.0195757 -3.13429e-05 -3.68093e-05 -0.0195757 0.0967487 -3.98143e-05 0.000401702 -3.13429e-05 -3.98143e-05 0.0107296 -0.0196836 -3.68093e-05 0.000401702 -0.0196836 0.0972047 
0.0107168 -0.0196108 -1.02108e-05 -4.30268e-05 -0.0196108 0.0969076 -4.88726e-05 0.000401006 -1.02108e-05 -4.88726e-05 0.0107116 -0.0197093 -4.30268e-05 0.000401006 -0.0197093 0.0973063 
0.0107457 -0.0196791 8.32903e-06 -7.0527e-05 -0.0196791 0.0971373 -7.91756e-05 0.000452994 8.32903e-06 -7.91756e-05 0.0107119 -0.0197037 -7.0527e-05 0.000452994 -0.0197037 0.0973992 
0.0107535 -0.0197181 9.96211e-06 -9.75589e-05 -0.0197181 0.0973097 -0.000107312 0.000527639 9.96211e-06 -0.000107312 0.0107226 -0.0196993 -9.75589e-05 0.000527639 -0.0196993 0.0974252 
0.0107629 -0.0197505 2.2449e-06 -0.000102442 -0.0197505 0.0975076 -0.00011316 0.000572383 2.2449e-06 -0.00011316 0.0107519 -0.0197304 -0.000102442 0.000572383 -0.0197304 0.0975581 
0.0107683 -0.0197618 -1.0106e-05 -9.35477e-05 -0.0197618 0.0976168 -0.000101936 0.000571153 -1.0106e-05 -0.000101936 0.0107692 -0.0197681 -9.35477e-05 0.000571153 -0.0197681 0.0976892 
0.0107576 -0.0197544 -1.90638e-05 -7.90899e-05 -0.0197544 0.0976111 -8.1277e-05 0.00053791 -1.90638e-05 -8.1277e-05 0.0107743 -0.0197774 -7.90899e-05 0.00053791 -0.0197774 0.0977263 
0.0107301 -0.0196929 -2.71723e-05 -6.69834e-05 -0.0196929 0.0973591 -6.12959e-05 0.000490579 -2.71723e-05 -6.12959e-05 0.0107587 -0.0197399 -6.69834e-05 0.000490579 -0.0197399 0.0975336 
0.0107075 -0.019634 -3.37676e-05 -5.70763e-05 -0.019634 0.0970798 -4.84258e-05 0.000451398 -3.37676e-05 -4.84258e-05 0.0107319 -0.0197038 -5.70763e-05 0.000451398 -0.0197038 0.0973269 
0.0106966 -0.0195772 -3.69507e-05 -4.74242e-05 -0.0195772 0.0967751 -3.937e-05 0.000418591 -3.69507e-05 -3.937e-05 0.010687 -0.0196496 -4.74242e-05 0.000418591 -0.0196496 0.0970664 
0.0106822 -0.019593 -2.81259e-05 -4.3695e-05 -0.019593 0.096758 -3.50008e-05 0.000399925 -2.81259e-05 -3.50008e-05 0.0106844 -0.0196239 -4.3695e-05 0.000399925 -0.0196239 0.0970038 
0.0106198 -0.0195176 -1.69292e-05 -5.2952e-05 -0.0195176 0.0964288 -4.3064e-05 0.000402317 -1.69292e-05 -4.3064e-05 0.0106716 -0.0195553 -5.2952e-05 0.000402317 -0.0195553 0.0966491 
0.0106116 -0.0194734 -1.06223e-05 -6.46785e-05 -0.0194734 0.0963169 -5.46215e-05 0.000420396 -1.06223e-05 -5.46215e-05 0.0106658 -0.0195763 -6.46785e-05 0.000420396 -0.0195763 0.0966412 
0.0105864 -0.0194075 -3.26846e-06 -7.30311e-05 -0.0194075 0.0959785 -6.26207e-05 0.000440575 -3.26846e-06 -6.26207e-05 0.010628 -0.0195238 -7.30311e-05 0.000440575 -0.0195238 0.0963935 
0.0105787 -0.0193911 -8.03144e-06 -7.81759e-05 -0.0193911 0.0958505 -7.06461e-05 0.000454891 -8.03144e-06 -7.06461e-05 0.0106147 -0.0194938 -7.81759e-05 0.000454891 -0.0194938 0.0962787 
0.010594 -0.0194013 -3.51182e-06 -7.36086e-05 -0.0194013 0.0958692 -6.98151e-05 0.00045926 -3.51182e-06 -6.98151e-05 0.010602 -0.0194953 -7.36086e-05 0.00045926 -0.0194953 0.0962825 
0.0106133 -0.0194451 -3.3331e-06 -7.77006e-05 -0.0194451 0.0960306 -7.6404e-05 0.000467577 -3.3331e-06 -7.6404e-05 0.010603 -0.0195099 -7.77006e-05 0.000467577 -0.0195099 0.096401 
0.0106075 -0.0194535 -1.73659e-05 -7.6267e-05 -0.0194535 0.0960593 -7.60332e-05 0.000469585 -1.73659e-05 -7.60332e-05 0.0105944 -0.019491 -7.6267e-05 0.000469585 -0.019491 0.0963612 
0.0106395 -0.0195107 -1.95427e-05 -5.97271e-05 -0.0195107 0.0963762 -5.87006e-05 0.000444273 -1.95427e-05 -5.87006e-05 0.0106148 -0.0195438 -5.97271e-05 0.000444273 -0.0195438 0.0966442 
0.0106983 -0.0195742 -2.02717e-05 -5.48709e-05 -0.0195742 0.096701 -5.24817e-05 0.00041776 -2.02717e-05 -5.24817e-05 0.010621 -0.0195912 -5.48709e-05 0.00041776 -0.0195912 0.0969321 
0.0107275 -0.0196496 -2.11211e-06 -5.80167e-05 -0.0196496 0.0969846 -4.96822e-05 0.000409623 -2.11211e-06 -4.96822e-05 0.0106438 -0.0196027 -5.80167e-05 0.000409623 -0.0196027 0.0971003 
0.0107203 -0.0196342 1.42256e-06 -8.16006e-05 -0.0196342 0.096925 -6.88121e-05 0.00043822 1.42256e-06 -6.88121e-05 0.0106402 -0.0195783 -8.16006e-05 0.00043822 -0.0195783 0.0969675 
0.010668 -0.0195617 8.22317e-06 -8.79965e-05 -0.0195617 0.0965744 -7.55388e-05 0.000466966 8.22317e-06 -7.55388e-05 0.0106254 -0.0195178 -8.79965e-05 0.000466966 -0.0195178 0.0966261 
0.010606 -0.0194839 1.11752e-05 -9.45307e-05 -0.0194839 0.0962475 -8.78605e-05 0.000491216 1.11752e-05 -8.78605e-05 0.0106307 -0.0194914 -9.45307e-05 0.000491216 -0.0194914 0.0963982 
0.0105867 -0.0194428 1.51142e-05 -9.7612e-05 -0.0194428 0.0961626 -9.45381e-05 0.000511503 1.51142e-05 -9.45381e-05 0.0106482 -0.019547 -9.7612e-05 0.000511503 -0.019547 0.0965312 
0.0105722 -0.0194395 1.77123e-05 -0.000101627 -0.0194395 0.0961953 -0.000101944 0.000529417 1.77123e-05 -0.000101944 0.0106759 -0.0196012 -0.000101627 0.000529417 -0.0196012 0.0967714 
0.010543 -0.0193713 1.29197e-05 -9.95962e-05 -0.0193713 0.0959367 -0.000105612 0.000534531 1.29197e-05 -0.000105612 0.010659 -0.0195802 -9.95962e-05 0.000534531 -0.0195802 0.0966613 
0.010523 -0.0193464 1.18727e-05 -9.16096e-05 -0.0193464 0.0958129 -9.91096e-05 0.000522442 1.18727e-05 -9.91096e-05 0.0106616 -0.0195611 -9.16096e-05 0.000522442 -0.0195611 0.0965942 
0.0105264 -0.0193494 1.44008e-05 -9.02637e-05 -0.0193494 0.0958558 -9.57631e-05 0.000511719 1.44008e-05 -9.57631e-05 0.010677 -0.0195864 -9.02637e-05 0.000511719 -0.0195864 0.0966765 
0.0105254 -0.0193317 2.99339e-06 -9.47274e-05 -0.0193317 0.0957721 -9.96089e-05 0.000514727 2.99339e-06 -9.96089e-05 0.0106684 -0.019578 -9.47274e-05 0.000514727 -0.019578 0.0966138 
0.0105201 -0.0193048 -3.39113e-06 -7.99589e-05 -0.0193048 0.0956091 -8.74291e-05 0.000497708 -3.39113e-06 -8.74291e-05 0.010645 -0.0195443 -7.99589e-05 0.000497708 -0.0195443 0.0964465 
0.0105448 -0.0193254 -6.28683e-06 -6.95238e-05 -0.0193254 0.095658 -8.10285e-05 0.000473759 -6.28683e-06 -8.10285e-05 0.0106304 -0.0195425 -6.95238e-05 0.000473759 -0.0195425 0.0964521 
0.0105611 -0.0193556 -1.06981e-06 -6.75057e-05 -0.0193556 0.0957252 -7.48722e-05 0.000457464 -1.06981e-06 -7.48722e-05 0.010623 -0.0195259 -6.75057e-05 0.000457464 -0.0195259 0.0964287 
0.0105694 -0.0193914 5.67571e-06 -7.65914e-05 -0.0193914 0.0958581 -7.78291e-05 0.000460963 5.67571e-06 -7.78291e-05 0.010618 -0.0195277 -7.65914e-05 0.000460963 -0.0195277 0.0964586 
0.0106045 -0.0194301 1.8842e-05 -8.67977e-05 -0.0194301 0.0960621 -8.94781e-05 0.000484846 1.8842e-05 -8.94781e-05 0.0106073 -0.0195421 -8.67977e-05 0.000484846 -0.0195421 0.0965739 
0.0106209 -0.0194916 1.77425e-05 -0.000100739 -0.0194916 0.0963026 -0.000109237 0.000523552 1.77425e-05 -0.000109237 0.0106128 -0.0195379 -0.000100739 0.000523552 -0.0195379 0.0966662 
