0.00617488 0 -1.48917e-05 0 0 0.00870288 0 0 -1.48917e-05 0 0.00609024 0 0 0 0 0.00870288 
0.00942775 -0.0116989 -2.95654e-05 3.76859e-05 -0.0116989 0.0310501 3.76859e-05 -7.23278e-05 -2.95654e-05 3.76859e-05 0.00933421 -0.011589 3.76859e-05 -7.23278e-05 -0.011589 0.0308394 
0.00966997 -0.0180168 -2.05437e-05 9.05232e-05 -0.0180168 0.0664205 9.05232e-05 -0.000300586 -2.05437e-05 9.05232e-05 0.00968926 -0.0180562 9.05232e-05 -0.000300586 -0.0180562 0.0666002 
0.00910485 -0.0174577 -1.24936e-05 9.50049e-05 -0.0174577 0.0783003 0.000101 -0.000518726 -1.24936e-05 0.000101 0.00913988 -0.0177994 9.50049e-05 -0.000518726 -0.0177994 0.0798987 
0.00882715 -0.0163724 -9.85273e-06 6.8915e-05 -0.0163724 0.0787823 7.25485e-05 -0.000511901 -9.85273e-06 7.25485e-05 0.00883076 -0.0167022 6.8915e-05 -0.000511901 -0.0167022 0.0809114 
0.00861484 -0.0157441 -4.47427e-06 4.80439e-05 -0.0157441 0.0770561 4.17437e-05 -0.000370727 -4.47427e-06 4.17437e-05 0.00859446 -0.0159542 4.80439e-05 -0.000370727 -0.0159542 0.0787819 
0.00838355 -0.0152822 2.07126e-06 3.56942e-05 -0.0152822 0.0750999 2.5011e-05 -0.000251558 2.07126e-06 2.5011e-05 0.00835957 -0.0154116 3.56942e-05 -0.000251558 -0.0154116 0.0763097 
0.00817504 -0.0149021 -3.33716e-06 2.5772e-05 -0.0149021 0.0733846 1.7791e-05 -0.000182137 -3.33716e-06 1.7791e-05 0.00815932 -0.0150081 2.5772e-05 -0.000182137 -0.0150081 0.0742881 
0.00960758 -0.0175141 -2.92608e-06 3.81573e-05 -0.0175141 0.0863454 3.29748e-05 -0.000201151 -2.92608e-06 3.29748e-05 0.00959852 -0.0176482 3.81573e-05 -0.000201151 -0.0176482 0.0872904 
0.00948734 -0.0172826 1.38494e-06 3.70719e-05 -0.0172826 0.0852429 3.69685e-05 -0.000205061 1.38494e-06 3.69685e-05 0.0094714 -0.0174364 3.70719e-05 -0.000205061 -0.0174364 0.0861848 
0.00940081 -0.0171099 -1.18529e-05 3.12685e-05 -0.0171099 0.0843736 3.28332e-05 -0.000198687 -1.18529e-05 3.28332e-05 0.00937531 -0.0172643 3.12685e-05 -0.000198687 -0.0172643 0.085334 
0.00933864 -0.0170134 -1.47473e-05 4.68198e-05 -0.0170134 0.0838482 4.803e-05 -0.000218013 -1.47473e-05 4.803e-05 0.00933458 -0.0171606 4.68198e-05 -0.000218013 -0.0171606 0.0848141 
0.00928967 -0.016944 -1.30222e-05 5.45978e-05 -0.016944 0.0835125 5.45168e-05 -0.000245042 -1.30222e-05 5.45168e-05 0.0093217 -0.0171184 5.45978e-05 -0.000245042 -0.0171184 0.0845248 
0.00928578 -0.0169026 -1.93151e-05 5.47199e-05 -0.0169026 0.0833457 5.311e-05 -0.000256356 -1.93151e-05 5.311e-05 0.00929551 -0.0171241 5.47199e-05 -0.000256356 -0.0171241 0.084461 
0.00926624 -0.0168824 -1.28578e-05 6.10562e-05 -0.0168824 0.0831772 6.25634e-05 -0.00027236 -1.28578e-05 6.25634e-05 0.0092677 -0.0170768 6.10562e-05 -0.00027236 -0.0170768 0.0842985 
0.00926003 -0.0168819 -8.9827e-06 5.24779e-05 -0.0168819 0.083163 5.85091e-05 -0.000273025 -8.9827e-06 5.85091e-05 0.00924881 -0.0170512 5.24779e-05 -0.000273025 -0.0170512 0.0842136 
0.00925951 -0.0169164 1.19569e-05 4.7057e-05 -0.0169164 0.083339 5.15233e-05 -0.000260089 1.19569e-05 5.15233e-05 0.00925778 -0.017061 4.7057e-05 -0.000260089 -0.017061 0.0843063 
0.00924183 -0.0169024 1.49698e-05 2.428e-05 -0.0169024 0.083348 2.5934e-05 -0.000218737 1.49698e-05 2.5934e-05 0.00926954 -0.0170538 2.428e-05 -0.000218737 -0.0170538 0.0842809 
0.00925749 -0.0168981 4.95838e-06 1.81154e-05 -0.0168981 0.083407 2.03415e-05 -0.00018733 4.95838e-06 2.03415e-05 0.00926924 -0.0170901 1.81154e-05 -0.00018733 -0.0170901 0.0843995 
0.00926088 -0.0168909 1.48387e-06 2.99458e-05 -0.0168909 0.0833432 3.45975e-05 -0.000198866 1.48387e-06 3.45975e-05 0.00925288 -0.0170693 2.99458e-05 -0.000198866 -0.0170693 0.0843509 
0.00927729 -0.0169114 -1.05982e-06 3.37769e-05 -0.0169114 0.0834003 4.13201e-05 -0.000217602 -1.05982e-06 4.13201e-05 0.00924607 -0.017058 3.37769e-05 -0.000217602 -0.017058 0.0843469 
0.00929287 -0.016969 3.91945e-06 3.73174e-05 -0.016969 0.0836409 4.67528e-05 -0.000233242 3.91945e-06 4.67528e-05 0.00927258 -0.0170813 3.73174e-05 -0.000233242 -0.0170813 0.0844966 
0.00926997 -0.0169463 6.49159e-06 3.04982e-05 -0.0169463 0.083573 4.08689e-05 -0.000229134 6.49159e-06 4.08689e-05 0.00928427 -0.0170695 3.04982e-05 -0.000229134 -0.0170695 0.0843992 
0.00925215 -0.0169034 1.0973e-05 3.0071e-05 -0.0169034 0.0834271 3.61749e-05 -0.000222786 1.0973e-05 3.61749e-05 0.00928464 -0.017074 3.0071e-05 -0.000222786 -0.017074 0.0843278 
0.00924103 -0.0168825 1.25804e-05 2.7955e-05 -0.0168825 0.0833362 2.77444e-05 -0.000212856 1.25804e-05 2.77444e-05 0.00928993 -0.0170829 2.7955e-05 -0.000212856 -0.0170829 0.0843317 
0.00922458 -0.0168858 1.00397e-05 2.50511e-05 -0.0168858 0.0833608 1.99647e-05 -0.000196727 1.00397e-05 1.99647e-05 0.00932007 -0.0171084 2.50511e-05 -0.000196727 -0.0171084 0.0844313 
0.00924042 -0.016881 1.02506e-05 2.66724e-05 -0.016881 0.0834195 2.02871e-05 -0.00018892 1.02506e-05 2.02871e-05 0.00932779 -0.0171635 2.66724e-05 -0.00018892 -0.0171635 0.0846161 
0.00925191 -0.0168811 1.24049e-05 2.60413e-05 -0.0168811 0.0833854 2.02422e-05 -0.000184717 1.24049e-05 2.02422e-05 0.00932071 -0.0171605 2.60413e-05 -0.000184717 -0.0171605 0.0846467 
0.00927764 -0.0168939 7.69977e-06 2.31584e-05 -0.0168939 0.0833922 1.68135e-05 -0.000176969 7.69977e-06 1.68135e-05 0.00929889 -0.0171514 2.31584e-05 -0.000176969 -0.0171514 0.0846359 
0.00930586 -0.0169652 1.30242e-06 2.81899e-05 -0.0169652 0.0836428 2.16523e-05 -0.000179254 1.30242e-06 2.16523e-05 0.00930437 -0.0171667 2.81899e-05 -0.000179254 -0.0171667 0.0847948 
0.00932008 -0.0169886 -1.68754e-05 3.54993e-05 -0.0169886 0.0837515 3.02465e-05 -0.000192719 -1.68754e-05 3.02465e-05 0.00929555 -0.0171575 3.54993e-05 -0.000192719 -0.0171575 0.0848038 
0.00931909 -0.0169983 -3.34156e-05 5.81215e-05 -0.0169983 0.0837831 5.41676e-05 -0.000236193 -3.34156e-05 5.41676e-05 0.00929471 -0.017135 5.81215e-05 -0.000236193 -0.017135 0.0847436 
0.00929686 -0.0169834 -3.6117e-05 7.97725e-05 -0.0169834 0.0837252 7.66737e-05 -0.000292514 -3.6117e-05 7.66737e-05 0.00930662 -0.0171162 7.97725e-05 -0.000292514 -0.0171162 0.0846364 
0.00927883 -0.0169452 -1.30572e-05 8.19504e-05 -0.0169452 0.0836009 7.86979e-05 -0.000318092 -1.30572e-05 7.86979e-05 0.00931515 -0.0171205 8.19504e-05 -0.000318092 -0.0171205 0.0845629 
0.00930329 -0.0169801 2.98475e-06 5.24716e-05 -0.0169801 0.0837908 4.84776e-05 -0.000277107 2.98475e-06 4.84776e-05 0.00935043 -0.0171925 5.24716e-05 -0.000277107 -0.0171925 0.0848485 
0.00932345 -0.016994 1.52911e-05 2.7542e-05 -0.016994 0.0838456 2.49839e-05 -0.000208766 1.52911e-05 2.49839e-05 0.00935538 -0.0172201 2.7542e-05 -0.000208766 -0.0172201 0.0849631 
0.00936062 -0.017052 1.77289e-05 1.03196e-05 -0.017052 0.0840823 9.50913e-06 -0.000153821 1.77289e-05 9.50913e-06 0.00937326 -0.0172667 1.03196e-05 -0.000153821 -0.0172667 0.085213 
0.0093805 -0.0170993 2.98626e-06 8.99178e-06 -0.0170993 0.0842748 7.37361e-06 -0.00013157 2.98626e-06 7.37361e-06 0.0093967 -0.0172944 8.99178e-06 -0.00013157 -0.0172944 0.085381 
0.00939576 -0.017124 2.6034e-06 2.97103e-05 -0.017124 0.0844073 2.673e-05 -0.000159535 2.6034e-06 2.673e-05 0.00941395 -0.0173287 2.97103e-05 -0.000159535 -0.0173287 0.0855265 
0.00940657 -0.0171745 9.22128e-06 3.31035e-05 -0.0171745 0.0846537 3.14985e-05 -0.000186342 9.22128e-06 3.14985e-05 0.00945622 -0.0173851 3.31035e-05 -0.000186342 -0.0173851 0.085801 
0.00939687 -0.017147 1.45161e-05 2.40437e-05 -0.017147 0.0845923 2.48446e-05 -0.00018312 1.45161e-05 2.48446e-05 0.00945386 -0.0173984 2.40437e-05 -0.00018312 -0.0173984 0.0858157 
0.00939768 -0.0170947 2.78872e-05 1.60102e-05 -0.0170947 0.0843524 1.89836e-05 -0.000168479 2.78872e-05 1.89836e-05 0.00941157 -0.0173611 1.60102e-05 -0.000168479 -0.0173611 0.0856467 
0.00940751 -0.017114 2.89693e-05 7.46533e-07 -0.017114 0.0843372 6.39414e-06 -0.000145599 2.89693e-05 6.39414e-06 0.00939453 -0.0173259 7.46533e-07 -0.000145599 -0.0173259 0.085573 
0.00940695 -0.0171243 1.65285e-05 -8.73654e-07 -0.0171243 0.084341 6.88674e-06 -0.000135665 1.65285e-05 6.88674e-06 0.00938688 -0.017298 -8.73654e-07 -0.000135665 -0.017298 0.0854717 
0.00937953 -0.0170962 6.77831e-07 1.45677e-05 -0.0170962 0.0842005 2.23713e-05 -0.000159326 6.77831e-07 2.23713e-05 0.00937666 -0.0172582 1.45677e-05 -0.000159326 -0.0172582 0.0852658 
0.00937024 -0.017077 -1.75418e-05 3.66749e-05 -0.017077 0.0841409 4.42708e-05 -0.000210267 -1.75418e-05 4.42708e-05 0.00936359 -0.0172527 3.66749e-05 -0.000210267 -0.0172527 0.0851981 
0.00934526 -0.0170507 -2.09282e-05 6.10584e-05 -0.0170507 0.0840167 6.7487e-05 -0.000271903 -2.09282e-05 6.7487e-05 0.00935008 -0.0172207 6.10584e-05 -0.000271903 -0.0172207 0.0850647 
0.00933625 -0.0170632 -1.09852e-05 6.77078e-05 -0.0170632 0.0841196 7.01828e-05 -0.000306314 -1.09852e-05 7.01828e-05 0.00937385 -0.0172408 6.77078e-05 -0.000306314 -0.0172408 0.0851618 
0.00931195 -0.0170333 -4.12979e-06 5.76256e-05 -0.0170333 0.0840592 5.68414e-05 -0.000298821 -4.12979e-06 5.68414e-05 0.00938648 -0.0172514 5.76256e-05 -0.000298821 -0.0172514 0.0851614 
0.00929478 -0.0169847 -1.06229e-06 4.62145e-05 -0.0169847 0.0838967 4.77235e-05 -0.000273435 -1.06229e-06 4.77235e-05 0.00938041 -0.0172512 4.62145e-05 -0.000273435 -0.0172512 0.0851078 
0.00928689 -0.016935 3.38814e-06 4.08781e-05 -0.016935 0.0836565 4.47732e-05 -0.000256026 3.38814e-06 4.47732e-05 0.00934992 -0.0172185 4.08781e-05 -0.000256026 -0.0172185 0.0849434 
0.00928929 -0.016931 3.4089e-06 3.26341e-05 -0.016931 0.0835612 3.78481e-05 -0.00023631 3.4089e-06 3.78481e-05 0.00932468 -0.0171843 3.26341e-05 -0.00023631 -0.0171843 0.0848244 
0.00927569 -0.0169477 6.20233e-06 3.18331e-05 -0.0169477 0.0835883 3.50611e-05 -0.000222284 6.20233e-06 3.50611e-05 0.00933055 -0.0171621 3.18331e-05 -0.000222284 -0.0171621 0.0847643 
0.00925688 -0.0169228 -3.49106e-06 2.92642e-05 -0.0169228 0.0835311 2.71103e-05 -0.000207453 -3.49106e-06 2.71103e-05 0.00933597 -0.0171586 2.92642e-05 -0.000207453 -0.0171586 0.0846952 
0.00925765 -0.0168916 -2.82174e-06 4.21638e-05 -0.0168916 0.0834268 3.47153e-05 -0.000213755 -2.82174e-06 3.47153e-05 0.00931936 -0.017162 4.21638e-05 -0.000213755 -0.017162 0.084656 
0.00923053 -0.0168654 3.85018e-06 4.45809e-05 -0.0168654 0.0832476 3.4326e-05 -0.000221539 3.85018e-06 3.4326e-05 0.00930562 -0.0171167 4.45809e-05 -0.000221539 -0.0171167 0.0844818 
0.00925191 -0.0168896 1.03621e-05 3.55752e-05 -0.0168896 0.0833996 2.48814e-05 -0.000207936 1.03621e-05 2.48814e-05 0.00930457 -0.0171561 3.55752e-05 -0.000207936 -0.0171561 0.0846508 
0.00924618 -0.0168811 1.64071e-05 2.41046e-05 -0.0168811 0.0833367 1.48516e-05 -0.000179049 1.64071e-05 1.48516e-05 0.00928281 -0.0171206 2.41046e-05 -0.000179049 -0.0171206 0.084558 
0.00920547 -0.0168333 1.7778e-05 1.16293e-05 -0.0168333 0.0830947 9.29453e-06 -0.00015007 1.7778e-05 9.29453e-06 0.00926306 -0.0170451 1.16293e-05 -0.00015007 -0.0170451 0.0842407 
0.00918508 -0.0167926 1.68623e-05 5.00063e-06 -0.0167926 0.0829484 9.23789e-06 -0.000129655 1.68623e-05 9.23789e-06 0.00926151 -0.0170261 5.00063e-06 -0.000129655 -0.0170261 0.0840899 
0.00919938 -0.0167827 1.76787e-05 5.65364e-06 -0.0167827 0.0829144 1.03962e-05 -0.000122484 1.76787e-05 1.03962e-05 0.00924238 -0.0170406 5.65364e-06 -0.000122484 -0.0170406 0.0841027 
0.00920106 -0.0167649 1.92632e-05 6.05315e-06 -0.0167649 0.0827466 7.36756e-06 -0.000117487 1.92632e-05 7.36756e-06 0.0091944 -0.0169788 6.05315e-06 -0.000117487 -0.0169788 0.0838842 
0.00918815 -0.0167934 7.14405e-06 5.03376e-06 -0.0167934 0.0827933 3.62429e-06 -0.000111104 7.14405e-06 3.62429e-06 0.00918797 -0.0169332 5.03376e-06 -0.000111104 -0.0169332 0.0837652 
0.00918039 -0.0167883 1.04221e-05 1.91035e-05 -0.0167883 0.0828344 1.60157e-05 -0.000125933 1.04221e-05 1.60157e-05 0.00918538 -0.0169272 1.91035e-05 -0.000125933 -0.0169272 0.0837148 
0.00917988 -0.0167704 -2.37425e-06 1.66927e-05 -0.0167704 0.0827942 1.12148e-05 -0.000130215 -2.37425e-06 1.12148e-05 0.00917022 -0.0169189 1.66927e-05 -0.000130215 -0.0169189 0.0836661 
0.00915415 -0.0167171 -4.80727e-06 2.90541e-05 -0.0167171 0.082515 2.3567e-05 -0.000142287 -4.80727e-06 2.3567e-05 0.00913453 -0.0168482 2.90541e-05 -0.000142287 -0.0168482 0.0833614 
0.0091524 -0.0167053 1.38417e-06 3.26134e-05 -0.0167053 0.0824316 2.75957e-05 -0.000156338 1.38417e-06 2.75957e-05 0.00911706 -0.0168169 3.26134e-05 -0.000156338 -0.0168169 0.0832226 
0.00915832 -0.0167626 -1.37395e-06 2.59013e-05 -0.0167626 0.0826766 2.09627e-05 -0.000151179 -1.37395e-06 2.09627e-05 0.00914649 -0.0168493 2.59013e-05 -0.000151179 -0.0168493 0.0833976 
0.00914331 -0.0167229 -6.63059e-06 2.63535e-05 -0.0167229 0.0825714 2.03313e-05 -0.00014148 -6.63059e-06 2.03313e-05 0.00913292 -0.0168396 2.63535e-05 -0.00014148 -0.0168396 0.0833053 
0.00914443 -0.0167211 -1.28613e-05 3.13557e-05 -0.0167211 0.0825766 2.52158e-05 -0.000143238 -1.28613e-05 2.52158e-05 0.0091313 -0.0168427 3.13557e-05 -0.000143238 -0.0168427 0.083338 
0.00912459 -0.0166786 -8.79666e-06 3.81813e-05 -0.0166786 0.0823682 3.47118e-05 -0.000156216 -8.79666e-06 3.47118e-05 0.00910729 -0.0167965 3.81813e-05 -0.000156216 -0.0167965 0.0831313 
0.0091298 -0.0166513 -5.97222e-06 3.31125e-05 -0.0166513 0.0822235 3.22679e-05 -0.000158254 -5.97222e-06 3.22679e-05 0.00907484 -0.0167651 3.31125e-05 -0.000158254 -0.0167651 0.0829781 
0.00914161 -0.0166758 1.35778e-06 2.6994e-05 -0.0166758 0.0822597 2.91195e-05 -0.00014814 1.35778e-06 2.91195e-05 0.00906049 -0.0167479 2.6994e-05 -0.00014814 -0.0167479 0.082953 
0.00913585 -0.0166851 2.99224e-06 1.62078e-05 -0.0166851 0.0822678 1.884e-05 -0.000125027 2.99224e-06 1.884e-05 0.00905994 -0.0167192 1.62078e-05 -0.000125027 -0.0167192 0.0828632 
0.00913545 -0.0167029 1.60565e-05 1.2482e-05 -0.0167029 0.0823817 1.48532e-05 -0.00010662 1.60565e-05 1.48532e-05 0.00907308 -0.0167455 1.2482e-05 -0.00010662 -0.0167455 0.082953 
0.00911828 -0.0166786 2.30628e-05 -1.94181e-06 -0.0166786 0.0823165 -2.00067e-06 -7.57686e-05 2.30628e-05 -2.00067e-06 0.00907229 -0.0167442 -1.94181e-06 -7.57686e-05 -0.0167442 0.0829314 
0.00909958 -0.0166776 2.51994e-05 -9.98122e-06 -0.0166776 0.0823549 -1.26547e-05 -4.52502e-05 2.51994e-05 -1.26547e-05 0.00909887 -0.0167655 -9.98122e-06 -4.52502e-05 -0.0167655 0.0830308 
0.00905749 -0.0166039 2.4542e-05 -1.25882e-05 -0.0166039 0.0820841 -1.4156e-05 -3.18691e-05 2.4542e-05 -1.4156e-05 0.00909386 -0.016741 -1.25882e-05 -3.18691e-05 -0.016741 0.0828529 
0.00905017 -0.0165387 1.88638e-05 -1.04529e-05 -0.0165387 0.0818144 -9.02123e-06 -3.71928e-05 1.88638e-05 -9.02123e-06 0.00905994 -0.01672 -1.04529e-05 -3.71928e-05 -0.01672 0.0826909 
0.00904105 -0.0165272 1.67028e-05 -1.63711e-06 -0.0165272 0.0816684 2.71923e-07 -5.78744e-05 1.67028e-05 2.71923e-07 0.00904018 -0.0166748 -1.63711e-06 -5.78744e-05 -0.0166748 0.0825328 
0.00903921 -0.0165443 1.28657e-05 4.58313e-06 -0.0165443 0.0817219 5.69529e-06 -8.17329e-05 1.28657e-05 5.69529e-06 0.00903309 -0.016669 4.58313e-06 -8.17329e-05 -0.016669 0.0825158 
0.00901797 -0.0165143 -1.07675e-05 1.11274e-05 -0.0165143 0.0815917 1.40088e-05 -0.000107334 -1.07675e-05 1.40088e-05 0.00901364 -0.0166222 1.11274e-05 -0.000107334 -0.0166222 0.0823157 
0.00900261 -0.0164923 -2.08095e-05 3.61163e-05 -0.0164923 0.081506 4.40096e-05 -0.000158067 -2.08095e-05 4.40096e-05 0.00900778 -0.0165981 3.61163e-05 -0.000158067 -0.0165981 0.0821915 
0.00898928 -0.0164554 -1.37917e-05 4.79093e-05 -0.0164554 0.0813505 5.71509e-05 -0.000202937 -1.37917e-05 5.71509e-05 0.00899461 -0.0165748 4.79093e-05 -0.000202937 -0.0165748 0.0820426 
0.0089618 -0.0164011 -6.11e-07 3.93115e-05 -0.0164011 0.0810692 4.65966e-05 -0.000203378 -6.11e-07 4.65966e-05 0.00896714 -0.0165266 3.93115e-05 -0.000203378 -0.0165266 0.0817824 
0.00894657 -0.016371 1.20147e-05 2.07904e-05 -0.016371 0.0809042 2.73305e-05 -0.00016575 1.20147e-05 2.73305e-05 0.00894275 -0.0164971 2.07904e-05 -0.00016575 -0.0164971 0.0816277 
0.00896137 -0.0164018 2.56811e-05 2.79956e-06 -0.0164018 0.0810366 8.62418e-06 -0.000115944 2.56811e-05 8.62418e-06 0.00894549 -0.0165144 2.79956e-06 -0.000115944 -0.0165144 0.0817406 
0.00896045 -0.0163928 3.19178e-05 -1.23788e-05 -0.0163928 0.0809847 -9.49571e-06 -6.93873e-05 3.19178e-05 -9.49571e-06 0.00892281 -0.0164844 -1.23788e-05 -6.93873e-05 -0.0164844 0.0816363 
0.00898729 -0.0164577 2.19545e-05 -1.76888e-05 -0.0164577 0.0812779 -1.75438e-05 -4.22116e-05 2.19545e-05 -1.75438e-05 0.00894344 -0.0165152 -1.76888e-05 -4.22116e-05 -0.0165152 0.0818431 
0.00898484 -0.0164698 1.25023e-05 -8.97303e-07 -0.0164698 0.0813565 -3.30777e-06 -6.11648e-05 1.25023e-05 -3.30777e-06 0.00895867 -0.0165132 -8.97303e-07 -6.11648e-05 -0.0165132 0.0818502 
0.00898776 -0.0164679 -5.08166e-06 1.51435e-05 -0.0164679 0.081396 1.41029e-05 -0.000107325 -5.08166e-06 1.41029e-05 0.008967 -0.0165343 1.51435e-05 -0.000107325 -0.0165343 0.0818988 
0.00899842 -0.0164776 -1.64268e-05 3.72102e-05 -0.0164776 0.0814525 3.78712e-05 -0.000165039 -1.64268e-05 3.78712e-05 0.00897688 -0.0165544 3.72102e-05 -0.000165039 -0.0165544 0.081987 
0.00899325 -0.0164848 -6.8211e-06 5.28046e-05 -0.0164848 0.0814718 5.38456e-05 -0.000217417 -6.8211e-06 5.38456e-05 0.0089874 -0.0165598 5.28046e-05 -0.000217417 -0.0165598 0.0820143 
0.00899677 -0.0165021 -1.5829e-05 3.9261e-05 -0.0165021 0.0815875 4.25384e-05 -0.00021837 -1.5829e-05 4.25384e-05 0.009009 -0.0165954 3.9261e-05 -0.00021837 -0.0165954 0.0821583 
0.00899375 -0.0164969 -2.60928e-05 4.55021e-05 -0.0164969 0.0816021 5.04165e-05 -0.000218438 -2.60928e-05 5.04165e-05 0.00901739 -0.0166142 4.55021e-05 -0.000218438 -0.0166142 0.0822264 
0.00895983 -0.0164211 -2.0686e-05 5.71875e-05 -0.0164211 0.0812538 6.33313e-05 -0.000239563 -2.0686e-05 6.33313e-05 0.00898859 -0.0165576 5.71875e-05 -0.000239563 -0.0165576 0.0819376 
0.00892635 -0.0163661 -1.60143e-05 5.24093e-05 -0.0163661 0.0809659 5.99627e-05 -0.000246508 -1.60143e-05 5.99627e-05 0.00897497 -0.0165098 5.24093e-05 -0.000246508 -0.0165098 0.0816863 
0.00891539 -0.0163485 1.09532e-06 4.56868e-05 -0.0163485 0.0808869 5.51039e-05 -0.000238515 1.09532e-06 5.51039e-05 0.00897233 -0.0165171 4.56868e-05 -0.000238515 -0.0165171 0.081659 
0.00892615 -0.0163422 1.99109e-05 2.30285e-05 -0.0163422 0.0808643 3.64659e-05 -0.000203132 1.99109e-05 3.64659e-05 0.00895721 -0.0165249 2.30285e-05 -0.000203132 -0.0165249 0.0816864 
0.00894299 -0.0163774 1.4986e-05 1.08404e-06 -0.0163774 0.0809822 1.44737e-05 -0.000154156 1.4986e-05 1.44737e-05 0.00896335 -0.0165281 1.08404e-06 -0.000154156 -0.0165281 0.0817744 
0.00895202 -0.0164003 9.91878e-07 8.06568e-06 -0.0164003 0.0810744 2.16304e-05 -0.000146065 9.91878e-07 2.16304e-05 0.00896402 -0.0165319 8.06568e-06 -0.000146065 -0.0165319 0.0818082 
0.00896474 -0.0164416 5.91698e-06 2.80965e-05 -0.0164416 0.0812795 4.03257e-05 -0.000182477 5.91698e-06 4.03257e-05 0.00898337 -0.0165622 2.80965e-05 -0.000182477 -0.0165622 0.0819729 
0.00898128 -0.0164628 1.1561e-05 2.65422e-05 -0.0164628 0.0814223 3.26984e-05 -0.000196383 1.1561e-05 3.26984e-05 0.00898911 -0.0165873 2.65422e-05 -0.000196383 -0.0165873 0.0820993 
0.00899358 -0.0164733 1.11041e-05 2.18112e-05 -0.0164733 0.0814758 2.16841e-05 -0.000184991 1.11041e-05 2.16841e-05 0.00898632 -0.0165863 2.18112e-05 -0.000184991 -0.0165863 0.0821317 
0.00897972 -0.0164632 1.14626e-05 2.26029e-05 -0.0164632 0.0813993 1.87138e-05 -0.00017529 1.14626e-05 1.87138e-05 0.00898248 -0.0165517 2.26029e-05 -0.00017529 -0.0165517 0.0819965 
0.00896916 -0.0164316 1.09895e-05 2.18081e-05 -0.0164316 0.0812603 1.71825e-05 -0.000170002 1.09895e-05 1.71825e-05 0.00896827 -0.0165234 2.18081e-05 -0.000170002 -0.0165234 0.0818225 
0.00897472 -0.0164166 8.51915e-06 2.29321e-05 -0.0164166 0.0811655 1.94303e-05 -0.000172332 8.51915e-06 1.94303e-05 0.00894224 -0.0165055 2.29321e-05 -0.000172332 -0.0165055 0.0817146 
0.00901126 -0.0164749 4.59833e-06 2.74538e-05 -0.0164749 0.0813792 2.72501e-05 -0.000187552 4.59833e-06 2.72501e-05 0.00894 -0.0165187 2.74538e-05 -0.000187552 -0.0165187 0.0818443 
0.00902322 -0.0165227 1.57992e-05 3.11917e-05 -0.0165227 0.0815532 3.66743e-05 -0.000208344 1.57992e-05 3.66743e-05 0.00895036 -0.0165116 3.11917e-05 -0.000208344 -0.0165116 0.0818796 
0.00903474 -0.0165412 2.40294e-05 1.69636e-05 -0.0165412 0.0816684 2.67321e-05 -0.000201824 2.40294e-05 2.67321e-05 0.00895548 -0.0165221 1.69636e-05 -0.000201824 -0.0165221 0.0819117 
0.00900181 -0.0165135 1.78263e-05 6.19989e-06 -0.0165135 0.0815295 1.51799e-05 -0.000176761 1.78263e-05 1.51799e-05 0.00896334 -0.0164847 6.19989e-06 -0.000176761 -0.0164847 0.0817279 
0.00898117 -0.0164784 4.84916e-07 1.71278e-05 -0.0164784 0.081432 2.18142e-05 -0.000181184 4.84916e-07 2.18142e-05 0.00897357 -0.0165041 1.71278e-05 -0.000181184 -0.0165041 0.0817023 
0.00898069 -0.0164566 -2.03587e-05 4.32752e-05 -0.0164566 0.0813702 4.48742e-05 -0.000229471 -2.03587e-05 4.48742e-05 0.00897126 -0.0165312 4.32752e-05 -0.000229471 -0.0165312 0.0817725 
0.00899073 -0.016474 -2.81183e-05 7.29196e-05 -0.016474 0.08143 7.40627e-05 -0.000304085 -2.81183e-05 7.40627e-05 0.00897736 -0.0165476 7.29196e-05 -0.000304085 -0.0165476 0.0818907 
0.00900295 -0.0165052 -2.43763e-05 8.40533e-05 -0.0165052 0.0815764 8.59717e-05 -0.000357839 -2.43763e-05 8.59717e-05 0.00899566 -0.0165746 8.40533e-05 -0.000357839 -0.0165746 0.0820447 
0.00901624 -0.0165448 -2.13609e-05 8.03485e-05 -0.0165448 0.0817935 8.06035e-05 -0.000370823 -2.13609e-05 8.06035e-05 0.00902373 -0.0166262 8.03485e-05 -0.000370823 -0.0166262 0.0822884 
0.0090153 -0.016506 -1.37294e-05 7.39213e-05 -0.016506 0.081656 7.18241e-05 -0.000355881 -1.37294e-05 7.18241e-05 0.00899738 -0.0166121 7.39213e-05 -0.000355881 -0.0166121 0.0822109 
0.00900947 -0.0165019 -1.11914e-06 6.02745e-05 -0.0165019 0.0815805 5.89966e-05 -0.000322897 -1.11914e-06 5.89966e-05 0.00898846 -0.0165789 6.02745e-05 -0.000322897 -0.0165789 0.0821233 
0.0089847 -0.0164487 2.76426e-06 4.16518e-05 -0.0164487 0.0813076 4.35311e-05 -0.000278388 2.76426e-06 4.35311e-05 0.0089559 -0.0165151 4.16518e-05 -0.000278388 -0.0165151 0.0818101 
0.00893881 -0.0163886 4.00438e-06 3.39665e-05 -0.0163886 0.0809818 3.80832e-05 -0.000246239 4.00438e-06 3.80832e-05 0.00893347 -0.0164405 3.39665e-05 -0.000246239 -0.0164405 0.0814408 
0.00893914 -0.0164364 1.25109e-06 3.22782e-05 -0.0164364 0.0812451 3.84277e-05 -0.000234957 1.25109e-06 3.84277e-05 0.00898775 -0.0165068 3.22782e-05 -0.000234957 -0.0165068 0.0817016 
0.00894054 -0.0164554 2.85798e-06 3.57911e-05 -0.0164554 0.0814545 4.38518e-05 -0.000240677 2.85798e-06 4.38518e-05 0.00903187 -0.0165917 3.57911e-05 -0.000240677 -0.0165917 0.0820135 
0.00892836 -0.0164087 -3.62447e-06 3.69636e-05 -0.0164087 0.0813243 4.39739e-05 -0.000249291 -3.62447e-06 4.39739e-05 0.00902669 -0.0166083 3.69636e-05 -0.000249291 -0.0166083 0.082043 
0.00892071 -0.0163726 -2.3832e-05 4.61739e-05 -0.0163726 0.0811514 5.12444e-05 -0.000266003 -2.3832e-05 5.12444e-05 0.00900362 -0.0165893 4.61739e-05 -0.000266003 -0.0165893 0.0819734 
0.00894601 -0.016416 -2.73524e-05 7.25531e-05 -0.016416 0.0813288 7.64813e-05 -0.000315627 -2.73524e-05 7.64813e-05 0.00901025 -0.0166142 7.25531e-05 -0.000315627 -0.0166142 0.0821577 
0.00897196 -0.0164567 -2.52527e-05 8.1251e-05 -0.0164567 0.0815076 8.44153e-05 -0.000357814 -2.52527e-05 8.44153e-05 0.00901464 -0.0166272 8.1251e-05 -0.000357814 -0.0166272 0.0822835 
0.00897338 -0.016429 -2.08072e-05 8.08866e-05 -0.016429 0.0813418 8.09224e-05 -0.000369819 -2.08072e-05 8.09224e-05 0.00897787 -0.0165652 8.08866e-05 -0.000369819 -0.0165652 0.0820278 
0.00898007 -0.0164232 -1.2613e-05 7.68639e-05 -0.0164232 0.0812222 7.40302e-05 -0.000363843 -1.2613e-05 7.40302e-05 0.00894265 -0.0165038 7.68639e-05 -0.000363843 -0.0165038 0.0817737 
0.00899518 -0.016439 3.86254e-07 6.71546e-05 -0.016439 0.0812086 6.35406e-05 -0.000344943 3.86254e-07 6.35406e-05 0.00892253 -0.0164615 6.71546e-05 -0.000344943 -0.0164615 0.0816 
0.00901708 -0.0165111 1.00879e-05 4.80662e-05 -0.0165111 0.0814814 4.6466e-05 -0.000306477 1.00879e-05 4.6466e-05 0.00894529 -0.016483 4.80662e-05 -0.000306477 -0.016483 0.081717 
0.00900282 -0.0164908 9.97591e-06 3.2706e-05 -0.0164908 0.0814043 3.26412e-05 -0.000262652 9.97591e-06 3.26412e-05 0.00893437 -0.01646 3.2706e-05 -0.000262652 -0.01646 0.0815662 
0.00899449 -0.0164765 1.50372e-06 3.02595e-05 -0.0164765 0.0813462 3.30169e-05 -0.000241465 1.50372e-06 3.30169e-05 0.00892428 -0.0164503 3.02595e-05 -0.000241465 -0.0164503 0.0814949 
0.00899349 -0.016508 -1.21297e-05 4.14862e-05 -0.016508 0.081512 4.43483e-05 -0.000253976 -1.21297e-05 4.43483e-05 0.00894591 -0.0164847 4.14862e-05 -0.000253976 -0.0164847 0.0816683 
0.00898461 -0.0165089 -1.55702e-05 5.94447e-05 -0.0165089 0.0815982 6.07227e-05 -0.000289552 -1.55702e-05 6.07227e-05 0.00896402 -0.0165145 5.94447e-05 -0.000289552 -0.0165145 0.0818039 
0.00895992 -0.0164275 -1.24613e-05 6.40213e-05 -0.0164275 0.0812829 6.56687e-05 -0.000313192 -1.24613e-05 6.56687e-05 0.00893645 -0.0164756 6.40213e-05 -0.000313192 -0.0164756 0.0815921 
0.00896627 -0.0164035 -3.35545e-06 5.89081e-05 -0.0164035 0.0811324 6.05837e-05 -0.000310891 -3.35545e-06 6.05837e-05 0.00891388 -0.016453 5.89081e-05 -0.000310891 -0.016453 0.0814973 
0.0089827 -0.0164442 2.2761e-06 5.06629e-05 -0.0164442 0.0812428 4.89663e-05 -0.000293148 2.2761e-06 4.89663e-05 0.00892835 -0.0164578 5.06629e-05 -0.000293148 -0.0164578 0.0815689 
0.0090086 -0.0165082 -8.88939e-06 4.4792e-05 -0.0165082 0.0815389 4.22381e-05 -0.000276273 -8.88939e-06 4.22381e-05 0.0089646 -0.0165164 4.4792e-05 -0.000276273 -0.0165164 0.0818285 
0.00901346 -0.0165311 -1.08243e-05 5.60699e-05 -0.0165311 0.0816798 5.47902e-05 -0.000285954 -1.08243e-05 5.47902e-05 0.00899978 -0.0165562 5.60699e-05 -0.000285954 -0.0165562 0.08199 
0.00902368 -0.0165415 -6.73677e-06 5.91364e-05 -0.0165415 0.0817763 5.69777e-05 -0.000297357 -6.73677e-06 5.69777e-05 0.00903065 -0.0166091 5.91364e-05 -0.000297357 -0.0166091 0.0821747 
0.00907264 -0.0166034 -5.54066e-06 5.58507e-05 -0.0166034 0.0820872 5.16528e-05 -0.000295415 -5.54066e-06 5.16528e-05 0.00906529 -0.0167041 5.58507e-05 -0.000295415 -0.0167041 0.0825917 
0.00912307 -0.0166476 -1.18649e-05 5.51947e-05 -0.0166476 0.0822549 4.92919e-05 -0.00029102 -1.18649e-05 4.92919e-05 0.00905795 -0.0167386 5.51947e-05 -0.00029102 -0.0167386 0.0827971 
0.00911779 -0.0166839 -9.07364e-06 6.32763e-05 -0.0166839 0.0823006 5.73417e-05 -0.000302446 -9.07364e-06 5.73417e-05 0.00906573 -0.0167006 6.32763e-05 -0.000302446 -0.0167006 0.0827351 
0.00914346 -0.0167115 -7.3811e-06 6.14031e-05 -0.0167115 0.0824734 5.83866e-05 -0.000313321 -7.3811e-06 5.83866e-05 0.00906963 -0.0167348 6.14031e-05 -0.000313321 -0.0167348 0.0828499 
0.00915424 -0.0167273 3.38267e-07 5.90928e-05 -0.0167273 0.0825188 5.83911e-05 -0.000315664 3.38267e-07 5.83911e-05 0.00906877 -0.0167287 5.90928e-05 -0.000315664 -0.0167287 0.0828594 
0.00914668 -0.016762 9.18729e-06 4.94617e-05 -0.016762 0.0826657 5.09028e-05 -0.000306248 9.18729e-06 5.09028e-05 0.009106 -0.0167476 4.94617e-05 -0.000306248 -0.0167476 0.0829631 
0.00914738 -0.0167643 1.93761e-05 3.82119e-05 -0.0167643 0.0827792 4.38399e-05 -0.000289857 1.93761e-05 4.38399e-05 0.00913746 -0.0168081 3.82119e-05 -0.000289857 -0.0168081 0.0831522 
0.00914037 -0.0167195 3.76724e-05 2.51761e-05 -0.0167195 0.0826116 3.4525e-05 -0.000267695 3.76724e-05 3.4525e-05 0.00912257 -0.0168107 2.51761e-05 -0.000267695 -0.0168107 0.0831167 
0.00913946 -0.0167018 4.91955e-05 2.6514e-06 -0.0167018 0.0824842 9.92203e-06 -0.000221302 4.91955e-05 9.92203e-06 0.00909806 -0.0167875 2.6514e-06 -0.000221302 -0.0167875 0.0830402 
0.00912054 -0.016694 4.31803e-05 -1.08968e-05 -0.016694 0.082395 -1.01506e-05 -0.000170653 4.31803e-05 -1.01506e-05 0.00908837 -0.0167466 -1.08968e-05 -0.000170653 -0.0167466 0.0829045 
