0.00618656 0 3.09834e-06 0 0 0.00877662 0 0 3.09834e-06 0 0.0061891 0 0 0 0 0.00877662 
0.00946513 -0.0117516 2.82391e-06 -3.25542e-06 -0.0117516 0.0312075 -3.25542e-06 6.27963e-06 2.82391e-06 -3.25542e-06 0.00942904 -0.0117005 -3.25542e-06 6.27963e-06 -0.0117005 0.0311094 
0.00976157 -0.0182596 -1.60402e-06 5.63357e-06 -0.0182596 0.0672884 5.63357e-06 -2.09478e-05 -1.60402e-06 5.63357e-06 0.00967987 -0.0179635 5.63357e-06 -2.09478e-05 -0.0179635 0.0662795 
0.00916519 -0.0178981 1.15869e-05 2.00611e-05 -0.0178981 0.0804148 1.87623e-05 -9.1375e-05 1.15869e-05 1.87623e-05 0.00910405 -0.0174016 2.00611e-05 -9.1375e-05 -0.0174016 0.0779604 
0.00883161 -0.0167379 1.59173e-05 6.82074e-06 -0.0167379 0.0811958 -2.59312e-06 -8.74564e-05 1.59173e-05 -2.59312e-06 0.00883916 -0.016342 6.82074e-06 -8.74564e-05 -0.016342 0.0784974 
0.0085892 -0.0159487 1.06048e-05 -3.93294e-07 -0.0159487 0.0788731 -1.50253e-05 -4.79177e-05 1.06048e-05 -1.50253e-05 0.00863839 -0.0157492 -3.93294e-07 -4.79177e-05 -0.0157492 0.0769122 
0.00837294 -0.0154336 9.26815e-06 2.99237e-06 -0.0154336 0.0764839 -8.50683e-06 -3.33924e-05 9.26815e-06 -8.50683e-06 0.00841972 -0.0153449 2.99237e-06 -3.33924e-05 -0.0153449 0.0752496 
0.00816479 -0.0150163 1.24316e-05 1.74653e-06 -0.0150163 0.0743507 -4.12414e-06 -3.03567e-05 1.24316e-05 -4.12414e-06 0.00818736 -0.014937 1.74653e-06 -3.03567e-05 -0.014937 0.073477 
0.0096262 -0.0176635 1.25683e-05 -6.37389e-06 -0.0176635 0.0873592 -8.59578e-06 -2.33474e-05 1.25683e-05 -8.59578e-06 0.009606 -0.0175243 -6.37389e-06 -2.33474e-05 -0.0175243 0.0863929 
0.00950472 -0.0174492 1.05884e-05 -6.79775e-06 -0.0174492 0.0861354 -4.75049e-06 -1.86698e-05 1.05884e-05 -4.75049e-06 0.0094573 -0.0172293 -6.79775e-06 -1.86698e-05 -0.0172293 0.085029 
0.00941291 -0.0173143 1.97545e-05 -5.52639e-06 -0.0173143 0.0853871 -2.10497e-06 -2.02474e-05 1.97545e-05 -2.10497e-06 0.00937023 -0.0170476 -5.52639e-06 -2.02474e-05 -0.0170476 0.0841154 
0.0093857 -0.0172665 1.18204e-05 -1.37631e-05 -0.0172665 0.0851671 -1.30455e-05 -8.84419e-06 1.18204e-05 -1.30455e-05 0.00933216 -0.0170029 -1.37631e-05 -8.84419e-06 -0.0170029 0.0838251 
0.00937956 -0.0172652 -2.11836e-06 -1.49649e-07 -0.0172652 0.0851631 -3.83238e-06 -2.23152e-05 -2.11836e-06 -3.83238e-06 0.00931944 -0.0169968 -1.49649e-07 -2.23152e-05 -0.0169968 0.0838025 
0.0094051 -0.0173119 -1.15089e-05 1.92733e-05 -0.0173119 0.0854127 1.35074e-05 -6.27118e-05 -1.15089e-05 1.35074e-05 0.00932808 -0.0170383 1.92733e-05 -6.27118e-05 -0.0170383 0.0840384 
0.00938871 -0.017311 -9.23536e-06 3.30646e-05 -0.017311 0.0854187 2.75029e-05 -0.000106458 -9.23536e-06 2.75029e-05 0.00933747 -0.0170212 3.30646e-05 -0.000106458 -0.0170212 0.0840242 
0.00937924 -0.0172839 4.31017e-06 3.17138e-05 -0.0172839 0.0853644 2.56273e-05 -0.0001228 4.31017e-06 2.56273e-05 0.00934373 -0.0170324 3.17138e-05 -0.0001228 -0.0170324 0.0840297 
0.00936609 -0.0172322 1.06897e-05 1.78895e-05 -0.0172322 0.0851323 1.14868e-05 -0.000108673 1.06897e-05 1.14868e-05 0.0093189 -0.0170107 1.78895e-05 -0.000108673 -0.0170107 0.0838978 
0.00933399 -0.0172245 2.27525e-05 9.15046e-06 -0.0172245 0.0850465 4.48013e-06 -8.86344e-05 2.27525e-05 4.48013e-06 0.0093359 -0.0169911 9.15046e-06 -8.86344e-05 -0.0169911 0.0838404 
0.00930558 -0.0171879 1.64339e-05 -6.82741e-06 -0.0171879 0.0849599 -8.122e-06 -6.12407e-05 1.64339e-05 -8.122e-06 0.00935387 -0.0170113 -6.82741e-06 -6.12407e-05 -0.0170113 0.08384 
0.0092884 -0.0171185 8.76001e-06 -9.96608e-07 -0.0171185 0.0846963 -2.95468e-07 -5.88203e-05 8.76001e-06 -2.95468e-07 0.00933008 -0.017004 -9.96608e-07 -5.88203e-05 -0.017004 0.0837277 
0.00926811 -0.0170787 6.0479e-07 1.07674e-05 -0.0170787 0.0844559 8.49475e-06 -7.94712e-05 6.0479e-07 8.49475e-06 0.00930397 -0.0169626 1.07674e-05 -7.94712e-05 -0.0169626 0.0835587 
0.0092657 -0.0170426 -4.76369e-06 2.23275e-05 -0.0170426 0.0842518 1.58421e-05 -0.000103283 -4.76369e-06 1.58421e-05 0.00926396 -0.0169153 2.23275e-05 -0.000103283 -0.0169153 0.083351 
0.00927989 -0.0170748 2.01413e-06 3.11019e-05 -0.0170748 0.084321 2.08172e-05 -0.000123946 2.01413e-06 2.08172e-05 0.00925363 -0.0168988 3.11019e-05 -0.000123946 -0.0168988 0.083338 
0.00930501 -0.0171024 4.9911e-06 2.3467e-05 -0.0171024 0.0844182 1.58869e-05 -0.000125305 4.9911e-06 1.58869e-05 0.00924595 -0.0168882 2.3467e-05 -0.000125305 -0.0168882 0.083325 
0.00934132 -0.0171663 -4.89627e-08 1.40877e-05 -0.0171663 0.0846608 1.46503e-05 -0.000112712 -4.89627e-08 1.46503e-05 0.00925221 -0.0169042 1.40877e-05 -0.000112712 -0.0169042 0.0834393 
0.00935908 -0.017207 9.37402e-06 1.68951e-05 -0.017207 0.0848124 2.27021e-05 -0.000114581 9.37402e-06 2.27021e-05 0.00924912 -0.0169024 1.68951e-05 -0.000114581 -0.0169024 0.0834624 
0.0093348 -0.0172034 1.93761e-05 3.25629e-06 -0.0172034 0.0847799 1.24254e-05 -9.84985e-05 1.93761e-05 1.24254e-05 0.00925497 -0.0168684 3.25629e-06 -9.84985e-05 -0.0168684 0.0833248 
0.00930639 -0.0171501 1.49565e-05 -1.04525e-05 -0.0171501 0.0846012 -4.80142e-07 -6.58686e-05 1.49565e-05 -4.80142e-07 0.00924212 -0.016854 -1.04525e-05 -6.58686e-05 -0.016854 0.0831673 
0.00928898 -0.0171128 1.10529e-05 -5.50957e-06 -0.0171128 0.0844549 1.81105e-06 -5.45658e-05 1.10529e-05 1.81105e-06 0.00922435 -0.0168421 -5.50957e-06 -5.45658e-05 -0.0168421 0.0830896 
0.00929322 -0.0171241 1.09279e-05 6.07221e-07 -0.0171241 0.0845261 3.5762e-06 -5.80351e-05 1.09279e-05 3.5762e-06 0.00922919 -0.0168603 6.07221e-07 -5.80351e-05 -0.0168603 0.0832086 
0.0092546 -0.0171015 6.82383e-06 3.74541e-06 -0.0171015 0.0844381 2.44888e-06 -6.15013e-05 6.82383e-06 2.44888e-06 0.00924172 -0.0168415 3.74541e-06 -6.15013e-05 -0.0168415 0.0831486 
0.00922966 -0.0170319 7.04257e-06 1.03144e-05 -0.0170319 0.0842218 6.78307e-06 -7.15106e-05 7.04257e-06 6.78307e-06 0.00922436 -0.0168365 1.03144e-05 -7.15106e-05 -0.0168365 0.0830467 
0.0092306 -0.0169969 -3.5595e-06 9.54536e-06 -0.0169969 0.0840675 4.59162e-06 -7.26597e-05 -3.5595e-06 4.59162e-06 0.00920098 -0.0168239 9.54536e-06 -7.26597e-05 -0.0168239 0.0830027 
0.00924424 -0.0170242 -8.99614e-06 1.90939e-05 -0.0170242 0.084142 1.82985e-05 -8.86633e-05 -8.99614e-06 1.82985e-05 0.00920131 -0.0168255 1.90939e-05 -8.86633e-05 -0.0168255 0.0830821 
0.0092603 -0.0170716 -2.41926e-06 2.45409e-05 -0.0170716 0.0843582 2.61482e-05 -0.000107364 -2.41926e-06 2.61482e-05 0.00922476 -0.0168539 2.45409e-05 -0.000107364 -0.0168539 0.0832578 
0.00924998 -0.0170738 3.08346e-06 1.61114e-05 -0.0170738 0.0844022 1.61206e-05 -9.78572e-05 3.08346e-06 1.61206e-05 0.00925131 -0.0168661 1.61114e-05 -9.78572e-05 -0.0168661 0.0833045 
0.00925023 -0.0170931 2.48251e-06 7.77404e-06 -0.0170931 0.0845641 7.49779e-06 -7.42658e-05 2.48251e-06 7.49779e-06 0.00929049 -0.0169324 7.77404e-06 -7.42658e-05 -0.0169324 0.0835474 
0.00925542 -0.0170831 5.73077e-06 7.35056e-06 -0.0170831 0.0845952 7.16669e-06 -6.1736e-05 5.73077e-06 7.16669e-06 0.00930712 -0.0169767 7.35056e-06 -6.1736e-05 -0.0169767 0.0837116 
0.00922808 -0.0170199 8.13141e-06 5.97655e-06 -0.0170199 0.0842831 3.34693e-06 -5.51847e-05 8.13141e-06 3.34693e-06 0.0092796 -0.0169321 5.97655e-06 -5.51847e-05 -0.0169321 0.0834936 
0.00919396 -0.0169703 -7.65455e-07 4.74332e-06 -0.0169703 0.0840146 1.79145e-06 -5.16708e-05 -7.65455e-07 1.79145e-06 0.00927138 -0.0168827 4.74332e-06 -5.16708e-05 -0.0168827 0.0832586 
0.00918051 -0.0169211 -7.42941e-06 1.40826e-05 -0.0169211 0.0837914 1.42976e-05 -6.78324e-05 -7.42941e-06 1.42976e-05 0.00925776 -0.0168663 1.40826e-05 -6.78324e-05 -0.0168663 0.0830974 
0.00920085 -0.0169318 -9.09467e-06 1.98667e-05 -0.0169318 0.0837889 2.46704e-05 -8.90666e-05 -9.09467e-06 2.46704e-05 0.0092439 -0.0168749 1.98667e-05 -8.90666e-05 -0.0168749 0.0831218 
0.00921695 -0.0169698 -1.30419e-05 2.04066e-05 -0.0169698 0.0838745 2.81879e-05 -0.000100163 -1.30419e-05 2.81879e-05 0.0092374 -0.0168591 2.04066e-05 -0.000100163 -0.0168591 0.0831151 
0.00923479 -0.0170156 -3.77524e-06 2.3373e-05 -0.0170156 0.0840633 3.10575e-05 -0.000105315 -3.77524e-06 3.10575e-05 0.00923968 -0.016868 2.3373e-05 -0.000105315 -0.016868 0.0831831 
0.00924358 -0.017063 3.23226e-06 1.22026e-05 -0.017063 0.0842979 1.85077e-05 -8.84237e-05 3.23226e-06 1.85077e-05 0.00926171 -0.0168902 1.22026e-05 -8.84237e-05 -0.0168902 0.08332 
0.00921524 -0.017023 7.44414e-06 1.44427e-06 -0.017023 0.0841727 5.7862e-06 -5.68741e-05 7.44414e-06 5.7862e-06 0.00925794 -0.0168691 1.44427e-06 -5.68741e-05 -0.0168691 0.0831888 
0.00918626 -0.0169586 -1.52219e-07 -5.00867e-06 -0.0169586 0.0839205 3.67484e-07 -3.19266e-05 -1.52219e-07 3.67484e-07 0.00923618 -0.0168423 -5.00867e-06 -3.19266e-05 -0.0168423 0.0830096 
0.00917562 -0.0169517 -2.52966e-06 3.71259e-06 -0.0169517 0.0838994 9.79363e-06 -3.61914e-05 -2.52966e-06 9.79363e-06 0.00924372 -0.0168508 3.71259e-06 -3.61914e-05 -0.0168508 0.0830554 
0.00919433 -0.0169474 4.40084e-06 8.16183e-06 -0.0169474 0.0839212 1.43112e-05 -5.08191e-05 4.40084e-06 1.43112e-05 0.00923422 -0.0168724 8.16183e-06 -5.08191e-05 -0.0168724 0.0831462 
0.00921386 -0.0169733 7.38108e-06 1.89973e-06 -0.0169733 0.0839871 5.67289e-06 -4.63763e-05 7.38108e-06 5.67289e-06 0.00922586 -0.0168684 1.89973e-06 -4.63763e-05 -0.0168684 0.0832031 
0.00921115 -0.0169746 4.63809e-06 -1.8327e-06 -0.0169746 0.0839444 -1.67828e-06 -3.09187e-05 4.63809e-06 -1.67828e-06 0.00921605 -0.0168314 -1.8327e-06 -3.09187e-05 -0.0168314 0.0830844 
0.00922047 -0.0169749 8.01419e-06 2.71725e-06 -0.0169749 0.0839346 1.465e-07 -2.91556e-05 8.01419e-06 1.465e-07 0.00919471 -0.0168185 2.71725e-06 -2.91556e-05 -0.0168185 0.0830144 
0.00920384 -0.0169748 1.06416e-05 -4.51831e-07 -0.0169748 0.083889 -6.869e-06 -2.02872e-05 1.06416e-05 -6.869e-06 0.00918264 -0.016782 -4.51831e-07 -2.02872e-05 -0.016782 0.0828933 
0.00917181 -0.0169548 -7.07123e-07 -2.752e-06 -0.0169548 0.0838363 -1.0471e-05 -1.05506e-05 -7.07123e-07 -1.0471e-05 0.0091904 -0.0167647 -2.752e-06 -1.05506e-05 -0.0167647 0.0828067 
0.00915716 -0.016898 -1.74922e-05 9.60724e-06 -0.016898 0.0836657 5.10005e-06 -2.82035e-05 -1.74922e-05 5.10005e-06 0.0091695 -0.0167603 9.60724e-06 -2.82035e-05 -0.0167603 0.0827155 
0.00914292 -0.0168455 -2.40223e-05 2.85101e-05 -0.0168455 0.0833961 2.65155e-05 -6.88995e-05 -2.40223e-05 2.65155e-05 0.00912823 -0.0167086 2.85101e-05 -6.88995e-05 -0.0167086 0.082503 
0.00913178 -0.0168658 -3.01889e-05 3.45725e-05 -0.0168658 0.0834426 3.83118e-05 -0.000102312 -3.01889e-05 3.83118e-05 0.00914277 -0.0166986 3.45725e-05 -0.000102312 -0.0166986 0.0825212 
0.00908901 -0.0167747 -2.52663e-05 3.78573e-05 -0.0167747 0.0830659 4.61718e-05 -0.000118837 -2.52663e-05 4.61718e-05 0.00911279 -0.0166413 3.78573e-05 -0.000118837 -0.0166413 0.0821846 
0.00907135 -0.016709 -9.56056e-06 2.93646e-05 -0.016709 0.0827522 3.81322e-05 -0.00010812 -9.56056e-06 3.81322e-05 0.0090891 -0.0166024 2.93646e-05 -0.00010812 -0.0166024 0.0819561 
0.009083 -0.0167224 -3.57362e-06 1.11525e-05 -0.0167224 0.0827514 1.82144e-05 -7.19194e-05 -3.57362e-06 1.82144e-05 0.00909484 -0.0166143 1.11525e-05 -7.19194e-05 -0.0166143 0.0819977 
0.00908667 -0.0167586 3.40901e-06 5.26598e-07 -0.0167586 0.0828742 8.54799e-06 -3.43694e-05 3.40901e-06 8.54799e-06 0.00911747 -0.0166406 5.26598e-07 -3.43694e-05 -0.0166406 0.0821179 
0.00909971 -0.0167841 5.23085e-06 -1.15026e-05 -0.0167841 0.0830302 1.1363e-06 -3.64822e-06 5.23085e-06 1.1363e-06 0.00913334 -0.0166831 -1.15026e-05 -3.64822e-06 -0.0166831 0.0822886 
0.00911874 -0.0168358 6.56187e-06 -1.88217e-05 -0.0168358 0.0832935 -2.05731e-06 2.11131e-05 6.56187e-06 -2.05731e-06 0.0091579 -0.0167342 -1.88217e-05 2.11131e-05 -0.0167342 0.0825555 
0.00914948 -0.0168569 1.06202e-10 -2.34988e-05 -0.0168569 0.0834373 -6.51655e-06 4.24813e-05 1.06202e-10 -6.51655e-06 0.00915087 -0.0167575 -2.34988e-05 4.24813e-05 -0.0167575 0.082694 
0.00914353 -0.0168205 5.71897e-08 -1.41231e-05 -0.0168205 0.0832008 -1.18549e-06 4.14359e-05 5.71897e-08 -1.18549e-06 0.00910061 -0.0166774 -1.41231e-05 4.14359e-05 -0.0166774 0.0823933 
0.00910814 -0.0167956 9.92064e-06 -8.4292e-06 -0.0167956 0.0829982 -4.36321e-06 3.65863e-05 9.92064e-06 -4.36321e-06 0.00907717 -0.016595 -8.4292e-06 3.65863e-05 -0.016595 0.0820608 
0.0090908 -0.0167565 9.09666e-06 -1.60263e-05 -0.0167565 0.0828528 -1.86632e-05 5.08553e-05 9.09666e-06 -1.86632e-05 0.00905648 -0.0165652 -1.60263e-05 5.08553e-05 -0.0165652 0.0818647 
0.00908861 -0.0167582 3.42975e-06 -1.60344e-05 -0.0167582 0.0828686 -2.09651e-05 6.45841e-05 3.42975e-06 -2.09651e-05 0.00906192 -0.0165707 -1.60344e-05 6.45841e-05 -0.0165707 0.0818867 
0.00906326 -0.0167487 -3.17227e-06 -7.61276e-06 -0.0167487 0.0828404 -1.21131e-05 5.28808e-05 -3.17227e-06 -1.21131e-05 0.00908889 -0.0165732 -7.61276e-06 5.28808e-05 -0.0165732 0.0818849 
0.00903874 -0.016705 -7.6172e-06 -1.81707e-07 -0.016705 0.0827225 -4.03267e-06 3.52948e-05 -7.6172e-06 -4.03267e-06 0.00910392 -0.0165999 -1.81707e-07 3.52948e-05 -0.0165999 0.0818967 
0.0090475 -0.0166798 -1.15448e-05 4.97892e-06 -0.0166798 0.082647 3.86565e-06 1.72301e-05 -1.15448e-05 3.86565e-06 0.00909753 -0.0166298 4.97892e-06 1.72301e-05 -0.0166298 0.081982 
0.00906962 -0.0166966 -1.3071e-05 8.87083e-06 -0.0166966 0.0826592 1.05677e-05 8.84388e-07 -1.3071e-05 1.05677e-05 0.00908693 -0.0166275 8.87083e-06 8.84388e-07 -0.0166275 0.0820292 
0.00909981 -0.0167556 -1.73988e-05 8.10706e-06 -0.0167556 0.082858 1.17776e-05 -3.22668e-06 -1.73988e-05 1.17776e-05 0.00909196 -0.0166342 8.10706e-06 -3.22668e-06 -0.0166342 0.0821298 
0.00911625 -0.0168099 -1.68282e-05 1.22301e-05 -0.0168099 0.0830897 1.55122e-05 -8.17262e-06 -1.68282e-05 1.55122e-05 0.00910481 -0.0166543 1.22301e-05 -8.17262e-06 -0.0166543 0.0822534 
0.00913132 -0.0168202 -7.42597e-06 1.40609e-05 -0.0168202 0.0831733 1.27695e-05 -9.93343e-06 -7.42597e-06 1.27695e-05 0.00909368 -0.0166592 1.40609e-05 -9.93343e-06 -0.0166592 0.0822852 
0.00912574 -0.0168255 -4.1395e-07 4.73514e-06 -0.0168255 0.083173 -2.73511e-07 6.80423e-06 -4.1395e-07 -2.73511e-07 0.00908402 -0.0166332 4.73514e-06 6.80423e-06 -0.0166332 0.0822227 
0.00912711 -0.0168063 3.81716e-07 -4.24692e-06 -0.0168063 0.0831062 -1.06992e-05 3.12552e-05 3.81716e-07 -1.06992e-05 0.00906743 -0.0166104 -4.24692e-06 3.12552e-05 -0.0166104 0.0821239 
0.00912461 -0.0168309 7.68994e-06 -4.9243e-06 -0.0168309 0.0831907 -1.08162e-05 4.1839e-05 7.68994e-06 -1.08162e-05 0.00907552 -0.0166112 -4.9243e-06 4.1839e-05 -0.0166112 0.0821609 
0.00911828 -0.0168205 7.79434e-06 -1.17152e-05 -0.0168205 0.0831944 -1.53303e-05 4.83303e-05 7.79434e-06 -1.53303e-05 0.00907891 -0.0166167 -1.17152e-05 4.83303e-05 -0.0166167 0.0821704 
0.00909166 -0.0167649 1.5865e-05 -1.15313e-05 -0.0167649 0.0829542 -1.38181e-05 4.87072e-05 1.5865e-05 -1.38181e-05 0.00906506 -0.0165781 -1.15313e-05 4.87072e-05 -0.0165781 0.0819742 
0.0090932 -0.0167746 2.32937e-05 -2.06271e-05 -0.0167746 0.0830114 -2.33479e-05 6.02782e-05 2.32937e-05 -2.33479e-05 0.0090837 -0.0166071 -2.06271e-05 6.02782e-05 -0.0166071 0.0820826 
0.00908845 -0.0167904 1.81783e-05 -2.74377e-05 -0.0167904 0.0831129 -3.3334e-05 7.83218e-05 1.81783e-05 -3.3334e-05 0.00911363 -0.0166461 -2.74377e-05 7.83218e-05 -0.0166461 0.0822445 
0.00907648 -0.0167582 3.53322e-06 -2.06759e-05 -0.0167582 0.0830253 -2.57561e-05 7.33369e-05 3.53322e-06 -2.57561e-05 0.00910963 -0.0166599 -2.06759e-05 7.33369e-05 -0.0166599 0.0822593 
0.00906081 -0.016726 1.09254e-05 -2.10541e-06 -0.016726 0.0828835 -6.28995e-06 3.70128e-05 1.09254e-05 -6.28995e-06 0.00910081 -0.0166446 -2.10541e-06 3.70128e-05 -0.0166446 0.0822014 
0.00903574 -0.0166708 2.278e-05 -1.04746e-05 -0.0166708 0.0826191 -1.38944e-05 2.86995e-05 2.278e-05 -1.38944e-05 0.00907806 -0.0166008 -1.04746e-05 2.86995e-05 -0.0166008 0.0819894 
0.00900389 -0.0166228 1.18549e-05 -2.62156e-05 -0.0166228 0.0823639 -3.13635e-05 5.90136e-05 1.18549e-05 -3.13635e-05 0.00905886 -0.0165522 -2.62156e-05 5.90136e-05 -0.0165522 0.0817496 
0.00900358 -0.0166048 -4.59042e-06 -1.54073e-05 -0.0166048 0.0822902 -2.07839e-05 6.06643e-05 -4.59042e-06 -2.07839e-05 0.00904645 -0.0165499 -1.54073e-05 6.06643e-05 -0.0165499 0.0817047 
0.00899733 -0.0166005 -1.47181e-05 7.01989e-06 -0.0166005 0.0822312 2.41112e-06 1.72847e-05 -1.47181e-05 2.41112e-06 0.0090446 -0.0165302 7.01989e-06 1.72847e-05 -0.0165302 0.0816375 
0.00900029 -0.0166419 -1.80093e-05 2.10223e-05 -0.0166419 0.0824329 2.0175e-05 -3.24623e-05 -1.80093e-05 2.0175e-05 0.00908828 -0.0165753 2.10223e-05 -3.24623e-05 -0.0165753 0.0818329 
0.00900985 -0.0166344 -2.02332e-05 2.46333e-05 -0.0166344 0.0824762 2.85455e-05 -6.46366e-05 -2.02332e-05 2.85455e-05 0.00910146 -0.0166221 2.46333e-05 -6.46366e-05 -0.0166221 0.081967 
0.00902761 -0.0166487 -8.87443e-06 2.80265e-05 -0.0166487 0.0825317 3.06594e-05 -8.08058e-05 -8.87443e-06 3.06594e-05 0.00911072 -0.0166506 2.80265e-05 -8.08058e-05 -0.0166506 0.0821045 
0.00904481 -0.0167045 8.70168e-06 1.72917e-05 -0.0167045 0.0827521 1.68283e-05 -7.04859e-05 8.70168e-06 1.68283e-05 0.00914016 -0.0166879 1.72917e-05 -7.04859e-05 -0.0166879 0.0823152 
0.00904736 -0.0167091 1.92515e-05 -1.3635e-06 -0.0167091 0.0827953 -5.88513e-06 -3.27345e-05 1.92515e-05 -5.88513e-06 0.00915019 -0.0166973 -1.3635e-06 -3.27345e-05 -0.0166973 0.0823414 
0.00906493 -0.0167139 2.23304e-05 -1.36031e-05 -0.0167139 0.0828231 -1.88701e-05 2.31421e-06 2.23304e-05 -1.88701e-05 0.00914806 -0.0167083 -1.36031e-05 2.31421e-06 -0.0167083 0.0823703 
0.00910578 -0.0167777 2.91641e-05 -1.73729e-05 -0.0167777 0.0830708 -2.17455e-05 1.92532e-05 2.91641e-05 -2.17455e-05 0.00914681 -0.0167414 -1.73729e-05 1.92532e-05 -0.0167414 0.0825595 
0.00911598 -0.0167967 1.99052e-05 -2.44061e-05 -0.0167967 0.0831036 -2.97365e-05 3.35971e-05 1.99052e-05 -2.97365e-05 0.00912245 -0.0167024 -2.44061e-05 3.35971e-05 -0.0167024 0.0824618 
0.00912161 -0.0167898 6.55173e-06 -1.41152e-05 -0.0167898 0.0830396 -1.96496e-05 2.53565e-05 6.55173e-06 -1.96496e-05 0.00907947 -0.0166487 -1.41152e-05 2.53565e-05 -0.0166487 0.0822576 
0.00910275 -0.0167617 1.85018e-05 2.39665e-06 -0.0167617 0.0828432 -1.03212e-06 -1.03171e-05 1.85018e-05 -1.03212e-06 0.00904217 -0.0165586 2.39665e-06 -1.03171e-05 -0.0165586 0.0819063 
0.00910254 -0.0167544 2.51481e-05 -1.20923e-05 -0.0167544 0.0827898 -1.30054e-05 -8.77609e-06 2.51481e-05 -1.30054e-05 0.00901415 -0.0165234 -1.20923e-05 -8.77609e-06 -0.0165234 0.0817347 
0.00906828 -0.0167217 1.14867e-05 -2.30778e-05 -0.0167217 0.0826033 -2.3757e-05 1.72873e-05 1.14867e-05 -2.3757e-05 0.00899751 -0.0164615 -2.30778e-05 1.72873e-05 -0.0164615 0.0814674 
0.00904511 -0.0167023 1.79116e-06 -6.89967e-06 -0.0167023 0.0825644 -8.19901e-06 5.68412e-06 1.79116e-06 -8.19901e-06 0.00900298 -0.0164655 -6.89967e-06 5.68412e-06 -0.0164655 0.0814334 
0.00900827 -0.0166471 -5.04278e-06 7.81575e-06 -0.0166471 0.0823779 4.90034e-06 -2.80606e-05 -5.04278e-06 4.90034e-06 0.00900809 -0.0164577 7.81575e-06 -2.80606e-05 -0.0164577 0.0813515 
0.00898348 -0.0165888 -8.45979e-06 1.64549e-05 -0.0165888 0.082168 1.32517e-05 -5.48016e-05 -8.45979e-06 1.32517e-05 0.00900113 -0.0164613 1.64549e-05 -5.48016e-05 -0.0164613 0.0813005 
0.00894758 -0.0165215 -1.41181e-05 1.87314e-05 -0.0165215 0.0818537 1.71211e-05 -6.78759e-05 -1.41181e-05 1.71211e-05 0.00898004 -0.0164253 1.87314e-05 -6.78759e-05 -0.0164253 0.0811196 
0.00893377 -0.0165016 -1.95734e-05 2.68068e-05 -0.0165016 0.0817724 2.54016e-05 -8.60036e-05 -1.95734e-05 2.54016e-05 0.00897465 -0.0164291 2.68068e-05 -8.60036e-05 -0.0164291 0.0811313 
0.00891523 -0.0164762 -1.74694e-05 3.11751e-05 -0.0164762 0.0816705 3.22633e-05 -0.000101095 -1.74694e-05 3.22633e-05 0.00896703 -0.0164163 3.11751e-05 -0.000101095 -0.0164163 0.0810915 
0.00888022 -0.0163952 -2.39335e-05 2.51433e-05 -0.0163952 0.0813075 3.09641e-05 -9.92305e-05 -2.39335e-05 3.09641e-05 0.00893222 -0.0163522 2.51433e-05 -9.92305e-05 -0.0163522 0.0807866 
0.00887376 -0.0163689 -2.47301e-05 2.88354e-05 -0.0163689 0.0811617 3.82082e-05 -0.000101043 -2.47301e-05 3.82082e-05 0.00891303 -0.0163296 2.88354e-05 -0.000101043 -0.0163296 0.0806767 
0.00888583 -0.0163791 -2.37289e-05 3.20309e-05 -0.0163791 0.0811767 3.89829e-05 -0.000106885 -2.37289e-05 3.89829e-05 0.0088995 -0.0163269 3.20309e-05 -0.000106885 -0.0163269 0.0806891 
0.00888091 -0.0163807 -1.34793e-05 3.31385e-05 -0.0163807 0.0811397 3.52559e-05 -0.000106845 -1.34793e-05 3.52559e-05 0.0088872 -0.0162966 3.31385e-05 -0.000106845 -0.0162966 0.0806006 
0.00885063 -0.01634 -1.03512e-05 2.22188e-05 -0.01634 0.0809359 2.12037e-05 -8.67978e-05 -1.03512e-05 2.12037e-05 0.00886567 -0.0162413 2.22188e-05 -8.67978e-05 -0.0162413 0.0803423 
0.00885689 -0.0163271 -4.12847e-06 1.72509e-05 -0.0163271 0.0809005 1.44138e-05 -6.45358e-05 -4.12847e-06 1.44138e-05 0.0088496 -0.016239 1.72509e-05 -6.45358e-05 -0.016239 0.0803046 
0.0088581 -0.0163453 -1.95266e-06 9.23042e-06 -0.0163453 0.0809474 6.13501e-06 -4.34481e-05 -1.95266e-06 6.13501e-06 0.00884968 -0.0162336 9.23042e-06 -4.34481e-05 -0.0162336 0.0803246 
0.00884782 -0.0163341 -5.07319e-06 6.42387e-06 -0.0163341 0.0809092 5.13541e-06 -3.24876e-05 -5.07319e-06 5.13541e-06 0.00884272 -0.0162202 6.42387e-06 -3.24876e-05 -0.0162202 0.0802663 
0.00884376 -0.0163276 3.39378e-06 8.17156e-06 -0.0163276 0.0809002 1.10426e-05 -3.52476e-05 3.39378e-06 1.10426e-05 0.00884168 -0.0162179 8.17156e-06 -3.52476e-05 -0.0162179 0.0802609 
0.00884861 -0.0163398 3.30874e-06 -1.97691e-06 -0.0163398 0.0809738 2.67836e-06 -2.47594e-05 3.30874e-06 2.67836e-06 0.00884996 -0.0162327 -1.97691e-06 -2.47594e-05 -0.0162327 0.0803408 
0.0088618 -0.0163788 -5.33234e-06 -2.92223e-06 -0.0163788 0.0811872 2.63166e-07 -1.35893e-05 -5.33234e-06 2.63166e-07 0.0088763 -0.0162783 -2.92223e-06 -1.35893e-05 -0.0162783 0.0805673 
0.00886856 -0.0163626 -7.10442e-06 9.55721e-06 -0.0163626 0.0811568 8.25517e-06 -2.3676e-05 -7.10442e-06 8.25517e-06 0.00886415 -0.016282 9.55721e-06 -2.3676e-05 -0.016282 0.0805807 
0.00887092 -0.0163761 -9.53881e-06 1.47567e-05 -0.0163761 0.0811882 9.42946e-06 -3.61944e-05 -9.53881e-06 9.42946e-06 0.00886577 -0.0162747 1.47567e-05 -3.61944e-05 -0.0162747 0.0806064 
0.00885714 -0.0163524 -9.53601e-06 1.76284e-05 -0.0163524 0.0810815 1.3463e-05 -4.57791e-05 -9.53601e-06 1.3463e-05 0.00886095 -0.0162489 1.76284e-05 -4.57791e-05 -0.0162489 0.080486 
0.00884552 -0.0163351 -8.56378e-06 1.7126e-05 -0.0163351 0.0810087 1.63166e-05 -5.30469e-05 -8.56378e-06 1.63166e-05 0.00885968 -0.016244 1.7126e-05 -5.30469e-05 -0.016244 0.0804296 
0.00884623 -0.0163533 -7.6632e-06 1.50439e-05 -0.0163533 0.0811181 1.57409e-05 -5.35225e-05 -7.6632e-06 1.57409e-05 0.00888517 -0.0162801 1.50439e-05 -5.35225e-05 -0.0162801 0.0805833 
0.0088523 -0.0163358 -1.62913e-05 1.22153e-05 -0.0163358 0.0810794 1.42448e-05 -4.9043e-05 -1.62913e-05 1.42448e-05 0.00888352 -0.0162935 1.22153e-05 -4.9043e-05 -0.0162935 0.0806145 
0.00885098 -0.0162902 -6.51168e-06 2.10335e-05 -0.0162902 0.0808171 2.39141e-05 -5.88858e-05 -6.51168e-06 2.39141e-05 0.00883673 -0.0162437 2.10335e-05 -5.88858e-05 -0.0162437 0.0803837 
0.00884243 -0.016275 -5.79137e-06 9.24917e-06 -0.016275 0.0806233 1.452e-05 -5.06092e-05 -5.79137e-06 1.452e-05 0.00880175 -0.0161693 9.24917e-06 -5.06092e-05 -0.0161693 0.0801038 
0.00881718 -0.0162803 -5.37509e-06 3.36748e-06 -0.0162803 0.0805853 1.20711e-05 -3.19706e-05 -5.37509e-06 1.20711e-05 0.00881701 -0.0161326 3.36748e-06 -3.19706e-05 -0.0161326 0.0799411 
0.00879331 -0.0162839 -1.51182e-05 1.82302e-06 -0.0162839 0.0806746 1.03528e-05 -2.17016e-05 -1.51182e-05 1.03528e-05 0.00886765 -0.0161796 1.82302e-06 -2.17016e-05 -0.0161796 0.0800373 
0.00879577 -0.0162816 -1.90045e-05 1.73448e-05 -0.0162816 0.0807963 1.95686e-05 -3.7857e-05 -1.90045e-05 1.95686e-05 0.00890617 -0.0162739 1.73448e-05 -3.7857e-05 -0.0162739 0.0803334 
0.00879531 -0.0162536 -1.51326e-05 2.69485e-05 -0.0162536 0.0807106 2.37645e-05 -6.0445e-05 -1.51326e-05 2.37645e-05 0.00890554 -0.0163027 2.69485e-05 -6.0445e-05 -0.0163027 0.0804342 
0.00881856 -0.0162727 -9.1654e-06 2.37983e-05 -0.0162727 0.0807804 1.85993e-05 -6.39589e-05 -9.1654e-06 1.85993e-05 0.00890035 -0.0163278 2.37983e-05 -6.39589e-05 -0.0163278 0.0805923 
0.00885869 -0.0163303 -8.69256e-06 1.42834e-05 -0.0163303 0.081006 1.1321e-05 -4.89893e-05 -8.69256e-06 1.1321e-05 0.00890208 -0.016349 1.42834e-05 -4.89893e-05 -0.016349 0.0807851 
0.0088865 -0.0163822 -6.3888e-06 1.07389e-05 -0.0163822 0.0811987 1.09319e-05 -3.64057e-05 -6.3888e-06 1.09319e-05 0.00889568 -0.0163482 1.07389e-05 -3.64057e-05 -0.0163482 0.0808679 
0.00889994 -0.0163994 -9.08595e-06 6.482e-06 -0.0163994 0.0812521 7.67244e-06 -2.49568e-05 -9.08595e-06 7.67244e-06 0.00887896 -0.0163155 6.482e-06 -2.49568e-05 -0.0163155 0.0807839 
0.00890154 -0.0164158 -7.7867e-06 9.9149e-06 -0.0164158 0.0812965 1.05413e-05 -2.45727e-05 -7.7867e-06 1.05413e-05 0.00887367 -0.0162893 9.9149e-06 -2.45727e-05 -0.0162893 0.0806995 
0.00887746 -0.0164075 -8.81139e-07 8.43511e-06 -0.0164075 0.081265 9.52936e-06 -2.4371e-05 -8.81139e-07 9.52936e-06 0.00888863 -0.0162695 8.43511e-06 -2.4371e-05 -0.0162695 0.0805933 
0.0088728 -0.016364 2.37238e-06 3.63581e-07 -0.016364 0.0811311 2.52264e-06 -1.29873e-05 2.37238e-06 2.52264e-06 0.00887428 -0.016271 3.63581e-07 -1.29873e-05 -0.016271 0.080499 
0.00886014 -0.0163491 -3.10007e-06 -3.80655e-06 -0.0163491 0.0810153 -1.5663e-06 7.97877e-08 -3.10007e-06 -1.5663e-06 0.00886347 -0.0162497 -3.80655e-06 7.97877e-08 -0.0162497 0.0804089 
0.00884284 -0.0163341 -5.03847e-06 3.67912e-06 -0.0163341 0.0809421 6.60239e-06 -9.46523e-06 -5.03847e-06 6.60239e-06 0.00886015 -0.0162344 3.67912e-06 -9.46523e-06 -0.0162344 0.0803322 
0.00883592 -0.0163435 -9.70616e-06 7.95319e-06 -0.0163435 0.081025 1.22989e-05 -2.64853e-05 -9.70616e-06 1.22989e-05 0.00888038 -0.0162599 7.95319e-06 -2.64853e-05 -0.0162599 0.080436 
0.00884906 -0.0163791 -5.21251e-06 1.49724e-05 -0.0163791 0.0812741 1.81659e-05 -4.48004e-05 -5.21251e-06 1.81659e-05 0.00892044 -0.0163342 1.49724e-05 -4.48004e-05 -0.0163342 0.0807622 
0.00884904 -0.0163607 3.49949e-06 1.19153e-05 -0.0163607 0.0812563 1.12907e-05 -4.57284e-05 3.49949e-06 1.12907e-05 0.00892798 -0.0163595 1.19153e-05 -4.57284e-05 -0.0163595 0.0808637 
0.00882456 -0.0162846 1.7262e-05 1.01271e-06 -0.0162846 0.0808851 -3.96533e-06 -2.11186e-05 1.7262e-05 -3.96533e-06 0.00889304 -0.0163012 1.01271e-06 -2.11186e-05 -0.0163012 0.080585 
0.0088266 -0.0162799 2.00947e-05 -1.73772e-05 -0.0162799 0.0808022 -2.3671e-05 2.26755e-05 2.00947e-05 -2.3671e-05 0.00888123 -0.0162871 -1.73772e-05 2.26755e-05 -0.0162871 0.0805263 
0.00881041 -0.0162519 1.44804e-05 -2.67834e-05 -0.0162519 0.0806098 -3.00685e-05 6.08896e-05 1.44804e-05 -3.00685e-05 0.00885968 -0.0162349 -2.67834e-05 6.08896e-05 -0.0162349 0.0802942 
0.00882782 -0.016275 1.1624e-05 -2.11212e-05 -0.016275 0.0806894 -2.13883e-05 6.42411e-05 1.1624e-05 -2.13883e-05 0.00885771 -0.0162418 -2.11212e-05 6.42411e-05 -0.0162418 0.0803166 
0.00884864 -0.0163322 6.8749e-06 -1.63363e-05 -0.0163322 0.0809292 -1.59573e-05 5.3339e-05 6.8749e-06 -1.59573e-05 0.00887751 -0.0162734 -1.63363e-05 5.3339e-05 -0.0162734 0.080489 
0.00886587 -0.0163519 5.52159e-06 -8.87505e-06 -0.0163519 0.0810436 -8.82294e-06 3.53783e-05 5.52159e-06 -8.82294e-06 0.00887935 -0.0162885 -8.87505e-06 3.53783e-05 -0.0162885 0.0805626 
0.00888773 -0.0163494 6.82756e-06 -5.5411e-06 -0.0163494 0.0810097 -3.46626e-06 1.75945e-05 6.82756e-06 -3.46626e-06 0.0088487 -0.016269 -5.5411e-06 1.75945e-05 -0.016269 0.0804921 
0.00887527 -0.0163723 1.40359e-05 -9.00139e-06 -0.0163723 0.0810124 -2.76625e-06 1.21728e-05 1.40359e-05 -2.76625e-06 0.00884648 -0.0162242 -9.00139e-06 1.21728e-05 -0.0162242 0.0803697 
0.008847 -0.0163556 1.45487e-05 -2.0303e-05 -0.0163556 0.0809809 -1.29845e-05 3.0178e-05 1.45487e-05 -1.29845e-05 0.00885543 -0.0162158 -2.0303e-05 3.0178e-05 -0.0162158 0.0802818 
