0.00606793 0 -1.20362e-05 0 0 0.00865403 0 0 -1.20362e-05 0 0.00613192 0 0 0 0 0.00865403 
0.00931251 -0.0115624 -1.70401e-05 2.09271e-05 -0.0115624 0.0307497 2.09271e-05 -4.0171e-05 -1.70401e-05 2.09271e-05 0.00937121 -0.0116287 2.09271e-05 -4.0171e-05 -0.0116287 0.0308767 
0.00963809 -0.0180258 -1.6014e-05 2.47667e-05 -0.0180258 0.0664673 2.47667e-05 -7.83561e-05 -1.6014e-05 2.47667e-05 0.00964098 -0.0179012 2.47667e-05 -7.83561e-05 -0.0179012 0.066009 
0.0091504 -0.0178466 5.9365e-06 8.49338e-06 -0.0178466 0.080216 8.07718e-06 -1.61022e-05 5.9365e-06 8.07718e-06 0.00912356 -0.0174802 8.49338e-06 -1.61022e-05 -0.0174802 0.078296 
0.00887045 -0.0168084 1.95172e-05 -1.72352e-05 -0.0168084 0.0815207 -2.12386e-05 6.58876e-05 1.95172e-05 -2.12386e-05 0.00888675 -0.0164628 -1.72352e-05 6.58876e-05 -0.0164628 0.0791457 
0.00865478 -0.016074 7.3547e-06 -3.105e-05 -0.016074 0.079485 -3.56234e-05 0.000110043 7.3547e-06 -3.56234e-05 0.0087032 -0.015883 -3.105e-05 0.000110043 -0.015883 0.0776572 
0.00843073 -0.0155463 3.05059e-06 -1.62235e-05 -0.0155463 0.0770466 -1.94753e-05 9.25554e-05 3.05059e-06 -1.94753e-05 0.00847228 -0.0154515 -1.62235e-05 9.25554e-05 -0.0154515 0.0758447 
0.00818936 -0.0150918 4.06201e-06 -6.86103e-06 -0.0150918 0.0747442 -1.06612e-05 5.80604e-05 4.06201e-06 -1.06612e-05 0.00823897 -0.0150033 -6.86103e-06 5.80604e-05 -0.0150033 0.0738642 
0.00962246 -0.0176893 6.59043e-06 -5.9099e-06 -0.0176893 0.0875886 -1.20262e-05 4.68473e-05 6.59043e-06 -1.20262e-05 0.00965891 -0.0175886 -5.9099e-06 4.68473e-05 -0.0175886 0.0866764 
0.00948597 -0.0174566 1.66064e-05 -6.62109e-06 -0.0174566 0.0863121 -1.45034e-05 4.1364e-05 1.66064e-05 -1.45034e-05 0.00951445 -0.0173161 -6.62109e-06 4.1364e-05 -0.0173161 0.0853711 
0.00940298 -0.017299 3.26614e-06 -1.64976e-05 -0.017299 0.0854962 -2.49876e-05 5.17451e-05 3.26614e-06 -2.49876e-05 0.00942346 -0.0171389 -1.64976e-05 5.17451e-05 -0.0171389 0.0844808 
0.0093599 -0.0172443 -1.53366e-05 -4.61363e-06 -0.0172443 0.0851803 -1.10658e-05 4.14308e-05 -1.53366e-05 -1.10658e-05 0.00939582 -0.0170735 -4.61363e-06 4.14308e-05 -0.0170735 0.0841113 
0.00932041 -0.0171885 -2.30307e-05 1.91626e-05 -0.0171885 0.0849252 1.41211e-05 -6.29129e-06 -2.30307e-05 1.41211e-05 0.00936908 -0.0170373 1.91626e-05 -6.29129e-06 -0.0170373 0.083867 
0.00929831 -0.0171424 -1.95196e-05 2.97614e-05 -0.0171424 0.0847329 2.66447e-05 -4.994e-05 -1.95196e-05 2.66447e-05 0.00933866 -0.0170103 2.97614e-05 -4.994e-05 -0.0170103 0.0837205 
0.00924934 -0.0170832 -1.31803e-05 2.54295e-05 -0.0170832 0.0844401 2.43493e-05 -6.2177e-05 -1.31803e-05 2.43493e-05 0.00930567 -0.0169449 2.54295e-05 -6.2177e-05 -0.0169449 0.0834469 
0.00921961 -0.0170334 -1.85734e-05 1.7752e-05 -0.0170334 0.0842639 1.70629e-05 -5.29502e-05 -1.85734e-05 1.70629e-05 0.00928819 -0.0169171 1.7752e-05 -5.29502e-05 -0.0169171 0.0833125 
0.00920379 -0.0170057 -2.45785e-05 2.25336e-05 -0.0170057 0.0841749 2.42493e-05 -5.70943e-05 -2.45785e-05 2.42493e-05 0.00928777 -0.0169116 2.25336e-05 -5.70943e-05 -0.0169116 0.0832902 
0.00920313 -0.0170097 -1.18996e-05 2.8763e-05 -0.0170097 0.0842221 3.4041e-05 -7.43138e-05 -1.18996e-05 3.4041e-05 0.00930216 -0.0169369 2.8763e-05 -7.43138e-05 -0.0169369 0.0834041 
0.00921738 -0.0169975 7.54898e-06 1.37924e-05 -0.0169975 0.0841896 1.87392e-05 -6.01104e-05 7.54898e-06 1.87392e-05 0.00928647 -0.0169434 1.37924e-05 -6.01104e-05 -0.0169434 0.0834312 
0.00924622 -0.0170414 7.72981e-06 -9.55179e-06 -0.0170414 0.0843394 -8.61537e-06 -8.15822e-06 7.72981e-06 -8.61537e-06 0.00928492 -0.0169557 -9.55179e-06 -8.15822e-06 -0.0169557 0.0835632 
0.00925678 -0.0170653 -5.9049e-06 -1.00761e-05 -0.0170653 0.0844136 -1.24316e-05 2.20259e-05 -5.9049e-06 -1.24316e-05 0.00928205 -0.0169432 -1.00761e-05 2.20259e-05 -0.0169432 0.0835667 
0.00921103 -0.0170165 -1.5944e-05 9.28826e-06 -0.0170165 0.0841705 4.24307e-06 4.22648e-07 -1.5944e-05 4.24307e-06 0.00926571 -0.0168837 9.28826e-06 4.22648e-07 -0.0168837 0.0832847 
0.0091909 -0.0169193 -1.88109e-05 2.45953e-05 -0.0169193 0.0837787 1.95075e-05 -4.01057e-05 -1.88109e-05 1.95075e-05 0.00921428 -0.0168335 2.45953e-05 -4.01057e-05 -0.0168335 0.0829689 
0.00917 -0.0168804 -4.38244e-06 2.63449e-05 -0.0168804 0.0834888 2.34596e-05 -6.12084e-05 -4.38244e-06 2.34596e-05 0.00917813 -0.0167635 2.63449e-05 -6.12084e-05 -0.0167635 0.0826886 
0.00915386 -0.0168907 5.44706e-06 5.75508e-06 -0.0168907 0.0834851 4.23798e-06 -3.39114e-05 5.44706e-06 4.23798e-06 0.00918103 -0.0167453 5.75508e-06 -3.39114e-05 -0.0167453 0.0826199 
0.00914239 -0.0168714 5.0381e-08 -6.36558e-06 -0.0168714 0.0834456 -1.01957e-05 4.53536e-06 5.0381e-08 -1.01957e-05 0.00917746 -0.0167447 -6.36558e-06 4.53536e-06 -0.0167447 0.0825746 
0.00915499 -0.0168844 -9.11367e-06 -9.46666e-07 -0.0168844 0.0835365 -5.44617e-06 1.48507e-05 -9.11367e-06 -5.44617e-06 0.0091831 -0.01677 -9.46666e-07 1.48507e-05 -0.01677 0.0826932 
0.00918115 -0.0169178 -7.81742e-06 8.88039e-06 -0.0169178 0.0836915 1.07272e-05 -7.56477e-06 -7.81742e-06 1.07272e-05 0.00918538 -0.016796 8.88039e-06 -7.56477e-06 -0.016796 0.0828494 
0.00921071 -0.0169522 -2.51503e-06 6.51433e-06 -0.0169522 0.0838279 1.49631e-05 -2.35202e-05 -2.51503e-06 1.49631e-05 0.00918038 -0.0168028 6.51433e-06 -2.35202e-05 -0.0168028 0.0829428 
0.00924018 -0.0170126 -5.52013e-06 3.08715e-07 -0.0170126 0.084062 9.49726e-06 -1.97885e-05 -5.52013e-06 9.49726e-06 0.0091933 -0.0168146 3.08715e-07 -1.97885e-05 -0.0168146 0.0830735 
0.00924383 -0.0170418 5.11116e-07 4.31351e-06 -0.0170418 0.0841833 8.66079e-06 -1.64916e-05 5.11116e-07 8.66079e-06 0.00921116 -0.0168145 4.31351e-06 -1.64916e-05 -0.0168145 0.0830921 
0.00926947 -0.0170522 1.74836e-05 -1.47327e-06 -0.0170522 0.0842718 -2.80008e-06 -1.16668e-06 1.74836e-05 -2.80008e-06 0.00921283 -0.0168417 -1.47327e-06 -1.16668e-06 -0.0168417 0.0831652 
0.00927005 -0.0170752 2.13902e-05 -2.40614e-05 -0.0170752 0.0843132 -2.50698e-05 4.38999e-05 2.13902e-05 -2.50698e-05 0.00922639 -0.0168349 -2.40614e-05 4.38999e-05 -0.0168349 0.0831627 
0.00926801 -0.0170891 5.24274e-06 -3.23741e-05 -0.0170891 0.0843979 -3.0127e-05 7.85853e-05 5.24274e-06 -3.0127e-05 0.00925258 -0.0168602 -3.23741e-05 7.85853e-05 -0.0168602 0.0832314 
0.00926217 -0.017097 -4.95496e-06 -1.51416e-05 -0.017097 0.0844808 -1.00893e-05 6.37761e-05 -4.95496e-06 -1.00893e-05 0.00926544 -0.0169027 -1.51416e-05 6.37761e-05 -0.0169027 0.0833656 
0.00925004 -0.0170625 -1.08983e-05 -1.43333e-06 -0.0170625 0.0843791 5.35958e-06 2.79143e-05 -1.08983e-05 5.35958e-06 0.00924663 -0.0168989 -1.43333e-06 2.79143e-05 -0.0168989 0.0833466 
0.00922732 -0.0170108 -1.62335e-05 5.90327e-06 -0.0170108 0.0841406 1.30794e-05 1.63547e-06 -1.62335e-05 1.30794e-05 0.00922042 -0.0168475 5.90327e-06 1.63547e-06 -0.0168475 0.0831542 
0.00922273 -0.0169637 -2.57943e-05 1.28277e-05 -0.0169637 0.0839013 2.00525e-05 -1.82197e-05 -2.57943e-05 2.00525e-05 0.00917707 -0.0167971 1.28277e-05 -1.82197e-05 -0.0167971 0.0829252 
0.00922569 -0.0169628 -3.57421e-05 2.72075e-05 -0.0169628 0.0838062 3.09682e-05 -4.74348e-05 -3.57421e-05 3.09682e-05 0.00915345 -0.0167475 2.72075e-05 -4.74348e-05 -0.0167475 0.0827582 
0.00922292 -0.016965 -2.34937e-05 4.27934e-05 -0.016965 0.0837567 4.14293e-05 -8.12843e-05 -2.34937e-05 4.14293e-05 0.00912808 -0.0167108 4.27934e-05 -8.12843e-05 -0.0167108 0.0826028 
0.00919551 -0.0169453 -1.05926e-05 3.08307e-05 -0.0169453 0.0836442 2.71706e-05 -7.89522e-05 -1.05926e-05 2.71706e-05 0.00911088 -0.0166621 3.08307e-05 -7.89522e-05 -0.0166621 0.0824002 
0.00918417 -0.0169296 1.21166e-05 1.3745e-05 -0.0169296 0.0836232 9.239e-06 -4.43733e-05 1.21166e-05 9.239e-06 0.00911138 -0.0166596 1.3745e-05 -4.43733e-05 -0.0166596 0.0823668 
0.00914873 -0.0168779 1.27298e-05 -1.30887e-05 -0.0168779 0.0834073 -1.90166e-05 1.23774e-05 1.27298e-05 -1.90166e-05 0.00910624 -0.0166286 -1.30887e-05 1.23774e-05 -0.0166286 0.0821952 
0.0091126 -0.0168122 7.24989e-06 -1.43182e-05 -0.0168122 0.0831381 -2.15123e-05 4.24028e-05 7.24989e-06 -2.15123e-05 0.00910008 -0.0166073 -1.43182e-05 4.24028e-05 -0.0166073 0.0820249 
0.00910104 -0.0168018 6.84635e-06 -6.14896e-06 -0.0168018 0.083122 -1.36469e-05 3.4741e-05 6.84635e-06 -1.36469e-05 0.00912164 -0.0166432 -6.14896e-06 3.4741e-05 -0.0166432 0.0821401 
0.00913233 -0.0168399 9.93547e-06 -5.69122e-06 -0.0168399 0.0833524 -9.612e-06 2.2796e-05 9.93547e-06 -9.612e-06 0.00914984 -0.0167249 -5.69122e-06 2.2796e-05 -0.0167249 0.0824991 
0.00915463 -0.0168784 7.54889e-06 -9.5141e-06 -0.0168784 0.0835171 -1.03898e-05 2.04195e-05 7.54889e-06 -1.03898e-05 0.00916976 -0.0167571 -9.5141e-06 2.04195e-05 -0.0167571 0.0827057 
0.00917144 -0.016906 2.01386e-06 -8.1005e-06 -0.016906 0.0836372 -7.96573e-06 1.79299e-05 2.01386e-06 -7.96573e-06 0.00918101 -0.0167764 -8.1005e-06 1.79299e-05 -0.0167764 0.0828131 
0.00917155 -0.0168976 -7.81003e-06 -1.9119e-07 -0.0168976 0.0835791 -9.71896e-07 4.60174e-06 -7.81003e-06 -9.71896e-07 0.00917682 -0.0167578 -1.9119e-07 4.60174e-06 -0.0167578 0.0827285 
0.00918135 -0.0169157 1.98574e-06 9.89001e-06 -0.0169157 0.0836408 9.049e-06 -1.45458e-05 1.98574e-06 9.049e-06 0.00919261 -0.01677 9.89001e-06 -1.45458e-05 -0.01677 0.0827663 
0.00919077 -0.0169515 1.19779e-05 -1.98979e-06 -0.0169515 0.083804 -2.57621e-06 -5.04187e-06 1.19779e-05 -2.57621e-06 0.00922137 -0.016814 -1.98979e-06 -5.04187e-06 -0.016814 0.0829327 
0.00921096 -0.0169717 3.3766e-06 -1.38984e-05 -0.0169717 0.0839324 -1.57403e-05 2.3286e-05 3.3766e-06 -1.57403e-05 0.00922783 -0.0168543 -1.38984e-05 2.3286e-05 -0.0168543 0.08309 
0.00921312 -0.0169888 -1.48404e-05 -5.27296e-06 -0.0169888 0.0839877 -5.09284e-06 2.15677e-05 -1.48404e-05 -5.09284e-06 0.00922801 -0.0168527 -5.27296e-06 2.15677e-05 -0.0168527 0.0831283 
0.00920558 -0.0169775 -2.82594e-05 1.79006e-05 -0.0169775 0.0839463 2.11256e-05 -2.37465e-05 -2.82594e-05 2.11256e-05 0.0092222 -0.0168326 1.79006e-05 -2.37465e-05 -0.0168326 0.0830485 
0.00920815 -0.0169945 -1.27092e-05 3.65175e-05 -0.0169945 0.084043 3.9336e-05 -7.66748e-05 -1.27092e-05 3.9336e-05 0.00923642 -0.0168514 3.65175e-05 -7.66748e-05 -0.0168514 0.0831299 
0.00922276 -0.0170044 8.67901e-06 1.77975e-05 -0.0170044 0.0841254 1.94645e-05 -6.83767e-05 8.67901e-06 1.94645e-05 0.00923999 -0.0168745 1.77975e-05 -6.83767e-05 -0.0168745 0.0832262 
0.00924553 -0.0170408 1.79984e-05 -1.36941e-05 -0.0170408 0.0842862 -1.30393e-05 -8.58809e-07 1.79984e-05 -1.30393e-05 0.00924735 -0.0169004 -1.36941e-05 -8.58809e-07 -0.0169004 0.0833831 
0.00924036 -0.017028 8.7399e-06 -2.89013e-05 -0.017028 0.0842053 -2.76776e-05 5.89578e-05 8.7399e-06 -2.76776e-05 0.0092327 -0.0168674 -2.89013e-05 5.89578e-05 -0.0168674 0.0832657 
0.0092183 -0.0170142 3.31831e-07 -1.85427e-05 -0.0170142 0.0841185 -1.68057e-05 6.60316e-05 3.31831e-07 -1.68057e-05 0.00923053 -0.0168359 -1.85427e-05 6.60316e-05 -0.0168359 0.0831266 
0.00918273 -0.0169586 -1.18061e-05 -8.44586e-06 -0.0169586 0.0838904 -3.37405e-06 4.38283e-05 -1.18061e-05 -3.37405e-06 0.00922339 -0.0168012 -8.44586e-06 4.38283e-05 -0.0168012 0.082906 
0.00915397 -0.016902 -2.07843e-05 4.25731e-06 -0.016902 0.0836623 1.2297e-05 1.30213e-05 -2.07843e-05 1.2297e-05 0.00921992 -0.016789 4.25731e-06 1.30213e-05 -0.016789 0.0827678 
0.00917077 -0.0169205 -1.89704e-05 1.60056e-05 -0.0169205 0.0837696 2.40695e-05 -1.78068e-05 -1.89704e-05 2.40695e-05 0.00923633 -0.0168431 1.60056e-05 -1.78068e-05 -0.0168431 0.0829786 
0.00919637 -0.0169516 -8.49102e-06 1.49795e-05 -0.0169516 0.083911 1.87427e-05 -2.27401e-05 -8.49102e-06 1.87427e-05 0.00925207 -0.0168808 1.49795e-05 -2.27401e-05 -0.0168808 0.0831812 
0.00923367 -0.0170236 1.0423e-05 1.86102e-06 -0.0170236 0.0842236 2.56236e-06 3.59104e-06 1.0423e-05 2.56236e-06 0.00928279 -0.0169378 1.86102e-06 3.59104e-06 -0.0169378 0.0834869 
0.00928211 -0.0170774 1.80671e-05 -2.49782e-05 -0.0170774 0.0844751 -2.25681e-05 6.09808e-05 1.80671e-05 -2.25681e-05 0.00928369 -0.0169792 -2.49782e-05 6.09808e-05 -0.0169792 0.0837076 
0.00930768 -0.0171141 2.42763e-05 -3.83698e-05 -0.0171141 0.0845618 -3.29154e-05 0.000109458 2.42763e-05 -3.29154e-05 0.00927403 -0.0169507 -3.83698e-05 0.000109458 -0.0169507 0.0836727 
0.00930137 -0.0171253 2.58355e-05 -4.50095e-05 -0.0171253 0.0845453 -3.8573e-05 0.000134654 2.58355e-05 -3.8573e-05 0.00926354 -0.0169083 -4.50095e-05 0.000134654 -0.0169083 0.0834963 
0.00929577 -0.0171416 1.9685e-05 -4.50193e-05 -0.0171416 0.0846369 -3.93589e-05 0.000141547 1.9685e-05 -3.93589e-05 0.00927834 -0.0169149 -4.50193e-05 0.000141547 -0.0169149 0.0834984 
0.00930725 -0.0171323 2.48797e-05 -3.36197e-05 -0.0171323 0.0846487 -3.06762e-05 0.000124272 2.48797e-05 -3.06762e-05 0.0092713 -0.0169308 -3.36197e-05 0.000124272 -0.0169308 0.0835193 
0.00932078 -0.0171768 2.4387e-05 -3.541e-05 -0.0171768 0.0848265 -3.63329e-05 0.000116316 2.4387e-05 -3.63329e-05 0.00929241 -0.0169554 -3.541e-05 0.000116316 -0.0169554 0.0836796 
0.00931574 -0.017161 2.35323e-05 -3.52691e-05 -0.017161 0.0847741 -3.87717e-05 0.00011767 2.35323e-05 -3.87717e-05 0.00929162 -0.0169455 -3.52691e-05 0.00011767 -0.0169455 0.0836167 
0.00930133 -0.0171322 5.38652e-06 -3.33742e-05 -0.0171322 0.0846273 -3.70898e-05 0.000114247 5.38652e-06 -3.70898e-05 0.00929614 -0.0169245 -3.33742e-05 0.000114247 -0.0169245 0.0834881 
0.00926996 -0.0170831 -8.01864e-06 -9.75536e-06 -0.0170831 0.0843705 -1.421e-05 7.52082e-05 -8.01864e-06 -1.421e-05 0.00929815 -0.016894 -9.75536e-06 7.52082e-05 -0.016894 0.0832633 
0.00926277 -0.0170649 -5.5122e-06 9.6506e-06 -0.0170649 0.0842808 4.24484e-06 2.21359e-05 -5.5122e-06 4.24484e-06 0.00929825 -0.0169101 9.6506e-06 2.21359e-05 -0.0169101 0.0832319 
0.00926678 -0.0170738 -1.70268e-05 8.07485e-06 -0.0170738 0.0843065 2.12798e-06 2.24479e-06 -1.70268e-05 2.12798e-06 0.00928877 -0.0169282 8.07485e-06 2.24479e-06 -0.0169282 0.0832956 
0.00928846 -0.0171542 -2.96909e-05 1.99349e-05 -0.0171542 0.0846935 1.47031e-05 -1.85247e-05 -2.96909e-05 1.47031e-05 0.00931576 -0.0169886 1.99349e-05 -1.85247e-05 -0.0169886 0.0836539 
0.00927328 -0.0171464 -2.54742e-05 3.76176e-05 -0.0171464 0.0847484 3.24421e-05 -5.98403e-05 -2.54742e-05 3.24421e-05 0.00932078 -0.0169895 3.76176e-05 -5.98403e-05 -0.0169895 0.0837066 
0.00925367 -0.0170832 -2.21378e-05 3.62706e-05 -0.0170832 0.0845365 2.95057e-05 -7.90138e-05 -2.21378e-05 2.95057e-05 0.00929922 -0.0169591 3.62706e-05 -7.90138e-05 -0.0169591 0.0835607 
0.00925233 -0.017066 -1.49523e-05 3.29358e-05 -0.017066 0.0844512 2.36223e-05 -7.658e-05 -1.49523e-05 2.36223e-05 0.00928442 -0.0169472 3.29358e-05 -7.658e-05 -0.0169472 0.0835268 
0.00922432 -0.017011 -8.24336e-06 2.54734e-05 -0.017011 0.0841629 1.42011e-05 -6.26276e-05 -8.24336e-06 1.42011e-05 0.0092462 -0.0168823 2.54734e-05 -6.26276e-05 -0.0168823 0.0832515 
0.00919261 -0.0169675 -1.75852e-05 1.59614e-05 -0.0169675 0.083942 9.442e-06 -4.78226e-05 -1.75852e-05 9.442e-06 0.00922975 -0.0168314 1.59614e-05 -4.78226e-05 -0.0168314 0.0830307 
0.00920165 -0.0169551 -1.51733e-05 2.53715e-05 -0.0169551 0.0839228 2.32165e-05 -5.9739e-05 -1.51733e-05 2.32165e-05 0.00922278 -0.0168459 2.53715e-05 -5.9739e-05 -0.0168459 0.0830638 
0.00920097 -0.0169467 -1.60067e-05 2.28443e-05 -0.0169467 0.0838399 2.14013e-05 -6.70162e-05 -1.60067e-05 2.14013e-05 0.00921861 -0.0168266 2.28443e-05 -6.70162e-05 -0.0168266 0.0830086 
0.00920087 -0.0169588 -1.22667e-05 2.2871e-05 -0.0169588 0.0838627 2.2121e-05 -6.7356e-05 -1.22667e-05 2.2121e-05 0.00922201 -0.0168308 2.2871e-05 -6.7356e-05 -0.0168308 0.0830208 
0.00919248 -0.0169221 -1.14221e-05 1.63355e-05 -0.0169221 0.0836847 1.71035e-05 -5.78712e-05 -1.14221e-05 1.71035e-05 0.0091975 -0.0167955 1.63355e-05 -5.78712e-05 -0.0167955 0.0828398 
0.00921062 -0.0169283 -4.62827e-06 1.75051e-05 -0.0169283 0.0836649 1.76608e-05 -5.62723e-05 -4.62827e-06 1.76608e-05 0.00917112 -0.016782 1.75051e-05 -5.62723e-05 -0.016782 0.0827902 
0.00921459 -0.0169356 -4.42232e-06 1.4344e-05 -0.0169356 0.0836059 1.08379e-05 -5.32297e-05 -4.42232e-06 1.08379e-05 0.00914021 -0.0167285 1.4344e-05 -5.32297e-05 -0.0167285 0.0826136 
0.00923716 -0.0169976 -3.21122e-06 1.66745e-05 -0.0169976 0.0838593 9.34491e-06 -5.33794e-05 -3.21122e-06 9.34491e-06 0.00913719 -0.0167403 1.66745e-05 -5.33794e-05 -0.0167403 0.0827221 
0.009229 -0.0170212 -2.00993e-06 1.67841e-05 -0.0170212 0.0839902 8.35282e-06 -5.55801e-05 -2.00993e-06 8.35282e-06 0.00915043 -0.0167281 1.67841e-05 -5.55801e-05 -0.0167281 0.082732 
0.00918701 -0.0169658 -9.93169e-06 1.27095e-05 -0.0169658 0.0838043 7.10416e-06 -5.14873e-05 -9.93169e-06 7.10416e-06 0.009153 -0.0166956 1.27095e-05 -5.14873e-05 -0.0166956 0.0825326 
0.00915781 -0.0168778 -1.74205e-05 1.76566e-05 -0.0168778 0.0834623 1.7161e-05 -5.7876e-05 -1.74205e-05 1.7161e-05 0.00913151 -0.0166677 1.76566e-05 -5.7876e-05 -0.0166677 0.0822955 
0.00913195 -0.016829 -3.91644e-06 2.41362e-05 -0.016829 0.0831933 2.72708e-05 -7.42451e-05 -3.91644e-06 2.72708e-05 0.0091138 -0.016636 2.41362e-05 -7.42451e-05 -0.016636 0.0821122 
0.00913111 -0.0168281 1.01886e-05 9.30883e-06 -0.0168281 0.0831752 1.13111e-05 -5.81161e-05 1.01886e-05 1.13111e-05 0.00910186 -0.0166449 9.30883e-06 -5.81161e-05 -0.0166449 0.0821381 
0.00914631 -0.0168468 1.75431e-05 -7.23752e-06 -0.0168468 0.0832693 -9.11944e-06 -1.63546e-05 1.75431e-05 -9.11944e-06 0.00909777 -0.016657 -7.23752e-06 -1.63546e-05 -0.016657 0.0822467 
0.00916132 -0.0168825 1.47026e-05 -1.50403e-05 -0.0168825 0.0834232 -1.82717e-05 1.29297e-05 1.47026e-05 -1.82717e-05 0.0091101 -0.0166666 -1.50403e-05 1.29297e-05 -0.0166666 0.0823603 
0.00917575 -0.0169135 1.47155e-05 -9.62848e-06 -0.0169135 0.0835895 -1.2685e-05 1.2455e-05 1.47155e-05 -1.2685e-05 0.00912921 -0.0166951 -9.62848e-06 1.2455e-05 -0.0166951 0.0825034 
0.00916206 -0.016938 1.84905e-05 -7.57202e-06 -0.016938 0.0837342 -1.2754e-05 4.61771e-06 1.84905e-05 -1.2754e-05 0.00917588 -0.0167318 -7.57202e-06 4.61771e-06 -0.0167318 0.0826706 
0.00913317 -0.0168946 2.54491e-05 -8.96778e-06 -0.0168946 0.0836451 -1.60618e-05 1.62086e-06 2.54491e-05 -1.60618e-05 0.00920126 -0.0167629 -8.96778e-06 1.62086e-06 -0.0167629 0.0827135 
0.00911254 -0.0168288 2.78147e-05 -1.79684e-05 -0.0168288 0.0834045 -2.43651e-05 1.40818e-05 2.78147e-05 -2.43651e-05 0.00920315 -0.016771 -1.79684e-05 1.40818e-05 -0.016771 0.0826654 
0.00908748 -0.0167597 1.55052e-05 -2.25665e-05 -0.0167597 0.0830506 -2.60415e-05 2.51461e-05 1.55052e-05 -2.60415e-05 0.00918071 -0.0167369 -2.25665e-05 2.51461e-05 -0.0167369 0.082457 
0.00909057 -0.0167492 1.1479e-05 -9.13789e-06 -0.0167492 0.0829433 -7.5147e-06 2.34371e-06 1.1479e-05 -7.5147e-06 0.00916675 -0.0167292 -9.13789e-06 2.34371e-06 -0.0167292 0.0824062 
0.00913187 -0.0168224 1.5333e-05 -1.45757e-06 -0.0168224 0.0832377 1.8758e-06 -2.87523e-05 1.5333e-05 1.8758e-06 0.00916977 -0.0167766 -1.45757e-06 -2.87523e-05 -0.0167766 0.08267 
0.00914468 -0.0168739 1.41882e-05 -5.12627e-06 -0.0168739 0.083443 -3.88297e-06 -3.32875e-05 1.41882e-05 -3.88297e-06 0.00917606 -0.0167705 -5.12627e-06 -3.32875e-05 -0.0167705 0.0827536 
0.00915164 -0.0168842 1.20015e-05 -4.00063e-06 -0.0168842 0.0835303 -5.87167e-06 -2.8839e-05 1.20015e-05 -5.87167e-06 0.00916696 -0.0167654 -4.00063e-06 -2.8839e-05 -0.0167654 0.0827482 
0.0091553 -0.01685 8.10366e-06 -2.01531e-06 -0.01685 0.0833711 -4.47323e-06 -2.86138e-05 8.10366e-06 -4.47323e-06 0.00912019 -0.0167116 -2.01531e-06 -2.86138e-05 -0.0167116 0.0825268 
0.00918399 -0.0169001 3.35821e-06 1.5124e-06 -0.0169001 0.0835402 2.58049e-07 -3.42796e-05 3.35821e-06 2.58049e-07 0.00911507 -0.0167062 1.5124e-06 -3.42796e-05 -0.0167062 0.0825931 
0.00918809 -0.0169231 -8.81689e-07 6.66735e-06 -0.0169231 0.0836161 4.82359e-06 -4.30807e-05 -8.81689e-07 4.82359e-06 0.00912273 -0.0166874 6.66735e-06 -4.30807e-05 -0.0166874 0.0825551 
0.00916685 -0.0169047 1.12381e-05 1.21149e-05 -0.0169047 0.0835367 9.30477e-06 -5.47428e-05 1.12381e-05 9.30477e-06 0.00913834 -0.016671 1.21149e-05 -5.47428e-05 -0.016671 0.0824327 
0.00917424 -0.0169258 1.5014e-05 -3.17491e-06 -0.0169258 0.0836855 -5.09234e-06 -3.66999e-05 1.5014e-05 -5.09234e-06 0.00917135 -0.0167352 -3.17491e-06 -3.66999e-05 -0.0167352 0.0826358 
0.00915155 -0.0169201 6.13446e-06 -1.02714e-05 -0.0169201 0.0836909 -9.17882e-06 -1.59736e-05 6.13446e-06 -9.17882e-06 0.00920214 -0.0167627 -1.02714e-05 -1.59736e-05 -0.0167627 0.0827258 
0.00913112 -0.0168705 3.16561e-06 2.88359e-06 -0.0168705 0.0835437 4.94313e-06 -3.3971e-05 3.16561e-06 4.94313e-06 0.00920116 -0.0167793 2.88359e-06 -3.3971e-05 -0.0167793 0.0827155 
0.00915379 -0.0168721 8.16503e-06 1.277e-05 -0.0168721 0.0835751 1.16286e-05 -6.50089e-05 8.16503e-06 1.16286e-05 0.00919367 -0.0168106 1.277e-05 -6.50089e-05 -0.0168106 0.0828615 
0.0091522 -0.0168548 1.53185e-05 1.12457e-05 -0.0168548 0.0834192 4.14187e-06 -7.36211e-05 1.53185e-05 4.14187e-06 0.00915978 -0.0167587 1.12457e-05 -7.36211e-05 -0.0167587 0.0826966 
0.00914916 -0.0168862 1.80326e-05 3.6588e-06 -0.0168862 0.0835168 -5.80126e-06 -6.23739e-05 1.80326e-05 -5.80126e-06 0.00917232 -0.0167488 3.6588e-06 -6.23739e-05 -0.0167488 0.082711 
0.00914478 -0.0168786 3.67615e-06 2.3509e-06 -0.0168786 0.0835382 -7.74604e-06 -5.67401e-05 3.67615e-06 -7.74604e-06 0.00917338 -0.0167604 2.3509e-06 -5.67401e-05 -0.0167604 0.082725 
0.00911263 -0.016802 -4.50971e-06 1.98309e-05 -0.016802 0.0831913 9.49119e-06 -8.21412e-05 -4.50971e-06 9.49119e-06 0.0091366 -0.0166985 1.98309e-05 -8.21412e-05 -0.0166985 0.0824227 
0.0090647 -0.0167394 -1.09363e-05 3.33111e-05 -0.0167394 0.0828604 2.25085e-05 -0.000122002 -1.09363e-05 2.25085e-05 0.00911883 -0.016634 3.33111e-05 -0.000122002 -0.016634 0.0821134 
0.00901717 -0.0166329 -1.2831e-05 3.94092e-05 -0.0166329 0.0823867 3.13564e-05 -0.000149109 -1.2831e-05 3.13564e-05 0.00907616 -0.016569 3.94092e-05 -0.000149109 -0.016569 0.0817182 
0.00901814 -0.0166436 -5.25826e-06 3.93827e-05 -0.0166436 0.0824209 3.38324e-05 -0.000161079 -5.25826e-06 3.38324e-05 0.00907944 -0.0165918 3.93827e-05 -0.000161079 -0.0165918 0.0818184 
0.00902694 -0.0166548 -8.87468e-07 2.79409e-05 -0.0166548 0.0824867 2.6168e-05 -0.000148627 -8.87468e-07 2.6168e-05 0.0090796 -0.0166071 2.79409e-05 -0.000148627 -0.0166071 0.0819171 
0.0090221 -0.0166644 -4.87613e-06 2.03402e-05 -0.0166644 0.0825243 2.20203e-05 -0.000131022 -4.87613e-06 2.20203e-05 0.00908674 -0.016604 2.03402e-05 -0.000131022 -0.016604 0.0819476 
0.00901997 -0.0166626 -1.86251e-06 2.28328e-05 -0.0166626 0.0825489 2.56699e-05 -0.000127662 -1.86251e-06 2.56699e-05 0.00908401 -0.0166105 2.28328e-05 -0.000127662 -0.0166105 0.0819695 
0.00902994 -0.0166607 1.13325e-05 1.79278e-05 -0.0166607 0.0825685 2.14585e-05 -0.000118866 1.13325e-05 2.14585e-05 0.00908148 -0.0166155 1.79278e-05 -0.000118866 -0.0166155 0.0820106 
0.0090414 -0.0166889 1.10894e-05 4.19539e-07 -0.0166889 0.082684 5.4821e-06 -8.82241e-05 1.10894e-05 5.4821e-06 0.00909256 -0.0166322 4.19539e-07 -8.82241e-05 -0.0166322 0.0821227 
0.0090366 -0.0166889 3.19996e-06 -3.04745e-06 -0.0166889 0.0826912 4.2974e-06 -6.47445e-05 3.19996e-06 4.2974e-06 0.00909463 -0.0166308 -3.04745e-06 -6.47445e-05 -0.0166308 0.0821243 
0.00903559 -0.0166523 6.89508e-07 6.68922e-06 -0.0166523 0.0825376 1.47778e-05 -7.24058e-05 6.89508e-07 1.47778e-05 0.00907496 -0.0166055 6.68922e-06 -7.24058e-05 -0.0166055 0.0819924 
0.00904352 -0.0166674 1.27024e-07 1.00782e-05 -0.0166674 0.0825437 1.92354e-05 -8.46247e-05 1.27024e-07 1.92354e-05 0.00907592 -0.0165959 1.00782e-05 -8.46247e-05 -0.0165959 0.0819692 
0.00906201 -0.0167007 -1.53914e-05 9.35812e-06 -0.0167007 0.0826711 2.09318e-05 -8.87548e-05 -1.53914e-05 2.09318e-05 0.00908735 -0.0166134 9.35812e-06 -8.87548e-05 -0.0166134 0.0820449 
0.00907874 -0.0166981 -1.60769e-05 2.70052e-05 -0.0166981 0.0826292 3.97267e-05 -0.000117232 -1.60769e-05 3.97267e-05 0.00906311 -0.0165975 2.70052e-05 -0.000117232 -0.0165975 0.0819555 
0.00911638 -0.0167816 -2.63874e-06 3.14467e-05 -0.0167816 0.0829435 4.03873e-05 -0.000137012 -2.63874e-06 4.03873e-05 0.00907718 -0.0166249 3.14467e-05 -0.000137012 -0.0166249 0.0821549 
0.00913648 -0.0168254 1.12717e-05 1.63769e-05 -0.0168254 0.0831346 1.91228e-05 -0.000112589 1.12717e-05 1.91228e-05 0.0090858 -0.0166298 1.63769e-05 -0.000112589 -0.0166298 0.0822174 
0.00915538 -0.0168792 1.07568e-05 -2.03829e-07 -0.0168792 0.0834016 -3.62642e-06 -6.50482e-05 1.07568e-05 -3.62642e-06 0.00911943 -0.0166695 -2.03829e-07 -6.50482e-05 -0.0166695 0.0824078 
0.00914483 -0.0168697 1.36166e-05 1.04361e-06 -0.0168697 0.0833961 -4.932e-06 -4.26685e-05 1.36166e-05 -4.932e-06 0.00913768 -0.0166786 1.04361e-06 -4.26685e-05 -0.0166786 0.0824041 
0.00913563 -0.0168685 1.13534e-05 6.17625e-07 -0.0168685 0.0834319 -6.94248e-06 -3.9592e-05 1.13534e-05 -6.94248e-06 0.00916523 -0.0167145 6.17625e-07 -3.9592e-05 -0.0167145 0.0825079 
0.00914414 -0.0168733 -1.42221e-06 8.37227e-06 -0.0168733 0.0835098 -2.5851e-06 -5.31335e-05 -1.42221e-06 -2.5851e-06 0.00918057 -0.0167651 8.37227e-06 -5.31335e-05 -0.0167651 0.0826867 
0.00915647 -0.0168845 -1.19201e-05 2.73865e-05 -0.0168845 0.0835726 1.53542e-05 -9.26081e-05 -1.19201e-05 1.53542e-05 0.0091831 -0.0167885 2.73865e-05 -9.26081e-05 -0.0167885 0.0828156 
0.00917753 -0.0169141 8.00729e-07 3.99316e-05 -0.0169141 0.0836999 3.27652e-05 -0.000139025 8.00729e-07 3.27652e-05 0.00918902 -0.0168043 3.99316e-05 -0.000139025 -0.0168043 0.0829388 
0.00917831 -0.0169341 1.03331e-05 2.17087e-05 -0.0169341 0.083769 1.88099e-05 -0.000132049 1.03331e-05 1.88099e-05 0.00920121 -0.0168001 2.17087e-05 -0.000132049 -0.0168001 0.082956 
0.00916525 -0.0169008 8.56278e-06 4.86226e-06 -0.0169008 0.0836336 5.32138e-06 -9.47459e-05 8.56278e-06 5.32138e-06 0.00918816 -0.0167781 4.86226e-06 -9.47459e-05 -0.0167781 0.0828095 
0.00914364 -0.0168566 1.68654e-05 6.27644e-06 -0.0168566 0.0834037 8.38809e-06 -8.20884e-05 1.68654e-05 8.38809e-06 0.00916609 -0.0167336 6.27644e-06 -8.20884e-05 -0.0167336 0.0825816 
0.00913116 -0.0168168 1.1765e-05 -3.88884e-07 -0.0168168 0.0831912 9.25676e-08 -7.19213e-05 1.1765e-05 9.25676e-08 0.00914022 -0.0166942 -3.88884e-07 -7.19213e-05 -0.0166942 0.0823694 
0.00911722 -0.0167955 5.92827e-06 6.13909e-06 -0.0167955 0.0830375 4.09109e-06 -7.35571e-05 5.92827e-06 4.09109e-06 0.00911937 -0.0166572 6.13909e-06 -7.35571e-05 -0.0166572 0.0821923 
0.00912598 -0.0168245 -4.69465e-06 1.47211e-05 -0.0168245 0.0831603 1.06168e-05 -8.95306e-05 -4.69465e-06 1.06168e-05 0.00912584 -0.0166742 1.47211e-05 -8.95306e-05 -0.0166742 0.0822806 
0.00912238 -0.0168293 -1.85129e-05 2.89376e-05 -0.0168293 0.0831964 2.48558e-05 -0.000120309 -1.85129e-05 2.48558e-05 0.00912802 -0.0166738 2.89376e-05 -0.000120309 -0.0166738 0.0822918 
0.00914308 -0.0168509 -2.66563e-05 4.597e-05 -0.0168509 0.0833315 4.39406e-05 -0.00016407 -2.66563e-05 4.39406e-05 0.00913422 -0.0167007 4.597e-05 -0.00016407 -0.0167007 0.0824227 
0.00915916 -0.0168962 -4.32323e-05 5.61283e-05 -0.0168962 0.0835321 5.76625e-05 -0.00020335 -4.32323e-05 5.76625e-05 0.00916015 -0.0167296 5.61283e-05 -0.00020335 -0.0167296 0.0825999 
0.00915806 -0.0168911 -3.33328e-05 7.53977e-05 -0.0168911 0.0835361 7.8702e-05 -0.000249426 -3.33328e-05 7.8702e-05 0.00916367 -0.0167366 7.53977e-05 -0.000249426 -0.0167366 0.0826093 
0.00914648 -0.0168719 -1.54823e-05 6.5667e-05 -0.0168719 0.0834494 6.91991e-05 -0.000258258 -1.54823e-05 6.91991e-05 0.00916117 -0.0167256 6.5667e-05 -0.000258258 -0.0167256 0.0825465 
0.00915491 -0.0169054 6.90847e-06 4.20369e-05 -0.0169054 0.0836257 4.62152e-05 -0.000219419 6.90847e-06 4.62152e-05 0.00919178 -0.016771 4.20369e-05 -0.000219419 -0.016771 0.0827505 
0.0091675 -0.0169145 2.62762e-05 1.25652e-05 -0.0169145 0.0837184 1.54674e-05 -0.00015094 2.62762e-05 1.54674e-05 0.00921091 -0.0168088 1.25652e-05 -0.00015094 -0.0168088 0.0829023 
