0.00771067 0 -1.97942e-05 0 0 0.0109205 0 0 -1.97942e-05 0 0.00766419 0 0 0 0 0.0109205 
0.00942748 -0.0117012 -4.30537e-05 5.60662e-05 -0.0117012 0.0310823 5.60662e-05 -0.000107557 -4.30537e-05 5.60662e-05 0.00937549 -0.0116371 5.60662e-05 -0.000107557 -0.0116371 0.0309598 
0.00970274 -0.0181033 -4.43979e-05 0.000182446 -0.0181033 0.0667463 0.000182446 -0.000612831 -4.43979e-05 0.000182446 0.00969549 -0.0180342 0.000182446 -0.000612831 -0.0180342 0.0665309 
0.00915359 -0.0176791 -4.03064e-05 0.000249136 -0.0176791 0.0793643 0.000238595 -0.00124646 -4.03064e-05 0.000238595 0.00916814 -0.0177165 0.000249136 -0.00124646 -0.0177165 0.0794589 
0.00885614 -0.0165451 -2.35599e-05 0.000212174 -0.0165451 0.0798906 0.000190292 -0.0013273 -2.35599e-05 0.000190292 0.00886202 -0.0166142 0.000212174 -0.0013273 -0.0166142 0.080205 
0.00863395 -0.0158346 3.38568e-06 0.000142087 -0.0158346 0.0777875 0.000120406 -0.00101193 3.38568e-06 0.000120406 0.0086155 -0.015883 0.000142087 -0.00101193 -0.015883 0.0780931 
0.00841527 -0.0153631 2.29323e-05 8.10439e-05 -0.0153631 0.0756393 6.75155e-05 -0.000684516 2.29323e-05 6.75155e-05 0.00835992 -0.0153707 8.10439e-05 -0.000684516 -0.0153707 0.0758294 
0.00822453 -0.014983 1.41816e-05 5.10707e-05 -0.014983 0.0737866 4.37404e-05 -0.000485212 1.41816e-05 4.37404e-05 0.00811224 -0.0149369 5.10707e-05 -0.000485212 -0.0149369 0.0738221 
0.0113139 -0.0206615 1.7037e-05 8.93359e-05 -0.0206615 0.10168 7.99377e-05 -0.000603939 1.7037e-05 7.99377e-05 0.0111747 -0.0204932 8.93359e-05 -0.000603939 -0.0204932 0.101469 
0.0111425 -0.0203761 -1.85346e-07 0.000101597 -0.0203761 0.10033 9.13282e-05 -0.000617445 -1.85346e-07 9.13282e-05 0.0110704 -0.0202186 0.000101597 -0.000617445 -0.0202186 0.10001 
0.0110467 -0.0202178 -4.86397e-06 0.000127316 -0.0202178 0.0996117 0.000118195 -0.000677089 -4.86397e-06 0.000118195 0.0110436 -0.0201449 0.000127316 -0.000677089 -0.0201449 0.0994035 
0.0110481 -0.0202335 -1.01848e-05 0.000139851 -0.0202335 0.0997423 0.000129986 -0.000737623 -1.01848e-05 0.000129986 0.0110785 -0.0202559 0.000139851 -0.000737623 -0.0202559 0.099759 
0.0110505 -0.0202165 -5.64434e-06 0.000144606 -0.0202165 0.0997161 0.000136081 -0.000768129 -5.64434e-06 0.000136081 0.0110698 -0.0202927 0.000144606 -0.000768129 -0.0202927 0.0999314 
0.0110165 -0.0201537 1.06302e-05 0.000133957 -0.0201537 0.0993925 0.000127407 -0.000758389 1.06302e-05 0.000127407 0.0110305 -0.0202226 0.000133957 -0.000758389 -0.0202226 0.0996816 
0.010999 -0.0201257 1.2574e-05 0.000105834 -0.0201257 0.0992525 0.000102152 -0.000700953 1.2574e-05 0.000102152 0.0109991 -0.0201876 0.000105834 -0.000700953 -0.0201876 0.0995511 
0.0109675 -0.0200832 1.57992e-05 9.66066e-05 -0.0200832 0.099051 9.67818e-05 -0.000652213 1.57992e-05 9.67818e-05 0.0109838 -0.0201276 9.66066e-05 -0.000652213 -0.0201276 0.0993265 
0.0109411 -0.0200256 -1.96847e-07 8.76524e-05 -0.0200256 0.0988096 9.30625e-05 -0.000620745 -1.96847e-07 9.30625e-05 0.0109527 -0.020092 8.76524e-05 -0.000620745 -0.020092 0.0991115 
0.0109105 -0.0199934 2.74079e-07 0.000102687 -0.0199934 0.0986479 0.000113422 -0.000631998 2.74079e-07 0.000113422 0.0109401 -0.0200556 0.000102687 -0.000631998 -0.0200556 0.0989645 
0.0109046 -0.0199929 -9.38808e-06 0.000106307 -0.0199929 0.0986986 0.000117787 -0.000653549 -9.38808e-06 0.000117787 0.0109536 -0.0200749 0.000106307 -0.000653549 -0.0200749 0.0990437 
0.0109052 -0.0199637 -2.39204e-05 0.000122134 -0.0199637 0.0986019 0.000126142 -0.000678648 -2.39204e-05 0.000126142 0.0109392 -0.0200682 0.000122134 -0.000678648 -0.0200682 0.0989946 
0.0108968 -0.019935 -3.71586e-05 0.000143705 -0.019935 0.0984178 0.00013874 -0.00071485 -3.71586e-05 0.00013874 0.0109144 -0.0200249 0.000143705 -0.00071485 -0.0200249 0.0988124 
0.0108808 -0.0199236 -2.96494e-05 0.000159699 -0.0199236 0.0983176 0.00015179 -0.000750127 -2.96494e-05 0.00015179 0.0109094 -0.0199949 0.000159699 -0.000750127 -0.0199949 0.0986779 
0.0108547 -0.0198736 -8.53906e-06 0.000147357 -0.0198736 0.0980883 0.00014295 -0.000746215 -8.53906e-06 0.00014295 0.0108848 -0.0199573 0.000147357 -0.000746215 -0.0199573 0.0984505 
0.0108287 -0.0198016 2.21808e-05 0.000116483 -0.0198016 0.0977358 0.000116078 -0.000689029 2.21808e-05 0.000116078 0.010839 -0.0198939 0.000116483 -0.000689029 -0.0198939 0.0981276 
0.01082 -0.0198011 1.44287e-05 7.64796e-05 -0.0198011 0.0976713 7.75425e-05 -0.000599537 1.44287e-05 7.75425e-05 0.0108285 -0.0198674 7.64796e-05 -0.000599537 -0.0198674 0.0980348 
0.010811 -0.0198075 9.84236e-07 8.10789e-05 -0.0198075 0.0977059 8.17617e-05 -0.000560443 9.84236e-07 8.17617e-05 0.0108316 -0.0198694 8.10789e-05 -0.000560443 -0.0198694 0.098043 
0.0108091 -0.0197761 1.33376e-07 9.8051e-05 -0.0197761 0.0976005 9.7886e-05 -0.000577282 1.33376e-07 9.7886e-05 0.0107922 -0.0198528 9.8051e-05 -0.000577282 -0.0198528 0.0979532 
0.0107964 -0.0197416 -4.86622e-06 9.79177e-05 -0.0197416 0.0973874 9.50586e-05 -0.000581043 -4.86622e-06 9.50586e-05 0.0107467 -0.0197721 9.79177e-05 -0.000581043 -0.0197721 0.0976789 
0.0108172 -0.0198074 -7.90201e-06 0.000102826 -0.0198074 0.0976554 9.97515e-05 -0.000584524 -7.90201e-06 9.97515e-05 0.0107674 -0.0197823 0.000102826 -0.000584524 -0.0197823 0.0978062 
0.0108439 -0.0198493 3.67439e-06 0.000107794 -0.0198493 0.0978955 0.000106161 -0.000597342 3.67439e-06 0.000106161 0.0107811 -0.0198198 0.000107794 -0.000597342 -0.0198198 0.0979715 
0.0108592 -0.0199208 6.16367e-06 9.64223e-05 -0.0199208 0.0982447 9.55489e-05 -0.000589763 6.16367e-06 9.55489e-05 0.0108313 -0.0198748 9.64223e-05 -0.000589763 -0.0198748 0.098271 
0.0108577 -0.0199201 9.89374e-06 9.02752e-05 -0.0199201 0.0983403 9.02834e-05 -0.000571216 9.89374e-06 9.02834e-05 0.0108536 -0.0199135 9.02752e-05 -0.000571216 -0.0199135 0.0984002 
0.0108372 -0.0198559 7.49093e-06 8.64395e-05 -0.0198559 0.0980834 8.55593e-05 -0.000556795 7.49093e-06 8.55593e-05 0.010843 -0.0198868 8.64395e-05 -0.000556795 -0.0198868 0.0982352 
0.0108351 -0.0198221 -1.31636e-05 9.00155e-05 -0.0198221 0.0978887 8.71251e-05 -0.000555087 -1.31636e-05 8.71251e-05 0.010829 -0.0198677 9.00155e-05 -0.000555087 -0.0198677 0.0981059 
0.0108102 -0.019798 -2.46235e-05 0.000117172 -0.019798 0.0976992 0.00010899 -0.000592544 -2.46235e-05 0.00010899 0.0108168 -0.0198357 0.000117172 -0.000592544 -0.0198357 0.0979357 
0.0108015 -0.0197847 -9.60746e-06 0.000136066 -0.0197847 0.0976554 0.000124024 -0.00064286 -9.60746e-06 0.000124024 0.0108175 -0.0198468 0.000136066 -0.00064286 -0.0198468 0.0979444 
0.0108027 -0.0197983 1.91178e-05 0.000121098 -0.0197983 0.0977395 0.000106594 -0.000640827 1.91178e-05 0.000106594 0.0108331 -0.0198799 0.000121098 -0.000640827 -0.0198799 0.0981004 
0.010824 -0.0198068 2.69695e-05 8.26945e-05 -0.0198068 0.0978174 6.74223e-05 -0.000568641 2.69695e-05 6.74223e-05 0.0108361 -0.0199137 8.26945e-05 -0.000568641 -0.0199137 0.0982627 
0.0108341 -0.0198261 2.36577e-05 6.74052e-05 -0.0198261 0.0978657 5.3227e-05 -0.000504176 2.36577e-05 5.3227e-05 0.0108386 -0.0199162 6.74052e-05 -0.000504176 -0.0199162 0.0983323 
0.0108362 -0.0198599 3.48536e-05 6.92854e-05 -0.0198599 0.0980168 5.87383e-05 -0.000486549 3.48536e-05 5.87383e-05 0.0108531 -0.0199385 6.92854e-05 -0.000486549 -0.0199385 0.098466 
0.010829 -0.0198336 2.48123e-05 5.56778e-05 -0.0198336 0.0979513 4.82166e-05 -0.00046572 2.48123e-05 4.82166e-05 0.0108473 -0.0199287 5.56778e-05 -0.00046572 -0.0199287 0.0984212 
0.0108328 -0.0197941 1.52316e-05 6.50273e-05 -0.0197941 0.0977618 5.82326e-05 -0.000465649 1.52316e-05 5.82326e-05 0.0108085 -0.0198954 6.50273e-05 -0.000465649 -0.0198954 0.0982623 
0.0108042 -0.0197445 -8.75623e-06 7.76966e-05 -0.0197445 0.0974199 6.98139e-05 -0.000487083 -8.75623e-06 6.98139e-05 0.0107641 -0.0197964 7.76966e-05 -0.000487083 -0.0197964 0.0978616 
0.0107981 -0.0197463 -2.36533e-05 0.000105578 -0.0197463 0.0973922 9.87133e-05 -0.000539104 -2.36533e-05 9.87133e-05 0.010761 -0.0197782 0.000105578 -0.000539104 -0.0197782 0.0977691 
0.0108056 -0.0197984 -2.73167e-05 0.000124806 -0.0197984 0.0976562 0.000121249 -0.000598917 -2.73167e-05 0.000121249 0.0108024 -0.019836 0.000124806 -0.000598917 -0.019836 0.0980251 
0.0107913 -0.0197838 -2.70749e-05 0.00012698 -0.0197838 0.0976699 0.000124672 -0.000624429 -2.70749e-05 0.000124672 0.0108165 -0.0198629 0.00012698 -0.000624429 -0.0198629 0.0981065 
0.0107914 -0.0197367 -1.89668e-05 0.000122212 -0.0197367 0.0975057 0.000120252 -0.000618006 -1.89668e-05 0.000120252 0.010787 -0.0198534 0.000122212 -0.000618006 -0.0198534 0.0980389 
0.0107945 -0.0197248 -1.18197e-05 0.000110089 -0.0197248 0.097375 0.000107859 -0.000590194 -1.18197e-05 0.000107859 0.0107513 -0.0198066 0.000110089 -0.000590194 -0.0198066 0.0978977 
0.0107808 -0.0197233 -1.27757e-05 9.99209e-05 -0.0197233 0.097304 9.6116e-05 -0.000556087 -1.27757e-05 9.6116e-05 0.0107291 -0.0197565 9.99209e-05 -0.000556087 -0.0197565 0.0977315 
0.0107617 -0.019694 -1.93666e-05 0.000101945 -0.019694 0.0971799 9.66525e-05 -0.000543011 -1.93666e-05 9.66525e-05 0.0107162 -0.019713 0.000101945 -0.000543011 -0.019713 0.0975371 
0.0107551 -0.0196814 -1.17816e-05 0.000110903 -0.0196814 0.0971339 0.000105712 -0.000554925 -1.17816e-05 0.000105712 0.0107185 -0.0197058 0.000110903 -0.000554925 -0.0197058 0.0974745 
0.0107166 -0.0196392 -1.418e-05 0.000100701 -0.0196392 0.0969381 9.66877e-05 -0.00054707 -1.418e-05 9.66877e-05 0.0107202 -0.0196817 0.000100701 -0.00054707 -0.0196817 0.0973134 
0.0106559 -0.019578 -1.66063e-05 0.000100393 -0.019578 0.0967079 9.58891e-05 -0.000533951 -1.66063e-05 9.58891e-05 0.0107342 -0.019674 0.000100393 -0.000533951 -0.019674 0.0971887 
0.0106084 -0.0194933 -6.14807e-06 0.000101625 -0.0194933 0.0964416 9.67407e-05 -0.000528132 -6.14807e-06 9.67407e-05 0.0107475 -0.0196911 0.000101625 -0.000528132 -0.0196911 0.0971452 
0.010629 -0.0194852 -4.20237e-06 8.79092e-05 -0.0194852 0.0964846 8.26434e-05 -0.000503687 -4.20237e-06 8.26434e-05 0.0107662 -0.0197697 8.79092e-05 -0.000503687 -0.0197697 0.0974422 
0.0106573 -0.0194969 -1.27517e-05 8.52406e-05 -0.0194969 0.0964862 7.84749e-05 -0.000482424 -1.27517e-05 7.84749e-05 0.0107455 -0.0197838 8.52406e-05 -0.000482424 -0.0197838 0.0975584 
0.0106633 -0.0194808 -1.26035e-05 9.53473e-05 -0.0194808 0.0962928 8.80687e-05 -0.000488218 -1.26035e-05 8.80687e-05 0.0106883 -0.0197008 9.53473e-05 -0.000488218 -0.0197008 0.0972846 
0.0106671 -0.019492 -1.02385e-05 9.79164e-05 -0.019492 0.0962267 8.82439e-05 -0.000497287 -1.02385e-05 8.82439e-05 0.0106474 -0.0196228 9.79164e-05 -0.000497287 -0.0196228 0.097019 
0.01068 -0.0194994 -4.57679e-06 9.47178e-05 -0.0194994 0.096206 8.42656e-05 -0.000493512 -4.57679e-06 8.42656e-05 0.0105986 -0.0195679 9.47178e-05 -0.000493512 -0.0195679 0.0968033 
0.0106842 -0.0195378 3.39692e-06 8.39785e-05 -0.0195378 0.0963225 7.58343e-05 -0.000472867 3.39692e-06 7.58343e-05 0.0105924 -0.0195298 8.39785e-05 -0.000472867 -0.0195298 0.0967252 
0.0106949 -0.0195595 2.97727e-06 7.07779e-05 -0.0195595 0.0964638 6.46166e-05 -0.000440773 2.97727e-06 6.46166e-05 0.0105939 -0.0195397 7.07779e-05 -0.000440773 -0.0195397 0.0967693 
0.0106944 -0.0195645 9.32408e-06 6.75915e-05 -0.0195645 0.0965009 6.18598e-05 -0.000416975 9.32408e-06 6.18598e-05 0.0105952 -0.0195325 6.75915e-05 -0.000416975 -0.0195325 0.0967591 
0.0106739 -0.0195733 1.07085e-05 5.85603e-05 -0.0195733 0.096565 5.12495e-05 -0.000389247 1.07085e-05 5.12495e-05 0.0106247 -0.0195435 5.85603e-05 -0.000389247 -0.0195435 0.0968097 
0.0106662 -0.0195353 -3.61925e-06 5.46584e-05 -0.0195353 0.0964907 4.90717e-05 -0.000369311 -3.61925e-06 4.90717e-05 0.0106316 -0.0195643 5.46584e-05 -0.000369311 -0.0195643 0.0968188 
0.0106607 -0.0195197 -1.24825e-06 6.93289e-05 -0.0195197 0.096417 6.66613e-05 -0.000384671 -1.24825e-06 6.66613e-05 0.0106296 -0.0195721 6.93289e-05 -0.000384671 -0.0195721 0.096834 
0.0106319 -0.0194793 1.58046e-05 6.58236e-05 -0.0194793 0.0962122 6.57468e-05 -0.000391081 1.58046e-05 6.57468e-05 0.0106158 -0.019536 6.58236e-05 -0.000391081 -0.019536 0.0966669 
0.0105866 -0.0194197 1.83725e-05 4.40075e-05 -0.0194197 0.0959512 4.54461e-05 -0.000357878 1.83725e-05 4.54461e-05 0.010604 -0.0194976 4.40075e-05 -0.000357878 -0.0194976 0.0964517 
0.0105759 -0.0194152 1.38676e-05 3.81736e-05 -0.0194152 0.0959961 3.95745e-05 -0.000326536 1.38676e-05 3.95745e-05 0.0106202 -0.0195363 3.81736e-05 -0.000326536 -0.0195363 0.096591 
0.0105549 -0.0193859 1.25951e-05 4.5494e-05 -0.0193859 0.0959263 4.46729e-05 -0.000325102 1.25951e-05 4.46729e-05 0.0106362 -0.0195482 4.5494e-05 -0.000325102 -0.0195482 0.0966369 
0.0105461 -0.0193246 1.10508e-05 4.67652e-05 -0.0193246 0.0956946 4.39137e-05 -0.000326181 1.10508e-05 4.39137e-05 0.0106134 -0.0195419 4.67652e-05 -0.000326181 -0.0195419 0.0965499 
0.0105522 -0.0193393 1.32692e-05 4.6135e-05 -0.0193393 0.095703 4.39413e-05 -0.000321982 1.32692e-05 4.39413e-05 0.0106181 -0.0195419 4.6135e-05 -0.000321982 -0.0195419 0.0966053 
0.0105855 -0.0193705 2.72495e-05 4.45689e-05 -0.0193705 0.0958341 4.19903e-05 -0.000317161 2.72495e-05 4.19903e-05 0.0106274 -0.0195631 4.45689e-05 -0.000317161 -0.0195631 0.0967169 
0.0106024 -0.0193945 2.26412e-05 2.93668e-05 -0.0193945 0.0958685 2.64177e-05 -0.00029322 2.26412e-05 2.64177e-05 0.0106188 -0.019553 2.93668e-05 -0.00029322 -0.019553 0.0966831 
0.010632 -0.0194572 1.68821e-05 3.40669e-05 -0.0194572 0.096117 3.36196e-05 -0.000290443 1.68821e-05 3.36196e-05 0.0106369 -0.0195817 3.40669e-05 -0.000290443 -0.0195817 0.0968433 
0.0106637 -0.0194993 9.68569e-06 4.60346e-05 -0.0194993 0.0963093 4.57129e-05 -0.0003182 9.68569e-06 4.57129e-05 0.0106388 -0.0196091 4.60346e-05 -0.0003182 -0.0196091 0.096975 
0.0106739 -0.0195052 -2.13439e-06 5.64379e-05 -0.0195052 0.0962893 5.73005e-05 -0.000351931 -2.13439e-06 5.73005e-05 0.0106153 -0.0195773 5.64379e-05 -0.000351931 -0.0195773 0.0968734 
0.0106796 -0.019526 2.08564e-08 6.75559e-05 -0.019526 0.0963375 7.45595e-05 -0.000388911 2.08564e-08 7.45595e-05 0.0106136 -0.0195573 6.75559e-05 -0.000388911 -0.0195573 0.0968252 
0.0106881 -0.0195364 -1.35285e-05 6.53846e-05 -0.0195364 0.0963801 7.46416e-05 -0.000406056 -1.35285e-05 7.46416e-05 0.0106126 -0.0195532 6.53846e-05 -0.000406056 -0.0195532 0.0967969 
0.0106754 -0.0194982 -3.46748e-06 8.15368e-05 -0.0194982 0.0961642 8.76161e-05 -0.000430516 -3.46748e-06 8.76161e-05 0.0105804 -0.0194983 8.15368e-05 -0.000430516 -0.0194983 0.0965229 
0.0106894 -0.0195245 -7.79656e-07 7.31661e-05 -0.0195245 0.0962392 7.64796e-05 -0.000431404 -7.79656e-07 7.64796e-05 0.0105836 -0.0194962 7.31661e-05 -0.000431404 -0.0194962 0.0965252 
0.0106924 -0.0195496 8.39696e-06 6.97156e-05 -0.0195496 0.0963333 7.15601e-05 -0.000420094 8.39696e-06 7.15601e-05 0.0106017 -0.0195068 6.97156e-05 -0.000420094 -0.0195068 0.096562 
0.0106719 -0.0195596 1.66929e-05 5.82792e-05 -0.0195596 0.0964087 5.85886e-05 -0.000396757 1.66929e-05 5.85886e-05 0.0106317 -0.0195366 5.82792e-05 -0.000396757 -0.0195366 0.0966461 
0.0106375 -0.0195505 2.21903e-05 4.6526e-05 -0.0195505 0.0964897 4.33573e-05 -0.000360878 2.21903e-05 4.33573e-05 0.0106862 -0.0195997 4.6526e-05 -0.000360878 -0.0195997 0.0968605 
0.0106124 -0.0195166 1.88697e-05 3.81294e-05 -0.0195166 0.0965153 3.13844e-05 -0.000325051 1.88697e-05 3.13844e-05 0.0107285 -0.0196886 3.81294e-05 -0.000325051 -0.0196886 0.0971606 
0.010605 -0.0194667 1.50529e-05 4.33058e-05 -0.0194667 0.0964073 3.15066e-05 -0.000312951 1.50529e-05 3.15066e-05 0.0107353 -0.0197396 4.33058e-05 -0.000312951 -0.0197396 0.0973583 
0.0105924 -0.0193779 1.1573e-05 4.85108e-05 -0.0193779 0.0959697 3.26303e-05 -0.000311835 1.1573e-05 3.26303e-05 0.0106786 -0.0196734 4.85108e-05 -0.000311835 -0.0196734 0.0970875 
0.0106226 -0.0194108 7.08599e-07 5.42302e-05 -0.0194108 0.0959922 3.9027e-05 -0.000323347 7.08599e-07 3.9027e-05 0.0106595 -0.019647 5.42302e-05 -0.000323347 -0.019647 0.0970671 
0.0106512 -0.0194487 -2.51876e-06 6.57248e-05 -0.0194487 0.0960641 5.93704e-05 -0.000355998 -2.51876e-06 5.93704e-05 0.0106338 -0.0196141 6.57248e-05 -0.000355998 -0.0196141 0.0969813 
0.0106762 -0.0195217 -1.28007e-05 6.63592e-05 -0.0195217 0.0963248 6.99218e-05 -0.000382477 -1.28007e-05 6.99218e-05 0.0106327 -0.0196103 6.63592e-05 -0.000382477 -0.0196103 0.0970436 
0.0106685 -0.0195142 -7.02813e-06 7.68057e-05 -0.0195142 0.0962941 8.57341e-05 -0.000412353 -7.02813e-06 8.57341e-05 0.0106077 -0.0195648 7.68057e-05 -0.000412353 -0.0195648 0.0968596 
0.0106571 -0.0194895 8.92389e-07 6.94589e-05 -0.0194895 0.0961891 7.66718e-05 -0.000412007 8.92389e-07 7.66718e-05 0.0105794 -0.0195234 6.94589e-05 -0.000412007 -0.0195234 0.0966797 
0.0106266 -0.0194628 2.83377e-06 5.81103e-05 -0.0194628 0.09605 6.07773e-05 -0.000381761 2.83377e-06 6.07773e-05 0.0105728 -0.0194736 5.81103e-05 -0.000381761 -0.0194736 0.0964782 
0.0105997 -0.0194179 5.66506e-06 5.43907e-05 -0.0194179 0.0958947 5.37672e-05 -0.000354566 5.66506e-06 5.37672e-05 0.01056 -0.0194581 5.43907e-05 -0.000354566 -0.0194581 0.0963421 
0.0105382 -0.0193075 8.47511e-06 5.06849e-05 -0.0193075 0.0953875 4.88769e-05 -0.00033512 8.47511e-06 4.88769e-05 0.0105147 -0.0193659 5.06849e-05 -0.00033512 -0.0193659 0.0958806 
0.0105 -0.0192416 8.78364e-06 4.5609e-05 -0.0192416 0.0950823 4.44291e-05 -0.000317111 8.78364e-06 4.44291e-05 0.0104945 -0.0193147 4.5609e-05 -0.000317111 -0.0193147 0.095608 
0.0104859 -0.01919 2.69758e-06 4.46335e-05 -0.01919 0.0948424 4.61078e-05 -0.00031125 2.69758e-06 4.61078e-05 0.0104664 -0.0192826 4.46335e-05 -0.00031125 -0.0192826 0.0954056 
0.0104779 -0.0192014 5.74365e-06 5.05212e-05 -0.0192014 0.0948442 5.34642e-05 -0.000319063 5.74365e-06 5.34642e-05 0.0104675 -0.0192768 5.05212e-05 -0.000319063 -0.0192768 0.0953954 
0.0104479 -0.019179 2.62002e-06 4.99974e-05 -0.019179 0.0947661 4.93556e-05 -0.000321145 2.62002e-06 4.93556e-05 0.0104763 -0.0192632 4.99974e-05 -0.000321145 -0.0192632 0.0953134 
0.0104576 -0.019176 1.02339e-05 5.44072e-05 -0.019176 0.0948362 4.8331e-05 -0.000321008 1.02339e-05 4.8331e-05 0.0104789 -0.0193079 5.44072e-05 -0.000321008 -0.0193079 0.0954578 
0.0104927 -0.0192058 1.34035e-05 4.52242e-05 -0.0192058 0.0949809 3.62833e-05 -0.00030284 1.34035e-05 3.62833e-05 0.0104729 -0.0193381 4.52242e-05 -0.00030284 -0.0193381 0.0956537 
0.0105227 -0.0192917 9.96516e-06 3.87355e-05 -0.0192917 0.0953298 3.06883e-05 -0.000279517 9.96516e-06 3.06883e-05 0.0105037 -0.0193706 3.87355e-05 -0.000279517 -0.0193706 0.0959308 
0.0105162 -0.0193097 2.43778e-06 4.23672e-05 -0.0193097 0.0954558 3.38886e-05 -0.000274416 2.43778e-06 3.38886e-05 0.0105267 -0.0193844 4.23672e-05 -0.000274416 -0.0193844 0.0960037 
0.0104969 -0.0192712 4.7953e-06 5.04569e-05 -0.0192712 0.0953536 4.139e-05 -0.000283155 4.7953e-06 4.139e-05 0.010534 -0.0193851 5.04569e-05 -0.000283155 -0.0193851 0.095952 
0.0104901 -0.019236 1.06207e-05 4.70295e-05 -0.019236 0.0952269 3.84186e-05 -0.000282222 1.06207e-05 3.84186e-05 0.0105356 -0.0193942 4.70295e-05 -0.000282222 -0.0193942 0.095939 
0.0104901 -0.01924 -3.66376e-06 3.43918e-05 -0.01924 0.0952258 2.79023e-05 -0.000256473 -3.66376e-06 2.79023e-05 0.01054 -0.0194148 3.43918e-05 -0.000256473 -0.0194148 0.0960243 
0.0104631 -0.019215 -1.71635e-06 4.7796e-05 -0.019215 0.0951018 4.209e-05 -0.000258791 -1.71635e-06 4.209e-05 0.0105363 -0.0193928 4.7796e-05 -0.000258791 -0.0193928 0.0959353 
0.0104418 -0.0191727 5.23175e-06 4.89559e-05 -0.0191727 0.0949474 4.23779e-05 -0.000268079 5.23175e-06 4.23779e-05 0.0105265 -0.0193747 4.89559e-05 -0.000268079 -0.0193747 0.0958244 
0.0104139 -0.019075 5.83848e-07 4.09479e-05 -0.019075 0.0944848 3.33143e-05 -0.000255833 5.83848e-07 3.33143e-05 0.0104619 -0.0192917 4.09479e-05 -0.000255833 -0.0192917 0.0954055 
0.010421 -0.0190979 4.55931e-06 4.33894e-05 -0.0190979 0.0945025 3.65553e-05 -0.000250064 4.55931e-06 3.65553e-05 0.0104507 -0.0192694 4.33894e-05 -0.000250064 -0.0192694 0.0953713 
0.0104479 -0.019125 4.93872e-06 3.73455e-05 -0.019125 0.0946115 3.4498e-05 -0.000243262 4.93872e-06 3.4498e-05 0.0104412 -0.0192685 3.73455e-05 -0.000243262 -0.0192685 0.0953958 
0.0104702 -0.0191394 -1.04336e-05 3.5277e-05 -0.0191394 0.0946201 3.5726e-05 -0.000237415 -1.04336e-05 3.5726e-05 0.0104128 -0.0192427 3.5277e-05 -0.000237415 -0.0192427 0.0953141 
0.0104742 -0.0191444 -2.88301e-05 5.49739e-05 -0.0191444 0.0945546 5.36593e-05 -0.000264869 -2.88301e-05 5.36593e-05 0.0103903 -0.0191867 5.49739e-05 -0.000264869 -0.0191867 0.0951162 
0.0104942 -0.019191 -2.93261e-05 7.99031e-05 -0.019191 0.0947301 7.59519e-05 -0.000317324 -2.93261e-05 7.59519e-05 0.0103923 -0.0191976 7.99031e-05 -0.000317324 -0.0191976 0.095177 
0.0105202 -0.0192261 -2.39337e-05 8.25652e-05 -0.0192261 0.0948894 7.87683e-05 -0.000346979 -2.39337e-05 7.87683e-05 0.0103945 -0.019209 8.25652e-05 -0.000346979 -0.019209 0.0952569 
0.010506 -0.0192334 -1.56024e-05 7.45496e-05 -0.0192334 0.0948808 7.18691e-05 -0.000341797 -1.56024e-05 7.18691e-05 0.010398 -0.0191832 7.45496e-05 -0.000341797 -0.0191832 0.0951618 
0.0104921 -0.0192298 -1.76766e-05 6.22029e-05 -0.0192298 0.0949145 6.0383e-05 -0.000316613 -1.76766e-05 6.0383e-05 0.0104157 -0.0191977 6.22029e-05 -0.000316613 -0.0191977 0.0951811 
0.010492 -0.0192415 -1.98614e-05 6.35855e-05 -0.0192415 0.0950425 6.26217e-05 -0.000306916 -1.98614e-05 6.26217e-05 0.0104507 -0.0192507 6.35855e-05 -0.000306916 -0.0192507 0.0953786 
0.0104773 -0.0192356 -2.37206e-05 6.46024e-05 -0.0192356 0.0950777 6.57943e-05 -0.000307899 -2.37206e-05 6.57943e-05 0.0104853 -0.0192941 6.46024e-05 -0.000307899 -0.0192941 0.0955342 
0.0104678 -0.0192038 -4.81907e-06 6.6825e-05 -0.0192038 0.095004 6.87552e-05 -0.000309372 -4.81907e-06 6.87552e-05 0.0105018 -0.019326 6.6825e-05 -0.000309372 -0.019326 0.0956148 
0.0104682 -0.0192355 -3.08535e-07 4.48608e-05 -0.0192355 0.0951787 4.59847e-05 -0.000276884 -3.08535e-07 4.59847e-05 0.0105488 -0.019398 4.48608e-05 -0.000276884 -0.019398 0.09593 
0.0104639 -0.0192109 -2.9339e-06 3.85931e-05 -0.0192109 0.0951454 3.91574e-05 -0.000245751 -2.9339e-06 3.91574e-05 0.0105549 -0.0194344 3.85931e-05 -0.000245751 -0.0194344 0.0960499 
0.0104638 -0.0191897 -3.29843e-07 4.13483e-05 -0.0191897 0.0950591 4.29471e-05 -0.000240237 -3.29843e-07 4.29471e-05 0.010547 -0.0194378 4.13483e-05 -0.000240237 -0.0194378 0.0960852 
0.0104556 -0.0191552 9.22564e-06 3.6777e-05 -0.0191552 0.0948575 4.23123e-05 -0.000237469 9.22564e-06 4.23123e-05 0.0105126 -0.0193933 3.6777e-05 -0.000237469 -0.0193933 0.0959134 
0.0104535 -0.0191144 8.56772e-06 2.54388e-05 -0.0191144 0.0945955 3.11376e-05 -0.000219735 8.56772e-06 3.11376e-05 0.0104532 -0.0193129 2.54388e-05 -0.000219735 -0.0193129 0.0955861 
0.0104709 -0.0191926 1.64178e-05 2.59419e-05 -0.0191926 0.0948582 2.77669e-05 -0.000205839 1.64178e-05 2.77669e-05 0.0104685 -0.0193062 2.59419e-05 -0.000205839 -0.0193062 0.0956665 
0.0104368 -0.0191485 5.29536e-06 1.89604e-05 -0.0191485 0.0946823 1.79676e-05 -0.000189719 5.29536e-06 1.79676e-05 0.0104471 -0.0192496 1.89604e-05 -0.000189719 -0.0192496 0.0953681 
0.0104311 -0.0191107 1.46505e-06 2.93759e-05 -0.0191107 0.094552 3.16956e-05 -0.000198675 1.46505e-06 3.16956e-05 0.0104258 -0.0192306 2.93759e-05 -0.000198675 -0.0192306 0.0952317 
0.01044 -0.0191481 6.81829e-06 3.48092e-05 -0.0191481 0.0947015 4.05325e-05 -0.000220621 6.81829e-06 4.05325e-05 0.0104472 -0.0192537 3.48092e-05 -0.000220621 -0.0192537 0.0953699 
0.0104491 -0.0191898 2.15212e-05 2.94861e-05 -0.0191898 0.0949398 3.44937e-05 -0.000222135 2.15212e-05 3.44937e-05 0.0104851 -0.0193086 2.94861e-05 -0.000222135 -0.0193086 0.0956154 
0.0104323 -0.0191512 2.41783e-05 1.43266e-05 -0.0191512 0.094819 1.81889e-05 -0.000198954 2.41783e-05 1.81889e-05 0.0104861 -0.0193053 1.43266e-05 -0.000198954 -0.0193053 0.0955553 
0.0104321 -0.0191276 2.55521e-05 9.51381e-06 -0.0191276 0.0947221 1.25538e-05 -0.000177674 2.55521e-05 1.25538e-05 0.0104725 -0.0193065 9.51381e-06 -0.000177674 -0.0193065 0.0955297 
0.010452 -0.0191708 1.66059e-05 9.42363e-06 -0.0191708 0.0948938 1.22539e-05 -0.000172956 1.66059e-05 1.22539e-05 0.0104787 -0.019333 9.42363e-06 -0.000172956 -0.019333 0.0957034 
0.0104324 -0.0191379 2.59328e-06 2.05063e-05 -0.0191379 0.0947246 2.47351e-05 -0.000191531 2.59328e-06 2.47351e-05 0.0104513 -0.0192746 2.05063e-05 -0.000191531 -0.0192746 0.0954742 
0.0104238 -0.0191149 -4.41137e-06 3.71144e-05 -0.0191149 0.0946062 4.44353e-05 -0.000231197 -4.41137e-06 4.44353e-05 0.0104291 -0.0192304 3.71144e-05 -0.000231197 -0.0192304 0.0952787 
0.0104352 -0.019128 -1.16087e-05 4.8473e-05 -0.019128 0.0946427 5.72999e-05 -0.000273208 -1.16087e-05 5.72999e-05 0.0104191 -0.019216 4.8473e-05 -0.000273208 -0.019216 0.0952238 
0.0104636 -0.0191489 -1.3063e-05 5.69253e-05 -0.0191489 0.0947152 6.55259e-05 -0.000302119 -1.3063e-05 6.55259e-05 0.0104021 -0.0192091 5.69253e-05 -0.000302119 -0.0192091 0.0952083 
0.0104629 -0.0191704 -4.18475e-06 6.12725e-05 -0.0191704 0.0947345 6.49955e-05 -0.000316304 -4.18475e-06 6.49955e-05 0.0103987 -0.0191748 6.12725e-05 -0.000316304 -0.0191748 0.095103 
0.0104649 -0.019172 -1.45162e-08 5.00637e-05 -0.019172 0.0947529 4.87136e-05 -0.000296771 -1.45162e-08 4.87136e-05 0.0103963 -0.0191741 5.00637e-05 -0.000296771 -0.0191741 0.0950617 
0.0104662 -0.0191701 2.63853e-06 4.59614e-05 -0.0191701 0.0947373 4.45534e-05 -0.000279091 2.63853e-06 4.45534e-05 0.010396 -0.0191712 4.59614e-05 -0.000279091 -0.0191712 0.0950367 
0.010476 -0.0191593 -5.61404e-06 4.16897e-05 -0.0191593 0.094666 4.40886e-05 -0.000271925 -5.61404e-06 4.40886e-05 0.0103797 -0.0191573 4.16897e-05 -0.000271925 -0.0191573 0.0949567 
0.0105174 -0.0192482 -1.77401e-05 5.18481e-05 -0.0192482 0.0950299 5.83156e-05 -0.000292696 -1.77401e-05 5.83156e-05 0.0104017 -0.0192163 5.18481e-05 -0.000292696 -0.0192163 0.0952744 
0.0105023 -0.0192449 -1.79297e-05 6.81873e-05 -0.0192449 0.0950024 7.54131e-05 -0.000332053 -1.79297e-05 7.54131e-05 0.0104013 -0.0191836 6.81873e-05 -0.000332053 -0.0191836 0.0951686 
0.0104923 -0.0192127 1.9184e-06 7.25368e-05 -0.0192127 0.0948884 7.51759e-05 -0.000355123 1.9184e-06 7.51759e-05 0.0103819 -0.0191655 7.25368e-05 -0.000355123 -0.0191655 0.0950386 
0.0104596 -0.0191856 1.84008e-05 4.78242e-05 -0.0191856 0.0947384 4.75593e-05 -0.000320991 1.84008e-05 4.75593e-05 0.0103777 -0.0191268 4.78242e-05 -0.000320991 -0.0191268 0.0948731 
0.010438 -0.019131 3.71966e-05 2.31693e-05 -0.019131 0.0945359 2.15453e-05 -0.000254517 3.71966e-05 2.15453e-05 0.0103627 -0.0191043 2.31693e-05 -0.000254517 -0.0191043 0.0947036 
0.010397 -0.0190799 3.94735e-05 -2.89688e-06 -0.0190799 0.0942749 -4.27272e-06 -0.000181874 3.94735e-05 -4.27272e-06 0.0103562 -0.0190589 -2.89688e-06 -0.000181874 -0.0190589 0.0944701 
0.0103556 -0.0190353 5.26396e-05 -9.61433e-06 -0.0190353 0.0941044 -8.94212e-06 -0.000138737 5.26396e-05 -8.94212e-06 0.0103727 -0.0190544 -9.61433e-06 -0.000138737 -0.0190544 0.0943632 
0.0103196 -0.0189973 4.09012e-05 -2.29185e-05 -0.0189973 0.0940147 -2.08252e-05 -0.000109185 4.09012e-05 -2.08252e-05 0.0104047 -0.0190952 -2.29185e-05 -0.000109185 -0.0190952 0.0944344 
0.0103415 -0.0190092 3.20289e-05 -4.79205e-06 -0.0190092 0.0941896 -3.69145e-06 -0.000128661 3.20289e-05 -3.69145e-06 0.0104414 -0.0192025 -4.79205e-06 -0.000128661 -0.0192025 0.0948472 
0.010387 -0.019059 3.29785e-05 1.12204e-05 -0.019059 0.0944377 1.10848e-05 -0.000173487 3.29785e-05 1.10848e-05 0.0104706 -0.0192832 1.12204e-05 -0.000173487 -0.0192832 0.0952635 
