0.00612745 0 2.3803e-05 0 0 0.00870816 0 0 2.3803e-05 0 0.00615613 0 0 0 0 0.00870816 
0.00937681 -0.0116398 1.772e-05 -1.90485e-05 -0.0116398 0.0309392 -1.90485e-05 3.6505e-05 1.772e-05 -1.90485e-05 0.00940749 -0.0116758 -1.90485e-05 3.6505e-05 -0.0116758 0.0310085 
0.00966257 -0.0180363 -2.93249e-05 7.62649e-05 -0.0180363 0.0665079 7.62649e-05 -0.00027145 -2.93249e-05 7.62649e-05 0.00969025 -0.0180203 7.62649e-05 -0.00027145 -0.0180203 0.0664372 
0.00915987 -0.0177858 -4.59452e-05 0.00020952 -0.0177858 0.0798656 0.000213693 -0.000995656 -4.59452e-05 0.000213693 0.00918999 -0.0176967 0.00020952 -0.000995656 -0.0176967 0.0793173 
0.00885171 -0.0166499 -1.85738e-05 0.000198622 -0.0166499 0.0805758 0.000205199 -0.00121871 -1.85738e-05 0.000205199 0.00889503 -0.0165803 0.000198622 -0.00121871 -0.0165803 0.0798904 
0.00862956 -0.0159474 1.59807e-05 0.000119577 -0.0159474 0.0785921 0.000123999 -0.000949858 1.59807e-05 0.000123999 0.00868714 -0.0159238 0.000119577 -0.000949858 -0.0159238 0.0780805 
0.008374 -0.0154224 3.79973e-05 5.12524e-05 -0.0154224 0.0762291 5.52256e-05 -0.000612548 3.79973e-05 5.52256e-05 0.00845209 -0.0154332 5.12524e-05 -0.000612548 -0.0154332 0.0759203 
0.00813851 -0.0149592 4.72407e-05 1.54616e-05 -0.0149592 0.0740418 2.00435e-05 -0.000388366 4.72407e-05 2.00435e-05 0.00821675 -0.0150043 1.54616e-05 -0.000388366 -0.0150043 0.0738928 
0.00954185 -0.0175152 4.70728e-05 4.12862e-06 -0.0175152 0.0867014 1.00969e-05 -0.000337586 4.70728e-05 1.00969e-05 0.00961557 -0.017572 4.12862e-06 -0.000337586 -0.017572 0.0866088 
0.00943407 -0.0172836 3.14973e-05 1.93408e-05 -0.0172836 0.0854979 2.44866e-05 -0.000322617 3.14973e-05 2.44866e-05 0.00946245 -0.0173145 1.93408e-05 -0.000322617 -0.0173145 0.08539 
0.00937046 -0.0171874 1.48912e-05 4.46653e-05 -0.0171874 0.0849011 4.81885e-05 -0.000370419 1.48912e-05 4.81885e-05 0.00938828 -0.0171571 4.46653e-05 -0.000370419 -0.0171571 0.0846754 
0.00933708 -0.0171625 -8.06759e-06 6.78033e-05 -0.0171625 0.084744 7.24715e-05 -0.000437765 -8.06759e-06 7.24715e-05 0.00936897 -0.0171059 6.78033e-05 -0.000437765 -0.0171059 0.0844023 
0.00932762 -0.0171499 -9.78617e-07 9.6324e-05 -0.0171499 0.0847315 0.000100618 -0.000511094 -9.78617e-07 0.000100618 0.00936864 -0.0171078 9.6324e-05 -0.000511094 -0.0171078 0.0843641 
0.00930754 -0.0170796 1.80376e-05 9.05459e-05 -0.0170796 0.0844045 8.95271e-05 -0.000527241 1.80376e-05 8.95271e-05 0.00933271 -0.0170471 9.05459e-05 -0.000527241 -0.0170471 0.0840481 
0.00931317 -0.0170795 2.30745e-05 6.79131e-05 -0.0170795 0.0843376 6.29128e-05 -0.000486951 2.30745e-05 6.29128e-05 0.00931347 -0.0170331 6.79131e-05 -0.000486951 -0.0170331 0.083971 
0.00928407 -0.017086 1.14303e-05 5.98716e-05 -0.017086 0.0843158 5.26181e-05 -0.000446872 1.14303e-05 5.26181e-05 0.00933142 -0.017014 5.98716e-05 -0.000446872 -0.017014 0.0839076 
0.0092469 -0.0170425 -3.3476e-06 7.20532e-05 -0.0170425 0.0842081 6.53348e-05 -0.000449471 -3.3476e-06 6.53348e-05 0.00934443 -0.017031 7.20532e-05 -0.000449471 -0.017031 0.0838789 
0.00925305 -0.0170296 -1.29677e-05 9.16951e-05 -0.0170296 0.0842508 8.65071e-05 -0.000489304 -1.29677e-05 8.65071e-05 0.00935862 -0.0170913 9.16951e-05 -0.000489304 -0.0170913 0.0840995 
0.00928356 -0.0170567 1.0198e-05 0.000104143 -0.0170567 0.0843808 9.94083e-05 -0.000528196 1.0198e-05 9.94083e-05 0.00936901 -0.0171329 0.000104143 -0.000528196 -0.0171329 0.0843402 
0.00932196 -0.0170923 1.72302e-05 7.68237e-05 -0.0170923 0.0844956 7.10788e-05 -0.000501873 1.72302e-05 7.10788e-05 0.00934275 -0.0171396 7.68237e-05 -0.000501873 -0.0171396 0.0844396 
0.00930241 -0.0170586 8.67442e-06 6.48211e-05 -0.0170586 0.0842262 5.72334e-05 -0.000455065 8.67442e-06 5.72334e-05 0.009292 -0.0170235 6.48211e-05 -0.000455065 -0.0170235 0.0840231 
0.00930812 -0.0170872 1.49844e-05 7.6467e-05 -0.0170872 0.0843252 6.65734e-05 -0.000454028 1.49844e-05 6.65734e-05 0.00928752 -0.0170102 7.6467e-05 -0.000454028 -0.0170102 0.08398 
0.00930172 -0.0170924 1.33251e-05 7.26598e-05 -0.0170924 0.0843683 6.23401e-05 -0.000457726 1.33251e-05 6.23401e-05 0.00929791 -0.0170064 7.26598e-05 -0.000457726 -0.0170064 0.083965 
0.00929883 -0.0170852 -4.72141e-07 7.56194e-05 -0.0170852 0.0843796 6.74473e-05 -0.000466136 -4.72141e-07 6.74473e-05 0.00931065 -0.0170248 7.56194e-05 -0.000466136 -0.0170248 0.0840064 
0.00932441 -0.0171005 -4.88273e-06 9.18685e-05 -0.0171005 0.0844784 8.62227e-05 -0.000499845 -4.88273e-06 8.62227e-05 0.00931478 -0.0170689 9.18685e-05 -0.000499845 -0.0170689 0.0841846 
0.00937366 -0.0171647 -5.47826e-06 9.92114e-05 -0.0171647 0.0847405 9.68609e-05 -0.000536982 -5.47826e-06 9.68609e-05 0.00933018 -0.017114 9.92114e-05 -0.000536982 -0.017114 0.0844655 
0.00940413 -0.0172282 -8.34051e-06 9.90996e-05 -0.0172282 0.0849674 9.95679e-05 -0.000553599 -8.34051e-06 9.95679e-05 0.00934679 -0.0171304 9.90996e-05 -0.000553599 -0.0171304 0.0846144 
0.00939776 -0.0172383 -8.88009e-06 0.000100237 -0.0172383 0.0849864 0.000103471 -0.000561799 -8.88009e-06 0.000103471 0.00936009 -0.0171133 0.000100237 -0.000561799 -0.0171133 0.0845394 
0.00937701 -0.0172162 -8.94668e-06 9.84852e-05 -0.0172162 0.0849095 0.000105925 -0.000565462 -8.94668e-06 0.000105925 0.00936965 -0.0171159 9.84852e-05 -0.000565462 -0.0171159 0.0844658 
0.0093928 -0.0172286 -1.68379e-05 9.88375e-05 -0.0172286 0.0850191 0.000108164 -0.000570584 -1.68379e-05 0.000108164 0.00938619 -0.0171702 9.88375e-05 -0.000570584 -0.0171702 0.0846575 
0.00940529 -0.017251 -1.69369e-05 0.000110653 -0.017251 0.085111 0.000119277 -0.000593386 -1.69369e-05 0.000119277 0.00940119 -0.0171931 0.000110653 -0.000593386 -0.0171931 0.0847877 
0.00941314 -0.0172685 5.32241e-06 0.000112902 -0.0172685 0.0851883 0.000119889 -0.000609011 5.32241e-06 0.000119889 0.0094121 -0.0172086 0.000112902 -0.000609011 -0.0172086 0.0848601 
0.00941166 -0.0172757 2.12058e-05 8.64694e-05 -0.0172757 0.0852238 9.16298e-05 -0.000571595 2.12058e-05 9.16298e-05 0.00941382 -0.0172143 8.64694e-05 -0.000571595 -0.0172143 0.0848808 
0.00941061 -0.0172725 1.65071e-05 6.44904e-05 -0.0172725 0.0852314 6.78508e-05 -0.000510586 1.65071e-05 6.78508e-05 0.00941309 -0.0172136 6.44904e-05 -0.000510586 -0.0172136 0.084882 
0.00941912 -0.0172893 1.38803e-05 7.10062e-05 -0.0172893 0.0853228 7.03372e-05 -0.00049129 1.38803e-05 7.03372e-05 0.0094237 -0.0172305 7.10062e-05 -0.00049129 -0.0172305 0.0849683 
0.00943811 -0.0172966 1.30608e-05 7.72675e-05 -0.0172966 0.0853662 7.18433e-05 -0.000495337 1.30608e-05 7.18433e-05 0.00941706 -0.0172392 7.72675e-05 -0.000495337 -0.0172392 0.0850083 
0.00944383 -0.0173111 7.2702e-06 8.01685e-05 -0.0173111 0.0853857 7.34033e-05 -0.000501772 7.2702e-06 7.34033e-05 0.00941251 -0.0172257 8.01685e-05 -0.000501772 -0.0172257 0.0849867 
0.00942096 -0.0172857 4.52622e-06 8.86519e-05 -0.0172857 0.085244 8.12704e-05 -0.00051859 4.52622e-06 8.12704e-05 0.00940038 -0.017184 8.86519e-05 -0.00051859 -0.017184 0.0847934 
0.00938554 -0.0172221 -1.23849e-05 9.32166e-05 -0.0172221 0.0849618 8.53921e-05 -0.000533753 -1.23849e-05 8.53921e-05 0.00937522 -0.0171382 9.32166e-05 -0.000533753 -0.0171382 0.0845262 
0.00935798 -0.0171893 -1.16346e-05 0.000113302 -0.0171893 0.0848157 0.000106763 -0.000572507 -1.16346e-05 0.000106763 0.00936719 -0.0171204 0.000113302 -0.000572507 -0.0171204 0.084421 
0.00937039 -0.0171912 -3.69124e-06 0.000112625 -0.0171912 0.084869 0.000107807 -0.000594807 -3.69124e-06 0.000107807 0.00935739 -0.0171457 0.000112625 -0.000594807 -0.0171457 0.0845283 
0.00936529 -0.0171812 8.74532e-06 9.60978e-05 -0.0171812 0.0847947 9.42646e-05 -0.00056976 8.74532e-06 9.42646e-05 0.00934285 -0.0171105 9.60978e-05 -0.00056976 -0.0171105 0.0844442 
0.00933528 -0.0171552 2.57613e-05 7.59425e-05 -0.0171552 0.0846572 7.71852e-05 -0.000521438 2.57613e-05 7.71852e-05 0.0093475 -0.0170712 7.59425e-05 -0.000521438 -0.0170712 0.0842709 
0.00931381 -0.0171132 1.10105e-05 5.42593e-05 -0.0171132 0.0845089 5.76599e-05 -0.000468419 1.10105e-05 5.76599e-05 0.00934905 -0.0170705 5.42593e-05 -0.000468419 -0.0170705 0.0841709 
0.00930225 -0.017084 -7.93406e-06 7.03293e-05 -0.017084 0.0843871 7.37653e-05 -0.00046753 -7.93406e-06 7.37653e-05 0.00933929 -0.0170757 7.03293e-05 -0.00046753 -0.0170757 0.0841421 
0.00930685 -0.0171198 -1.38522e-05 9.62432e-05 -0.0171198 0.0845571 9.79985e-05 -0.000516456 -1.38522e-05 9.79985e-05 0.00935557 -0.0171149 9.62432e-05 -0.000516456 -0.0171149 0.0843579 
0.00929333 -0.0171088 -1.36376e-05 0.000106683 -0.0171088 0.0845665 0.000106504 -0.000555575 -1.36376e-05 0.000106504 0.00936805 -0.0171192 0.000106683 -0.000555575 -0.0171192 0.0844043 
0.00927468 -0.017075 -2.48376e-06 0.000106717 -0.017075 0.084467 0.000104879 -0.000567256 -2.48376e-06 0.000104879 0.00937052 -0.0171213 0.000106717 -0.000567256 -0.0171213 0.0843834 
0.00928723 -0.0170459 3.27109e-06 9.29433e-05 -0.0170459 0.0843674 8.83387e-05 -0.000543376 3.27109e-06 8.83387e-05 0.00934205 -0.0171265 9.29433e-05 -0.000543376 -0.0171265 0.0843848 
0.00928138 -0.017035 5.37357e-06 8.54589e-05 -0.017035 0.0842276 7.82215e-05 -0.000513745 5.37357e-06 7.82215e-05 0.00931525 -0.0170729 8.54589e-05 -0.000513745 -0.0170729 0.0842323 
0.00926459 -0.0170006 1.76745e-06 8.21659e-05 -0.0170006 0.0840237 7.35048e-05 -0.000493768 1.76745e-06 7.35048e-05 0.00928957 -0.0170097 8.21659e-05 -0.000493768 -0.0170097 0.0839609 
0.00926831 -0.0169973 2.75731e-06 8.51107e-05 -0.0169973 0.0839806 7.70893e-05 -0.00049074 2.75731e-06 7.70893e-05 0.00927626 -0.0169962 8.51107e-05 -0.00049074 -0.0169962 0.0838777 
0.00925359 -0.0169616 -6.41309e-07 8.46135e-05 -0.0169616 0.0837642 7.74858e-05 -0.000491649 -6.41309e-07 7.74858e-05 0.00924406 -0.0169411 8.46135e-05 -0.000491649 -0.0169411 0.0836224 
0.00924857 -0.0169649 2.63264e-06 8.79204e-05 -0.0169649 0.0837392 8.1675e-05 -0.000497062 2.63264e-06 8.1675e-05 0.00923498 -0.0169236 8.79204e-05 -0.000497062 -0.0169236 0.08355 
0.00925753 -0.0169783 5.1861e-06 8.58032e-05 -0.0169783 0.0838052 7.81224e-05 -0.000497116 5.1861e-06 7.81224e-05 0.00922917 -0.0169286 8.58032e-05 -0.000497116 -0.0169286 0.0835808 
0.00924484 -0.0169572 -8.21353e-06 8.24654e-05 -0.0169572 0.0836894 7.53118e-05 -0.000491849 -8.21353e-06 7.53118e-05 0.00921529 -0.0168905 8.24654e-05 -0.000491849 -0.0168905 0.0834296 
0.00924297 -0.0169512 -2.72118e-05 9.79614e-05 -0.0169512 0.0836549 9.36011e-05 -0.000516228 -2.72118e-05 9.36011e-05 0.00920568 -0.016881 9.79614e-05 -0.000516228 -0.016881 0.0833725 
0.00921327 -0.0169555 -2.60482e-05 0.000121618 -0.0169555 0.0836646 0.00012104 -0.000571949 -2.60482e-05 0.00012104 0.00923251 -0.0168768 0.000121618 -0.000571949 -0.0168768 0.0833657 
0.00919881 -0.0169284 -1.77119e-05 0.000122273 -0.0169284 0.0836563 0.000120922 -0.000600457 -1.77119e-05 0.000120922 0.00926161 -0.0169179 0.000122273 -0.000600457 -0.0169179 0.0834536 
0.0092013 -0.0169433 -7.79466e-06 0.000112483 -0.0169433 0.083791 0.000107147 -0.000588105 -7.79466e-06 0.000107147 0.00931387 -0.0169957 0.000112483 -0.000588105 -0.0169957 0.083752 
0.00920713 -0.0169415 -2.23388e-06 0.000100183 -0.0169415 0.0838415 9.33224e-05 -0.000557968 -2.23388e-06 9.33224e-05 0.00934751 -0.0170608 0.000100183 -0.000557968 -0.0170608 0.0839839 
0.0092323 -0.0169509 4.59843e-06 9.29709e-05 -0.0169509 0.0838979 8.93672e-05 -0.000539028 4.59843e-06 8.93672e-05 0.00934492 -0.0171109 9.29709e-05 -0.000539028 -0.0171109 0.0841858 
0.00925417 -0.0169728 7.8604e-06 8.35097e-05 -0.0169728 0.0839344 8.37853e-05 -0.000521872 7.8604e-06 8.37853e-05 0.00932822 -0.0171009 8.35097e-05 -0.000521872 -0.0171009 0.0842333 
0.00924161 -0.0169392 1.29684e-05 7.88991e-05 -0.0169392 0.0836964 8.17711e-05 -0.000509711 1.29684e-05 8.17711e-05 0.00928477 -0.0170153 7.88991e-05 -0.000509711 -0.0170153 0.0838991 
0.00926851 -0.016978 1.80617e-05 7.50123e-05 -0.016978 0.0838305 7.65634e-05 -0.000502932 1.80617e-05 7.65634e-05 0.00927472 -0.0170159 7.50123e-05 -0.000502932 -0.0170159 0.0839288 
0.0093035 -0.0170568 2.51969e-05 7.10929e-05 -0.0170568 0.0841655 6.82525e-05 -0.000492447 2.51969e-05 6.82525e-05 0.00929509 -0.0170514 7.10929e-05 -0.000492447 -0.0170514 0.0841601 
0.00931782 -0.0170895 2.62401e-05 6.20449e-05 -0.0170895 0.0843337 5.59372e-05 -0.000468927 2.62401e-05 5.59372e-05 0.00930422 -0.0170662 6.20449e-05 -0.000468927 -0.0170662 0.0842591 
0.00931925 -0.0170862 1.43372e-05 5.98307e-05 -0.0170862 0.0843368 5.1956e-05 -0.000450452 1.43372e-05 5.1956e-05 0.00930533 -0.0170607 5.98307e-05 -0.000450452 -0.0170607 0.0842425 
0.0093196 -0.0170681 1.04657e-05 7.31469e-05 -0.0170681 0.084243 6.38066e-05 -0.000459982 1.04657e-05 6.38066e-05 0.00928794 -0.0170411 7.31469e-05 -0.000459982 -0.0170411 0.084142 
0.00932559 -0.0170796 7.26173e-06 7.94139e-05 -0.0170796 0.0842536 7.13852e-05 -0.000480262 7.26173e-06 7.13852e-05 0.00927449 -0.0170295 7.94139e-05 -0.000480262 -0.0170295 0.0841132 
0.00930695 -0.0170608 1.31862e-05 7.97135e-05 -0.0170608 0.0841394 7.64801e-05 -0.000490407 1.31862e-05 7.64801e-05 0.00925033 -0.0169836 7.97135e-05 -0.000490407 -0.0169836 0.083933 
0.00928203 -0.017007 7.30171e-06 7.13792e-05 -0.017007 0.083899 7.13937e-05 -0.000482345 7.30171e-06 7.13937e-05 0.00920793 -0.0169216 7.13792e-05 -0.000482345 -0.0169216 0.0836471 
0.00923414 -0.0169296 2.81348e-06 7.6618e-05 -0.0169296 0.0835113 7.76306e-05 -0.000482779 2.81348e-06 7.76306e-05 0.00916969 -0.016826 7.6618e-05 -0.000482779 -0.016826 0.0832202 
0.00918296 -0.0168741 1.32548e-05 8.27852e-05 -0.0168741 0.0832555 8.46923e-05 -0.00049748 1.32548e-05 8.46923e-05 0.00916584 -0.0167803 8.27852e-05 -0.00049748 -0.0167803 0.0829602 
0.00917904 -0.0168798 -1.49456e-06 6.94036e-05 -0.0168798 0.083372 7.21048e-05 -0.000484425 -1.49456e-06 7.21048e-05 0.00919461 -0.0168408 6.94036e-05 -0.000484425 -0.0168408 0.0831606 
0.00915769 -0.0168276 -2.89499e-05 8.39451e-05 -0.0168276 0.0831907 8.47478e-05 -0.000488956 -2.89499e-05 8.47478e-05 0.00918299 -0.0168373 8.39451e-05 -0.000488956 -0.0168373 0.0831097 
0.00914511 -0.0167695 -3.11709e-05 0.000115563 -0.0167695 0.0829161 0.000116029 -0.000540396 -3.11709e-05 0.000116029 0.00914383 -0.0167941 0.000115563 -0.000540396 -0.0167941 0.0829163 
0.00913518 -0.0167499 -1.87429e-05 0.000119515 -0.0167499 0.0827483 0.000119145 -0.000570781 -1.87429e-05 0.000119145 0.00912139 -0.0167403 0.000119515 -0.000570781 -0.0167403 0.0827213 
0.00912515 -0.0167411 1.18409e-06 0.000102048 -0.0167411 0.0826638 0.000101893 -0.000548001 1.18409e-06 0.000101893 0.00910528 -0.0167081 0.000102048 -0.000548001 -0.0167081 0.0825685 
0.00913399 -0.0167729 1.18851e-05 7.26667e-05 -0.0167729 0.0828158 7.49028e-05 -0.000485478 1.18851e-05 7.49028e-05 0.0091187 -0.0167299 7.26667e-05 -0.000485478 -0.0167299 0.0826744 
0.00912391 -0.0167746 6.40789e-06 5.46221e-05 -0.0167746 0.0828542 5.96116e-05 -0.00042552 6.40789e-06 5.96116e-05 0.00913279 -0.0167374 5.46221e-05 -0.00042552 -0.0167374 0.0827045 
0.00911655 -0.0167579 -7.6812e-06 5.76426e-05 -0.0167579 0.0828341 6.40948e-05 -0.000404045 -7.6812e-06 6.40948e-05 0.00913716 -0.0167539 5.76426e-05 -0.000404045 -0.0167539 0.082739 
0.00908864 -0.0167064 -1.35931e-05 7.75085e-05 -0.0167064 0.0826023 8.27636e-05 -0.000430186 -1.35931e-05 8.27636e-05 0.00912228 -0.016718 7.75085e-05 -0.000430186 -0.016718 0.0825593 
0.00909691 -0.0167068 -1.65086e-05 8.75351e-05 -0.0167068 0.0826168 9.24702e-05 -0.000463515 -1.65086e-05 9.24702e-05 0.00911368 -0.0167343 8.75351e-05 -0.000463515 -0.0167343 0.0826163 
0.00911606 -0.0167331 -2.1997e-05 9.00804e-05 -0.0167331 0.0827207 9.63958e-05 -0.000480383 -2.1997e-05 9.63958e-05 0.00910752 -0.0167393 9.00804e-05 -0.000480383 -0.0167393 0.0827019 
0.00911061 -0.0167144 -1.41723e-05 9.56508e-05 -0.0167144 0.0825958 0.000102055 -0.000491718 -1.41723e-05 0.000102055 0.00907854 -0.0166843 9.56508e-05 -0.000491718 -0.0166843 0.0824992 
0.00910905 -0.0167278 2.44535e-06 8.62765e-05 -0.0167278 0.0826168 9.27101e-05 -0.000482616 2.44535e-06 9.27101e-05 0.00908164 -0.0166581 8.62765e-05 -0.000482616 -0.0166581 0.08241 
0.00911008 -0.0167381 7.08688e-06 6.55999e-05 -0.0167381 0.0826724 7.17534e-05 -0.000444148 7.08688e-06 7.17534e-05 0.00909191 -0.0166638 6.55999e-05 -0.000444148 -0.0166638 0.0823975 
0.00910865 -0.0167425 2.00139e-05 5.9334e-05 -0.0167425 0.082704 6.3427e-05 -0.000411703 2.00139e-05 6.3427e-05 0.00910691 -0.016675 5.9334e-05 -0.000411703 -0.016675 0.082409 
0.00910812 -0.0167574 1.37651e-05 4.39751e-05 -0.0167574 0.0828006 4.93417e-05 -0.000379802 1.37651e-05 4.93417e-05 0.00913035 -0.0167152 4.39751e-05 -0.000379802 -0.0167152 0.0825439 
0.00911278 -0.0167539 7.23653e-06 5.18096e-05 -0.0167539 0.0828318 5.6558e-05 -0.000377067 7.23653e-06 5.6558e-05 0.00913348 -0.0167452 5.18096e-05 -0.000377067 -0.0167452 0.0826496 
0.0091299 -0.0167407 -5.07277e-06 6.39421e-05 -0.0167407 0.0827659 6.57291e-05 -0.000399386 -5.07277e-06 6.57291e-05 0.00909754 -0.0167338 6.39421e-05 -0.000399386 -0.0167338 0.0826238 
0.00913227 -0.016761 -5.46529e-06 8.14808e-05 -0.016761 0.0827691 7.86613e-05 -0.000433886 -5.46529e-06 7.86613e-05 0.00907736 -0.0166892 8.14808e-05 -0.000433886 -0.0166892 0.0825383 
0.00913268 -0.0167471 -7.69375e-06 8.04482e-05 -0.0167471 0.0826889 7.7594e-05 -0.000445774 -7.69375e-06 7.7594e-05 0.00904945 -0.0166375 8.04482e-05 -0.000445774 -0.0166375 0.0823357 
0.00913779 -0.0167765 -1.42883e-06 7.96196e-05 -0.0167765 0.0827907 7.9972e-05 -0.000445929 -1.42883e-06 7.9972e-05 0.0090587 -0.0166286 7.96196e-05 -0.000445929 -0.0166286 0.0823257 
0.00912567 -0.0167562 1.43771e-05 6.97824e-05 -0.0167562 0.0827135 7.08375e-05 -0.000428174 1.43771e-05 7.08375e-05 0.00905191 -0.0166126 6.97824e-05 -0.000428174 -0.0166126 0.0822082 
0.00914293 -0.0168119 4.26224e-05 4.85907e-05 -0.0168119 0.0830028 5.05304e-05 -0.000386154 4.26224e-05 5.05304e-05 0.0090857 -0.0166782 4.85907e-05 -0.000386154 -0.0166782 0.0825083 
0.00911903 -0.0167769 5.4025e-05 1.53206e-05 -0.0167769 0.0828885 1.70744e-05 -0.000315414 5.4025e-05 1.70744e-05 0.00908124 -0.0166628 1.53206e-05 -0.000315414 -0.0166628 0.0824309 
0.00907484 -0.0167244 4.51778e-05 -1.33474e-06 -0.0167244 0.0826813 7.96252e-07 -0.000253975 4.51778e-05 7.96252e-07 0.00909112 -0.0166369 -1.33474e-06 -0.000253975 -0.0166369 0.082285 
0.00905194 -0.0166685 2.84987e-05 6.8612e-06 -0.0166685 0.0824984 1.19782e-05 -0.000245401 2.84987e-05 1.19782e-05 0.00909124 -0.0166489 6.8612e-06 -0.000245401 -0.0166489 0.0822357 
0.00902766 -0.0166087 1.76611e-05 2.77008e-05 -0.0166087 0.0822259 3.18337e-05 -0.000278629 1.76611e-05 3.18337e-05 0.00907215 -0.0166278 2.77008e-05 -0.000278629 -0.0166278 0.082099 
0.00902219 -0.0165962 1.91189e-05 4.33624e-05 -0.0165962 0.0821458 4.2969e-05 -0.000315962 1.91189e-05 4.2969e-05 0.00906178 -0.016623 4.33624e-05 -0.000315962 -0.016623 0.0820845 
0.00905441 -0.0166438 1.43494e-05 4.25323e-05 -0.0166438 0.0823647 3.95133e-05 -0.000326587 1.43494e-05 3.95133e-05 0.00906072 -0.0166585 4.25323e-05 -0.000326587 -0.0166585 0.0822971 
0.00905241 -0.0166561 5.7177e-06 4.79145e-05 -0.0166561 0.0823891 4.51623e-05 -0.000333917 5.7177e-06 4.51623e-05 0.00905034 -0.0166257 4.79145e-05 -0.000333917 -0.0166257 0.0822385 
0.00905983 -0.0166727 5.06358e-06 5.75238e-05 -0.0166727 0.0824922 5.91118e-05 -0.000357199 5.06358e-06 5.91118e-05 0.00904794 -0.0166272 5.75238e-05 -0.000357199 -0.0166272 0.0822703 
0.0090531 -0.0166682 -7.34728e-07 5.61357e-05 -0.0166682 0.0824917 6.23909e-05 -0.000369578 -7.34728e-07 6.23909e-05 0.00904554 -0.0166136 5.61357e-05 -0.000369578 -0.0166136 0.0822351 
0.00901588 -0.0166171 -1.03345e-05 5.94029e-05 -0.0166171 0.0822773 6.71167e-05 -0.000374066 -1.03345e-05 6.71167e-05 0.00903738 -0.0165729 5.94029e-05 -0.000374066 -0.0165729 0.0820304 
0.00898942 -0.0165409 -1.1466e-05 7.06569e-05 -0.0165409 0.0819648 7.49865e-05 -0.000387218 -1.1466e-05 7.49865e-05 0.00901235 -0.0165377 7.06569e-05 -0.000387218 -0.0165377 0.0817961 
0.0089971 -0.0165291 -1.64495e-06 7.54491e-05 -0.0165291 0.0818803 7.43705e-05 -0.000397308 -1.64495e-06 7.43705e-05 0.00900499 -0.0165361 7.54491e-05 -0.000397308 -0.0165361 0.0817804 
0.00899396 -0.0165118 -2.70579e-06 6.39286e-05 -0.0165118 0.0817291 5.98828e-05 -0.00037808 -2.70579e-06 5.98828e-05 0.00899023 -0.0165046 6.39286e-05 -0.00037808 -0.0165046 0.0816382 
0.00897551 -0.0165153 4.47304e-06 6.37959e-05 -0.0165153 0.0816894 5.70334e-05 -0.000360873 4.47304e-06 5.70334e-05 0.00900489 -0.0164955 6.37959e-05 -0.000360873 -0.0164955 0.0815813 
0.00898013 -0.0165168 6.74906e-06 5.68406e-05 -0.0165168 0.0817444 5.0081e-05 -0.00034742 6.74906e-06 5.0081e-05 0.00901314 -0.0165345 5.68406e-05 -0.00034742 -0.0165345 0.0816834 
0.00899812 -0.0165396 9.00318e-06 5.56014e-05 -0.0165396 0.0818578 4.83784e-05 -0.000341107 9.00318e-06 4.83784e-05 0.00901189 -0.0165667 5.56014e-05 -0.000341107 -0.0165667 0.0818493 
0.00899709 -0.016561 1.6216e-05 5.39222e-05 -0.016561 0.081942 4.44612e-05 -0.000335746 1.6216e-05 4.44612e-05 0.00901925 -0.016567 5.39222e-05 -0.000335746 -0.016567 0.0819246 
0.00900002 -0.0165484 2.27884e-05 4.59915e-05 -0.0165484 0.0819234 3.50872e-05 -0.000320176 2.27884e-05 3.50872e-05 0.00900627 -0.0165591 4.59915e-05 -0.000320176 -0.0165591 0.0818942 
0.0089989 -0.0165373 1.09654e-05 3.60448e-05 -0.0165373 0.0818468 2.59948e-05 -0.000295902 1.09654e-05 2.59948e-05 0.00899333 -0.0165282 3.60448e-05 -0.000295902 -0.0165282 0.0817859 
0.00899577 -0.0165388 2.80502e-06 4.93843e-05 -0.0165388 0.0818261 4.16395e-05 -0.000307809 2.80502e-06 4.16395e-05 0.00899605 -0.0165137 4.93843e-05 -0.000307809 -0.0165137 0.0817225 
0.00898113 -0.0165162 1.2874e-05 6.12378e-05 -0.0165162 0.0817141 5.74508e-05 -0.000343346 1.2874e-05 5.74508e-05 0.0089907 -0.016496 6.12378e-05 -0.000343346 -0.016496 0.081598 
0.00899944 -0.0165137 2.21958e-05 4.88756e-05 -0.0165137 0.081705 4.94649e-05 -0.000346501 2.21958e-05 4.94649e-05 0.00897858 -0.0165042 4.88756e-05 -0.000346501 -0.0165042 0.0816041 
0.00902403 -0.0165564 1.02924e-05 3.65595e-05 -0.0165564 0.0818349 3.96106e-05 -0.000327348 1.02924e-05 3.96106e-05 0.00897633 -0.0165124 3.65595e-05 -0.000327348 -0.0165124 0.0816924 
0.00907359 -0.0166355 3.52801e-06 5.20742e-05 -0.0166355 0.0821819 5.40937e-05 -0.000342708 3.52801e-06 5.40937e-05 0.00898249 -0.016559 5.20742e-05 -0.000342708 -0.016559 0.0819666 
0.00908224 -0.0166551 1.06851e-06 6.29815e-05 -0.0166551 0.0822321 6.24236e-05 -0.000371433 1.06851e-06 6.24236e-05 0.00896649 -0.0165267 6.29815e-05 -0.000371433 -0.0165267 0.0819076 
0.00907019 -0.0166642 9.96978e-06 6.54992e-05 -0.0166642 0.0822592 6.22891e-05 -0.000382505 9.96978e-06 6.22891e-05 0.00897434 -0.0165009 6.54992e-05 -0.000382505 -0.0165009 0.0818286 
0.00905226 -0.0166689 1.82517e-05 5.41095e-05 -0.0166689 0.0823414 5.07571e-05 -0.000366549 1.82517e-05 5.07571e-05 0.00901097 -0.0165263 5.41095e-05 -0.000366549 -0.0165263 0.0818968 
0.0090477 -0.0166438 1.77535e-05 4.02447e-05 -0.0166438 0.0823334 3.88143e-05 -0.000334455 1.77535e-05 3.88143e-05 0.00902931 -0.016574 4.02447e-05 -0.000334455 -0.016574 0.0820136 
0.0090366 -0.0166005 9.35299e-06 3.80529e-05 -0.0166005 0.0821464 3.84832e-05 -0.00031491 9.35299e-06 3.84832e-05 0.00902119 -0.0165704 3.80529e-05 -0.00031491 -0.0165704 0.0819653 
0.00903327 -0.0165804 7.94743e-06 4.67549e-05 -0.0165804 0.0820117 5.08421e-05 -0.000325793 7.94743e-06 5.08421e-05 0.00900743 -0.0165543 4.67549e-05 -0.000325793 -0.0165543 0.0818917 
0.00901771 -0.0165721 1.19089e-05 4.97834e-05 -0.0165721 0.0819217 5.74029e-05 -0.000342924 1.19089e-05 5.74029e-05 0.00900607 -0.0165292 4.97834e-05 -0.000342924 -0.0165292 0.0817889 
0.00902332 -0.0165714 1.05717e-05 4.63114e-05 -0.0165714 0.0819388 5.50271e-05 -0.000348288 1.05717e-05 5.50271e-05 0.0090017 -0.016542 4.63114e-05 -0.000348288 -0.016542 0.0818091 
0.00899988 -0.0165467 3.58613e-06 4.85226e-05 -0.0165467 0.0817956 5.50032e-05 -0.000349805 3.58613e-06 5.50032e-05 0.00899259 -0.0165038 4.85226e-05 -0.000349805 -0.0165038 0.0816487 
0.00898736 -0.0165256 1.85019e-06 5.67359e-05 -0.0165256 0.0817219 6.04596e-05 -0.00035959 1.85019e-06 6.04596e-05 0.00899319 -0.0164987 5.67359e-05 -0.00035959 -0.0164987 0.0815846 
0.00900153 -0.0165519 -1.29548e-05 6.19796e-05 -0.0165519 0.0818633 6.35004e-05 -0.000373842 -1.29548e-05 6.35004e-05 0.0090053 -0.0165382 6.19796e-05 -0.000373842 -0.0165382 0.0817507 
0.0090179 -0.0166057 -1.17825e-05 8.11076e-05 -0.0166057 0.0821386 7.95635e-05 -0.000405971 -1.17825e-05 7.95635e-05 0.00904756 -0.0165926 8.11076e-05 -0.000405971 -0.0165926 0.0820395 
0.00902047 -0.0166024 -3.27121e-06 8.23017e-05 -0.0166024 0.0821829 7.92184e-05 -0.000424746 -3.27121e-06 7.92184e-05 0.00906268 -0.0166204 8.23017e-05 -0.000424746 -0.0166204 0.0821319 
0.00905733 -0.0166433 9.93201e-06 7.21413e-05 -0.0166433 0.0823974 6.67171e-05 -0.000410537 9.93201e-06 6.67171e-05 0.00908535 -0.0166791 7.21413e-05 -0.000410537 -0.0166791 0.0824029 
0.00910213 -0.016688 1.97815e-05 5.52913e-05 -0.016688 0.0825656 5.02342e-05 -0.000375806 1.97815e-05 5.02342e-05 0.00908213 -0.0167056 5.52913e-05 -0.000375806 -0.0167056 0.082564 
0.0091293 -0.0167236 1.77543e-05 4.26826e-05 -0.0167236 0.082635 4.13144e-05 -0.000346225 1.77543e-05 4.13144e-05 0.00906524 -0.0166804 4.26826e-05 -0.000346225 -0.0166804 0.0825266 
0.00915123 -0.0167771 1.96191e-05 4.45309e-05 -0.0167771 0.0828154 4.58855e-05 -0.000342027 1.96191e-05 4.58855e-05 0.00907159 -0.0166756 4.45309e-05 -0.000342027 -0.0166756 0.0825583 
0.00916012 -0.0167966 2.39995e-05 4.35967e-05 -0.0167966 0.0828945 4.55865e-05 -0.000344591 2.39995e-05 4.55865e-05 0.00906487 -0.0166721 4.35967e-05 -0.000344591 -0.0166721 0.0825358 
0.00915497 -0.0167909 2.46273e-05 3.8218e-05 -0.0167909 0.0828555 3.94936e-05 -0.000337205 2.46273e-05 3.94936e-05 0.00904502 -0.0166434 3.8218e-05 -0.000337205 -0.0166434 0.0824224 
0.00913159 -0.0167865 2.19716e-05 4.03228e-05 -0.0167865 0.0828279 3.69471e-05 -0.000333671 2.19716e-05 3.69471e-05 0.00905618 -0.0166152 4.03228e-05 -0.000333671 -0.0166152 0.0823208 
0.00910951 -0.0167656 9.89586e-06 4.63856e-05 -0.0167656 0.0828084 3.99423e-05 -0.000341473 9.89586e-06 3.99423e-05 0.00908386 -0.016636 4.63856e-05 -0.000341473 -0.016636 0.0823326 
0.00908389 -0.0167288 -6.70002e-06 6.13091e-05 -0.0167288 0.0827154 5.60528e-05 -0.000371139 -6.70002e-06 5.60528e-05 0.00910409 -0.0166685 6.13091e-05 -0.000371139 -0.0166685 0.082382 
0.00907498 -0.0167019 -4.77058e-06 8.25585e-05 -0.0167019 0.0826571 7.933e-05 -0.000422111 -4.77058e-06 7.933e-05 0.00911757 -0.0167097 8.25585e-05 -0.000422111 -0.0167097 0.0825115 
0.00906459 -0.0166555 2.64526e-06 7.96861e-05 -0.0166555 0.0824489 7.95547e-05 -0.000443922 2.64526e-06 7.95547e-05 0.00910421 -0.0166978 7.96861e-05 -0.000443922 -0.0166978 0.0824446 
0.00907721 -0.0166732 1.02052e-05 6.78989e-05 -0.0166732 0.0824877 7.33505e-05 -0.0004353 1.02052e-05 7.33505e-05 0.00910829 -0.0167111 6.78989e-05 -0.0004353 -0.0167111 0.0825301 
0.00909922 -0.0167261 -4.39927e-06 5.60333e-05 -0.0167261 0.0827119 6.61201e-05 -0.00041526 -4.39927e-06 6.61201e-05 0.00913014 -0.0167463 5.60333e-05 -0.00041526 -0.0167463 0.0827262 
0.00910731 -0.0167434 -2.54581e-06 7.13614e-05 -0.0167434 0.0828047 8.32999e-05 -0.000429057 -2.54581e-06 8.32999e-05 0.00913834 -0.0167594 7.13614e-05 -0.000429057 -0.0167594 0.0827923 
0.00911851 -0.0167279 3.91741e-06 7.09428e-05 -0.0167279 0.0827379 8.16141e-05 -0.000439436 3.91741e-06 8.16141e-05 0.00911606 -0.0167444 7.09428e-05 -0.000439436 -0.0167444 0.0827159 
0.00912823 -0.0167553 1.06793e-05 6.46197e-05 -0.0167553 0.0827901 7.12492e-05 -0.000428045 1.06793e-05 7.12492e-05 0.00911449 -0.0167259 6.46197e-05 -0.000428045 -0.0167259 0.0826878 
