0.00774532 0 -3.0208e-05 0 0 0.0109146 0 0 -3.0208e-05 0 0.00765968 0 0 0 0 0.0109146 
0.00948 -0.0117681 -2.08338e-05 2.29123e-05 -0.0117681 0.0312025 2.29123e-05 -4.41001e-05 -2.08338e-05 2.29123e-05 0.00935205 -0.0116071 2.29123e-05 -4.41001e-05 -0.0116071 0.0308935 
0.00978872 -0.0182851 -7.31488e-07 -5.75254e-05 -0.0182851 0.0673474 -5.75254e-05 0.000208082 -7.31488e-07 -5.75254e-05 0.00963649 -0.0179349 -5.75254e-05 0.000208082 -0.0179349 0.0661928 
0.00922081 -0.0179666 2.1531e-06 -0.000150078 -0.0179666 0.0806396 -0.000150205 0.000795341 2.1531e-06 -0.000150205 0.00912929 -0.0175224 -0.000150078 0.000795341 -0.0175224 0.0786213 
0.00887326 -0.0167628 -1.60123e-05 -0.000128451 -0.0167628 0.081192 -0.000126721 0.000943063 -1.60123e-05 -0.000126721 0.00886503 -0.0164388 -0.000128451 0.000943063 -0.0164388 0.0791652 
0.00862238 -0.0159836 -2.33654e-05 -6.73499e-05 -0.0159836 0.0789052 -6.06268e-05 0.000705462 -2.33654e-05 -6.06268e-05 0.00866815 -0.0158385 -6.73499e-05 0.000705462 -0.0158385 0.0775106 
0.00836265 -0.0154054 -1.47401e-05 -3.70327e-05 -0.0154054 0.0762664 -2.67632e-05 0.000458064 -1.47401e-05 -2.67632e-05 0.00842598 -0.0153681 -3.70327e-05 0.000458064 -0.0153681 0.0754671 
0.00811874 -0.0149105 -2.16006e-06 -4.06763e-05 -0.0149105 0.0738205 -3.06342e-05 0.000340893 -2.16006e-06 -3.06342e-05 0.00816083 -0.0149044 -4.06763e-05 0.000340893 -0.0149044 0.0733426 
0.0110728 -0.0203839 2.5185e-05 -8.10917e-05 -0.0203839 0.100813 -7.26766e-05 0.000464527 2.5185e-05 -7.26766e-05 0.011167 -0.0203325 -8.10917e-05 0.000464527 -0.0203325 0.100238 
0.0109149 -0.0200884 3.82385e-05 -0.000118872 -0.0200884 0.0993997 -0.000116009 0.000538878 3.82385e-05 -0.000116009 0.0110323 -0.0200719 -0.000118872 0.000538878 -0.0200719 0.0988802 
0.0108406 -0.0199262 3.75368e-05 -0.000140414 -0.0199262 0.098588 -0.000138699 0.000618977 3.75368e-05 -0.000138699 0.0109471 -0.0199405 -0.000140414 0.000618977 -0.0199405 0.0981493 
0.0108154 -0.0198787 2.93402e-05 -0.000141187 -0.0198787 0.0982776 -0.000139866 0.000655371 2.93402e-05 -0.000139866 0.0109072 -0.0198839 -0.000141187 0.000655371 -0.0198839 0.0978628 
0.0108417 -0.0199459 1.90822e-05 -0.000127523 -0.0199459 0.098567 -0.000128445 0.00064605 1.90822e-05 -0.000128445 0.0109237 -0.0199361 -0.000127523 0.00064605 -0.0199361 0.0981327 
0.0108512 -0.0199626 -2.8414e-06 -0.00011256 -0.0199626 0.0986628 -0.000112354 0.000611339 -2.8414e-06 -0.000112354 0.0109174 -0.0199415 -0.00011256 0.000611339 -0.0199415 0.0982056 
0.0108733 -0.0199655 -2.48534e-05 -8.42763e-05 -0.0199655 0.0986777 -8.05979e-05 0.000545551 -2.48534e-05 -8.05979e-05 0.0108821 -0.0199266 -8.42763e-05 0.000545551 -0.0199266 0.0981885 
0.0108846 -0.0199725 -3.55969e-05 -5.88287e-05 -0.0199725 0.0986325 -4.86279e-05 0.000467953 -3.55969e-05 -4.86279e-05 0.0108416 -0.0198691 -5.88287e-05 0.000467953 -0.0198691 0.0980384 
0.0108836 -0.0200164 -1.69661e-05 -4.84914e-05 -0.0200164 0.0987803 -3.54953e-05 0.000419745 -1.69661e-05 -3.54953e-05 0.010847 -0.0198459 -4.84914e-05 0.000419745 -0.0198459 0.0980284 
0.0108522 -0.020002 4.84887e-06 -6.85901e-05 -0.020002 0.0987772 -5.85483e-05 0.000434281 4.84887e-06 -5.85483e-05 0.0108549 -0.0198371 -6.85901e-05 0.000434281 -0.0198371 0.0979652 
0.0108077 -0.0199106 1.1612e-05 -9.32062e-05 -0.0199106 0.0984591 -8.82216e-05 0.000488585 1.1612e-05 -8.82216e-05 0.0108367 -0.0198035 -9.32062e-05 0.000488585 -0.0198035 0.097742 
0.0107846 -0.0198064 9.62258e-06 -9.8857e-05 -0.0198064 0.0979849 -9.97593e-05 0.00052555 9.62258e-06 -9.97593e-05 0.0107756 -0.0197349 -9.8857e-05 0.00052555 -0.0197349 0.0973817 
0.0107515 -0.019765 1.89327e-05 -9.58785e-05 -0.019765 0.0976648 -9.77647e-05 0.000531651 1.89327e-05 -9.77647e-05 0.0107351 -0.0196468 -9.58785e-05 0.000531651 -0.0196468 0.0970337 
0.0107411 -0.0197813 1.84975e-05 -0.000103926 -0.0197813 0.0977379 -0.000105035 0.000538509 1.84975e-05 -0.000105035 0.0107475 -0.0196492 -0.000103926 0.000538509 -0.0196492 0.0970486 
0.0107469 -0.0197583 1.87096e-05 -0.000100364 -0.0197583 0.0976951 -0.000104151 0.000536325 1.87096e-05 -0.000104151 0.0107417 -0.0196542 -0.000100364 0.000536325 -0.0196542 0.0970294 
0.0107587 -0.0197798 1.83297e-05 -9.72872e-05 -0.0197798 0.0977605 -0.000103297 0.00052779 1.83297e-05 -0.000103297 0.0107408 -0.0196681 -9.72872e-05 0.00052779 -0.0196681 0.0971106 
0.010716 -0.0197294 1.73272e-05 -9.38426e-05 -0.0197294 0.0974946 -0.000100466 0.000514149 1.73272e-05 -0.000100466 0.010719 -0.0196037 -9.38426e-05 0.000514149 -0.0196037 0.0968286 
0.010695 -0.0196774 7.48013e-06 -9.02177e-05 -0.0196774 0.0972959 -9.89475e-05 0.000502104 7.48013e-06 -9.89475e-05 0.0106956 -0.0195803 -9.02177e-05 0.000502104 -0.0195803 0.0966673 
0.0106709 -0.0196437 3.03788e-07 -8.09716e-05 -0.0196437 0.0971201 -8.94109e-05 0.000485408 3.03788e-07 -8.94109e-05 0.010676 -0.0195434 -8.09716e-05 0.000485408 -0.0195434 0.0965123 
0.0106605 -0.0196203 4.56872e-06 -7.19233e-05 -0.0196203 0.0970208 -7.82313e-05 0.000460511 4.56872e-06 -7.82313e-05 0.0106644 -0.0195215 -7.19233e-05 0.000460511 -0.0195215 0.0964124 
0.0106403 -0.0196141 1.20047e-05 -7.84225e-05 -0.0196141 0.0969831 -8.04912e-05 0.000454551 1.20047e-05 -8.04912e-05 0.010676 -0.0195094 -7.84225e-05 0.000454551 -0.0195094 0.0963605 
0.0106534 -0.0196319 1.48996e-05 -9.09212e-05 -0.0196319 0.097135 -8.7639e-05 0.000471431 1.48996e-05 -8.7639e-05 0.0106964 -0.0195634 -9.09212e-05 0.000471431 -0.0195634 0.0965539 
0.0106381 -0.0196302 1.48185e-05 -9.27771e-05 -0.0196302 0.0971435 -8.7223e-05 0.000476664 1.48185e-05 -8.7223e-05 0.0107079 -0.0195748 -9.27771e-05 0.000476664 -0.0195748 0.0966142 
0.010632 -0.0195965 3.5923e-06 -8.53041e-05 -0.0195965 0.0970592 -8.6362e-05 0.000464045 3.5923e-06 -8.6362e-05 0.0106998 -0.0195828 -8.53041e-05 0.000464045 -0.0195828 0.0966222 
0.0106332 -0.0195571 -6.30107e-06 -6.49058e-05 -0.0195571 0.0968612 -7.27678e-05 0.000426061 -6.30107e-06 -7.27678e-05 0.0106656 -0.0195487 -6.49058e-05 0.000426061 -0.0195487 0.0964865 
0.0106143 -0.0195445 -8.57467e-06 -4.54485e-05 -0.0195445 0.0967031 -5.83405e-05 0.000373867 -8.57467e-06 -5.83405e-05 0.0106479 -0.0194882 -4.54485e-05 0.000373867 -0.0194882 0.0962713 
0.0105888 -0.0195068 -2.23405e-05 -4.05203e-05 -0.0195068 0.0965171 -5.29535e-05 0.000340428 -2.23405e-05 -5.29535e-05 0.0106337 -0.0194416 -4.05203e-05 0.000340428 -0.0194416 0.0960243 
0.0105608 -0.019464 -2.63134e-05 -2.63532e-05 -0.019464 0.0963147 -3.38031e-05 0.000301644 -2.63134e-05 -3.38031e-05 0.0106278 -0.0194079 -2.63532e-05 0.000301644 -0.0194079 0.095809 
0.0105602 -0.0194559 -3.29517e-05 -2.62649e-05 -0.0194559 0.0962942 -2.72607e-05 0.000280593 -3.29517e-05 -2.72607e-05 0.0106327 -0.0194285 -2.62649e-05 0.000280593 -0.0194285 0.0958308 
0.0105767 -0.0195232 -2.17856e-05 -2.35775e-05 -0.0195232 0.0966198 -1.92815e-05 0.000270989 -2.17856e-05 -1.92815e-05 0.0106826 -0.0195095 -2.35775e-05 0.000270989 -0.0195095 0.096209 
0.0105858 -0.0195638 -7.52575e-06 -3.74434e-05 -0.0195638 0.096904 -3.4812e-05 0.000290804 -7.52575e-06 -3.4812e-05 0.0107414 -0.0195926 -3.74434e-05 0.000290804 -0.0195926 0.0965779 
0.010619 -0.0195666 6.93621e-07 -5.63444e-05 -0.0195666 0.0970177 -5.66585e-05 0.000337889 6.93621e-07 -5.66585e-05 0.0107455 -0.0196627 -5.63444e-05 0.000337889 -0.0196627 0.0968435 
0.0106223 -0.0195454 3.89719e-06 -6.75648e-05 -0.0195454 0.0968286 -6.95007e-05 0.000379255 3.89719e-06 -6.95007e-05 0.0107153 -0.0196061 -6.75648e-05 0.000379255 -0.0196061 0.0966704 
0.0106523 -0.0195944 1.0607e-05 -7.14779e-05 -0.0195944 0.0969702 -7.49481e-05 0.000402961 1.0607e-05 -7.49481e-05 0.0107105 -0.0196026 -7.14779e-05 0.000402961 -0.0196026 0.0967014 
0.0106506 -0.0195633 2.52144e-05 -8.06846e-05 -0.0195633 0.096747 -8.31141e-05 0.000425112 2.52144e-05 -8.31141e-05 0.0106544 -0.0195184 -8.06846e-05 0.000425112 -0.0195184 0.0963307 
0.0106577 -0.0196105 1.9819e-05 -9.6889e-05 -0.0196105 0.0968709 -9.73062e-05 0.000456231 1.9819e-05 -9.73062e-05 0.0106546 -0.0194901 -9.6889e-05 0.000456231 -0.0194901 0.0962606 
0.0106712 -0.019635 8.69698e-06 -9.01196e-05 -0.019635 0.0970046 -9.23343e-05 0.000461112 8.69698e-06 -9.23343e-05 0.01066 -0.0194977 -9.01196e-05 0.000461112 -0.0194977 0.0962729 
0.0107008 -0.0197091 2.94641e-06 -7.57438e-05 -0.0197091 0.0973702 -8.05624e-05 0.000439914 2.94641e-06 -8.05624e-05 0.0107022 -0.019565 -7.57438e-05 0.000439914 -0.019565 0.0965896 
0.0107003 -0.0197373 5.50084e-06 -6.94039e-05 -0.0197373 0.097548 -7.32575e-05 0.000418851 5.50084e-06 -7.32575e-05 0.0107396 -0.0196066 -6.94039e-05 0.000418851 -0.0196066 0.0967695 
0.0107236 -0.0197472 3.49559e-06 -7.47371e-05 -0.0197472 0.0976883 -7.44597e-05 0.000417069 3.49559e-06 -7.44597e-05 0.0107573 -0.0196686 -7.47371e-05 0.000417069 -0.0196686 0.0970004 
0.010728 -0.0197275 6.87962e-06 -7.75687e-05 -0.0197275 0.097569 -7.16626e-05 0.000421568 6.87962e-06 -7.16626e-05 0.010738 -0.0196528 -7.75687e-05 0.000421568 -0.0196528 0.0969485 
0.0107366 -0.019767 8.05441e-06 -8.47849e-05 -0.019767 0.0976934 -7.40858e-05 0.000432222 8.05441e-06 -7.40858e-05 0.0107502 -0.0196582 -8.47849e-05 0.000432222 -0.0196582 0.0970332 
0.0107671 -0.0198115 3.34866e-06 -8.74007e-05 -0.0198115 0.097936 -7.46736e-05 0.000442095 3.34866e-06 -7.46736e-05 0.0107555 -0.0197022 -8.74007e-05 0.000442095 -0.0197022 0.0972413 
0.0107537 -0.0198061 4.98969e-06 -7.83928e-05 -0.0198061 0.0978929 -7.0585e-05 0.000435356 4.98969e-06 -7.0585e-05 0.0107412 -0.0196672 -7.83928e-05 0.000435356 -0.0196672 0.0971474 
0.0107312 -0.0197573 -3.61343e-06 -7.31836e-05 -0.0197573 0.0976982 -7.31002e-05 0.000424115 -3.61343e-06 -7.31002e-05 0.0107116 -0.01962 -7.31836e-05 0.000424115 -0.01962 0.0969305 
0.0107231 -0.0197256 -2.55676e-05 -5.94413e-05 -0.0197256 0.0975534 -6.363e-05 0.000401179 -2.55676e-05 -6.363e-05 0.0106989 -0.0195869 -5.94413e-05 0.000401179 -0.0195869 0.0967897 
0.0107337 -0.0197253 -4.08904e-05 -3.51592e-05 -0.0197253 0.0975202 -3.64822e-05 0.000351309 -4.08904e-05 -3.64822e-05 0.010687 -0.0195803 -3.51592e-05 0.000351309 -0.0195803 0.0967513 
0.0107285 -0.0197393 -2.01101e-05 -1.92126e-05 -0.0197393 0.0975294 -1.48927e-05 0.000298681 -2.01101e-05 -1.48927e-05 0.010686 -0.0195665 -1.92126e-05 0.000298681 -0.0195665 0.096716 
0.0106928 -0.0197046 -7.3901e-06 -4.62775e-05 -0.0197046 0.0973788 -3.92947e-05 0.000317022 -7.3901e-06 -3.92947e-05 0.0106912 -0.0195348 -4.62775e-05 0.000317022 -0.0195348 0.0965483 
0.0106841 -0.0196755 3.89774e-06 -6.41804e-05 -0.0196755 0.0973164 -5.90496e-05 0.000368079 3.89774e-06 -5.90496e-05 0.0106979 -0.019561 -6.41804e-05 0.000368079 -0.019561 0.0965773 
0.0106848 -0.0196458 9.90343e-06 -7.73276e-05 -0.0196458 0.0971819 -7.40609e-05 0.000410946 9.90343e-06 -7.40609e-05 0.0106921 -0.0195611 -7.73276e-05 0.000410946 -0.0195611 0.0965532 
0.0107103 -0.0196758 1.14507e-05 -8.26523e-05 -0.0196758 0.0972663 -8.1591e-05 0.000436113 1.14507e-05 -8.1591e-05 0.0106954 -0.0195828 -8.26523e-05 0.000436113 -0.0195828 0.0966687 
0.0107302 -0.0196876 4.77691e-07 -8.52833e-05 -0.0196876 0.0972506 -8.49109e-05 0.000450149 4.77691e-07 -8.49109e-05 0.0106781 -0.0195616 -8.52833e-05 0.000450149 -0.0195616 0.0966015 
0.0107614 -0.0197819 7.67305e-06 -7.29368e-05 -0.0197819 0.0976137 -7.65167e-05 0.000442946 7.67305e-06 -7.65167e-05 0.0107083 -0.0196008 -7.29368e-05 0.000442946 -0.0196008 0.096838 
0.0108046 -0.01988 -8.25856e-06 -7.97482e-05 -0.01988 0.0981197 -8.46798e-05 0.000448619 -8.25856e-06 -8.46798e-05 0.0107624 -0.0196868 -7.97482e-05 0.000448619 -0.0196868 0.0972506 
0.0108404 -0.0199554 -1.7342e-05 -6.59475e-05 -0.0199554 0.0985381 -6.91545e-05 0.00043779 -1.7342e-05 -6.91545e-05 0.010811 -0.0197734 -6.59475e-05 0.00043779 -0.0197734 0.0976511 
0.0108601 -0.0199986 -1.00802e-05 -5.23902e-05 -0.0199986 0.0987933 -5.79912e-05 0.0004104 -1.00802e-05 -5.79912e-05 0.0108425 -0.0198298 -5.23902e-05 0.0004104 -0.0198298 0.0979212 
0.010862 -0.0199713 -2.25139e-06 -5.713e-05 -0.0199713 0.0986973 -6.77863e-05 0.000408096 -2.25139e-06 -6.77863e-05 0.0108332 -0.0198133 -5.713e-05 0.000408096 -0.0198133 0.0978406 
0.0108466 -0.0199498 1.74818e-05 -6.73975e-05 -0.0199498 0.0985449 -7.98653e-05 0.000430317 1.74818e-05 -7.98653e-05 0.0108201 -0.0197766 -6.73975e-05 0.000430317 -0.0197766 0.0976652 
0.010835 -0.019952 2.05979e-05 -9.39257e-05 -0.019952 0.0985446 -0.000101498 0.000477581 2.05979e-05 -0.000101498 0.010828 -0.0197715 -9.39257e-05 0.000477581 -0.0197715 0.0976225 
0.0107983 -0.0199146 2.15409e-05 -0.000104503 -0.0199146 0.0984055 -0.000102589 0.000511346 2.15409e-05 -0.000102589 0.0108462 -0.0197572 -0.000104503 0.000511346 -0.0197572 0.0974995 
0.0108028 -0.019896 7.87557e-06 -0.000109372 -0.019896 0.0984028 -0.000101755 0.000526204 7.87557e-06 -0.000101755 0.0108605 -0.0198095 -0.000109372 0.000526204 -0.0198095 0.0976221 
0.0108151 -0.0198612 -1.0426e-05 -9.23969e-05 -0.0198612 0.0982184 -8.54706e-05 0.000506233 -1.0426e-05 -8.54706e-05 0.0108299 -0.0197974 -9.23969e-05 0.000506233 -0.0197974 0.0975482 
0.0108711 -0.0199356 -2.97934e-05 -6.87263e-05 -0.0199356 0.0984593 -6.43255e-05 0.000461973 -2.97934e-05 -6.43255e-05 0.0108188 -0.019825 -6.87263e-05 0.000461973 -0.019825 0.0977626 
0.0109106 -0.0199857 -3.62387e-05 -4.54156e-05 -0.0199857 0.0985816 -4.24115e-05 0.000408947 -3.62387e-05 -4.24115e-05 0.0107859 -0.0197878 -4.54156e-05 0.000408947 -0.0197878 0.0977195 
0.0109426 -0.0200527 -2.5508e-05 -3.81846e-05 -0.0200527 0.0987973 -3.35438e-05 0.000376339 -2.5508e-05 -3.35438e-05 0.0107661 -0.0197623 -3.81846e-05 0.000376339 -0.0197623 0.0977104 
0.0109492 -0.020097 -7.05954e-07 -5.36566e-05 -0.020097 0.0989635 -5.01784e-05 0.00039507 -7.05954e-07 -5.01784e-05 0.0107588 -0.0197308 -5.36566e-05 0.00039507 -0.0197308 0.0976518 
0.0109362 -0.0200936 4.88079e-06 -8.93385e-05 -0.0200936 0.0989824 -8.50329e-05 0.000467847 4.88079e-06 -8.50329e-05 0.0107607 -0.0197034 -8.93385e-05 0.000467847 -0.0197034 0.0975359 
0.010882 -0.0200492 4.28717e-06 -0.00010211 -0.0200492 0.0988241 -9.52721e-05 0.000526622 4.28717e-06 -9.52721e-05 0.0107775 -0.0196795 -0.00010211 0.000526622 -0.0196795 0.097367 
0.0108274 -0.0199515 7.45826e-06 -0.000102667 -0.0199515 0.0985006 -9.21912e-05 0.000544741 7.45826e-06 -9.21912e-05 0.0107807 -0.0196758 -0.000102667 0.000544741 -0.0196758 0.0972023 
0.0107985 -0.0199021 4.54761e-06 -0.000103889 -0.0199021 0.0983489 -9.21903e-05 0.000547292 4.54761e-06 -9.21903e-05 0.0108064 -0.0197142 -0.000103889 0.000547292 -0.0197142 0.0972916 
0.0107855 -0.019858 -1.9092e-06 -9.40271e-05 -0.019858 0.0982018 -8.52263e-05 0.000528147 -1.9092e-06 -8.52263e-05 0.0108156 -0.0197521 -9.40271e-05 0.000528147 -0.0197521 0.0973926 
0.0107817 -0.0198193 -8.08908e-06 -8.33045e-05 -0.0198193 0.0980199 -7.70269e-05 0.000501256 -8.08908e-06 -7.70269e-05 0.0108041 -0.0197568 -8.33045e-05 0.000501256 -0.0197568 0.0974007 
0.0107752 -0.0198101 -2.26936e-05 -7.23021e-05 -0.0198101 0.097921 -6.93264e-05 0.000472082 -2.26936e-05 -6.93264e-05 0.0107952 -0.0197456 -7.23021e-05 0.000472082 -0.0197456 0.0973829 
0.0107545 -0.0197675 -1.94627e-05 -5.2675e-05 -0.0197675 0.0976953 -5.29634e-05 0.000431153 -1.94627e-05 -5.29634e-05 0.0107692 -0.0197014 -5.2675e-05 0.000431153 -0.0197014 0.0971842 
0.0107614 -0.0197948 -1.06252e-05 -5.26716e-05 -0.0197948 0.0978054 -5.49632e-05 0.000410851 -1.06252e-05 -5.49632e-05 0.0107748 -0.0197167 -5.26716e-05 0.000410851 -0.0197167 0.0972816 
0.0107684 -0.0198138 -1.24301e-05 -6.38284e-05 -0.0198138 0.0979124 -6.61535e-05 0.000422982 -1.24301e-05 -6.61535e-05 0.0107767 -0.0197259 -6.38284e-05 0.000422982 -0.0197259 0.0973548 
0.0107179 -0.0197339 -1.93974e-05 -6.0309e-05 -0.0197339 0.0975362 -6.24277e-05 0.000422254 -1.93974e-05 -6.24277e-05 0.0107482 -0.0196373 -6.0309e-05 0.000422254 -0.0196373 0.0969477 
0.0106721 -0.0196842 -1.32237e-05 -4.83944e-05 -0.0196842 0.0973304 -5.21415e-05 0.000398191 -1.32237e-05 -5.21415e-05 0.0107587 -0.0196159 -4.83944e-05 0.000398191 -0.0196159 0.096773 
0.010643 -0.0196571 -1.55948e-05 -5.24286e-05 -0.0196571 0.0972936 -6.07692e-05 0.000393537 -1.55948e-05 -6.07692e-05 0.0107951 -0.0196626 -5.24286e-05 0.000393537 -0.0196626 0.0968753 
0.0106533 -0.019598 -7.07924e-06 -5.02072e-05 -0.019598 0.0971128 -6.08721e-05 0.000394329 -7.07924e-06 -6.08721e-05 0.0107696 -0.0196921 -5.02072e-05 0.000394329 -0.0196921 0.0969084 
0.0106954 -0.019643 7.41027e-06 -6.39077e-05 -0.019643 0.0972136 -7.0672e-05 0.000413194 7.41027e-06 -7.0672e-05 0.0107447 -0.0196985 -6.39077e-05 0.000413194 -0.0196985 0.0970485 
0.0106887 -0.0196817 8.06192e-06 -8.21314e-05 -0.0196817 0.0972741 -8.70896e-05 0.00044854 8.06192e-06 -8.70896e-05 0.0107359 -0.0196428 -8.21314e-05 0.00044854 -0.0196428 0.0969403 
0.0106672 -0.0196546 1.99778e-05 -8.16629e-05 -0.0196546 0.0971819 -8.85902e-05 0.000464599 1.99778e-05 -8.85902e-05 0.0107219 -0.0195947 -8.16629e-05 0.000464599 -0.0195947 0.096705 
0.0106961 -0.0196573 2.42612e-05 -9.34188e-05 -0.0196573 0.0972318 -9.92504e-05 0.000480785 2.42612e-05 -9.92504e-05 0.0107004 -0.0196028 -9.34188e-05 0.000480785 -0.0196028 0.0967094 
0.0107494 -0.0197328 1.37641e-05 -9.95442e-05 -0.0197328 0.0975035 -9.89488e-05 0.000490681 1.37641e-05 -9.89488e-05 0.0106924 -0.0196167 -9.95442e-05 0.000490681 -0.0196167 0.0968733 
0.0107791 -0.0197919 1.02779e-05 -9.06284e-05 -0.0197919 0.0976936 -8.1758e-05 0.000472108 1.02779e-05 -8.1758e-05 0.0106797 -0.0195917 -9.06284e-05 0.000472108 -0.0195917 0.0968645 
0.0107599 -0.0197873 -5.23441e-06 -8.58634e-05 -0.0197873 0.0976291 -7.42231e-05 0.000447842 -5.23441e-06 -7.42231e-05 0.0106724 -0.01953 -8.58634e-05 0.000447842 -0.01953 0.0966171 
0.0107117 -0.0197405 1.01307e-07 -6.8906e-05 -0.0197405 0.097444 -5.87584e-05 0.000418013 1.01307e-07 -5.87584e-05 0.0106792 -0.0194991 -6.8906e-05 0.000418013 -0.0194991 0.0963872 
0.0106631 -0.0196677 1.1571e-05 -7.50384e-05 -0.0196677 0.0972001 -6.61674e-05 0.000414635 1.1571e-05 -6.61674e-05 0.0106921 -0.0195044 -7.50384e-05 0.000414635 -0.0195044 0.0962757 
0.0106635 -0.0196651 1.42377e-05 -9.20578e-05 -0.0196651 0.0972843 -8.35057e-05 0.000450158 1.42377e-05 -8.35057e-05 0.0107255 -0.01959 -9.20578e-05 0.000450158 -0.01959 0.0965816 
0.0106711 -0.0196726 5.63044e-06 -9.87252e-05 -0.0196726 0.0973709 -8.81187e-05 0.000479883 5.63044e-06 -8.81187e-05 0.0107453 -0.0196493 -9.87252e-05 0.000479883 -0.0196493 0.0968605 
0.0106541 -0.0196152 -1.63847e-06 -8.64025e-05 -0.0196152 0.0971101 -7.88145e-05 0.000473205 -1.63847e-06 -7.88145e-05 0.0107177 -0.0196145 -8.64025e-05 0.000473205 -0.0196145 0.096723 
0.0106244 -0.0195546 1.81259e-06 -7.36143e-05 -0.0195546 0.0967736 -6.87688e-05 0.000446073 1.81259e-06 -6.87688e-05 0.0106815 -0.0195437 -7.36143e-05 0.000446073 -0.0195437 0.0964209 
0.0105964 -0.0194949 -4.79316e-06 -7.37583e-05 -0.0194949 0.0964556 -7.17512e-05 0.000433924 -4.79316e-06 -7.17512e-05 0.0106418 -0.0194808 -7.37583e-05 0.000433924 -0.0194808 0.0961162 
0.0106004 -0.0195112 -1.48052e-05 -6.64303e-05 -0.0195112 0.0965078 -6.5934e-05 0.000423097 -1.48052e-05 -6.5934e-05 0.010633 -0.0194857 -6.64303e-05 0.000423097 -0.0194857 0.0961614 
0.0106151 -0.0195411 -1.27292e-05 -5.36884e-05 -0.0195411 0.0966681 -5.25729e-05 0.000396571 -1.27292e-05 -5.25729e-05 0.0106445 -0.0195047 -5.36884e-05 0.000396571 -0.0195047 0.0963074 
0.0106496 -0.0195717 -3.70023e-06 -5.55734e-05 -0.0195717 0.0968344 -5.43456e-05 0.000385654 -3.70023e-06 -5.43456e-05 0.0106494 -0.0195336 -5.55734e-05 0.000385654 -0.0195336 0.096471 
0.0106521 -0.0195996 -6.4053e-06 -6.68557e-05 -0.0195996 0.0969113 -6.55993e-05 0.000400921 -6.4053e-06 -6.55993e-05 0.01066 -0.0195298 -6.68557e-05 0.000400921 -0.0195298 0.0965051 
0.0106508 -0.0196262 -7.38374e-06 -6.37467e-05 -0.0196262 0.0970661 -6.34654e-05 0.000407797 -7.38374e-06 -6.34654e-05 0.0106902 -0.0195624 -6.37467e-05 0.000407797 -0.0195624 0.0966435 
0.0106359 -0.0195917 -1.25673e-05 -6.2506e-05 -0.0195917 0.0969674 -6.17654e-05 0.000404692 -1.25673e-05 -6.17654e-05 0.0107015 -0.0195648 -6.2506e-05 0.000404692 -0.0195648 0.0966015 
0.0106401 -0.0195995 -1.84335e-05 -5.70057e-05 -0.0195995 0.097021 -5.58375e-05 0.000396104 -1.84335e-05 -5.58375e-05 0.0107216 -0.0196044 -5.70057e-05 0.000396104 -0.0196044 0.0967332 
0.010629 -0.0195899 -1.14716e-05 -4.97585e-05 -0.0195899 0.096977 -4.8856e-05 0.000380974 -1.14716e-05 -4.8856e-05 0.0107292 -0.01961 -4.97585e-05 0.000380974 -0.01961 0.0967405 
0.0106194 -0.0195491 -8.02645e-06 -5.74198e-05 -0.0195491 0.0968042 -5.85035e-05 0.000388102 -8.02645e-06 -5.85035e-05 0.0107018 -0.0195923 -5.74198e-05 0.000388102 -0.0195923 0.0966208 
0.01062 -0.0195083 -1.25035e-07 -6.55298e-05 -0.0195083 0.0965659 -6.57549e-05 0.000410118 -1.25035e-07 -6.57549e-05 0.010653 -0.0195334 -6.55298e-05 0.000410118 -0.0195334 0.0963828 
0.0106592 -0.0195523 1.15106e-05 -7.98945e-05 -0.0195523 0.0966759 -7.53327e-05 0.000441769 1.15106e-05 -7.53327e-05 0.010625 -0.0195182 -7.98945e-05 0.000441769 -0.0195182 0.0963942 
0.0106734 -0.0195929 3.05829e-05 -9.48053e-05 -0.0195929 0.0967607 -8.91176e-05 0.000478964 3.05829e-05 -8.91176e-05 0.0106039 -0.0194737 -9.48053e-05 0.000478964 -0.0194737 0.0962963 
0.0106574 -0.0196086 3.20551e-05 -0.000116502 -0.0196086 0.0968075 -0.000113366 0.000529746 3.20551e-05 -0.000113366 0.0105994 -0.0194377 -0.000116502 0.000529746 -0.0194377 0.0961737 
0.0106632 -0.0196049 1.67901e-05 -0.000121301 -0.0196049 0.0968722 -0.000117551 0.00056238 1.67901e-05 -0.000117551 0.0105909 -0.0194487 -0.000121301 0.00056238 -0.0194487 0.0961967 
0.0106432 -0.0195471 2.25266e-06 -0.000100314 -0.0195471 0.0965976 -9.53006e-05 0.000533578 2.25266e-06 -9.53006e-05 0.0105536 -0.0193832 -0.000100314 0.000533578 -0.0193832 0.0959209 
0.0106001 -0.0195079 -2.1826e-07 -7.69975e-05 -0.0195079 0.0963655 -7.10145e-05 0.000472372 -2.1826e-07 -7.10145e-05 0.0105397 -0.0193236 -7.69975e-05 0.000472372 -0.0193236 0.0956549 
0.0105463 -0.0194199 3.22796e-07 -7.09614e-05 -0.0194199 0.0960079 -6.39423e-05 0.000429176 3.22796e-07 -6.39423e-05 0.0105211 -0.0192729 -7.09614e-05 0.000429176 -0.0192729 0.0953403 
0.0105057 -0.0193246 1.16857e-05 -7.04749e-05 -0.0193246 0.0956002 -6.66766e-05 0.000415014 1.16857e-05 -6.66766e-05 0.010492 -0.0192313 -7.04749e-05 0.000415014 -0.0192313 0.0950594 
0.0104955 -0.0193312 -1.92615e-06 -8.16785e-05 -0.0193312 0.0956119 -8.28466e-05 0.000432007 -1.92615e-06 -8.28466e-05 0.0105112 -0.0192518 -8.16785e-05 0.000432007 -0.0192518 0.095149 
0.0105105 -0.0193546 -2.06382e-05 -6.56625e-05 -0.0193546 0.0957699 -7.0804e-05 0.000425261 -2.06382e-05 -7.0804e-05 0.0105314 -0.0193033 -6.56625e-05 0.000425261 -0.0193033 0.0953648 
0.0105436 -0.0194093 -1.76205e-05 -4.11932e-05 -0.0194093 0.09605 -4.76067e-05 0.00037866 -1.76205e-05 -4.76067e-05 0.010555 -0.0193649 -4.11932e-05 0.00037866 -0.0193649 0.0956799 
0.0105939 -0.0194897 -2.92443e-05 -4.00409e-05 -0.0194897 0.0964384 -4.66807e-05 0.000349277 -2.92443e-05 -4.66807e-05 0.0105892 -0.0194316 -4.00409e-05 0.000349277 -0.0194316 0.0960558 
0.010601 -0.0195068 -2.56059e-05 -2.6984e-05 -0.0195068 0.0964966 -3.33767e-05 0.000322214 -2.56059e-05 -3.33767e-05 0.0106018 -0.0194282 -2.6984e-05 0.000322214 -0.0194282 0.096073 
0.0106337 -0.0195578 -6.04254e-06 -3.281e-05 -0.0195578 0.0967456 -3.67479e-05 0.000315747 -6.04254e-06 -3.67479e-05 0.0106227 -0.0194825 -3.281e-05 0.000315747 -0.0194825 0.0963017 
0.0106645 -0.0195979 -3.39148e-06 -6.11534e-05 -0.0195979 0.0969169 -6.28026e-05 0.000361846 -3.39148e-06 -6.28026e-05 0.0106323 -0.019506 -6.11534e-05 0.000361846 -0.019506 0.0964417 
0.0107101 -0.0196802 -6.75453e-06 -6.95192e-05 -0.0196802 0.097273 -7.05699e-05 0.000406582 -6.75453e-06 -7.05699e-05 0.0106633 -0.0195599 -6.95192e-05 0.000406582 -0.0195599 0.0967343 
0.0107239 -0.0197162 -1.99475e-05 -6.6805e-05 -0.0197162 0.0974179 -6.68103e-05 0.000418609 -1.99475e-05 -6.68103e-05 0.0106823 -0.0195699 -6.6805e-05 0.000418609 -0.0195699 0.0967986 
0.0107402 -0.01975 -2.56429e-05 -5.11301e-05 -0.01975 0.0975937 -4.92341e-05 0.000395672 -2.56429e-05 -4.92341e-05 0.0107116 -0.0196092 -5.11301e-05 0.000395672 -0.0196092 0.0969448 
0.0107231 -0.0197212 -1.78493e-05 -4.42182e-05 -0.0197212 0.0974643 -4.12079e-05 0.000371281 -1.78493e-05 -4.12079e-05 0.0107137 -0.0196004 -4.42182e-05 0.000371281 -0.0196004 0.0968452 
0.0106995 -0.0196671 1.829e-08 -5.47338e-05 -0.0196671 0.0972011 -5.18166e-05 0.000380107 1.829e-08 -5.18166e-05 0.0106956 -0.019567 -5.47338e-05 0.000380107 -0.019567 0.0966275 
0.0107065 -0.0196878 1.15084e-05 -7.92909e-05 -0.0196878 0.0972698 -8.0124e-05 0.000435261 1.15084e-05 -8.0124e-05 0.0107036 -0.0195875 -7.92909e-05 0.000435261 -0.0195875 0.0967048 
0.0107079 -0.0196831 1.42338e-05 -9.57051e-05 -0.0196831 0.0972448 -0.000100334 0.000496171 1.42338e-05 -0.000100334 0.0106938 -0.0195799 -9.57051e-05 0.000496171 -0.0195799 0.0966656 
0.0107484 -0.0197289 6.04811e-06 -0.000104635 -0.0197289 0.0974591 -0.000103964 0.000534171 6.04811e-06 -0.000103964 0.0106994 -0.0196179 -0.000104635 0.000534171 -0.0196179 0.0968647 
0.0107821 -0.0197917 -9.59504e-06 -9.9622e-05 -0.0197917 0.0977048 -8.99371e-05 0.000535006 -9.59504e-06 -8.99371e-05 0.0107021 -0.0196435 -9.9622e-05 0.000535006 -0.0196435 0.0970542 
0.0107762 -0.0197901 -2.11883e-05 -7.96638e-05 -0.0197901 0.0976745 -6.54604e-05 0.000494698 -2.11883e-05 -6.54604e-05 0.0106839 -0.0196065 -7.96638e-05 0.000494698 -0.0196065 0.0969475 
0.0107664 -0.0197699 -2.0188e-05 -6.28974e-05 -0.0197699 0.0975872 -4.81265e-05 0.000445081 -2.0188e-05 -4.81265e-05 0.0106691 -0.0195723 -6.28974e-05 0.000445081 -0.0195723 0.0968084 
0.0107547 -0.0197496 -9.87523e-06 -6.14971e-05 -0.0197496 0.0974937 -5.03827e-05 0.000424206 -9.87523e-06 -5.03827e-05 0.0106513 -0.0195519 -6.14971e-05 0.000424206 -0.0195519 0.0967079 
0.0106964 -0.0197056 6.55265e-07 -7.27562e-05 -0.0197056 0.0972911 -6.58608e-05 0.000441101 6.55265e-07 -6.58608e-05 0.01066 -0.0195089 -7.27562e-05 0.000441101 -0.0195089 0.0965209 
0.0106329 -0.0195818 1.3746e-05 -8.45405e-05 -0.0195818 0.0968281 -8.09381e-05 0.000472391 1.3746e-05 -8.09381e-05 0.0106303 -0.0194674 -8.45405e-05 0.000472391 -0.0194674 0.0961968 
0.0105832 -0.0194497 1.6574e-05 -9.86623e-05 -0.0194497 0.0962335 -9.6053e-05 0.000505406 1.6574e-05 -9.6053e-05 0.0105816 -0.0193888 -9.86623e-05 0.000505406 -0.0193888 0.0957773 
0.0105673 -0.0194289 7.69896e-06 -0.000102563 -0.0194289 0.0960676 -9.99784e-05 0.000525396 7.69896e-06 -9.99784e-05 0.0105734 -0.0193682 -0.000102563 0.000525396 -0.0193682 0.0956791 
0.0105988 -0.0194755 6.38154e-06 -8.91173e-05 -0.0194755 0.096289 -9.0007e-05 0.000512157 6.38154e-06 -9.0007e-05 0.0105889 -0.0194228 -8.91173e-05 0.000512157 -0.0194228 0.0959274 
0.0106124 -0.0195075 -3.42241e-06 -8.23512e-05 -0.0195075 0.0964138 -8.51861e-05 0.000488533 -3.42241e-06 -8.51861e-05 0.0106007 -0.0194358 -8.23512e-05 0.000488533 -0.0194358 0.0960352 
0.0106016 -0.0195038 -1.3968e-05 -7.14293e-05 -0.0195038 0.0963919 -7.24876e-05 0.000460534 -1.3968e-05 -7.24876e-05 0.0105983 -0.0194236 -7.14293e-05 0.000460534 -0.0194236 0.0959782 
0.0105887 -0.0195097 -1.5259e-05 -5.99429e-05 -0.0195097 0.0964489 -5.76259e-05 0.000427788 -1.5259e-05 -5.76259e-05 0.0106112 -0.0194361 -5.99429e-05 0.000427788 -0.0194361 0.0960286 
0.0105811 -0.0194966 -1.93792e-05 -5.70137e-05 -0.0194966 0.0964646 -5.48022e-05 0.00040729 -1.93792e-05 -5.48022e-05 0.0106176 -0.0194559 -5.70137e-05 0.00040729 -0.0194559 0.0960956 
0.0105829 -0.0194944 -4.98352e-06 -5.23325e-05 -0.0194944 0.0964958 -5.24681e-05 0.000397709 -4.98352e-06 -5.24681e-05 0.0106272 -0.0194747 -5.23325e-05 0.000397709 -0.0194747 0.0961921 
