0.00615838 0 -2.23929e-05 0 0 0.00872938 0 0 -2.23929e-05 0 0.00612935 0 0 0 0 0.00872938 
0.00940505 -0.0116714 -1.94573e-05 2.18851e-05 -0.0116714 0.0310213 2.18851e-05 -4.20415e-05 -1.94573e-05 2.18851e-05 0.0093852 -0.0116509 2.18851e-05 -4.20415e-05 -0.0116509 0.0309813 
0.00964141 -0.017927 3.72348e-06 -4.80727e-05 -0.017927 0.0661236 -4.80727e-05 0.000175368 3.72348e-06 -4.80727e-05 0.00967045 -0.0180239 -4.80727e-05 0.000175368 -0.0180239 0.0664683 
0.0090888 -0.0174711 1.49429e-05 -0.000138992 -0.0174711 0.0783208 -0.000142197 0.000718531 1.49429e-05 -0.000142197 0.00915111 -0.0177317 -0.000138992 0.000718531 -0.0177317 0.0795891 
0.00884787 -0.0164229 6.70767e-06 -0.000132718 -0.0164229 0.079098 -0.000138537 0.000901357 6.70767e-06 -0.000138537 0.00885709 -0.0167036 -0.000132718 0.000901357 -0.0167036 0.0807426 
0.00863507 -0.0157878 -2.23231e-06 -8.50437e-05 -0.0157878 0.0772929 -8.88337e-05 0.000714824 -2.23231e-06 -8.88337e-05 0.00860779 -0.0159448 -8.50437e-05 0.000714824 -0.0159448 0.0785892 
0.00838627 -0.0153154 -3.71194e-06 -5.68615e-05 -0.0153154 0.0752492 -5.54929e-05 0.000498739 -3.71194e-06 -5.54929e-05 0.00836122 -0.0153964 -5.68615e-05 0.000498739 -0.0153964 0.0761204 
0.00812968 -0.0148554 6.3612e-06 -5.12141e-05 -0.0148554 0.0731737 -4.66479e-05 0.000377379 6.3612e-06 -4.66479e-05 0.00813079 -0.0149297 -5.12141e-05 0.000377379 -0.0149297 0.0738276 
0.00952756 -0.0173862 1.4139e-05 -7.79643e-05 -0.0173862 0.0857791 -7.2527e-05 0.000423114 1.4139e-05 -7.2527e-05 0.0095384 -0.0175099 -7.79643e-05 0.000423114 -0.0175099 0.086518 
0.00939585 -0.0171332 5.64391e-06 -8.99676e-05 -0.0171332 0.0845346 -8.64885e-05 0.0004455 5.64391e-06 -8.64885e-05 0.00940621 -0.0172779 -8.99676e-05 0.0004455 -0.0172779 0.0853144 
0.00929718 -0.0169636 2.00947e-06 -7.91215e-05 -0.0169636 0.0836574 -7.99267e-05 0.000446488 2.00947e-06 -7.99267e-05 0.00931051 -0.017108 -7.91215e-05 0.000446488 -0.017108 0.0844574 
0.00925981 -0.0169183 -4.58043e-06 -7.29498e-05 -0.0169183 0.0834207 -7.79478e-05 0.000439278 -4.58043e-06 -7.79478e-05 0.00927712 -0.0170624 -7.29498e-05 0.000439278 -0.0170624 0.0842247 
0.00924348 -0.016882 -3.75247e-06 -6.1811e-05 -0.016882 0.0832759 -7.11737e-05 0.00042227 -3.75247e-06 -7.11737e-05 0.00925224 -0.0170274 -6.1811e-05 0.00042227 -0.0170274 0.0840748 
0.00924258 -0.0168582 -1.18548e-06 -5.86751e-05 -0.0168582 0.0831497 -7.20018e-05 0.00040907 -1.18548e-06 -7.20018e-05 0.00923045 -0.0169877 -5.86751e-05 0.00040907 -0.0169877 0.0839117 
0.00925839 -0.0169065 9.39447e-06 -6.18012e-05 -0.0169065 0.0833264 -7.5096e-05 0.000409837 9.39447e-06 -7.5096e-05 0.00925212 -0.0170051 -6.18012e-05 0.000409837 -0.0170051 0.0840136 
0.00928687 -0.0169718 1.04395e-05 -7.79997e-05 -0.0169718 0.0836618 -8.7053e-05 0.000433211 1.04395e-05 -8.7053e-05 0.0092925 -0.0170792 -7.79997e-05 0.000433211 -0.0170792 0.0843288 
0.009316 -0.0170282 9.97765e-06 -8.33524e-05 -0.0170282 0.0839752 -8.43055e-05 0.000446856 9.97765e-06 -8.43055e-05 0.00933487 -0.0171542 -8.33524e-05 0.000446856 -0.0171542 0.0846724 
0.00933291 -0.0170461 -7.44263e-06 -8.5032e-05 -0.0170461 0.0840877 -7.78033e-05 0.000444499 -7.44263e-06 -7.78033e-05 0.0093519 -0.0171909 -8.5032e-05 0.000444499 -0.0171909 0.0848333 
0.00935065 -0.0170641 -1.81732e-05 -6.73169e-05 -0.0170641 0.0841631 -5.66637e-05 0.000414006 -1.81732e-05 -5.66637e-05 0.00935315 -0.0172133 -6.73169e-05 0.000414006 -0.0172133 0.0849425 
0.00938466 -0.0171193 -1.2959e-05 -5.27018e-05 -0.0171193 0.0844016 -4.37348e-05 0.000376522 -1.2959e-05 -4.37348e-05 0.00936116 -0.017251 -5.27018e-05 0.000376522 -0.017251 0.0851708 
0.00940518 -0.0171417 -1.16607e-06 -5.79107e-05 -0.0171417 0.0844852 -5.00682e-05 0.000371057 -1.16607e-06 -5.00682e-05 0.00934875 -0.0172429 -5.79107e-05 0.000371057 -0.0172429 0.0852023 
0.00939631 -0.0171292 8.2487e-06 -7.15317e-05 -0.0171292 0.0843798 -6.38402e-05 0.000392768 8.2487e-06 -6.38402e-05 0.00932926 -0.01719 -7.15317e-05 0.000392768 -0.01719 0.0850115 
0.00940024 -0.0171311 1.46213e-05 -8.40148e-05 -0.0171311 0.0843772 -7.58468e-05 0.000423416 1.46213e-05 -7.58468e-05 0.00932292 -0.0171762 -8.40148e-05 0.000423416 -0.0171762 0.0849449 
0.00939018 -0.0171122 3.19707e-05 -9.09849e-05 -0.0171122 0.0842635 -8.26817e-05 0.000444786 3.19707e-05 -8.26817e-05 0.00930552 -0.017145 -9.09849e-05 0.000444786 -0.017145 0.0847927 
0.00937644 -0.0171163 2.85869e-05 -0.000108899 -0.0171163 0.0842672 -0.000102967 0.000478364 2.85869e-05 -0.000102967 0.00932656 -0.0171376 -0.000108899 0.000478364 -0.0171376 0.0847621 
0.00938178 -0.0171283 1.43079e-05 -0.000105803 -0.0171283 0.0843843 -0.000103773 0.000496052 1.43079e-05 -0.000103773 0.00935952 -0.0171926 -0.000105803 0.000496052 -0.0171926 0.0849314 
0.00939631 -0.0171442 7.06448e-06 -8.64435e-05 -0.0171442 0.0844943 -8.83626e-05 0.000473123 7.06448e-06 -8.83626e-05 0.00937861 -0.0172484 -8.64435e-05 0.000473123 -0.0172484 0.0851429 
0.00942182 -0.0171787 6.50675e-06 -7.64064e-05 -0.0171787 0.0846609 -7.9978e-05 0.000444966 6.50675e-06 -7.9978e-05 0.00939299 -0.0172943 -7.64064e-05 0.000444966 -0.0172943 0.0853778 
0.00942789 -0.0171861 -1.18368e-06 -7.61117e-05 -0.0171861 0.0846748 -7.87575e-05 0.000432636 -1.18368e-06 -7.87575e-05 0.00939148 -0.01729 -7.61117e-05 0.000432636 -0.01729 0.0853989 
0.00943668 -0.0172016 -1.00207e-05 -7.01008e-05 -0.0172016 0.0847352 -6.96425e-05 0.000421057 -1.00207e-05 -6.96425e-05 0.00940404 -0.0172958 -7.01008e-05 0.000421057 -0.0172958 0.0854423 
0.00944862 -0.0172151 -6.44391e-06 -6.10796e-05 -0.0172151 0.0847938 -5.81074e-05 0.000401738 -6.44391e-06 -5.81074e-05 0.00941183 -0.017314 -6.10796e-05 0.000401738 -0.017314 0.0855021 
0.00943037 -0.0171731 -2.84339e-06 -6.36293e-05 -0.0171731 0.0845679 -6.31051e-05 0.000397968 -2.84339e-06 -6.31051e-05 0.00938983 -0.017271 -6.36293e-05 0.000397968 -0.017271 0.0852819 
0.00941743 -0.0171684 -5.02435e-06 -6.7538e-05 -0.0171684 0.0845125 -7.11412e-05 0.000411104 -5.02435e-06 -7.11412e-05 0.00938732 -0.017261 -6.7538e-05 0.000411104 -0.017261 0.0852222 
0.00943255 -0.0171836 -2.57964e-06 -6.29092e-05 -0.0171836 0.0846058 -7.14242e-05 0.000414883 -2.57964e-06 -7.14242e-05 0.00939319 -0.0172836 -6.29092e-05 0.000414883 -0.0172836 0.0853192 
0.00941711 -0.0171757 -2.51679e-06 -6.38652e-05 -0.0171757 0.0845402 -7.54714e-05 0.000419252 -2.51679e-06 -7.54714e-05 0.00937906 -0.0172593 -6.38652e-05 0.000419252 -0.0172593 0.085225 
0.0094184 -0.0171807 -3.34393e-06 -6.53123e-05 -0.0171807 0.0845972 -7.68585e-05 0.000425407 -3.34393e-06 -7.68585e-05 0.00937951 -0.0172629 -6.53123e-05 0.000425407 -0.0172629 0.0852557 
0.00939599 -0.0171575 2.59687e-06 -6.79155e-05 -0.0171575 0.0845083 -7.50773e-05 0.000430774 2.59687e-06 -7.50773e-05 0.00937441 -0.0172425 -6.79155e-05 0.000430774 -0.0172425 0.0851662 
0.00939972 -0.0171461 3.98637e-06 -7.7476e-05 -0.0171461 0.0845042 -8.0119e-05 0.000444261 3.98637e-06 -8.0119e-05 0.00936869 -0.0172517 -7.7476e-05 0.000444261 -0.0172517 0.0851939 
0.00938874 -0.017121 6.53077e-06 -8.20099e-05 -0.017121 0.0843646 -8.09948e-05 0.000455512 6.53077e-06 -8.09948e-05 0.00935212 -0.017215 -8.20099e-05 0.000455512 -0.017215 0.0850519 
0.00939307 -0.0171434 4.98175e-06 -8.37005e-05 -0.0171434 0.0844598 -7.99632e-05 0.000456684 4.98175e-06 -7.99632e-05 0.00936524 -0.0172277 -8.37005e-05 0.000456684 -0.0172277 0.0851217 
0.00938765 -0.0171202 2.20115e-06 -8.11979e-05 -0.0171202 0.0843716 -7.51579e-05 0.000448419 2.20115e-06 -7.51579e-05 0.00935159 -0.0172149 -8.11979e-05 0.000448419 -0.0172149 0.0850377 
0.00940138 -0.0171538 7.03261e-06 -7.55363e-05 -0.0171538 0.0845184 -6.83571e-05 0.000430429 7.03261e-06 -6.83571e-05 0.00936917 -0.0172387 -7.55363e-05 0.000430429 -0.0172387 0.0851768 
0.00940704 -0.0171625 5.05223e-06 -7.90233e-05 -0.0171625 0.0845738 -6.99837e-05 0.000420096 5.05223e-06 -6.99837e-05 0.00937755 -0.0172521 -7.90233e-05 0.000420096 -0.0172521 0.0852325 
0.00942246 -0.017169 1.61329e-06 -7.78776e-05 -0.017169 0.0846153 -6.60452e-05 0.000412901 1.61329e-06 -6.60452e-05 0.00937497 -0.0172688 -7.78776e-05 0.000412901 -0.0172688 0.0853016 
0.009377 -0.0171098 6.32251e-06 -7.26927e-05 -0.0171098 0.0842816 -5.95117e-05 0.000395785 6.32251e-06 -5.95117e-05 0.00935177 -0.0171892 -7.26927e-05 0.000395785 -0.0171892 0.0849513 
0.00934539 -0.0170949 -1.89581e-06 -7.64656e-05 -0.0170949 0.0842418 -6.57625e-05 0.000395102 -1.89581e-06 -6.57625e-05 0.00936992 -0.0171989 -7.64656e-05 0.000395102 -0.0171989 0.0849363 
0.00930965 -0.0170449 1.73068e-06 -6.41985e-05 -0.0170449 0.0841046 -5.9586e-05 0.00038384 1.73068e-06 -5.9586e-05 0.00938377 -0.0172132 -6.41985e-05 0.00038384 -0.0172132 0.0849215 
0.00928583 -0.0169748 8.23719e-06 -6.3557e-05 -0.0169748 0.0838481 -6.51085e-05 0.000377124 8.23719e-06 -6.51085e-05 0.00936546 -0.0172094 -6.3557e-05 0.000377124 -0.0172094 0.0848333 
0.00928507 -0.0169431 1.17494e-05 -6.88833e-05 -0.0169431 0.0836788 -7.41815e-05 0.000386118 1.17494e-05 -7.41815e-05 0.00932796 -0.0171885 -6.88833e-05 0.000386118 -0.0171885 0.0847584 
0.00926453 -0.016921 1.2005e-05 -7.13667e-05 -0.016921 0.0834951 -7.7533e-05 0.000392505 1.2005e-05 -7.7533e-05 0.00930312 -0.017114 -7.13667e-05 0.000392505 -0.017114 0.0845117 
0.00923371 -0.0168747 7.28438e-06 -7.34327e-05 -0.0168747 0.0832679 -7.57865e-05 0.000394516 7.28438e-06 -7.57865e-05 0.00927724 -0.0170567 -7.34327e-05 0.000394516 -0.0170567 0.0842185 
0.00919395 -0.0168148 6.54345e-06 -6.92879e-05 -0.0168148 0.0829899 -6.82943e-05 0.000384808 6.54345e-06 -6.82943e-05 0.00924402 -0.017002 -6.92879e-05 0.000384808 -0.017002 0.0839252 
0.00918358 -0.0167943 6.25415e-06 -6.94862e-05 -0.0167943 0.0829192 -6.83615e-05 0.000381528 6.25415e-06 -6.83615e-05 0.00922752 -0.0169875 -6.94862e-05 0.000381528 -0.0169875 0.0838592 
0.00917465 -0.0167976 9.62417e-06 -6.88808e-05 -0.0167976 0.082943 -6.74108e-05 0.00037949 9.62417e-06 -6.74108e-05 0.00923608 -0.0169817 -6.88808e-05 0.00037949 -0.0169817 0.083869 
0.00918152 -0.0167818 -5.38002e-06 -6.93171e-05 -0.0167818 0.0829066 -6.97022e-05 0.000376567 -5.38002e-06 -6.97022e-05 0.00922583 -0.0169776 -6.93171e-05 0.000376567 -0.0169776 0.0838271 
0.00919686 -0.0168064 -7.76297e-06 -4.75573e-05 -0.0168064 0.0829803 -5.1151e-05 0.000343182 -7.76297e-06 -5.1151e-05 0.00921926 -0.0169781 -4.75573e-05 0.000343182 -0.0169781 0.0838597 
0.00922066 -0.0168653 -1.55216e-05 -4.22676e-05 -0.0168653 0.0832377 -4.73619e-05 0.00031533 -1.55216e-05 -4.73619e-05 0.0092344 -0.0170041 -4.22676e-05 0.00031533 -0.0170041 0.084034 
0.00924159 -0.0168933 -1.6421e-05 -3.23565e-05 -0.0168933 0.0833982 -3.87992e-05 0.000291136 -1.6421e-05 -3.87992e-05 0.00923515 -0.0170221 -3.23565e-05 0.000291136 -0.0170221 0.0841407 
0.0092641 -0.0169335 -2.56186e-05 -2.82557e-05 -0.0169335 0.08358 -3.77142e-05 0.000274664 -2.56186e-05 -3.77142e-05 0.00925062 -0.0170355 -2.82557e-05 0.000274664 -0.0170355 0.0842607 
0.00927467 -0.0169478 -3.14033e-05 -1.81006e-05 -0.0169478 0.0836448 -2.79271e-05 0.000255744 -3.14033e-05 -2.79271e-05 0.00925478 -0.0170411 -1.81006e-05 0.000255744 -0.0170411 0.0842825 
0.00928972 -0.0169511 -2.71157e-05 -1.54421e-05 -0.0169511 0.0836479 -2.07849e-05 0.000242002 -2.71157e-05 -2.07849e-05 0.00924865 -0.0170385 -1.54421e-05 0.000242002 -0.0170385 0.0842631 
0.0092806 -0.0169572 -2.1668e-05 -2.48077e-05 -0.0169572 0.0836165 -2.49609e-05 0.000248723 -2.1668e-05 -2.49609e-05 0.00925468 -0.0170191 -2.48077e-05 0.000248723 -0.0170191 0.0841846 
0.00927634 -0.016947 -8.74916e-06 -3.50553e-05 -0.016947 0.0835881 -3.25967e-05 0.000271928 -8.74916e-06 -3.25967e-05 0.00926415 -0.0170275 -3.50553e-05 0.000271928 -0.0170275 0.0841613 
0.00924378 -0.0169034 -1.50709e-05 -5.51236e-05 -0.0169034 0.0833762 -4.9241e-05 0.000313968 -1.50709e-05 -4.9241e-05 0.00926245 -0.0170065 -5.51236e-05 0.000313968 -0.0170065 0.0840019 
0.00927577 -0.0169464 -1.23673e-05 -5.11126e-05 -0.0169464 0.0836225 -4.40523e-05 0.000332804 -1.23673e-05 -4.40523e-05 0.0092786 -0.0170886 -5.11126e-05 0.000332804 -0.0170886 0.0843336 
0.00927106 -0.0169337 -8.27712e-06 -5.52457e-05 -0.0169337 0.0835434 -4.83317e-05 0.000344175 -8.27712e-06 -4.83317e-05 0.00925901 -0.0170626 -5.52457e-05 0.000344175 -0.0170626 0.0842814 
0.00925993 -0.016918 -3.54689e-06 -5.92127e-05 -0.016918 0.0834569 -5.24838e-05 0.000355845 -3.54689e-06 -5.24838e-05 0.00924411 -0.0170289 -5.92127e-05 0.000355845 -0.0170289 0.0841682 
0.00922414 -0.0168661 -6.94538e-06 -6.31209e-05 -0.0168661 0.0832096 -5.76655e-05 0.0003662 -6.94538e-06 -5.76655e-05 0.00922539 -0.0169728 -6.31209e-05 0.0003662 -0.0169728 0.0839015 
0.00919076 -0.0168007 -1.27258e-05 -5.39983e-05 -0.0168007 0.0829239 -5.02854e-05 0.000352785 -1.27258e-05 -5.02854e-05 0.00919767 -0.0169311 -5.39983e-05 0.000352785 -0.0169311 0.0836526 
0.00917026 -0.0167538 -4.56455e-06 -4.25888e-05 -0.0167538 0.0826917 -4.21501e-05 0.000325272 -4.56455e-06 -4.21501e-05 0.00916555 -0.0168868 -4.25888e-05 0.000325272 -0.0168868 0.0834413 
0.00914072 -0.016725 1.07541e-05 -4.96574e-05 -0.016725 0.0825222 -5.10949e-05 0.000320574 1.07541e-05 -5.10949e-05 0.00915016 -0.0168373 -4.96574e-05 0.000320574 -0.0168373 0.0832375 
0.00912607 -0.0167092 9.97309e-06 -6.82143e-05 -0.0167092 0.0824845 -6.88442e-05 0.000348852 9.97309e-06 -6.88442e-05 0.00915349 -0.0168337 -6.82143e-05 0.000348852 -0.0168337 0.0831917 
0.00914312 -0.0167577 7.81632e-06 -7.05055e-05 -0.0167577 0.0827701 -6.69334e-05 0.000364834 7.81632e-06 -6.69334e-05 0.00919142 -0.0169085 -7.05055e-05 0.000364834 -0.0169085 0.0835239 
0.00918085 -0.0168256 1.09082e-05 -6.91125e-05 -0.0168256 0.0831679 -6.127e-05 0.000360456 1.09082e-05 -6.127e-05 0.00923464 -0.0170052 -6.91125e-05 0.000360456 -0.0170052 0.0839937 
0.0091835 -0.0167992 1.58211e-05 -7.09713e-05 -0.0167992 0.0830757 -6.04302e-05 0.00035349 1.58211e-05 -6.04302e-05 0.00921499 -0.0169907 -7.09713e-05 0.00035349 -0.0169907 0.083956 
0.00917103 -0.0167711 9.2185e-06 -7.42702e-05 -0.0167711 0.0828947 -6.3599e-05 0.000351334 9.2185e-06 -6.3599e-05 0.00919525 -0.0169369 -7.42702e-05 0.000351334 -0.0169369 0.0837572 
0.00915462 -0.0167388 -2.51247e-06 -6.53319e-05 -0.0167388 0.0827046 -5.4895e-05 0.000335866 -2.51247e-06 -5.4895e-05 0.00917187 -0.0168894 -6.53319e-05 0.000335866 -0.0168894 0.0835213 
0.00917854 -0.0167587 -1.20855e-05 -4.71221e-05 -0.0167587 0.0827777 -3.98948e-05 0.000297716 -1.20855e-05 -3.98948e-05 0.00916918 -0.0168974 -4.71221e-05 0.000297716 -0.0168974 0.0835541 
0.00922697 -0.0168336 -1.83209e-05 -3.29187e-05 -0.0168336 0.0830729 -2.96762e-05 0.000260476 -1.83209e-05 -2.96762e-05 0.00917779 -0.0169355 -3.29187e-05 0.000260476 -0.0169355 0.083775 
0.00927098 -0.0169233 -1.54809e-05 -2.39459e-05 -0.0169233 0.083448 -2.52404e-05 0.000236222 -1.54809e-05 -2.52404e-05 0.00919946 -0.0169755 -2.39459e-05 0.000236222 -0.0169755 0.0840351 
0.00927072 -0.0169587 -4.41282e-06 -2.80605e-05 -0.0169587 0.0836123 -3.50884e-05 0.000241601 -4.41282e-06 -3.50884e-05 0.00922491 -0.0169848 -2.80605e-05 0.000241601 -0.0169848 0.0841117 
0.00927959 -0.0169636 -4.45264e-06 -4.32931e-05 -0.0169636 0.0837094 -5.28844e-05 0.000277427 -4.45264e-06 -5.28844e-05 0.00924538 -0.0170205 -4.32931e-05 0.000277427 -0.0170205 0.0842234 
0.00927168 -0.0169216 -1.05473e-05 -4.65821e-05 -0.0169216 0.0835156 -5.54861e-05 0.000303682 -1.05473e-05 -5.54861e-05 0.00922155 -0.0170011 -4.65821e-05 0.000303682 -0.0170011 0.0840926 
0.00928119 -0.0169335 -8.77325e-06 -4.02333e-05 -0.0169335 0.083522 -4.65398e-05 0.00030075 -8.77325e-06 -4.65398e-05 0.00921067 -0.016996 -4.02333e-05 0.00030075 -0.016996 0.0841042 
0.00927696 -0.016961 -1.00652e-05 -4.05872e-05 -0.016961 0.0836207 -4.44758e-05 0.000292574 -1.00652e-05 -4.44758e-05 0.00922068 -0.0169945 -4.05872e-05 0.000292574 -0.0169945 0.0841486 
0.00927363 -0.0169384 -9.8869e-06 -3.90175e-05 -0.0169384 0.0835684 -3.87127e-05 0.000282093 -9.8869e-06 -3.87127e-05 0.00921155 -0.0169848 -3.90175e-05 0.000282093 -0.0169848 0.0840834 
0.00925612 -0.0169113 3.31045e-06 -3.96879e-05 -0.0169113 0.0834306 -3.50897e-05 0.000271615 3.31045e-06 -3.50897e-05 0.00920387 -0.0169572 -3.96879e-05 0.000271615 -0.0169572 0.0839545 
0.0092287 -0.0168964 2.72911e-06 -5.26806e-05 -0.0168964 0.0833695 -4.66323e-05 0.000280765 2.72911e-06 -4.66323e-05 0.00922471 -0.0169561 -5.26806e-05 0.000280765 -0.0169561 0.08392 
0.00919214 -0.0168399 -1.0942e-05 -5.20582e-05 -0.0168399 0.0831733 -4.60952e-05 0.000285851 -1.0942e-05 -4.60952e-05 0.009228 -0.0169569 -5.20582e-05 0.000285851 -0.0169569 0.0838252 
0.00916361 -0.0167828 -1.23093e-05 -3.4827e-05 -0.0167828 0.0829502 -3.10039e-05 0.000260425 -1.23093e-05 -3.10039e-05 0.00922058 -0.0169499 -3.4827e-05 0.000260425 -0.0169499 0.0837321 
0.00915749 -0.016751 -1.82677e-05 -3.14885e-05 -0.016751 0.082813 -2.72178e-05 0.000239372 -1.82677e-05 -2.72178e-05 0.00920429 -0.0169457 -3.14885e-05 0.000239372 -0.0169457 0.0836916 
0.00913821 -0.0167159 -1.24103e-05 -2.60073e-05 -0.0167159 0.0826093 -1.93629e-05 0.000222189 -1.24103e-05 -1.93629e-05 0.00917747 -0.0169012 -2.60073e-05 0.000222189 -0.0169012 0.0835097 
0.00911872 -0.0166683 1.4106e-06 -3.17862e-05 -0.0166683 0.082364 -2.38527e-05 0.000220134 1.4106e-06 -2.38527e-05 0.00914079 -0.0168437 -3.17862e-05 0.000220134 -0.0168437 0.0832498 
0.00909409 -0.0166392 6.59222e-06 -4.72237e-05 -0.0166392 0.0821848 -4.10753e-05 0.000244996 6.59222e-06 -4.10753e-05 0.00911877 -0.0167925 -4.72237e-05 0.000244996 -0.0167925 0.0830286 
0.00909461 -0.0166327 -3.95734e-06 -5.13422e-05 -0.0166327 0.0821653 -4.92757e-05 0.000265886 -3.95734e-06 -4.92757e-05 0.00910649 -0.0167845 -5.13422e-05 0.000265886 -0.0167845 0.0829817 
0.00907896 -0.0166278 -1.18092e-05 -3.58184e-05 -0.0166278 0.0821295 -3.54324e-05 0.000247341 -1.18092e-05 -3.54324e-05 0.00910324 -0.0167653 -3.58184e-05 0.000247341 -0.0167653 0.0829167 
0.00907432 -0.0165921 7.79473e-06 -2.13869e-05 -0.0165921 0.0820007 -2.22599e-05 0.000207637 7.79473e-06 -2.22599e-05 0.00908544 -0.0167435 -2.13869e-05 0.000207637 -0.0167435 0.0827922 
0.00907599 -0.0166 1.93894e-05 -4.40928e-05 -0.0166 0.081999 -4.40182e-05 0.000221551 1.93894e-05 -4.40182e-05 0.00908613 -0.0167377 -4.40928e-05 0.000221551 -0.0167377 0.0827791 
0.00911693 -0.0166639 4.71773e-06 -6.37376e-05 -0.0166639 0.0823056 -6.12323e-05 0.000267696 4.71773e-06 -6.12323e-05 0.00911006 -0.0167993 -6.37376e-05 0.000267696 -0.0167993 0.0830713 
0.00912995 -0.0167033 -1.49777e-05 -5.0926e-05 -0.0167033 0.0824706 -4.53402e-05 0.000269316 -1.49777e-05 -4.53402e-05 0.0091256 -0.0168199 -5.0926e-05 0.000269316 -0.0168199 0.0832058 
0.00912777 -0.0166913 -2.08533e-05 -2.47367e-05 -0.0166913 0.0824349 -1.7003e-05 0.000217734 -2.08533e-05 -1.7003e-05 0.00912457 -0.0168114 -2.47367e-05 0.000217734 -0.0168114 0.083161 
0.00911844 -0.0166743 -1.98047e-05 -1.34099e-05 -0.0166743 0.0823383 -4.36679e-06 0.000168113 -1.98047e-05 -4.36679e-06 0.00911963 -0.0167937 -1.34099e-05 0.000168113 -0.0167937 0.0830637 
0.00912509 -0.0166895 -1.77427e-05 -1.25754e-05 -0.0166895 0.0824103 -3.91318e-06 0.000146317 -1.77427e-05 -3.91318e-06 0.00912755 -0.0168154 -1.25754e-05 0.000146317 -0.0168154 0.0831464 
0.00911404 -0.0166923 -4.77402e-06 -1.58859e-05 -0.0166923 0.0824233 -1.12713e-05 0.00015101 -4.77402e-06 -1.12713e-05 0.00914114 -0.0168166 -1.58859e-05 0.00015101 -0.0168166 0.0831599 
0.00909986 -0.0166586 -2.26586e-06 -3.17775e-05 -0.0166586 0.0823156 -2.97989e-05 0.000182902 -2.26586e-06 -2.97989e-05 0.0091387 -0.016819 -3.17775e-05 0.000182902 -0.016819 0.083114 
0.00908638 -0.0166047 -1.26751e-05 -3.50502e-05 -0.0166047 0.0820608 -3.26615e-05 0.000203491 -1.26751e-05 -3.26615e-05 0.00911349 -0.0167851 -3.50502e-05 0.000203491 -0.0167851 0.0829306 
0.00909642 -0.0166227 -1.7889e-05 -2.06249e-05 -0.0166227 0.082092 -1.70737e-05 0.000183399 -1.7889e-05 -1.70737e-05 0.00911347 -0.0167923 -2.06249e-05 0.000183399 -0.0167923 0.0829791 
0.00909856 -0.0166217 -1.89846e-05 -1.07279e-05 -0.0166217 0.0820611 -8.38966e-06 0.000152457 -1.89846e-05 -8.38966e-06 0.00910226 -0.016779 -1.07279e-05 0.000152457 -0.016779 0.0829281 
0.00910821 -0.0166391 -1.5845e-05 -7.91801e-06 -0.0166391 0.0821171 -1.00367e-05 0.000139936 -1.5845e-05 -1.00367e-05 0.00909715 -0.0167771 -7.91801e-06 0.000139936 -0.0167771 0.0829444 
0.00912939 -0.0166694 -1.10375e-05 -1.05085e-05 -0.0166694 0.082249 -1.73883e-05 0.000145675 -1.10375e-05 -1.73883e-05 0.00908888 -0.0167871 -1.05085e-05 0.000145675 -0.0167871 0.0830253 
0.00914644 -0.0167239 -1.12829e-05 -1.67892e-05 -0.0167239 0.0824832 -2.37426e-05 0.000159933 -1.12829e-05 -2.37426e-05 0.00910889 -0.0167998 -1.67892e-05 0.000159933 -0.0167998 0.0831664 
0.00914958 -0.0167377 -4.82737e-06 -2.09836e-05 -0.0167377 0.082582 -2.49759e-05 0.000174032 -4.82737e-06 -2.49759e-05 0.00912336 -0.0168085 -2.09836e-05 0.000174032 -0.0168085 0.0832022 
0.00917361 -0.0167425 -1.54983e-05 -3.11204e-05 -0.0167425 0.0826395 -3.30895e-05 0.000195282 -1.54983e-05 -3.30895e-05 0.00912035 -0.0168305 -3.11204e-05 0.000195282 -0.0168305 0.0832696 
0.00920216 -0.0168117 -1.76664e-05 -2.06862e-05 -0.0168117 0.0829139 -2.35234e-05 0.000195176 -1.76664e-05 -2.35234e-05 0.00914971 -0.016873 -2.06862e-05 0.000195176 -0.016873 0.0835204 
0.00920973 -0.0168417 -1.90483e-05 -1.58222e-05 -0.0168417 0.0830721 -2.23344e-05 0.000187134 -1.90483e-05 -2.23344e-05 0.00918534 -0.0169026 -1.58222e-05 0.000187134 -0.0169026 0.0836579 
0.00923589 -0.0168618 -2.29788e-05 -1.43785e-05 -0.0168618 0.0832172 -1.88734e-05 0.000181466 -2.29788e-05 -1.88734e-05 0.00921511 -0.016964 -1.43785e-05 0.000181466 -0.016964 0.0838713 
0.00924887 -0.0168752 -1.92998e-05 -1.15128e-05 -0.0168752 0.0832504 -1.19487e-05 0.000171987 -1.92998e-05 -1.19487e-05 0.00922218 -0.016993 -1.15128e-05 0.000171987 -0.016993 0.0839809 
0.00926974 -0.0168744 -2.51836e-05 -1.73329e-05 -0.0168744 0.0832117 -1.5409e-05 0.000174986 -2.51836e-05 -1.5409e-05 0.00919971 -0.0169878 -1.73329e-05 0.000174986 -0.0169878 0.0839689 
0.00929969 -0.0169441 -1.33989e-05 -1.11009e-05 -0.0169441 0.0834494 -1.04771e-05 0.000171438 -1.33989e-05 -1.04771e-05 0.00921647 -0.0170035 -1.11009e-05 0.000171438 -0.0170035 0.0841323 
0.00932418 -0.016994 5.80126e-06 -2.3957e-05 -0.016994 0.0836697 -2.59656e-05 0.000190072 5.80126e-06 -2.59656e-05 0.00923703 -0.017026 -2.3957e-05 0.000190072 -0.017026 0.0842569 
0.00933824 -0.0170474 2.46793e-05 -4.97287e-05 -0.0170474 0.0839277 -5.4564e-05 0.000248109 2.46793e-05 -5.4564e-05 0.00927553 -0.0170728 -4.97287e-05 0.000248109 -0.0170728 0.0844666 
0.00932303 -0.0170511 1.6633e-05 -7.61431e-05 -0.0170511 0.0840064 -8.00768e-05 0.00031889 1.6633e-05 -8.00768e-05 0.00931104 -0.01711 -7.61431e-05 0.00031889 -0.01711 0.0845855 
0.00931632 -0.0170354 4.58899e-06 -7.01068e-05 -0.0170354 0.0840384 -7.04554e-05 0.000339017 4.58899e-06 -7.04554e-05 0.00933921 -0.017168 -7.01068e-05 0.000339017 -0.017168 0.0847715 
0.00931873 -0.0170333 -5.25779e-06 -5.45063e-05 -0.0170333 0.0840825 -5.41045e-05 0.000314733 -5.25779e-06 -5.41045e-05 0.00936382 -0.0172207 -5.45063e-05 0.000314733 -0.0172207 0.0849913 
0.00931305 -0.0169975 -3.67983e-06 -4.26834e-05 -0.0169975 0.0839297 -3.95224e-05 0.000280447 -3.67983e-06 -3.95224e-05 0.00935111 -0.0172199 -4.26834e-05 0.000280447 -0.0172199 0.0849742 
0.00931373 -0.0170027 -6.90803e-06 -4.36203e-05 -0.0170027 0.0839227 -3.70401e-05 0.000262474 -6.90803e-06 -3.70401e-05 0.00935335 -0.0172234 -4.36203e-05 0.000262474 -0.0172234 0.0850283 
0.00930429 -0.0169857 -7.06146e-06 -3.86312e-05 -0.0169857 0.0838412 -3.1687e-05 0.000247802 -7.06146e-06 -3.1687e-05 0.00934084 -0.0172109 -3.86312e-05 0.000247802 -0.0172109 0.0849761 
0.00929519 -0.0169874 -1.37741e-05 -3.4636e-05 -0.0169874 0.0838508 -2.89143e-05 0.000230929 -1.37741e-05 -2.89143e-05 0.00934926 -0.0172073 -3.4636e-05 0.000230929 -0.0172073 0.0849901 
0.00931691 -0.0169946 -3.00401e-05 -2.52351e-05 -0.0169946 0.0839256 -1.93352e-05 0.000206273 -3.00401e-05 -1.93352e-05 0.00935588 -0.017231 -2.52351e-05 0.000206273 -0.017231 0.0850853 
0.00933482 -0.0170109 -3.09531e-05 -4.33667e-06 -0.0170109 0.0839524 -2.38474e-08 0.000163325 -3.09531e-05 -2.38474e-08 0.00935842 -0.0172299 -4.33667e-06 0.000163325 -0.0172299 0.0850985 
0.00935783 -0.0170595 -3.02442e-05 -2.25783e-06 -0.0170595 0.0841282 -8.23396e-07 0.000142713 -3.02442e-05 -8.23396e-07 0.00937879 -0.0172548 -2.25783e-06 0.000142713 -0.0172548 0.0852204 
0.00938708 -0.0170896 -2.36367e-05 -7.34274e-06 -0.0170896 0.0842605 -7.82925e-06 0.000153921 -2.36367e-05 -7.82925e-06 0.00937602 -0.0172815 -7.34274e-06 0.000153921 -0.0172815 0.0853219 
0.00940221 -0.0171004 -1.16234e-05 -1.90005e-05 -0.0171004 0.0842554 -1.69097e-05 0.00018031 -1.16234e-05 -1.69097e-05 0.00936136 -0.0172612 -1.90005e-05 0.00018031 -0.0172612 0.0852701 
0.00942411 -0.0171404 -1.0936e-05 -3.6552e-05 -0.0171404 0.0843819 -3.53566e-05 0.000225681 -1.0936e-05 -3.53566e-05 0.00936605 -0.0172619 -3.6552e-05 0.000225681 -0.0172619 0.0853116 
0.00943385 -0.0171832 -9.83756e-06 -3.764e-05 -0.0171832 0.0845593 -4.11068e-05 0.000255488 -9.83756e-06 -4.11068e-05 0.00938441 -0.017285 -3.764e-05 0.000255488 -0.017285 0.0854245 
0.00942653 -0.0171853 -1.33459e-05 -3.72372e-05 -0.0171853 0.0846031 -4.30167e-05 0.00026676 -1.33459e-05 -4.30167e-05 0.009402 -0.0172959 -3.72372e-05 0.00026676 -0.0172959 0.0854558 
0.00942164 -0.0171881 -1.84184e-05 -3.23214e-05 -0.0171881 0.0846663 -3.76655e-05 0.000262329 -1.84184e-05 -3.76655e-05 0.00942889 -0.0173319 -3.23214e-05 0.000262329 -0.0173319 0.0855747 
0.00941758 -0.0171746 -2.699e-05 -2.47295e-05 -0.0171746 0.0846475 -2.82552e-05 0.000243823 -2.699e-05 -2.82552e-05 0.00944449 -0.0173564 -2.47295e-05 0.000243823 -0.0173564 0.0856421 
0.00941246 -0.0171424 -1.62598e-05 -1.34837e-05 -0.0171424 0.0845007 -1.4445e-05 0.000213263 -1.62598e-05 -1.4445e-05 0.00943189 -0.0173496 -1.34837e-05 0.000213263 -0.0173496 0.0855715 
0.00942708 -0.0171711 -4.93645e-07 -2.51927e-05 -0.0171711 0.0845989 -2.4735e-05 0.000213709 -4.93645e-07 -2.4735e-05 0.0094367 -0.0173706 -2.51927e-05 0.000213709 -0.0173706 0.0856903 
0.00941401 -0.0171547 1.67011e-05 -4.46981e-05 -0.0171547 0.0845078 -4.57149e-05 0.000250921 1.67011e-05 -4.57149e-05 0.00941681 -0.0173446 -4.46981e-05 0.000250921 -0.0173446 0.0855887 
0.00940174 -0.0171125 1.14796e-05 -6.72622e-05 -0.0171125 0.0843133 -6.71612e-05 0.00030309 1.14796e-05 -6.71612e-05 0.0093811 -0.0172956 -6.72622e-05 0.00030309 -0.0172956 0.085381 
0.00937506 -0.0171156 -8.23337e-06 -6.336e-05 -0.0171156 0.0842841 -6.17824e-05 0.00032023 -8.23337e-06 -6.17824e-05 0.0093906 -0.0172663 -6.336e-05 0.00032023 -0.0172663 0.0852951 
0.00936071 -0.0170874 -1.78697e-05 -3.96832e-05 -0.0170874 0.0842418 -3.84631e-05 0.000285363 -1.78697e-05 -3.84631e-05 0.00939864 -0.0172789 -3.96832e-05 0.000285363 -0.0172789 0.0852819 
0.00938153 -0.017091 -1.68358e-05 -2.75987e-05 -0.017091 0.0842971 -2.57667e-05 0.000246702 -1.68358e-05 -2.57667e-05 0.00939497 -0.0173142 -2.75987e-05 0.000246702 -0.0173142 0.0854173 
0.00936962 -0.0170745 -5.11395e-06 -2.98668e-05 -0.0170745 0.0841601 -2.6635e-05 0.000234548 -5.11395e-06 -2.6635e-05 0.00938032 -0.0172692 -2.98668e-05 0.000234548 -0.0172692 0.0852701 
0.00937879 -0.0171024 4.87434e-06 -4.3341e-05 -0.0171024 0.0842836 -3.94911e-05 0.00025197 4.87434e-06 -3.94911e-05 0.00938734 -0.017287 -4.3341e-05 0.00025197 -0.017287 0.085354 
0.00939637 -0.0171246 1.13193e-05 -5.40791e-05 -0.0171246 0.0844106 -4.98298e-05 0.000275452 1.13193e-05 -4.98298e-05 0.00939864 -0.0173061 -5.40791e-05 0.000275452 -0.0173061 0.0854593 
0.00941812 -0.017158 1.25899e-05 -6.24201e-05 -0.017158 0.084563 -5.48354e-05 0.000293084 1.25899e-05 -5.48354e-05 0.00941933 -0.0173335 -6.24201e-05 0.000293084 -0.0173335 0.0855962 
0.00943347 -0.0171899 -6.70362e-06 -6.39042e-05 -0.0171899 0.0847068 -5.25059e-05 0.000295178 -6.70362e-06 -5.25059e-05 0.00944726 -0.0173703 -6.39042e-05 0.000295178 -0.0173703 0.0857488 
