0.00619792 0 3.66449e-05 0 0 0.00882739 0 0 3.66449e-05 0 0.00622707 0 0 0 0 0.00882739 
0.00945113 -0.0117302 3.5486e-05 -4.03693e-05 -0.0117302 0.0312097 -4.03693e-05 7.74969e-05 3.5486e-05 -4.03693e-05 0.00950235 -0.0117945 -4.03693e-05 7.74969e-05 -0.0117945 0.0313331 
0.00966651 -0.018032 1.00094e-05 5.62847e-05 -0.018032 0.0665315 5.62847e-05 -0.000211018 1.00094e-05 5.62847e-05 0.00977718 -0.0181537 5.62847e-05 -0.000211018 -0.0181537 0.0669297 
0.00912383 -0.0175607 2.17474e-06 0.000171159 -0.0175607 0.0788677 0.000172552 -0.000934188 2.17474e-06 0.000172552 0.00919132 -0.0177779 0.000171159 -0.000934188 -0.0177779 0.0796313 
0.00889411 -0.016571 1.60457e-05 0.000151137 -0.016571 0.0799202 0.000156355 -0.00115406 1.60457e-05 0.000156355 0.00890462 -0.0167249 0.000151137 -0.00115406 -0.0167249 0.0807076 
0.00869859 -0.0159819 2.38033e-05 8.1407e-05 -0.0159819 0.0783772 9.21338e-05 -0.000893209 2.38033e-05 9.21338e-05 0.00869783 -0.0160331 8.1407e-05 -0.000893209 -0.0160331 0.0788732 
0.00847011 -0.0155169 2.20536e-05 4.39467e-05 -0.0155169 0.0763966 5.33577e-05 -0.000601671 2.20536e-05 5.33577e-05 0.0084637 -0.0155333 4.39467e-05 -0.000601671 -0.0155333 0.0766495 
0.0082022 -0.015026 8.81138e-07 4.15465e-05 -0.015026 0.0741139 4.54227e-05 -0.000444443 8.81138e-07 4.54227e-05 0.00820634 -0.01503 4.15465e-05 -0.000444443 -0.01503 0.0742422 
0.00959422 -0.0175578 -1.20603e-05 8.41829e-05 -0.0175578 0.0867021 8.53754e-05 -0.000510773 -1.20603e-05 8.53754e-05 0.00960345 -0.0175809 8.41829e-05 -0.000510773 -0.0175809 0.0868306 
0.00945696 -0.0172898 -1.63071e-05 0.000107245 -0.0172898 0.0853755 0.000110001 -0.000560321 -1.63071e-05 0.000110001 0.00945762 -0.0173225 0.000107245 -0.000560321 -0.0173225 0.0855199 
0.00936712 -0.0171399 -2.45057e-05 0.000114178 -0.0171399 0.0845785 0.000120173 -0.000601862 -2.45057e-05 0.000120173 0.00937276 -0.0171597 0.000114178 -0.000601862 -0.0171597 0.0847072 
0.00928676 -0.0170111 -2.65536e-05 0.000124227 -0.0170111 0.0839351 0.000129843 -0.00063305 -2.65536e-05 0.000129843 0.0093066 -0.0170346 0.000124227 -0.00063305 -0.0170346 0.0840547 
0.009269 -0.0169788 -1.70635e-05 0.000129081 -0.0169788 0.0837966 0.000130307 -0.000651662 -1.70635e-05 0.000130307 0.00928477 -0.0170167 0.000129081 -0.000651662 -0.0170167 0.0839326 
0.00925272 -0.0169788 -9.3775e-06 0.000116566 -0.0169788 0.0837963 0.000112428 -0.000629803 -9.3775e-06 0.000112428 0.00928783 -0.0170134 0.000116566 -0.000629803 -0.0170134 0.0839389 
0.00924529 -0.0169814 6.50814e-06 0.000102874 -0.0169814 0.0838788 0.000100194 -0.000591037 6.50814e-06 0.000100194 0.00930385 -0.0170446 0.000102874 -0.000591037 -0.0170446 0.0840717 
0.00925581 -0.0169648 5.88735e-06 7.93404e-05 -0.0169648 0.0838699 8.08451e-05 -0.00053692 5.88735e-06 8.08451e-05 0.00929944 -0.0170647 7.93404e-05 -0.00053692 -0.0170647 0.084156 
0.00926425 -0.0169644 -4.19274e-06 7.49168e-05 -0.0169644 0.0838252 7.81861e-05 -0.000500724 -4.19274e-06 7.81861e-05 0.00928248 -0.0170507 7.49168e-05 -0.000500724 -0.0170507 0.0841404 
0.00927158 -0.0169753 -1.10347e-05 8.91609e-05 -0.0169753 0.0838263 9.05325e-05 -0.000508522 -1.10347e-05 9.05325e-05 0.00926742 -0.0170268 8.91609e-05 -0.000508522 -0.0170268 0.084086 
0.00927008 -0.0169798 -6.39301e-06 0.000102434 -0.0169798 0.0838143 9.96885e-05 -0.000536241 -6.39301e-06 9.96885e-05 0.00925191 -0.0169986 0.000102434 -0.000536241 -0.0169986 0.0839894 
0.00927732 -0.0169758 -3.52021e-06 0.000100125 -0.0169758 0.0837962 9.21502e-05 -0.000540507 -3.52021e-06 9.21502e-05 0.00922392 -0.01698 0.000100125 -0.000540507 -0.01698 0.0839171 
0.00927253 -0.0169757 1.60075e-06 9.60493e-05 -0.0169757 0.0837561 8.45161e-05 -0.000527247 1.60075e-06 8.45161e-05 0.00922036 -0.0169392 9.60493e-05 -0.000527247 -0.0169392 0.0838011 
0.00927136 -0.0169792 6.72316e-07 8.67956e-05 -0.0169792 0.0837728 7.66105e-05 -0.000504761 6.72316e-07 7.66105e-05 0.00922501 -0.0169409 8.67956e-05 -0.000504761 -0.0169409 0.0837767 
0.00925508 -0.016957 -4.13487e-06 8.50872e-05 -0.016957 0.0836753 7.74375e-05 -0.000491224 -4.13487e-06 7.74375e-05 0.00922045 -0.0169285 8.50872e-05 -0.000491224 -0.0169285 0.0836879 
0.00924395 -0.0169558 -2.18198e-06 9.0655e-05 -0.0169558 0.0836938 8.4839e-05 -0.000498252 -2.18198e-06 8.4839e-05 0.00924634 -0.0169468 9.0655e-05 -0.000498252 -0.0169468 0.0837502 
0.00922931 -0.0169417 7.86855e-06 8.71977e-05 -0.0169417 0.083675 8.5614e-05 -0.000502141 7.86855e-06 8.5614e-05 0.0092634 -0.0169771 8.71977e-05 -0.000502141 -0.0169771 0.0838216 
0.00920125 -0.0168908 1.46118e-05 7.1371e-05 -0.0168908 0.0834764 7.6316e-05 -0.000481504 1.46118e-05 7.6316e-05 0.00925733 -0.0169654 7.1371e-05 -0.000481504 -0.0169654 0.0837249 
0.00920261 -0.0168815 1.89948e-05 5.65269e-05 -0.0168815 0.0834547 6.79503e-05 -0.000450192 1.89948e-05 6.79503e-05 0.00925034 -0.0169811 5.65269e-05 -0.000450192 -0.0169811 0.0837807 
0.00920374 -0.0168782 1.34867e-05 4.6747e-05 -0.0168782 0.0834215 6.31542e-05 -0.000422733 1.34867e-05 6.31542e-05 0.009244 -0.0169634 4.6747e-05 -0.000422733 -0.0169634 0.0837466 
0.00921762 -0.0168697 -2.74808e-06 5.39913e-05 -0.0168697 0.0833588 7.06627e-05 -0.000423322 -2.74808e-06 7.06627e-05 0.0092159 -0.0169385 5.39913e-05 -0.000423322 -0.0169385 0.0836388 
0.00922654 -0.016883 -1.8792e-05 7.81105e-05 -0.016883 0.083332 9.00862e-05 -0.000461932 -1.8792e-05 9.00862e-05 0.00919364 -0.016894 7.81105e-05 -0.000461932 -0.016894 0.0834912 
0.00922285 -0.0168962 -2.69593e-05 0.000101987 -0.0168962 0.083338 0.000110354 -0.00051841 -2.69593e-05 0.000110354 0.00917985 -0.0168582 0.000101987 -0.00051841 -0.0168582 0.0833461 
0.00916826 -0.0168252 -1.69173e-05 0.000112509 -0.0168252 0.0829974 0.000117755 -0.000553982 -1.69173e-05 0.000117755 0.0091538 -0.0167708 0.000112509 -0.000553982 -0.0167708 0.0829108 
0.00915929 -0.0168128 -1.34636e-05 0.000102418 -0.0168128 0.083001 0.000102047 -0.00054736 -1.34636e-05 0.000102047 0.00915071 -0.0167954 0.000102418 -0.00054736 -0.0167954 0.0829397 
0.00915745 -0.0168185 -8.82096e-06 9.64213e-05 -0.0168185 0.0830692 9.19489e-05 -0.000521721 -8.82096e-06 9.19489e-05 0.00916259 -0.0168166 9.64213e-05 -0.000521721 -0.0168166 0.0830635 
0.00914968 -0.0168135 3.4591e-06 8.93827e-05 -0.0168135 0.0830931 8.35787e-05 -0.0004965 3.4591e-06 8.35787e-05 0.00917519 -0.0168339 8.93827e-05 -0.0004965 -0.0168339 0.0831497 
0.0091517 -0.0168112 1.28517e-05 7.14348e-05 -0.0168112 0.0831305 6.94186e-05 -0.000459806 1.28517e-05 6.94186e-05 0.00918231 -0.0168587 7.14348e-05 -0.000459806 -0.0168587 0.0832599 
0.0091292 -0.0167776 2.03226e-05 5.52206e-05 -0.0167776 0.0829793 5.72054e-05 -0.000416276 2.03226e-05 5.72054e-05 0.00917564 -0.0168338 5.52206e-05 -0.000416276 -0.0168338 0.0831579 
0.00911109 -0.0167479 1.81227e-05 4.4186e-05 -0.0167479 0.0828661 4.79706e-05 -0.000380602 1.81227e-05 4.79706e-05 0.00917662 -0.0168261 4.4186e-05 -0.000380602 -0.0168261 0.0830973 
0.0090949 -0.0166828 2.17237e-05 4.67763e-05 -0.0166828 0.082574 5.18992e-05 -0.000372363 2.17237e-05 5.18992e-05 0.0091485 -0.0167886 4.67763e-05 -0.000372363 -0.0167886 0.0828776 
0.00910696 -0.0166897 1.08446e-05 4.29168e-05 -0.0166897 0.0825354 4.86483e-05 -0.000367837 1.08446e-05 4.86483e-05 0.00913565 -0.0167759 4.29168e-05 -0.000367837 -0.0167759 0.0828353 
0.00912313 -0.016736 -3.40839e-06 5.70317e-05 -0.016736 0.0826892 6.19689e-05 -0.000386525 -3.40839e-06 6.19689e-05 0.0091461 -0.0167821 5.70317e-05 -0.000386525 -0.0167821 0.0829023 
0.0091513 -0.0167857 -1.14518e-05 7.7947e-05 -0.0167857 0.0829258 8.32216e-05 -0.000434448 -1.14518e-05 8.32216e-05 0.00915237 -0.016816 7.7947e-05 -0.000434448 -0.016816 0.0830596 
0.00919694 -0.016874 -1.49631e-05 9.1287e-05 -0.016874 0.0833439 9.58387e-05 -0.000481674 -1.49631e-05 9.58387e-05 0.00917879 -0.016871 9.1287e-05 -0.000481674 -0.016871 0.0833864 
0.00920558 -0.0168987 -1.60316e-05 9.57058e-05 -0.0168987 0.0834649 9.8504e-05 -0.000504076 -1.60316e-05 9.8504e-05 0.00918037 -0.0168671 9.57058e-05 -0.000504076 -0.0168671 0.0834143 
0.00918305 -0.0169069 -1.03463e-05 9.87083e-05 -0.0169069 0.0835252 9.9919e-05 -0.000515422 -1.03463e-05 9.9919e-05 0.00920678 -0.0168637 9.87083e-05 -0.000515422 -0.0168637 0.0834129 
0.00916606 -0.0168551 -1.1519e-05 9.20189e-05 -0.0168551 0.0833999 9.14198e-05 -0.000507278 -1.1519e-05 9.14198e-05 0.00920586 -0.0168771 9.20189e-05 -0.000507278 -0.0168771 0.0833702 
0.00915122 -0.0167777 -1.39434e-05 9.32675e-05 -0.0167777 0.0830386 8.8349e-05 -0.000497317 -1.39434e-05 8.8349e-05 0.00916545 -0.0168298 9.32675e-05 -0.000497317 -0.0168298 0.083119 
0.00916078 -0.0167743 -4.79619e-06 9.54863e-05 -0.0167743 0.0829257 8.64935e-05 -0.000490572 -4.79619e-06 8.64935e-05 0.00913966 -0.0167975 9.54863e-05 -0.000490572 -0.0167975 0.0830066 
0.00916247 -0.0167585 1.39839e-06 8.27818e-05 -0.0167585 0.0827526 7.48723e-05 -0.000467968 1.39839e-06 7.48723e-05 0.00910594 -0.0167329 8.27818e-05 -0.000467968 -0.0167329 0.0827405 
0.0091698 -0.016805 -4.41541e-06 7.37713e-05 -0.016805 0.0828803 7.1297e-05 -0.000448086 -4.41541e-06 7.1297e-05 0.009116 -0.0167271 7.37713e-05 -0.000448086 -0.0167271 0.0827341 
0.00919178 -0.0168804 4.06488e-08 7.99009e-05 -0.0168804 0.0832654 8.23277e-05 -0.000456269 4.06488e-08 8.23277e-05 0.00916093 -0.016799 7.99009e-05 -0.000456269 -0.016799 0.0830464 
0.00921791 -0.0169212 1.0449e-05 7.75333e-05 -0.0169212 0.0835473 7.99165e-05 -0.000463981 1.0449e-05 7.99165e-05 0.00920154 -0.0168731 7.75333e-05 -0.000463981 -0.0168731 0.0833654 
0.00921082 -0.0169072 4.79477e-06 6.70209e-05 -0.0169072 0.0835013 6.77256e-05 -0.00044958 4.79477e-06 6.77256e-05 0.00921445 -0.0168819 6.70209e-05 -0.00044958 -0.0168819 0.0833852 
0.00920475 -0.0168713 -2.11268e-06 7.36625e-05 -0.0168713 0.0833369 7.66734e-05 -0.00045427 -2.11268e-06 7.66734e-05 0.00919346 -0.0168725 7.36625e-05 -0.00045427 -0.0168725 0.0832907 
0.00920368 -0.0168857 -8.32134e-06 8.13894e-05 -0.0168857 0.0833569 8.90896e-05 -0.000479091 -8.32134e-06 8.90896e-05 0.0092016 -0.0168681 8.13894e-05 -0.000479091 -0.0168681 0.0833099 
0.00923375 -0.0169351 -5.035e-06 8.88277e-05 -0.0169351 0.0836133 9.80007e-05 -0.000505473 -5.035e-06 9.80007e-05 0.00922349 -0.0169246 8.88277e-05 -0.000505473 -0.0169246 0.0835608 
0.00925863 -0.016983 -4.2131e-06 8.76293e-05 -0.016983 0.0838441 9.23882e-05 -0.000511193 -4.2131e-06 9.23882e-05 0.00925192 -0.0169652 8.76293e-05 -0.000511193 -0.0169652 0.0837847 
0.00926273 -0.0170119 3.00494e-06 8.68212e-05 -0.0170119 0.0839933 8.83652e-05 -0.000506018 3.00494e-06 8.83652e-05 0.00927374 -0.0169997 8.68212e-05 -0.000506018 -0.0169997 0.0839398 
0.00925117 -0.0170081 1.43205e-05 7.65187e-05 -0.0170081 0.0840315 7.94199e-05 -0.000488583 1.43205e-05 7.94199e-05 0.00929195 -0.0170211 7.65187e-05 -0.000488583 -0.0170211 0.0840272 
0.00923405 -0.0169423 8.39866e-06 6.12938e-05 -0.0169423 0.0837716 6.68004e-05 -0.00045787 8.39866e-06 6.68004e-05 0.00925832 -0.0169899 6.12938e-05 -0.00045787 -0.0169899 0.0838436 
0.00922468 -0.0169072 -2.71797e-06 7.01282e-05 -0.0169072 0.0835554 7.56934e-05 -0.000459321 -2.71797e-06 7.56934e-05 0.00922939 -0.016936 7.01282e-05 -0.000459321 -0.016936 0.0836327 
0.00923712 -0.0169194 -2.82534e-06 8.6987e-05 -0.0169194 0.0835562 9.23236e-05 -0.000495036 -2.82534e-06 9.23236e-05 0.00921681 -0.0169184 8.6987e-05 -0.000495036 -0.0169184 0.0835718 
0.00925404 -0.0169686 -3.62073e-06 9.0339e-05 -0.0169686 0.0837381 9.32259e-05 -0.000518672 -3.62073e-06 9.32259e-05 0.00923374 -0.0169281 9.0339e-05 -0.000518672 -0.0169281 0.0836513 
0.0092808 -0.0170245 4.67634e-06 9.28758e-05 -0.0170245 0.0840199 9.37412e-05 -0.000529555 4.67634e-06 9.37412e-05 0.00926172 -0.0169778 9.28758e-05 -0.000529555 -0.0169778 0.0838694 
0.00926727 -0.0169999 7.44848e-06 8.5e-05 -0.0169999 0.0839071 8.34597e-05 -0.000520447 7.44848e-06 8.34597e-05 0.00926053 -0.016952 8.5e-05 -0.000520447 -0.016952 0.08373 
0.00928491 -0.0170294 1.29881e-06 8.19043e-05 -0.0170294 0.08406 7.93385e-05 -0.000509521 1.29881e-06 7.93385e-05 0.00928277 -0.0170004 8.19043e-05 -0.000509521 -0.0170004 0.0839045 
0.00929576 -0.0170487 3.5663e-06 8.79098e-05 -0.0170487 0.0841531 8.64513e-05 -0.000514928 3.5663e-06 8.64513e-05 0.00929828 -0.0170286 8.79098e-05 -0.000514928 -0.0170286 0.0840278 
0.00930651 -0.0170504 6.30834e-06 8.42349e-05 -0.0170504 0.0841583 8.47595e-05 -0.000515377 6.30834e-06 8.47595e-05 0.00929574 -0.0170363 8.42349e-05 -0.000515377 -0.0170363 0.0840548 
0.00933714 -0.0171032 1.2687e-05 7.88638e-05 -0.0171032 0.0843751 8.28363e-05 -0.000508942 1.2687e-05 8.28363e-05 0.00930481 -0.0170712 7.88638e-05 -0.000508942 -0.0170712 0.0842473 
0.00937211 -0.0171648 1.73185e-05 7.14214e-05 -0.0171648 0.0846464 7.66679e-05 -0.000496652 1.73185e-05 7.66679e-05 0.00932901 -0.0171014 7.14214e-05 -0.000496652 -0.0171014 0.0844481 
0.00938895 -0.0172163 2.49753e-05 7.0362e-05 -0.0172163 0.08488 7.19519e-05 -0.000491315 2.49753e-05 7.19519e-05 0.00935943 -0.017138 7.0362e-05 -0.000491315 -0.017138 0.0846236 
0.00938355 -0.0172126 2.6143e-05 6.63537e-05 -0.0172126 0.0849012 6.19954e-05 -0.000482395 2.6143e-05 6.19954e-05 0.00937698 -0.0171552 6.63537e-05 -0.000482395 -0.0171552 0.0846624 
0.00936083 -0.0171962 1.24364e-05 6.78406e-05 -0.0171962 0.0848558 6.18827e-05 -0.000482555 1.24364e-05 6.18827e-05 0.00939859 -0.0171712 6.78406e-05 -0.000482555 -0.0171712 0.084687 
0.00935707 -0.0171429 -4.15429e-07 8.60784e-05 -0.0171429 0.0846722 8.13082e-05 -0.000515952 -4.15429e-07 8.13082e-05 0.0093785 -0.0171792 8.60784e-05 -0.000515952 -0.0171792 0.0846407 
0.00935332 -0.0171393 -6.07138e-06 0.000104523 -0.0171393 0.0845889 9.9892e-05 -0.000566426 -6.07138e-06 9.9892e-05 0.00936963 -0.01716 0.000104523 -0.000566426 -0.01716 0.0846039 
0.00934268 -0.0171507 5.00775e-08 0.000110835 -0.0171507 0.0846231 0.00010615 -0.000599171 5.00775e-08 0.00010615 0.00937704 -0.0171587 0.000110835 -0.000599171 -0.0171587 0.0846159 
0.00932978 -0.0171085 5.7116e-07 9.98214e-05 -0.0171085 0.0844748 9.52838e-05 -0.000587095 5.7116e-07 9.52838e-05 0.00936005 -0.0171381 9.98214e-05 -0.000587095 -0.0171381 0.0844898 
0.00934169 -0.0170885 -9.94856e-06 9.36326e-05 -0.0170885 0.0843663 9.17995e-05 -0.00056431 -9.94856e-06 9.17995e-05 0.00932078 -0.0171184 9.36326e-05 -0.00056431 -0.0171184 0.0844035 
0.00934715 -0.0171043 -5.23235e-06 0.000102129 -0.0171043 0.0843453 0.000102135 -0.000564986 -5.23235e-06 0.000102135 0.00930024 -0.01707 0.000102129 -0.000564986 -0.01707 0.0842904 
0.00936573 -0.0171471 -2.31105e-06 9.79577e-05 -0.0171471 0.0845241 9.78485e-05 -0.000562724 -2.31105e-06 9.78485e-05 0.00931044 -0.0170771 9.79577e-05 -0.000562724 -0.0170771 0.0843587 
0.00936158 -0.0171457 8.81154e-06 9.58807e-05 -0.0171457 0.0845176 9.16847e-05 -0.000552005 8.81154e-06 9.16847e-05 0.00930595 -0.0170648 9.58807e-05 -0.000552005 -0.0170648 0.0842937 
0.009371 -0.0171632 1.72385e-05 8.65375e-05 -0.0171632 0.0846139 7.84693e-05 -0.000533008 1.72385e-05 7.84693e-05 0.00930918 -0.0170821 8.65375e-05 -0.000533008 -0.0170821 0.0843723 
0.00936542 -0.0171483 8.2295e-06 7.64806e-05 -0.0171483 0.0845439 6.86786e-05 -0.000509066 8.2295e-06 6.86786e-05 0.00929718 -0.0170599 7.64806e-05 -0.000509066 -0.0170599 0.0842891 
0.00934105 -0.0171341 5.62767e-06 8.3396e-05 -0.0171341 0.084468 7.75318e-05 -0.000508175 5.62767e-06 7.75318e-05 0.00930263 -0.0170392 8.3396e-05 -0.000508175 -0.0170392 0.0841985 
0.00930862 -0.0170789 -2.74166e-06 8.58691e-05 -0.0170789 0.0842615 8.28176e-05 -0.000516926 -2.74166e-06 8.28176e-05 0.0092963 -0.0170202 8.58691e-05 -0.000516926 -0.0170202 0.0840412 
0.00927972 -0.0169974 -2.04408e-05 9.3991e-05 -0.0169974 0.0839067 9.05061e-05 -0.000529256 -2.04408e-05 9.05061e-05 0.00925488 -0.0169804 9.3991e-05 -0.000529256 -0.0169804 0.0837917 
0.00923466 -0.0169171 -1.14908e-05 0.000114447 -0.0169171 0.083472 0.000110942 -0.000564155 -1.14908e-05 0.000110942 0.00920308 -0.0168905 0.000114447 -0.000564155 -0.0168905 0.083398 
0.00921334 -0.0168762 2.34754e-06 0.000103731 -0.0168762 0.0832613 0.00010033 -0.000565109 2.34754e-06 0.00010033 0.00917311 -0.0168418 0.000103731 -0.000565109 -0.0168418 0.0831833 
0.00920086 -0.0168776 3.89854e-06 8.41003e-05 -0.0168776 0.0832574 8.09767e-05 -0.00052594 3.89854e-06 8.09767e-05 0.00917506 -0.0168337 8.41003e-05 -0.00052594 -0.0168337 0.0831661 
0.00922754 -0.0168921 2.31053e-06 7.80851e-05 -0.0168921 0.0833768 7.54623e-05 -0.000493138 2.31053e-06 7.54623e-05 0.00917298 -0.0168671 7.80851e-05 -0.000493138 -0.0168671 0.0833108 
0.00924805 -0.0169461 2.96698e-06 7.87797e-05 -0.0169461 0.0835894 7.73007e-05 -0.000481894 2.96698e-06 7.73007e-05 0.00918664 -0.0168888 7.87797e-05 -0.000481894 -0.0168888 0.0834948 
0.00927075 -0.0169759 8.5629e-06 7.63143e-05 -0.0169759 0.08375 7.63037e-05 -0.000473604 8.5629e-06 7.63037e-05 0.00918884 -0.0169058 7.63143e-05 -0.000473604 -0.0169058 0.0836092 
0.00928041 -0.0169873 1.29248e-05 6.97945e-05 -0.0169873 0.0837864 6.73993e-05 -0.00045644 1.29248e-05 6.73993e-05 0.00918523 -0.0168917 6.97945e-05 -0.00045644 -0.0168917 0.083589 
0.0093042 -0.0170286 1.109e-05 6.73033e-05 -0.0170286 0.0839749 5.8996e-05 -0.000439065 1.109e-05 5.8996e-05 0.00920671 -0.0169219 6.73033e-05 -0.000439065 -0.0169219 0.0837431 
0.00929254 -0.0170414 8.66014e-06 7.0045e-05 -0.0170414 0.084031 5.85038e-05 -0.000432567 8.66014e-06 5.85038e-05 0.00923162 -0.0169374 7.0045e-05 -0.000432567 -0.0169374 0.083802 
0.00926051 -0.0169707 1.19029e-05 7.31495e-05 -0.0169707 0.0837555 6.30631e-05 -0.000437607 1.19029e-05 6.30631e-05 0.00921402 -0.0169118 7.31495e-05 -0.000437607 -0.0169118 0.083603 
0.00921358 -0.01691 9.70686e-06 6.99633e-05 -0.01691 0.0834642 6.23774e-05 -0.000439825 9.70686e-06 6.23774e-05 0.00920394 -0.0168756 6.99633e-05 -0.000439825 -0.0168756 0.0834006 
0.00918527 -0.0168547 9.1955e-06 7.25378e-05 -0.0168547 0.0832535 6.85543e-05 -0.00044917 9.1955e-06 6.85543e-05 0.00920028 -0.0168649 7.25378e-05 -0.00044917 -0.0168649 0.0832912 
0.00914528 -0.0167989 1.32227e-06 7.41413e-05 -0.0167989 0.083001 7.41789e-05 -0.000463553 1.32227e-06 7.41789e-05 0.00919865 -0.0168431 7.41413e-05 -0.000463553 -0.0168431 0.0831429 
0.00916263 -0.0168049 -3.91955e-07 8.23627e-05 -0.0168049 0.0830854 8.2301e-05 -0.000481503 -3.91955e-07 8.2301e-05 0.00920511 -0.0169008 8.23627e-05 -0.000481503 -0.0169008 0.0833556 
0.00919586 -0.0168395 4.23991e-06 8.24087e-05 -0.0168395 0.0832288 8.2099e-05 -0.000488136 4.23991e-06 8.2099e-05 0.00920693 -0.016928 8.24087e-05 -0.000488136 -0.016928 0.0835514 
0.00923205 -0.0169054 1.7204e-05 7.62624e-05 -0.0169054 0.0834885 7.35996e-05 -0.000475324 1.7204e-05 7.35996e-05 0.00920914 -0.0169548 7.62624e-05 -0.000475324 -0.0169548 0.0837623 
0.00922742 -0.0169264 2.0791e-05 5.97134e-05 -0.0169264 0.0835622 5.44457e-05 -0.000436473 2.0791e-05 5.44457e-05 0.00921027 -0.0169306 5.97134e-05 -0.000436473 -0.0169306 0.0837348 
0.00919621 -0.0168811 1.88913e-05 5.37688e-05 -0.0168811 0.0833982 4.50523e-05 -0.00040137 1.88913e-05 4.50523e-05 0.00921188 -0.0168961 5.37688e-05 -0.00040137 -0.0168961 0.083549 
0.00918008 -0.0168359 6.55236e-06 5.58815e-05 -0.0168359 0.0832316 4.62381e-05 -0.000389364 6.55236e-06 4.62381e-05 0.00920256 -0.0168956 5.58815e-05 -0.000389364 -0.0168956 0.0834618 
0.00917857 -0.0168169 -1.91225e-06 6.74756e-05 -0.0168169 0.0831331 6.06622e-05 -0.000404218 -1.91225e-06 6.06622e-05 0.00918515 -0.0168912 6.74756e-05 -0.000404218 -0.0168912 0.0834357 
0.00916466 -0.0167977 8.46242e-06 7.55869e-05 -0.0167977 0.0830018 7.13568e-05 -0.000424976 8.46242e-06 7.13568e-05 0.00916206 -0.0168522 7.55869e-05 -0.000424976 -0.0168522 0.0833007 
0.00914466 -0.0167526 1.84753e-05 6.10733e-05 -0.0167526 0.082777 5.95965e-05 -0.000410921 1.84753e-05 5.95965e-05 0.0091269 -0.0167916 6.10733e-05 -0.000410921 -0.0167916 0.0830374 
0.00910625 -0.0166742 2.88126e-05 4.4817e-05 -0.0166742 0.082363 4.67777e-05 -0.00037321 2.88126e-05 4.67777e-05 0.00907919 -0.01669 4.4817e-05 -0.00037321 -0.01669 0.0825649 
0.00908005 -0.0166493 3.62847e-05 2.90393e-05 -0.0166493 0.0822016 3.36532e-05 -0.000332212 3.62847e-05 3.36532e-05 0.00906807 -0.0166482 2.90393e-05 -0.000332212 -0.0166482 0.0823451 
0.00908852 -0.0166599 3.71339e-05 1.88371e-05 -0.0166599 0.082282 2.48786e-05 -0.000300519 3.71339e-05 2.48786e-05 0.00908413 -0.016677 1.88371e-05 -0.000300519 -0.016677 0.0824288 
0.00909685 -0.0166634 3.5176e-05 1.84237e-05 -0.0166634 0.0822915 2.4043e-05 -0.000287584 3.5176e-05 2.4043e-05 0.00908122 -0.0166899 1.84237e-05 -0.000287584 -0.0166899 0.0824618 
0.00914139 -0.0167438 2.35493e-05 2.37948e-05 -0.0167438 0.0826496 2.93254e-05 -0.000296082 2.35493e-05 2.93254e-05 0.00910911 -0.0167515 2.37948e-05 -0.000296082 -0.0167515 0.0827912 
0.00915712 -0.0168098 1.38978e-05 4.03242e-05 -0.0168098 0.0829515 4.57165e-05 -0.000329599 1.38978e-05 4.57165e-05 0.00914514 -0.016794 4.03242e-05 -0.000329599 -0.016794 0.0830345 
0.00919341 -0.0168615 1.04384e-05 5.61203e-05 -0.0168615 0.0832778 6.0337e-05 -0.000375933 1.04384e-05 6.0337e-05 0.00917901 -0.0168674 5.61203e-05 -0.000375933 -0.0168674 0.0833629 
0.00919823 -0.0168653 1.3331e-05 6.26509e-05 -0.0168653 0.0832985 6.56391e-05 -0.000406787 1.3331e-05 6.56391e-05 0.00918548 -0.0168708 6.26509e-05 -0.000406787 -0.0168708 0.0833931 
0.00920726 -0.0168691 1.95562e-05 5.93776e-05 -0.0168691 0.0833088 6.36259e-05 -0.000414675 1.95562e-05 6.36259e-05 0.00919276 -0.016874 5.93776e-05 -0.000414675 -0.016874 0.0833991 
0.00920918 -0.0169009 2.46415e-05 5.27735e-05 -0.0169009 0.0834348 5.67851e-05 -0.000408134 2.46415e-05 5.67851e-05 0.00922315 -0.0169031 5.27735e-05 -0.000408134 -0.0169031 0.0835158 
0.00920716 -0.0169131 3.23728e-05 4.86827e-05 -0.0169131 0.083546 5.13734e-05 -0.000400547 3.23728e-05 5.13734e-05 0.00924828 -0.0169516 4.86827e-05 -0.000400547 -0.0169516 0.0836786 
0.00919398 -0.0168836 3.11897e-05 4.10274e-05 -0.0168836 0.0834648 4.09246e-05 -0.000384955 3.11897e-05 4.09246e-05 0.00924122 -0.0169626 4.10274e-05 -0.000384955 -0.0169626 0.0836978 
0.00918708 -0.0168437 1.26869e-05 4.26125e-05 -0.0168437 0.083297 4.03332e-05 -0.000376697 1.26869e-05 4.03332e-05 0.00921051 -0.0169383 4.26125e-05 -0.000376697 -0.0169383 0.0836102 
0.00918425 -0.0168023 -1.10975e-05 6.56944e-05 -0.0168023 0.083053 6.03158e-05 -0.000405922 -1.10975e-05 6.03158e-05 0.00916005 -0.0168703 6.56944e-05 -0.000405922 -0.0168703 0.0833592 
0.00918354 -0.0167999 -2.45698e-05 9.56067e-05 -0.0167999 0.0829396 8.83637e-05 -0.000466574 -2.45698e-05 8.83637e-05 0.00913028 -0.0168019 9.56067e-05 -0.000466574 -0.0168019 0.0831243 
0.00916616 -0.0167877 -1.62336e-05 0.000112659 -0.0167877 0.082825 0.00010513 -0.000518971 -1.62336e-05 0.00010513 0.0091164 -0.0167459 0.000112659 -0.000518971 -0.0167459 0.0828723 
0.00916327 -0.0167727 2.40221e-06 0.000100819 -0.0167727 0.0827632 9.50289e-05 -0.000520256 2.40221e-06 9.50289e-05 0.00911561 -0.0167361 0.000100819 -0.000520256 -0.0167361 0.0827674 
0.00916185 -0.0167955 6.327e-06 7.71931e-05 -0.0167955 0.0828496 7.17726e-05 -0.000477187 6.327e-06 7.17726e-05 0.00913623 -0.0167628 7.71931e-05 -0.000477187 -0.0167628 0.0828561 
0.00919707 -0.0168455 -1.18718e-06 7.12183e-05 -0.0168455 0.0831351 6.41306e-05 -0.000443838 -1.18718e-06 6.41306e-05 0.00916897 -0.0168392 7.12183e-05 -0.000443838 -0.0168392 0.0831841 
0.00919715 -0.0168494 2.60641e-06 8.08443e-05 -0.0168494 0.0831431 7.35628e-05 -0.00044756 2.60641e-06 7.35628e-05 0.0091778 -0.0168473 8.08443e-05 -0.00044756 -0.0168473 0.0832299 
0.00918915 -0.0168534 -2.41889e-06 7.91047e-05 -0.0168534 0.0831706 7.03259e-05 -0.000452134 -2.41889e-06 7.03259e-05 0.00919668 -0.0168663 7.91047e-05 -0.000452134 -0.0168663 0.0832987 
0.00922146 -0.0168999 1.90811e-07 8.62179e-05 -0.0168999 0.0834523 7.73089e-05 -0.000464989 1.90811e-07 7.73089e-05 0.00923165 -0.0169548 8.62179e-05 -0.000464989 -0.0169548 0.0836776 
0.00924979 -0.0169403 7.13785e-06 8.33191e-05 -0.0169403 0.0836583 7.56455e-05 -0.000470103 7.13785e-06 7.56455e-05 0.00925954 -0.0170104 8.33191e-05 -0.000470103 -0.0170104 0.0839715 
0.00926369 -0.0169518 2.18518e-05 7.21929e-05 -0.0169518 0.0837031 6.90909e-05 -0.000456882 2.18518e-05 6.90909e-05 0.0092673 -0.0170265 7.21929e-05 -0.000456882 -0.0170265 0.0840647 
0.00925082 -0.0169457 1.30911e-05 5.29185e-05 -0.0169457 0.0836418 5.19021e-05 -0.000421609 1.30911e-05 5.19021e-05 0.0092682 -0.0170141 5.29185e-05 -0.000421609 -0.0170141 0.0840138 
0.00926081 -0.0169579 1.4079e-06 6.33328e-05 -0.0169579 0.0837287 6.06212e-05 -0.000419479 1.4079e-06 6.06212e-05 0.00927912 -0.0170426 6.33328e-05 -0.000419479 -0.0170426 0.0841281 
0.00925573 -0.0169434 -5.1154e-06 8.07221e-05 -0.0169434 0.0836595 7.58451e-05 -0.000451119 -5.1154e-06 7.58451e-05 0.00927747 -0.0170353 8.07221e-05 -0.000451119 -0.0170353 0.0840952 
0.00926727 -0.0169717 -1.00993e-05 8.99585e-05 -0.0169717 0.0837922 8.68986e-05 -0.000485578 -1.00993e-05 8.68986e-05 0.00928462 -0.0170689 8.99585e-05 -0.000485578 -0.0170689 0.0842515 
0.00924989 -0.0169431 -1.13365e-05 9.31073e-05 -0.0169431 0.0836656 9.28126e-05 -0.000503023 -1.13365e-05 9.28126e-05 0.00926566 -0.0170338 9.31073e-05 -0.000503023 -0.0170338 0.0841238 
0.00924908 -0.0169238 -9.36773e-06 9.35723e-05 -0.0169238 0.0835797 9.67724e-05 -0.000512476 -9.36773e-06 9.67724e-05 0.00923768 -0.0170067 9.35723e-05 -0.000512476 -0.0170067 0.0840173 
0.00924414 -0.0169173 -7.5416e-07 8.94051e-05 -0.0169173 0.0835052 9.43212e-05 -0.000509419 -7.5416e-07 9.43212e-05 0.00921986 -0.0169575 8.94051e-05 -0.000509419 -0.0169575 0.083856 
0.00923553 -0.0169243 2.92843e-06 7.93297e-05 -0.0169243 0.0835244 8.31788e-05 -0.000489692 2.92843e-06 8.31788e-05 0.00922505 -0.0169429 7.93297e-05 -0.000489692 -0.0169429 0.0837897 
0.00920871 -0.0168927 2.60737e-07 7.50704e-05 -0.0168927 0.0834127 7.5171e-05 -0.000468314 2.60737e-07 7.5171e-05 0.00923164 -0.0169295 7.50704e-05 -0.000468314 -0.0169295 0.0836729 
0.00918676 -0.0168554 2.09875e-06 7.61666e-05 -0.0168554 0.0832885 7.51559e-05 -0.00045792 2.09875e-06 7.51559e-05 0.00924112 -0.0169381 7.61666e-05 -0.00045792 -0.0169381 0.083633 
0.00919773 -0.0168277 6.78032e-06 7.13806e-05 -0.0168277 0.0831893 7.15767e-05 -0.000445911 6.78032e-06 7.15767e-05 0.0092228 -0.0169538 7.13806e-05 -0.000445911 -0.0169538 0.0836477 
0.00920361 -0.0168202 1.2624e-05 6.18893e-05 -0.0168202 0.0830629 6.39809e-05 -0.000422089 1.2624e-05 6.39809e-05 0.00918499 -0.0169116 6.18893e-05 -0.000422089 -0.0169116 0.0835169 
0.00920181 -0.016834 1.1795e-05 5.27389e-05 -0.016834 0.0830472 5.5886e-05 -0.000395744 1.1795e-05 5.5886e-05 0.00915917 -0.0168662 5.27389e-05 -0.000395744 -0.0168662 0.0833859 
0.00918892 -0.0168293 8.37916e-06 5.52981e-05 -0.0168293 0.0830182 5.62362e-05 -0.00038652 8.37916e-06 5.62362e-05 0.00914079 -0.0168271 5.52981e-05 -0.00038652 -0.0168271 0.0832426 
0.00918829 -0.0168239 -1.16041e-06 6.21673e-05 -0.0168239 0.0830267 6.24627e-05 -0.000398011 -1.16041e-06 6.24627e-05 0.00912956 -0.0168143 6.21673e-05 -0.000398011 -0.0168143 0.0831955 
0.00918849 -0.0168184 -1.64748e-06 7.55316e-05 -0.0168184 0.0830044 7.50717e-05 -0.000425564 -1.64748e-06 7.50717e-05 0.00911687 -0.016796 7.55316e-05 -0.000425564 -0.016796 0.0831371 
0.00920323 -0.0168365 -1.58426e-06 7.7175e-05 -0.0168365 0.0830876 7.48499e-05 -0.000440223 -1.58426e-06 7.48499e-05 0.00910844 -0.0167988 7.7175e-05 -0.000440223 -0.0167988 0.0831807 
0.00920553 -0.0168639 3.12542e-07 7.64557e-05 -0.0168639 0.0831959 7.17814e-05 -0.000437961 3.12542e-07 7.17814e-05 0.00911291 -0.0167932 7.64557e-05 -0.000437961 -0.0167932 0.0832182 
