0.00616854 0 -1.58354e-05 0 0 0.00873636 0 0 -1.58354e-05 0 0.00613135 0 0 0 0 0.00873636 
0.00942748 -0.0117012 -4.30537e-05 5.60662e-05 -0.0117012 0.0310823 5.60662e-05 -0.000107557 -4.30537e-05 5.60662e-05 0.00937549 -0.0116371 5.60662e-05 -0.000107557 -0.0116371 0.0309598 
0.00970274 -0.0181033 -4.43979e-05 0.000182446 -0.0181033 0.0667463 0.000182446 -0.000612831 -4.43979e-05 0.000182446 0.00969549 -0.0180342 0.000182446 -0.000612831 -0.0180342 0.0665309 
0.00915359 -0.0176791 -4.03064e-05 0.000249136 -0.0176791 0.0793643 0.000238595 -0.00124646 -4.03064e-05 0.000238595 0.00916814 -0.0177165 0.000249136 -0.00124646 -0.0177165 0.0794589 
0.00885614 -0.0165451 -2.35599e-05 0.000212174 -0.0165451 0.0798906 0.000190292 -0.0013273 -2.35599e-05 0.000190292 0.00886202 -0.0166142 0.000212174 -0.0013273 -0.0166142 0.080205 
0.00863395 -0.0158346 3.38568e-06 0.000142087 -0.0158346 0.0777875 0.000120406 -0.00101193 3.38568e-06 0.000120406 0.0086155 -0.015883 0.000142087 -0.00101193 -0.015883 0.0780931 
0.00841527 -0.0153631 2.29323e-05 8.10439e-05 -0.0153631 0.0756393 6.75155e-05 -0.000684516 2.29323e-05 6.75155e-05 0.00835992 -0.0153707 8.10439e-05 -0.000684516 -0.0153707 0.0758294 
0.00822453 -0.014983 1.41816e-05 5.10707e-05 -0.014983 0.0737866 4.37404e-05 -0.000485212 1.41816e-05 4.37404e-05 0.00811224 -0.0149369 5.10707e-05 -0.000485212 -0.0149369 0.0738221 
0.00969763 -0.0177099 1.46032e-05 7.65736e-05 -0.0177099 0.0871542 6.8518e-05 -0.000517662 1.46032e-05 6.8518e-05 0.00957833 -0.0175656 7.65736e-05 -0.000517662 -0.0175656 0.0869735 
0.00955071 -0.0174652 -1.58868e-07 8.70836e-05 -0.0174652 0.0859976 7.82813e-05 -0.000529239 -1.58868e-07 7.82813e-05 0.00948891 -0.0173302 8.70836e-05 -0.000529239 -0.0173302 0.0857225 
0.00946859 -0.0173295 -4.16912e-06 0.000109128 -0.0173295 0.0853815 0.00010131 -0.000580362 -4.16912e-06 0.00010131 0.0094659 -0.017267 0.000109128 -0.000580362 -0.017267 0.085203 
0.00946978 -0.017343 -8.72984e-06 0.000119873 -0.017343 0.0854934 0.000111416 -0.000632248 -8.72984e-06 0.000111416 0.00949587 -0.0173622 0.000119873 -0.000632248 -0.0173622 0.0855077 
0.00947186 -0.0173285 -4.83801e-06 0.000123948 -0.0173285 0.0854709 0.000116641 -0.000658396 -4.83801e-06 0.000116641 0.00948842 -0.0173938 0.000123948 -0.000658396 -0.0173938 0.0856555 
0.00944271 -0.0172746 9.11162e-06 0.00011482 -0.0172746 0.0851935 0.000109206 -0.000650048 9.11162e-06 0.000109206 0.00945475 -0.0173336 0.00011482 -0.000650048 -0.0173336 0.0854414 
0.00942769 -0.0172506 1.07778e-05 9.07145e-05 -0.0172506 0.0850736 8.75586e-05 -0.000600817 1.07778e-05 8.75586e-05 0.00942777 -0.0173037 9.07145e-05 -0.000600817 -0.0173037 0.0853295 
0.00940069 -0.0172142 1.35422e-05 8.28056e-05 -0.0172142 0.0849009 8.29558e-05 -0.00055904 1.35422e-05 8.29558e-05 0.00941472 -0.0172523 8.28056e-05 -0.00055904 -0.0172523 0.085137 
0.00937808 -0.0171648 -1.68726e-07 7.51307e-05 -0.0171648 0.0846939 7.97678e-05 -0.000532067 -1.68726e-07 7.97678e-05 0.009388 -0.0172217 7.51307e-05 -0.000532067 -0.0172217 0.0849527 
0.00935186 -0.0171372 2.34925e-07 8.80174e-05 -0.0171372 0.0845553 9.72192e-05 -0.000541712 2.34925e-07 9.72192e-05 0.0093772 -0.0171905 8.80174e-05 -0.000541712 -0.0171905 0.0848267 
0.00934682 -0.0171368 -8.04693e-06 9.11207e-05 -0.0171368 0.0845988 0.00010096 -0.000560185 -8.04693e-06 0.00010096 0.00938877 -0.0172071 9.11207e-05 -0.000560185 -0.0172071 0.0848946 
0.00934734 -0.0171118 -2.05032e-05 0.000104686 -0.0171118 0.0845159 0.000108122 -0.000581698 -2.05032e-05 0.000108122 0.00937649 -0.0172013 0.000104686 -0.000581698 -0.0172013 0.0848525 
0.00934009 -0.0170871 -3.18502e-05 0.000123176 -0.0170871 0.0843581 0.00011892 -0.000612729 -3.18502e-05 0.00011892 0.00935524 -0.0171642 0.000123176 -0.000612729 -0.0171642 0.0846963 
0.00932641 -0.0170774 -2.54137e-05 0.000136885 -0.0170774 0.0842722 0.000130105 -0.000642966 -2.54137e-05 0.000130105 0.00935088 -0.0171384 0.000136885 -0.000642966 -0.0171384 0.0845811 
0.00930402 -0.0170345 -7.3192e-06 0.000126306 -0.0170345 0.0840757 0.000122528 -0.000639613 -7.3192e-06 0.000122528 0.00932986 -0.0171063 0.000126306 -0.000639613 -0.0171063 0.0843862 
0.00928172 -0.0169728 1.90122e-05 9.9843e-05 -0.0169728 0.0837736 9.94958e-05 -0.000590596 1.90122e-05 9.94958e-05 0.00929058 -0.0170519 9.9843e-05 -0.000590596 -0.0170519 0.0841094 
0.00927429 -0.0169724 1.23674e-05 6.55539e-05 -0.0169724 0.0837183 6.6465e-05 -0.000513889 1.23674e-05 6.6465e-05 0.00928157 -0.0170292 6.55539e-05 -0.000513889 -0.0170292 0.0840299 
0.00926659 -0.0169779 8.43631e-07 6.94962e-05 -0.0169779 0.0837479 7.00814e-05 -0.00048038 8.43631e-07 7.00814e-05 0.0092842 -0.0170309 6.94962e-05 -0.00048038 -0.0170309 0.0840369 
0.00926497 -0.0169509 1.14322e-07 8.40437e-05 -0.0169509 0.0836576 8.39023e-05 -0.000494813 1.14322e-07 8.39023e-05 0.00925044 -0.0170167 8.40437e-05 -0.000494813 -0.0170167 0.0839599 
0.00925404 -0.0169214 -4.17105e-06 8.39295e-05 -0.0169214 0.083475 8.14788e-05 -0.000498037 -4.17105e-06 8.14788e-05 0.00921146 -0.0169476 8.39295e-05 -0.000498037 -0.0169476 0.0837248 
0.00927192 -0.0169777 -6.77316e-06 8.81366e-05 -0.0169777 0.0837046 8.55013e-05 -0.00050102 -6.77316e-06 8.55013e-05 0.00922922 -0.0169563 8.81366e-05 -0.00050102 -0.0169563 0.0838339 
0.00929481 -0.0170137 3.14948e-06 9.23952e-05 -0.0170137 0.0839104 9.09952e-05 -0.000512008 3.14948e-06 9.09952e-05 0.00924098 -0.0169884 9.23952e-05 -0.000512008 -0.0169884 0.0839756 
0.00930787 -0.017075 5.28315e-06 8.26477e-05 -0.017075 0.0842098 8.1899e-05 -0.000505511 5.28315e-06 8.1899e-05 0.00928395 -0.0170355 8.26477e-05 -0.000505511 -0.0170355 0.0842323 
0.00930657 -0.0170744 8.48035e-06 7.73787e-05 -0.0170744 0.0842916 7.73858e-05 -0.000489614 8.48035e-06 7.73858e-05 0.00930305 -0.0170687 7.73787e-05 -0.000489614 -0.0170687 0.084343 
0.00928907 -0.0170194 6.4208e-06 7.4091e-05 -0.0170194 0.0840715 7.33366e-05 -0.000477252 6.4208e-06 7.33366e-05 0.00929396 -0.0170458 7.4091e-05 -0.000477252 -0.0170458 0.0842016 
0.00928719 -0.0169903 -1.12831e-05 7.71562e-05 -0.0169903 0.0839046 7.46786e-05 -0.000475789 -1.12831e-05 7.46786e-05 0.00928196 -0.0170294 7.71562e-05 -0.000475789 -0.0170294 0.0840908 
0.00926586 -0.0169697 -2.11058e-05 0.000100433 -0.0169697 0.0837422 9.34197e-05 -0.000507895 -2.11058e-05 9.34197e-05 0.00927157 -0.0170021 0.000100433 -0.000507895 -0.0170021 0.0839449 
0.00925845 -0.0169583 -8.23496e-06 0.000116628 -0.0169583 0.0837046 0.000106307 -0.000551023 -8.23496e-06 0.000106307 0.00927213 -0.0170116 0.000116628 -0.000551023 -0.0170116 0.0839523 
0.00925946 -0.01697 1.63866e-05 0.000103798 -0.01697 0.0837767 9.13662e-05 -0.000549281 1.63866e-05 9.13662e-05 0.00928551 -0.0170399 0.000103798 -0.000549281 -0.0170399 0.0840861 
0.00927773 -0.0169773 2.31168e-05 7.0881e-05 -0.0169773 0.0838435 5.77906e-05 -0.000487407 2.31168e-05 5.77906e-05 0.00928812 -0.0170689 7.0881e-05 -0.000487407 -0.0170689 0.0842252 
0.00928641 -0.0169938 2.02781e-05 5.77759e-05 -0.0169938 0.0838849 4.56231e-05 -0.000432151 2.02781e-05 4.56231e-05 0.00929023 -0.017071 5.77759e-05 -0.000432151 -0.017071 0.0842848 
0.00928821 -0.0170227 2.98745e-05 5.93875e-05 -0.0170227 0.0840144 5.03471e-05 -0.000417042 2.98745e-05 5.03471e-05 0.00930267 -0.0170902 5.93875e-05 -0.000417042 -0.0170902 0.0843995 
0.00928204 -0.0170002 2.12677e-05 4.77238e-05 -0.0170002 0.0839583 4.13285e-05 -0.000399188 2.12677e-05 4.13285e-05 0.00929768 -0.0170818 4.77238e-05 -0.000399188 -0.0170818 0.084361 
0.00928529 -0.0169663 1.30557e-05 5.57376e-05 -0.0169663 0.0837958 4.99136e-05 -0.000399128 1.30557e-05 4.99136e-05 0.00926445 -0.0170532 5.57376e-05 -0.000399128 -0.0170532 0.0842248 
0.00926074 -0.0169238 -7.50534e-06 6.65971e-05 -0.0169238 0.0835028 5.98405e-05 -0.0004175 -7.50534e-06 5.98405e-05 0.00922637 -0.0169683 6.65971e-05 -0.0004175 -0.0169683 0.0838814 
0.00925551 -0.0169254 -2.02742e-05 9.04956e-05 -0.0169254 0.083479 8.46114e-05 -0.000462089 -2.02742e-05 8.46114e-05 0.00922373 -0.0169527 9.04956e-05 -0.000462089 -0.0169527 0.0838021 
0.00926193 -0.0169701 -2.34143e-05 0.000106977 -0.0169701 0.0837053 0.000103928 -0.000513357 -2.34143e-05 0.000103928 0.0092592 -0.0170023 0.000106977 -0.000513357 -0.0170023 0.0840215 
0.00924969 -0.0169575 -2.3207e-05 0.00010884 -0.0169575 0.0837171 0.000106862 -0.000535225 -2.3207e-05 0.000106862 0.00927127 -0.0170254 0.00010884 -0.000535225 -0.0170254 0.0840913 
0.00924974 -0.0169172 -1.62573e-05 0.000104753 -0.0169172 0.0835763 0.000103073 -0.00052972 -1.62573e-05 0.000103073 0.00924603 -0.0170172 0.000104753 -0.00052972 -0.0170172 0.0840333 
0.00925243 -0.016907 -1.01312e-05 9.4362e-05 -0.016907 0.0834643 9.24507e-05 -0.00050588 -1.01312e-05 9.24507e-05 0.00921544 -0.0169771 9.4362e-05 -0.00050588 -0.0169771 0.0839123 
0.00924067 -0.0169057 -1.09506e-05 8.56465e-05 -0.0169057 0.0834034 8.23851e-05 -0.000476646 -1.09506e-05 8.23851e-05 0.00919636 -0.0169341 8.56465e-05 -0.000476646 -0.0169341 0.0837698 
0.00922432 -0.0168806 -1.66e-05 8.73818e-05 -0.0168806 0.0832971 8.2845e-05 -0.000465438 -1.66e-05 8.2845e-05 0.00918532 -0.0168968 8.73818e-05 -0.000465438 -0.0168968 0.0836032 
0.00921867 -0.0168698 -1.00985e-05 9.50601e-05 -0.0168698 0.0832577 9.061e-05 -0.00047565 -1.00985e-05 9.061e-05 0.00918732 -0.0168906 9.50601e-05 -0.00047565 -0.0168906 0.0835495 
0.00918562 -0.0168336 -1.21543e-05 8.6315e-05 -0.0168336 0.0830898 8.28752e-05 -0.000468917 -1.21543e-05 8.28752e-05 0.00918874 -0.01687 8.6315e-05 -0.000468917 -0.01687 0.0834115 
0.00913361 -0.0167811 -1.4234e-05 8.60509e-05 -0.0167811 0.0828925 8.21906e-05 -0.000457673 -1.4234e-05 8.21906e-05 0.00920075 -0.0168635 8.60509e-05 -0.000457673 -0.0168635 0.0833046 
0.00909294 -0.0167086 -5.26977e-06 8.71071e-05 -0.0167086 0.0826642 8.29206e-05 -0.000452684 -5.26977e-06 8.29206e-05 0.00921213 -0.0168781 8.71071e-05 -0.000452684 -0.0168781 0.0832673 
0.00911055 -0.0167016 -3.60203e-06 7.53507e-05 -0.0167016 0.082701 7.08372e-05 -0.000431731 -3.60203e-06 7.08372e-05 0.0092282 -0.0169454 7.53507e-05 -0.000431731 -0.0169454 0.0835219 
0.00913485 -0.0167117 -1.09301e-05 7.30634e-05 -0.0167117 0.0827024 6.72642e-05 -0.000413506 -1.09301e-05 6.72642e-05 0.00921042 -0.0169575 7.30634e-05 -0.000413506 -0.0169575 0.0836215 
0.00913995 -0.0166979 -1.0803e-05 8.17263e-05 -0.0166979 0.0825367 7.54875e-05 -0.000418472 -1.0803e-05 7.54875e-05 0.00916138 -0.0168864 8.17263e-05 -0.000418472 -0.0168864 0.0833868 
0.00914322 -0.0167074 -8.77584e-06 8.39283e-05 -0.0167074 0.08248 7.56376e-05 -0.000426246 -8.77584e-06 7.56376e-05 0.00912634 -0.0168196 8.39283e-05 -0.000426246 -0.0168196 0.0831591 
0.00915433 -0.0167138 -3.92296e-06 8.11867e-05 -0.0167138 0.0824623 7.22277e-05 -0.00042301 -3.92296e-06 7.22277e-05 0.00908453 -0.0167725 8.11867e-05 -0.00042301 -0.0167725 0.0829742 
0.00915786 -0.0167467 2.91164e-06 7.19815e-05 -0.0167467 0.0825622 6.50008e-05 -0.000405314 2.91164e-06 6.50008e-05 0.00907917 -0.0167398 7.19815e-05 -0.000405314 -0.0167398 0.0829073 
0.00916702 -0.0167653 2.55194e-06 6.06668e-05 -0.0167653 0.0826833 5.53857e-05 -0.000377805 2.55194e-06 5.53857e-05 0.00908051 -0.0167483 6.06668e-05 -0.000377805 -0.0167483 0.0829451 
0.00916664 -0.0167696 7.99207e-06 5.79356e-05 -0.0167696 0.0827151 5.30226e-05 -0.000357407 7.99207e-06 5.30226e-05 0.00908161 -0.0167421 5.79356e-05 -0.000357407 -0.0167421 0.0829363 
0.00914905 -0.0167771 9.17873e-06 5.01946e-05 -0.0167771 0.08277 4.39282e-05 -0.00033364 9.17873e-06 4.39282e-05 0.00910691 -0.0167516 5.01946e-05 -0.00033364 -0.0167516 0.0829797 
0.00914242 -0.0167445 -3.10221e-06 4.685e-05 -0.0167445 0.0827063 4.20615e-05 -0.000316552 -3.10221e-06 4.20615e-05 0.00911276 -0.0167694 4.685e-05 -0.000316552 -0.0167694 0.0829876 
0.00913775 -0.0167312 -1.06993e-06 5.94248e-05 -0.0167312 0.0826431 5.71383e-05 -0.000329718 -1.06993e-06 5.71383e-05 0.00911109 -0.0167761 5.94248e-05 -0.000329718 -0.0167761 0.0830005 
0.00911303 -0.0166966 1.35468e-05 5.64203e-05 -0.0166966 0.0824676 5.63544e-05 -0.000335212 1.35468e-05 5.63544e-05 0.00909925 -0.0167452 5.64203e-05 -0.000335212 -0.0167452 0.0828574 
0.00907425 -0.0166455 1.57479e-05 3.77207e-05 -0.0166455 0.0822439 3.89538e-05 -0.000306753 1.57479e-05 3.89538e-05 0.00908918 -0.0167122 3.77207e-05 -0.000306753 -0.0167122 0.0826729 
0.00906506 -0.0166416 1.18865e-05 3.27202e-05 -0.0166416 0.0822824 3.3921e-05 -0.000279888 1.18865e-05 3.3921e-05 0.00910303 -0.0167454 3.27202e-05 -0.000279888 -0.0167454 0.0827923 
0.00904705 -0.0166165 1.07958e-05 3.89949e-05 -0.0166165 0.0822226 3.82911e-05 -0.000278658 1.07958e-05 3.82911e-05 0.00911675 -0.0167556 3.89949e-05 -0.000278658 -0.0167556 0.0828316 
0.00903956 -0.0165639 9.47215e-06 4.00844e-05 -0.0165639 0.082024 3.76403e-05 -0.000279583 9.47215e-06 3.76403e-05 0.00909719 -0.0167502 4.00844e-05 -0.000279583 -0.0167502 0.082757 
0.00904477 -0.0165766 1.13736e-05 3.95443e-05 -0.0165766 0.0820311 3.7664e-05 -0.000275985 1.13736e-05 3.7664e-05 0.00910125 -0.0167502 3.95443e-05 -0.000275985 -0.0167502 0.0828046 
0.00907327 -0.0166033 2.33568e-05 3.82019e-05 -0.0166033 0.0821435 3.59917e-05 -0.000271852 2.33568e-05 3.59917e-05 0.00910922 -0.0167684 3.82019e-05 -0.000271852 -0.0167684 0.0829002 
0.0090878 -0.0166239 1.94068e-05 2.51716e-05 -0.0166239 0.082173 2.26437e-05 -0.000251331 1.94068e-05 2.26437e-05 0.00910184 -0.0167597 2.51716e-05 -0.000251331 -0.0167597 0.0828712 
0.00911312 -0.0166776 1.44704e-05 2.92002e-05 -0.0166776 0.082386 2.88168e-05 -0.000248951 1.44704e-05 2.88168e-05 0.0091173 -0.0167843 2.92002e-05 -0.000248951 -0.0167843 0.0830085 
0.00914033 -0.0167137 8.30202e-06 3.94582e-05 -0.0167137 0.0825509 3.91825e-05 -0.000272743 8.30202e-06 3.91825e-05 0.00911901 -0.0168078 3.94582e-05 -0.000272743 -0.0168078 0.0831214 
0.00914906 -0.0167187 -1.82947e-06 4.83754e-05 -0.0167187 0.0825336 4.91148e-05 -0.000301655 -1.82947e-06 4.91148e-05 0.00909879 -0.0167805 4.83754e-05 -0.000301655 -0.0167805 0.0830344 
0.00915392 -0.0167366 1.7877e-08 5.79051e-05 -0.0167366 0.082575 6.39081e-05 -0.000333352 1.7877e-08 6.39081e-05 0.00909738 -0.0167634 5.79051e-05 -0.000333352 -0.0167634 0.082993 
0.00916122 -0.0167455 -1.15959e-05 5.60439e-05 -0.0167455 0.0826115 6.39785e-05 -0.000348048 -1.15959e-05 6.39785e-05 0.00909655 -0.0167599 5.60439e-05 -0.000348048 -0.0167599 0.0829687 
0.00915031 -0.0167127 -2.97213e-06 6.98887e-05 -0.0167127 0.0824265 7.50995e-05 -0.000369013 -2.97213e-06 7.50995e-05 0.00906889 -0.0167128 6.98887e-05 -0.000369013 -0.0167128 0.0827339 
0.00916236 -0.0167353 -6.68277e-07 6.27138e-05 -0.0167353 0.0824907 6.5554e-05 -0.000369775 -6.68277e-07 6.5554e-05 0.00907167 -0.016711 6.27138e-05 -0.000369775 -0.016711 0.0827359 
0.00916493 -0.0167568 7.1974e-06 5.97562e-05 -0.0167568 0.0825714 6.13373e-05 -0.00036008 7.1974e-06 6.13373e-05 0.00908716 -0.0167201 5.97562e-05 -0.00036008 -0.0167201 0.0827674 
0.00914736 -0.0167654 1.43082e-05 4.99536e-05 -0.0167654 0.082636 5.02188e-05 -0.000340077 1.43082e-05 5.02188e-05 0.00911291 -0.0167456 4.99536e-05 -0.000340077 -0.0167456 0.0828395 
0.00911788 -0.0167576 1.90202e-05 3.98795e-05 -0.0167576 0.0827055 3.71634e-05 -0.000309324 1.90202e-05 3.71634e-05 0.00915959 -0.0167998 3.98795e-05 -0.000309324 -0.0167998 0.0830233 
0.00909638 -0.0167285 1.6174e-05 3.26823e-05 -0.0167285 0.0827274 2.69009e-05 -0.000278615 1.6174e-05 2.69009e-05 0.00919583 -0.016876 3.26823e-05 -0.000278615 -0.016876 0.0832805 
0.00908997 -0.0166858 1.29025e-05 3.71193e-05 -0.0166858 0.0826349 2.70056e-05 -0.000268243 1.29025e-05 2.70056e-05 0.00920169 -0.0169197 3.71193e-05 -0.000268243 -0.0169197 0.08345 
0.00907923 -0.0166096 9.91971e-06 4.15807e-05 -0.0166096 0.0822597 2.79688e-05 -0.000267287 9.91971e-06 2.79688e-05 0.00915307 -0.0168629 4.15807e-05 -0.000267287 -0.0168629 0.0832178 
0.00910509 -0.0166378 6.07371e-07 4.6483e-05 -0.0166378 0.082279 3.34517e-05 -0.000277155 6.07371e-07 3.34517e-05 0.00913674 -0.0168403 4.6483e-05 -0.000277155 -0.0168403 0.0832004 
0.00912961 -0.0166703 -2.15894e-06 5.63355e-05 -0.0166703 0.0823407 5.08889e-05 -0.000305141 -2.15894e-06 5.08889e-05 0.00911468 -0.0168121 5.63355e-05 -0.000305141 -0.0168121 0.0831268 
0.00915103 -0.0167329 -1.0972e-05 5.68793e-05 -0.0167329 0.0825641 5.99329e-05 -0.000327837 -1.0972e-05 5.99329e-05 0.00911374 -0.0168088 5.68793e-05 -0.000327837 -0.0168088 0.0831802 
0.00914445 -0.0167265 -6.02411e-06 6.58335e-05 -0.0167265 0.0825378 7.34864e-05 -0.000353446 -6.02411e-06 7.34864e-05 0.00909229 -0.0167698 6.58335e-05 -0.000353446 -0.0167698 0.0830225 
0.00913463 -0.0167053 7.64905e-07 5.95362e-05 -0.0167053 0.0824478 6.57187e-05 -0.000353149 7.64905e-07 6.57187e-05 0.00906805 -0.0167344 5.95362e-05 -0.000353149 -0.0167344 0.0828683 
0.00910854 -0.0166824 2.42895e-06 4.98088e-05 -0.0166824 0.0823285 5.20948e-05 -0.000327224 2.42895e-06 5.20948e-05 0.00906238 -0.0166917 4.98088e-05 -0.000327224 -0.0166917 0.0826956 
0.0090855 -0.0166439 4.85577e-06 4.66206e-05 -0.0166439 0.0821954 4.60861e-05 -0.000303914 4.85577e-06 4.60861e-05 0.00905141 -0.0166784 4.66206e-05 -0.000303914 -0.0166784 0.0825789 
0.00903271 -0.0165493 7.26438e-06 4.34442e-05 -0.0165493 0.0817607 4.18945e-05 -0.000287245 7.26438e-06 4.18945e-05 0.00901259 -0.0165994 4.34442e-05 -0.000287245 -0.0165994 0.0821834 
0.00899996 -0.0164928 7.52883e-06 3.90934e-05 -0.0164928 0.0814991 3.80821e-05 -0.000271809 7.52883e-06 3.80821e-05 0.00899528 -0.0165554 3.90934e-05 -0.000271809 -0.0165554 0.0819497 
0.00898795 -0.0164485 2.31221e-06 3.82573e-05 -0.0164485 0.0812935 3.9521e-05 -0.000266786 2.31221e-06 3.9521e-05 0.00897116 -0.0165279 3.82573e-05 -0.000266786 -0.0165279 0.0817763 
0.00898106 -0.0164584 4.92313e-06 4.33038e-05 -0.0164584 0.0812951 4.58264e-05 -0.000273482 4.92313e-06 4.58264e-05 0.00897215 -0.016523 4.33038e-05 -0.000273482 -0.016523 0.0817675 
0.00895534 -0.0164392 2.24573e-06 4.28549e-05 -0.0164392 0.0812281 4.23048e-05 -0.000275267 2.24573e-06 4.23048e-05 0.00897968 -0.0165113 4.28549e-05 -0.000275267 -0.0165113 0.0816972 
0.00896365 -0.0164366 8.77192e-06 4.66348e-05 -0.0164366 0.0812882 4.14266e-05 -0.00027515 8.77192e-06 4.14266e-05 0.0089819 -0.0165496 4.66348e-05 -0.00027515 -0.0165496 0.0818209 
0.00899377 -0.0164621 1.14887e-05 3.87636e-05 -0.0164621 0.0814122 3.11e-05 -0.000259577 1.14887e-05 3.11e-05 0.00897677 -0.0165755 3.87636e-05 -0.000259577 -0.0165755 0.0819889 
0.0090195 -0.0165358 8.54156e-06 3.32019e-05 -0.0165358 0.0817113 2.63043e-05 -0.000239586 8.54156e-06 2.63043e-05 0.00900317 -0.0166034 3.32019e-05 -0.000239586 -0.0166034 0.0822264 
0.00901392 -0.0165511 2.08953e-06 3.63147e-05 -0.0165511 0.0818192 2.90474e-05 -0.000235213 2.08953e-06 2.90474e-05 0.00902292 -0.0166152 3.63147e-05 -0.000235213 -0.0166152 0.0822889 
0.0089973 -0.0165182 4.11025e-06 4.32488e-05 -0.0165182 0.0817317 3.54771e-05 -0.000242704 4.11025e-06 3.54771e-05 0.00902912 -0.0166158 4.32488e-05 -0.000242704 -0.0166158 0.0822445 
0.00899152 -0.016488 9.10347e-06 4.0311e-05 -0.016488 0.0816231 3.29302e-05 -0.000241905 9.10347e-06 3.29302e-05 0.00903052 -0.0166236 4.0311e-05 -0.000241905 -0.0166236 0.0822334 
0.00899155 -0.0164914 -3.14037e-06 2.94787e-05 -0.0164914 0.0816221 2.39163e-05 -0.000219834 -3.14037e-06 2.39163e-05 0.0090343 -0.0166413 2.94787e-05 -0.000219834 -0.0166413 0.0823065 
0.00896839 -0.01647 -1.47115e-06 4.0968e-05 -0.01647 0.0815158 3.60771e-05 -0.000221821 -1.47115e-06 3.60771e-05 0.00903114 -0.0166224 4.0968e-05 -0.000221821 -0.0166224 0.0822303 
0.00895012 -0.0164338 4.48436e-06 4.19622e-05 -0.0164338 0.0813835 3.6324e-05 -0.000229782 4.48436e-06 3.6324e-05 0.00902275 -0.0166069 4.19622e-05 -0.000229782 -0.0166069 0.0821352 
0.0089262 -0.01635 5.00441e-07 3.50982e-05 -0.01635 0.080987 2.85551e-05 -0.000219285 5.00441e-07 2.85551e-05 0.00896735 -0.0165357 3.50982e-05 -0.000219285 -0.0165357 0.0817761 
0.00893229 -0.0163697 3.90798e-06 3.71909e-05 -0.0163697 0.0810021 3.13331e-05 -0.00021434 3.90798e-06 3.13331e-05 0.00895775 -0.0165166 3.71909e-05 -0.00021434 -0.0165166 0.0817469 
0.00895538 -0.0163928 4.23319e-06 3.20104e-05 -0.0163928 0.0810956 2.95697e-05 -0.00020851 4.23319e-06 2.95697e-05 0.0089496 -0.0165159 3.20104e-05 -0.00020851 -0.0165159 0.0817678 
0.00897448 -0.0164052 -8.94312e-06 3.02375e-05 -0.0164052 0.0811029 3.06223e-05 -0.000203499 -8.94312e-06 3.06223e-05 0.00892529 -0.0164937 3.02375e-05 -0.000203499 -0.0164937 0.0816978 
0.00897787 -0.0164095 -2.47115e-05 4.71205e-05 -0.0164095 0.0810468 4.59937e-05 -0.000227031 -2.47115e-05 4.59937e-05 0.008906 -0.0164458 4.71205e-05 -0.000227031 -0.0164458 0.0815282 
0.00899506 -0.0164494 -2.51367e-05 6.84884e-05 -0.0164494 0.0811972 6.51016e-05 -0.000271992 -2.51367e-05 6.51016e-05 0.00890767 -0.0164551 6.84884e-05 -0.000271992 -0.0164551 0.0815803 
0.00901731 -0.0164795 -2.05146e-05 7.07702e-05 -0.0164795 0.0813338 6.75157e-05 -0.000297411 -2.05146e-05 6.75157e-05 0.00890958 -0.0164648 7.07702e-05 -0.000297411 -0.0164648 0.0816487 
0.00900513 -0.0164857 -1.33735e-05 6.38996e-05 -0.0164857 0.0813264 6.16021e-05 -0.000292969 -1.33735e-05 6.16021e-05 0.00891255 -0.0164428 6.38996e-05 -0.000292969 -0.0164428 0.0815673 
0.00899319 -0.0164827 -1.51514e-05 5.33168e-05 -0.0164827 0.0813553 5.17569e-05 -0.000271383 -1.51514e-05 5.17569e-05 0.00892773 -0.0164552 5.33168e-05 -0.000271383 -0.0164552 0.0815838 
0.00899318 -0.0164928 -1.7024e-05 5.45019e-05 -0.0164928 0.081465 5.36758e-05 -0.000263071 -1.7024e-05 5.36758e-05 0.00895776 -0.0165006 5.45019e-05 -0.000263071 -0.0165006 0.0817531 
0.00898054 -0.0164877 -2.0332e-05 5.53735e-05 -0.0164877 0.0814952 5.63951e-05 -0.000263913 -2.0332e-05 5.63951e-05 0.00898742 -0.0165378 5.53735e-05 -0.000263913 -0.0165378 0.0818865 
0.00897241 -0.0164604 -4.13063e-06 5.72786e-05 -0.0164604 0.081432 5.89331e-05 -0.000265176 -4.13063e-06 5.89331e-05 0.0090015 -0.0165652 5.72786e-05 -0.000265176 -0.0165652 0.0819555 
0.00897271 -0.0164876 -2.64459e-07 3.84521e-05 -0.0164876 0.0815818 3.94155e-05 -0.000237329 -2.64459e-07 3.94155e-05 0.00904179 -0.0166269 3.84521e-05 -0.000237329 -0.0166269 0.0822257 
0.00896904 -0.0164665 -2.51478e-06 3.30798e-05 -0.0164665 0.0815532 3.35635e-05 -0.000210644 -2.51478e-06 3.35635e-05 0.00904706 -0.016658 3.30798e-05 -0.000210644 -0.016658 0.0823285 
0.008969 -0.0164483 -2.82722e-07 3.54414e-05 -0.0164483 0.0814792 3.68118e-05 -0.000205917 -2.82722e-07 3.68118e-05 0.00904032 -0.016661 3.54414e-05 -0.000205917 -0.016661 0.0823587 
0.00896193 -0.0164188 7.90769e-06 3.15231e-05 -0.0164188 0.0813064 3.62677e-05 -0.000203545 7.90769e-06 3.62677e-05 0.00901081 -0.0166228 3.15231e-05 -0.000203545 -0.0166228 0.0822115 
0.00896015 -0.0163838 7.34376e-06 2.18047e-05 -0.0163838 0.0810818 2.66893e-05 -0.000188345 7.34376e-06 2.66893e-05 0.0089599 -0.0165539 2.18047e-05 -0.000188345 -0.0165539 0.081931 
0.00897505 -0.0164508 1.40724e-05 2.22359e-05 -0.0164508 0.081307 2.38002e-05 -0.000176434 1.40724e-05 2.38002e-05 0.00897298 -0.0165481 2.22359e-05 -0.000176434 -0.0165481 0.0819999 
0.00894583 -0.016413 4.53888e-06 1.62517e-05 -0.016413 0.0811563 1.54008e-05 -0.000162617 4.53888e-06 1.54008e-05 0.00895466 -0.0164996 1.62517e-05 -0.000162617 -0.0164996 0.0817441 
0.00894096 -0.0163806 1.25575e-06 2.51793e-05 -0.0163806 0.0810446 2.71677e-05 -0.000170293 1.25575e-06 2.71677e-05 0.00893642 -0.0164833 2.51793e-05 -0.000170293 -0.0164833 0.0816272 
0.00894859 -0.0164126 5.84425e-06 2.98365e-05 -0.0164126 0.0811727 3.47421e-05 -0.000189104 5.84425e-06 3.47421e-05 0.00895477 -0.0165032 2.98365e-05 -0.000189104 -0.0165032 0.0817456 
0.00895635 -0.0164484 1.84467e-05 2.52738e-05 -0.0164484 0.081377 2.9566e-05 -0.000190402 1.84467e-05 2.9566e-05 0.00898722 -0.0165503 2.52738e-05 -0.000190402 -0.0165503 0.0819561 
0.00894195 -0.0164153 2.07242e-05 1.228e-05 -0.0164153 0.0812734 1.55905e-05 -0.000170532 2.07242e-05 1.55905e-05 0.00898806 -0.0165474 1.228e-05 -0.000170532 -0.0165474 0.0819046 
0.00894178 -0.0163951 2.19018e-05 8.1547e-06 -0.0163951 0.0811904 1.07604e-05 -0.000152292 2.19018e-05 1.07604e-05 0.00897639 -0.0165484 8.1547e-06 -0.000152292 -0.0165484 0.0818826 
0.00895886 -0.0164321 1.42336e-05 8.0774e-06 -0.0164321 0.0813375 1.05034e-05 -0.000148248 1.42336e-05 1.05034e-05 0.00898174 -0.0165712 8.0774e-06 -0.000148248 -0.0165712 0.0820315 
0.00894203 -0.0164039 2.22281e-06 1.75769e-05 -0.0164039 0.0811925 2.12015e-05 -0.000164169 2.22281e-06 2.12015e-05 0.00895825 -0.0165211 1.75769e-05 -0.000164169 -0.0165211 0.081835 
0.00893468 -0.0163842 -3.78118e-06 3.18124e-05 -0.0163842 0.0810911 3.80874e-05 -0.000198169 -3.78118e-06 3.80874e-05 0.0089392 -0.0164832 3.18124e-05 -0.000198169 -0.0164832 0.0816674 
0.00894445 -0.0163954 -9.95034e-06 4.15483e-05 -0.0163954 0.0811223 4.91142e-05 -0.000234178 -9.95034e-06 4.91142e-05 0.00893061 -0.0164709 4.15483e-05 -0.000234178 -0.0164709 0.0816204 
0.00896876 -0.0164133 -1.11968e-05 4.87931e-05 -0.0164133 0.0811844 5.61651e-05 -0.000258959 -1.11968e-05 5.61651e-05 0.0089161 -0.0164649 4.87931e-05 -0.000258959 -0.0164649 0.0816071 
0.00896824 -0.0164318 -3.58693e-06 5.25193e-05 -0.0164318 0.081201 5.57104e-05 -0.000271117 -3.58693e-06 5.57104e-05 0.00891317 -0.0164355 5.25193e-05 -0.000271117 -0.0164355 0.0815168 
0.00896987 -0.0164331 -1.24425e-08 4.29118e-05 -0.0164331 0.0812167 4.17545e-05 -0.000254375 -1.24425e-08 4.17545e-05 0.00891111 -0.016435 4.29118e-05 -0.000254375 -0.016435 0.0814815 
0.00897103 -0.0164315 2.2616e-06 3.93955e-05 -0.0164315 0.0812034 3.81887e-05 -0.000239221 2.2616e-06 3.81887e-05 0.00891087 -0.0164325 3.93955e-05 -0.000239221 -0.0164325 0.0814601 
0.00897939 -0.0164223 -4.81204e-06 3.5734e-05 -0.0164223 0.0811423 3.77902e-05 -0.000233079 -4.81204e-06 3.77902e-05 0.00889685 -0.0164206 3.5734e-05 -0.000233079 -0.0164206 0.0813915 
0.00901492 -0.0164985 -1.52058e-05 4.44412e-05 -0.0164985 0.0814542 4.99848e-05 -0.000250883 -1.52058e-05 4.99848e-05 0.00891571 -0.0164711 4.44412e-05 -0.000250883 -0.0164711 0.0816637 
0.00900198 -0.0164957 -1.53683e-05 5.84462e-05 -0.0164957 0.0814306 6.46398e-05 -0.000284617 -1.53683e-05 6.46398e-05 0.00891537 -0.0164431 5.84462e-05 -0.000284617 -0.0164431 0.0815731 
0.00899342 -0.016468 1.64434e-06 6.21744e-05 -0.016468 0.0813329 6.44364e-05 -0.000304391 1.64434e-06 6.44364e-05 0.00889873 -0.0164276 6.21744e-05 -0.000304391 -0.0164276 0.0814616 
0.00896541 -0.0164448 1.57721e-05 4.09922e-05 -0.0164448 0.0812044 4.07651e-05 -0.000275135 1.57721e-05 4.07651e-05 0.00889514 -0.0163944 4.09922e-05 -0.000275135 -0.0163944 0.0813198 
0.00894686 -0.016398 3.18828e-05 1.98594e-05 -0.016398 0.0810307 1.84674e-05 -0.000218158 3.18828e-05 1.84674e-05 0.00888228 -0.0163752 1.98594e-05 -0.000218158 -0.0163752 0.0811745 
0.00891172 -0.0163542 3.38344e-05 -2.48304e-06 -0.0163542 0.080807 -3.66233e-06 -0.000155892 3.38344e-05 -3.66233e-06 0.00887678 -0.0163362 -2.48304e-06 -0.000155892 -0.0163362 0.0809744 
0.00887621 -0.016316 4.51197e-05 -8.24086e-06 -0.016316 0.080661 -7.66468e-06 -0.000118917 4.51197e-05 -7.66468e-06 0.0088909 -0.0163324 -8.24086e-06 -0.000118917 -0.0163324 0.0808828 
0.00884535 -0.0162834 3.50582e-05 -1.96445e-05 -0.0162834 0.080584 -1.78501e-05 -9.35873e-05 3.50582e-05 -1.78501e-05 0.00891831 -0.0163673 -1.96445e-05 -9.35873e-05 -0.0163673 0.0809438 
0.0088641 -0.0162936 2.74534e-05 -4.10747e-06 -0.0162936 0.080734 -3.1641e-06 -0.000110281 2.74534e-05 -3.1641e-06 0.00894973 -0.0164593 -4.10747e-06 -0.000110281 -0.0164593 0.0812976 
0.00890315 -0.0163363 2.82673e-05 9.61749e-06 -0.0163363 0.0809466 9.50122e-06 -0.000148703 2.82673e-05 9.50122e-06 0.00897478 -0.0165285 9.61749e-06 -0.000148703 -0.0165285 0.0816544 
