0.00612873 0 -2.59431e-05 0 0 0.00872687 0 0 -2.59431e-05 0 0.00616461 0 0 0 0 0.00872687 
0.00937475 -0.0116369 -2.03174e-05 2.17959e-05 -0.0116369 0.0309507 2.17959e-05 -4.18674e-05 -2.03174e-05 2.17959e-05 0.00942134 -0.0116933 2.17959e-05 -4.18674e-05 -0.0116933 0.0310589 
0.00971202 -0.0181157 1.89669e-05 -7.76417e-05 -0.0181157 0.0668207 -7.76417e-05 0.000277877 1.89669e-05 -7.76417e-05 0.00974574 -0.0181505 -7.76417e-05 0.000277877 -0.0181505 0.0669204 
0.00917302 -0.0177459 2.42447e-05 -0.000202084 -0.0177459 0.0796842 -0.000206193 0.00100611 2.42447e-05 -0.000206193 0.00917417 -0.0177232 -0.000202084 0.00100611 -0.0177232 0.0794966 
0.00889686 -0.0166435 1.69584e-05 -0.000179853 -0.0166435 0.080431 -0.000184854 0.00121361 1.69584e-05 -0.000184854 0.00885052 -0.0165869 -0.000179853 0.00121361 -0.0165869 0.0800684 
0.00866097 -0.01594 1.12978e-05 -0.000117571 -0.01594 0.0783369 -0.000126362 0.000954856 1.12978e-05 -0.000126362 0.0086064 -0.015835 -0.000117571 0.000954856 -0.015835 0.0778952 
0.00835975 -0.0153462 7.8779e-06 -8.29592e-05 -0.0153462 0.0756332 -9.4365e-05 0.000678373 7.8779e-06 -9.4365e-05 0.00832945 -0.0152356 -8.29592e-05 0.000678373 -0.0152356 0.0751838 
0.00808959 -0.0148666 7.7464e-06 -7.47441e-05 -0.0148666 0.0733761 -8.25425e-05 0.000526684 7.7464e-06 -8.25425e-05 0.00810333 -0.0147883 -7.47441e-05 0.000526684 -0.0147883 0.0729941 
0.0095191 -0.0174582 -2.46706e-07 -9.66805e-05 -0.0174582 0.0862967 -9.96258e-05 0.00057112 -2.46706e-07 -9.96258e-05 0.00953707 -0.0174387 -9.66805e-05 0.00057112 -0.0174387 0.08601 
0.00938401 -0.0171936 -1.65665e-05 -9.35439e-05 -0.0171936 0.0849615 -9.14599e-05 0.000552093 -1.65665e-05 -9.14599e-05 0.00939675 -0.0171846 -9.35439e-05 0.000552093 -0.0171846 0.0847805 
0.00933589 -0.0170562 -2.63171e-05 -7.70321e-05 -0.0170562 0.0842213 -7.16288e-05 0.00052082 -2.63171e-05 -7.16288e-05 0.00929895 -0.0170402 -7.70321e-05 0.00052082 -0.0170402 0.0840608 
0.00930991 -0.0170524 -2.42857e-05 -6.42988e-05 -0.0170524 0.0840523 -5.94273e-05 0.000489176 -2.42857e-05 -5.94273e-05 0.00928899 -0.0169779 -6.42988e-05 0.000489176 -0.0169779 0.0838088 
0.00932583 -0.0170878 -1.4178e-05 -6.46864e-05 -0.0170878 0.0842438 -6.27302e-05 0.00048113 -1.4178e-05 -6.27302e-05 0.00930328 -0.0170297 -6.46864e-05 0.00048113 -0.0170297 0.0839769 
0.00932154 -0.0171057 2.80415e-06 -7.78853e-05 -0.0171057 0.0843366 -7.92012e-05 0.000504964 2.80415e-06 -7.92012e-05 0.00932327 -0.0170484 -7.78853e-05 0.000504964 -0.0170484 0.0840808 
0.0093046 -0.0170883 5.96258e-06 -0.000100642 -0.0170883 0.0843077 -9.97062e-05 0.000551991 5.96258e-06 -9.97062e-05 0.0093354 -0.0170612 -0.000100642 0.000551991 -0.0170612 0.0841032 
0.00929539 -0.0170731 -3.03794e-06 -0.000106708 -0.0170731 0.0842891 -0.000101068 0.000577933 -3.03794e-06 -0.000101068 0.00934243 -0.0170847 -0.000106708 0.000577933 -0.0170847 0.0841749 
0.00932266 -0.0171121 -1.21952e-05 -9.35866e-05 -0.0171121 0.0845195 -8.89619e-05 0.000564571 -1.21952e-05 -8.89619e-05 0.00936149 -0.0171507 -9.35866e-05 0.000564571 -0.0171507 0.0844948 
0.00933135 -0.0171236 -1.67489e-05 -7.67914e-05 -0.0171236 0.0845781 -7.58849e-05 0.000526511 -1.67489e-05 -7.58849e-05 0.00936452 -0.0171572 -7.67914e-05 0.000526511 -0.0171572 0.0845891 
0.00932554 -0.0171079 -9.27755e-06 -6.75886e-05 -0.0171079 0.0844934 -6.9954e-05 0.000494895 -9.27755e-06 -6.9954e-05 0.00935482 -0.01713 -6.75886e-05 0.000494895 -0.01713 0.084491 
0.00933651 -0.017118 9.74836e-06 -7.68534e-05 -0.017118 0.0845302 -7.93729e-05 0.000497183 9.74836e-06 -7.93729e-05 0.00934838 -0.0171331 -7.68534e-05 0.000497183 -0.0171331 0.0845076 
0.00932922 -0.0171113 1.09683e-05 -9.96098e-05 -0.0171113 0.0844651 -0.000102364 0.000535927 1.09683e-05 -0.000102364 0.0093275 -0.0171 -9.96098e-05 0.000535927 -0.0171 0.0843863 
0.0093279 -0.0170929 -4.69803e-06 -0.000103439 -0.0170929 0.0843697 -0.000107701 0.000565427 -4.69803e-06 -0.000107701 0.00929575 -0.0170578 -0.000103439 0.000565427 -0.0170578 0.0842167 
0.00934608 -0.0171209 -1.5321e-05 -8.3067e-05 -0.0171209 0.0844615 -8.75947e-05 0.000542312 -1.5321e-05 -8.75947e-05 0.00928211 -0.0170406 -8.3067e-05 0.000542312 -0.0170406 0.0841969 
0.00933226 -0.0171253 -2.2476e-05 -6.53466e-05 -0.0171253 0.084444 -7.13073e-05 0.000494777 -2.2476e-05 -7.13073e-05 0.00927959 -0.0169986 -6.53466e-05 0.000494777 -0.0169986 0.0840451 
0.00929289 -0.0170862 -1.53987e-05 -5.40168e-05 -0.0170862 0.0842908 -5.98159e-05 0.00045361 -1.53987e-05 -5.98159e-05 0.00927109 -0.0169632 -5.40168e-05 0.00045361 -0.0169632 0.0838253 
0.00923623 -0.0169675 7.35067e-07 -6.19794e-05 -0.0169675 0.0838001 -6.46233e-05 0.000443297 7.35067e-07 -6.46233e-05 0.00922663 -0.0168879 -6.19794e-05 0.000443297 -0.0168879 0.0833882 
0.00919238 -0.0168739 1.04217e-05 -8.48647e-05 -0.0168739 0.0833585 -8.10292e-05 0.000472335 1.04217e-05 -8.10292e-05 0.0091877 -0.0168249 -8.48647e-05 0.000472335 -0.0168249 0.0830446 
0.0091686 -0.0168566 1.70668e-05 -9.93465e-05 -0.0168566 0.0832566 -9.46155e-05 0.000511611 1.70668e-05 -9.46155e-05 0.00918811 -0.0168184 -9.93465e-05 0.000511611 -0.0168184 0.0830069 
0.00915091 -0.0168249 1.48506e-05 -0.000105026 -0.0168249 0.0831559 -0.000103043 0.000535982 1.48506e-05 -0.000103043 0.00918809 -0.0168208 -0.000105026 0.000535982 -0.0168208 0.0829896 
0.00915052 -0.0168091 5.74189e-06 -0.000100532 -0.0168091 0.0831054 -9.91059e-05 0.000535173 5.74189e-06 -9.91059e-05 0.00918777 -0.0168293 -0.000100532 0.000535173 -0.0168293 0.0830198 
0.00916554 -0.0168344 -1.16227e-06 -8.91587e-05 -0.0168344 0.0832076 -8.90404e-05 0.000516641 -1.16227e-06 -8.90404e-05 0.00919947 -0.0168544 -8.91587e-05 0.000516641 -0.0168544 0.0831558 
0.00916729 -0.0168499 -6.98662e-06 -7.92352e-05 -0.0168499 0.0832657 -7.93741e-05 0.000489306 -6.98662e-06 -7.93741e-05 0.00920882 -0.0168606 -7.92352e-05 0.000489306 -0.0168606 0.0832023 
0.00920451 -0.0168933 -7.90859e-06 -7.06657e-05 -0.0168933 0.0835003 -7.09449e-05 0.0004638 -7.90859e-06 -7.09449e-05 0.00921628 -0.0169127 -7.06657e-05 0.0004638 -0.0169127 0.0834405 
0.00923974 -0.0169326 -9.26703e-06 -6.74457e-05 -0.0169326 0.0836481 -6.74328e-05 0.000445595 -9.26703e-06 -6.74328e-05 0.0092076 -0.0169163 -6.74457e-05 0.000445595 -0.0169163 0.0835384 
0.0092535 -0.0169638 -1.00064e-05 -6.49314e-05 -0.0169638 0.0837223 -6.60579e-05 0.000435051 -1.00064e-05 -6.60579e-05 0.00920079 -0.0168878 -6.49314e-05 0.000435051 -0.0168878 0.0834837 
0.00925554 -0.0169915 -1.72361e-06 -6.52743e-05 -0.0169915 0.0838265 -6.89064e-05 0.000435893 -1.72361e-06 -6.89064e-05 0.00920504 -0.0168784 -6.52743e-05 0.000435893 -0.0168784 0.0834547 
0.00923484 -0.0169642 5.7294e-06 -7.67157e-05 -0.0169642 0.0837245 -7.92085e-05 0.000454507 5.7294e-06 -7.92085e-05 0.00919848 -0.0168502 -7.67157e-05 0.000454507 -0.0168502 0.0832929 
0.00920966 -0.0169336 1.9651e-05 -8.75509e-05 -0.0169336 0.0836127 -8.76487e-05 0.000480894 1.9651e-05 -8.76487e-05 0.00918931 -0.0168401 -8.75509e-05 0.000480894 -0.0168401 0.083198 
0.0091996 -0.0169035 1.93481e-05 -0.000104154 -0.0169035 0.0835196 -0.000103733 0.000515954 1.93481e-05 -0.000103733 0.0091769 -0.016834 -0.000104154 0.000515954 -0.016834 0.0831601 
0.00917646 -0.0168567 1.53213e-05 -0.000102351 -0.0168567 0.0832911 -0.000101705 0.000526395 1.53213e-05 -0.000101705 0.00914959 -0.0167855 -0.000102351 0.000526395 -0.0167855 0.082956 
0.0091379 -0.0168058 7.06646e-06 -9.51737e-05 -0.0168058 0.0830373 -9.29464e-05 0.000510274 7.06646e-06 -9.29464e-05 0.00913456 -0.0167304 -9.51737e-05 0.000510274 -0.0167304 0.0827027 
0.00910619 -0.0167368 -3.81566e-06 -8.16323e-05 -0.0167368 0.0827422 -7.81542e-05 0.000473295 -3.81566e-06 -7.81542e-05 0.0091151 -0.0166891 -8.16323e-05 0.000473295 -0.0166891 0.0824469 
0.00911226 -0.0167348 -1.06988e-05 -6.57143e-05 -0.0167348 0.0827337 -6.25612e-05 0.00042824 -1.06988e-05 -6.25612e-05 0.00911816 -0.0167119 -6.57143e-05 0.00042824 -0.0167119 0.0825127 
0.00912594 -0.0167593 -1.10481e-05 -5.77748e-05 -0.0167593 0.0828305 -5.48883e-05 0.00039824 -1.10481e-05 -5.48883e-05 0.00912611 -0.0167391 -5.77748e-05 0.00039824 -0.0167391 0.0826533 
0.00914503 -0.0168232 3.52911e-07 -5.73235e-05 -0.0168232 0.0831301 -5.82246e-05 0.000392243 3.52911e-07 -5.82246e-05 0.00916594 -0.0167944 -5.73235e-05 0.000392243 -0.0167944 0.082954 
0.00915364 -0.0168334 9.01686e-07 -6.97462e-05 -0.0168334 0.083237 -7.5419e-05 0.000415838 9.01686e-07 -7.5419e-05 0.00918152 -0.0168269 -6.97462e-05 0.000415838 -0.0168269 0.0830886 
0.009169 -0.0168654 -8.4346e-06 -7.05596e-05 -0.0168654 0.083402 -7.99323e-05 0.000435639 -8.4346e-06 -7.99323e-05 0.00919914 -0.0168614 -7.05596e-05 0.000435639 -0.0168614 0.0832664 
0.0091933 -0.0168806 -1.08338e-05 -5.8687e-05 -0.0168806 0.083485 -7.01288e-05 0.000425144 -1.08338e-05 -7.01288e-05 0.00918822 -0.0168702 -5.8687e-05 0.000425144 -0.0168702 0.0833281 
0.00918975 -0.0168856 -2.93498e-06 -5.41394e-05 -0.0168856 0.0834532 -6.67644e-05 0.000410049 -2.93498e-06 -6.67644e-05 0.00917792 -0.0168321 -5.41394e-05 0.000410049 -0.0168321 0.0832148 
0.00916789 -0.016855 5.88927e-06 -6.35668e-05 -0.016855 0.0833002 -7.1799e-05 0.000412718 5.88927e-06 -7.1799e-05 0.00916145 -0.0167857 -6.35668e-05 0.000412718 -0.0167857 0.0829846 
0.00914672 -0.016833 1.13539e-05 -7.58108e-05 -0.016833 0.0832127 -7.91283e-05 0.000429511 1.13539e-05 -7.91283e-05 0.00916733 -0.0167717 -7.58108e-05 0.000429511 -0.0167717 0.0828826 
0.00914787 -0.01682 1.59161e-06 -8.04819e-05 -0.01682 0.0831941 -8.35683e-05 0.000441021 1.59161e-06 -8.35683e-05 0.00917089 -0.0167922 -8.04819e-05 0.000441021 -0.0167922 0.082912 
0.00914354 -0.0168123 -1.11987e-05 -6.74647e-05 -0.0168123 0.0831346 -7.32943e-05 0.0004265 -1.11987e-05 -7.32943e-05 0.00917281 -0.016783 -6.74647e-05 0.0004265 -0.016783 0.0828695 
0.00914306 -0.0168133 -1.34691e-05 -5.10826e-05 -0.0168133 0.0831285 -5.87609e-05 0.000393388 -1.34691e-05 -5.87609e-05 0.0091781 -0.0167894 -5.10826e-05 0.000393388 -0.0167894 0.0828665 
0.00916612 -0.0168266 -1.41724e-05 -4.92424e-05 -0.0168266 0.0831846 -5.6525e-05 0.000376533 -1.41724e-05 -5.6525e-05 0.00915792 -0.0168042 -4.92424e-05 0.000376533 -0.0168042 0.0829189 
0.00916207 -0.0168399 -6.83221e-06 -5.07402e-05 -0.0168399 0.0831763 -5.36793e-05 0.000372095 -6.83221e-06 -5.36793e-05 0.00913408 -0.0167622 -5.07402e-05 0.000372095 -0.0167622 0.0828173 
0.00915603 -0.0168315 2.38203e-06 -6.20984e-05 -0.0168315 0.0831493 -5.8226e-05 0.000381368 2.38203e-06 -5.8226e-05 0.00911352 -0.0167276 -6.20984e-05 0.000381368 -0.0167276 0.082696 
0.00914369 -0.0167928 4.76604e-06 -7.66781e-05 -0.0167928 0.0829703 -6.90068e-05 0.000408069 4.76604e-06 -6.90068e-05 0.00908162 -0.0166735 -7.66781e-05 0.000408069 -0.0166735 0.0824643 
0.00912567 -0.0167703 1.59603e-05 -8.07273e-05 -0.0167703 0.0828302 -7.61745e-05 0.000431819 1.59603e-05 -7.61745e-05 0.00906635 -0.0166289 -8.07273e-05 0.000431819 -0.0166289 0.082276 
0.00911959 -0.0167858 1.523e-05 -9.29461e-05 -0.0167858 0.082918 -9.32718e-05 0.00046478 1.523e-05 -9.32718e-05 0.00908048 -0.0166483 -9.29461e-05 0.00046478 -0.0166483 0.0823504 
0.00910359 -0.0167462 5.61216e-06 -8.95536e-05 -0.0167462 0.082787 -9.28864e-05 0.00047551 5.61216e-06 -9.28864e-05 0.00907396 -0.0166357 -8.95536e-05 0.00047551 -0.0166357 0.0822646 
0.00908908 -0.016697 -4.64601e-06 -7.57283e-05 -0.016697 0.0825596 -7.78553e-05 0.000450999 -4.64601e-06 -7.78553e-05 0.00905089 -0.0166079 -7.57283e-05 0.000450999 -0.0166079 0.082109 
0.00906681 -0.0166774 -3.5582e-06 -6.1568e-05 -0.0166774 0.0824305 -6.10787e-05 0.000408563 -3.5582e-06 -6.10787e-05 0.00904771 -0.0165875 -6.1568e-05 0.000408563 -0.0165875 0.0820208 
0.00904104 -0.0166435 -3.86784e-06 -6.23115e-05 -0.0166435 0.082296 -6.02666e-05 0.000388244 -3.86784e-06 -6.02666e-05 0.00905089 -0.016577 -6.23115e-05 0.000388244 -0.016577 0.0819377 
0.00901662 -0.016601 5.56028e-06 -6.37974e-05 -0.016601 0.0821316 -5.9924e-05 0.000385447 5.56028e-06 -5.9924e-05 0.00904888 -0.016574 -6.37974e-05 0.000385447 -0.016574 0.0818674 
0.00899245 -0.0165502 8.7687e-06 -7.38912e-05 -0.0165502 0.0819128 -7.01164e-05 0.000398077 8.7687e-06 -7.01164e-05 0.00904093 -0.0165577 -7.38912e-05 0.000398077 -0.0165577 0.0817542 
0.00899429 -0.0165466 5.77499e-06 -7.8543e-05 -0.0165466 0.0818996 -7.79909e-05 0.000418402 5.77499e-06 -7.79909e-05 0.00903866 -0.0165781 -7.8543e-05 0.000418402 -0.0165781 0.081826 
0.00900896 -0.0165786 1.63994e-05 -7.50105e-05 -0.0165786 0.0820429 -7.57667e-05 0.000423323 1.63994e-05 -7.57667e-05 0.00904723 -0.0166045 -7.50105e-05 0.000423323 -0.0166045 0.0819933 
0.00901769 -0.0166135 1.1448e-05 -8.46323e-05 -0.0166135 0.0822168 -8.4364e-05 0.000432643 1.1448e-05 -8.4364e-05 0.00906166 -0.016626 -8.46323e-05 0.000432643 -0.016626 0.0821446 
0.00901351 -0.0165789 -1.13014e-05 -7.80398e-05 -0.0165789 0.0820958 -7.47081e-05 0.000422373 -1.13014e-05 -7.47081e-05 0.00903846 -0.0165991 -7.80398e-05 0.000422373 -0.0165991 0.0820235 
0.00900072 -0.0165566 -2.25695e-05 -4.96833e-05 -0.0165566 0.0819488 -4.31436e-05 0.000365193 -2.25695e-05 -4.31436e-05 0.00901639 -0.0165535 -4.96833e-05 0.000365193 -0.0165535 0.0818448 
0.00899455 -0.0165263 -1.32533e-05 -3.16161e-05 -0.0165263 0.0817852 -2.62747e-05 0.000304256 -1.32533e-05 -2.62747e-05 0.00898519 -0.016509 -3.16161e-05 0.000304256 -0.016509 0.0816386 
0.00899598 -0.0165237 -8.79426e-07 -4.07552e-05 -0.0165237 0.0817234 -3.88141e-05 0.000296512 -8.79426e-07 -3.88141e-05 0.00895515 -0.0164758 -4.07552e-05 0.000296512 -0.0164758 0.0815137 
0.00898014 -0.0165255 5.70349e-06 -5.63288e-05 -0.0165255 0.0816939 -5.68686e-05 0.000326676 5.70349e-06 -5.68686e-05 0.0089462 -0.0164363 -5.63288e-05 0.000326676 -0.0164363 0.0813884 
0.00895219 -0.0164857 5.11966e-06 -6.59166e-05 -0.0164857 0.0815431 -6.76827e-05 0.000358425 5.11966e-06 -6.76827e-05 0.00893764 -0.0163993 -6.59166e-05 0.000358425 -0.0163993 0.0811931 
0.00893271 -0.0164488 -4.8437e-06 -6.558e-05 -0.0164488 0.0814059 -6.73391e-05 0.000370022 -4.8437e-06 -6.73391e-05 0.00893686 -0.016388 -6.558e-05 0.000370022 -0.016388 0.0810862 
0.00893409 -0.0164718 -2.96114e-06 -5.0561e-05 -0.0164718 0.0815361 -5.34638e-05 0.000347983 -2.96114e-06 -5.34638e-05 0.00897242 -0.0164351 -5.0561e-05 0.000347983 -0.0164351 0.0812735 
0.00894596 -0.0164861 7.3689e-06 -4.84204e-05 -0.0164861 0.0816647 -5.15352e-05 0.000326247 7.3689e-06 -5.15352e-05 0.00899478 -0.0164928 -4.84204e-05 0.000326247 -0.0164928 0.0814923 
0.00893728 -0.0164508 1.49342e-05 -6.26856e-05 -0.0164508 0.0815011 -6.43078e-05 0.00033963 1.49342e-05 -6.43078e-05 0.00897856 -0.0164729 -6.26856e-05 0.00033963 -0.0164729 0.0813984 
0.00895459 -0.0165165 9.31642e-06 -7.67928e-05 -0.0165165 0.0817921 -7.72916e-05 0.000375376 9.31642e-06 -7.72916e-05 0.00902122 -0.0165299 -7.67928e-05 0.000375376 -0.0165299 0.0816986 
0.00898171 -0.016541 6.88656e-06 -7.25238e-05 -0.016541 0.0819787 -7.34523e-05 0.0003893 6.88656e-06 -7.34523e-05 0.00903952 -0.016587 -7.25238e-05 0.0003893 -0.016587 0.0819353 
0.00899785 -0.016559 1.38271e-06 -6.82042e-05 -0.016559 0.0820472 -6.72235e-05 0.000381256 1.38271e-06 -6.72235e-05 0.00904828 -0.0166015 -6.82042e-05 0.000381256 -0.0166015 0.0820365 
0.00901363 -0.0165891 -1.84649e-05 -6.03264e-05 -0.0165891 0.0821641 -5.88899e-05 0.000364401 -1.84649e-05 -5.88899e-05 0.00905849 -0.0166215 -6.03264e-05 0.000364401 -0.0166215 0.0821467 
0.00904105 -0.0166429 -2.91833e-05 -3.51634e-05 -0.0166429 0.0824135 -3.52406e-05 0.000319441 -2.91833e-05 -3.52406e-05 0.00907918 -0.0166625 -3.51634e-05 0.000319441 -0.0166625 0.0823645 
0.00903387 -0.0166222 -1.71203e-05 -1.98001e-05 -0.0166222 0.0823097 -2.04488e-05 0.000271127 -1.71203e-05 -2.04488e-05 0.00905825 -0.0166304 -1.98001e-05 0.000271127 -0.0166304 0.0822252 
0.00902922 -0.0165657 -3.87007e-06 -3.55448e-05 -0.0165657 0.0820141 -3.5332e-05 0.000276628 -3.87007e-06 -3.5332e-05 0.00899474 -0.0165566 -3.55448e-05 0.000276628 -0.0165566 0.081887 
0.00903121 -0.0165685 -6.16851e-06 -5.36964e-05 -0.0165685 0.081912 -5.14628e-05 0.000312344 -6.16851e-06 -5.14628e-05 0.00895353 -0.0164874 -5.36964e-05 0.000312344 -0.0164874 0.0816552 
0.00899574 -0.0165381 -6.2683e-06 -5.06539e-05 -0.0165381 0.0817004 -5.00224e-05 0.000325539 -6.2683e-06 -5.00224e-05 0.0089298 -0.0163969 -5.06539e-05 0.000325539 -0.0163969 0.081278 
0.00896994 -0.016515 5.59794e-06 -4.87173e-05 -0.016515 0.0816266 -4.99307e-05 0.000323821 5.59794e-06 -4.99307e-05 0.00893153 -0.016383 -4.87173e-05 0.000323821 -0.016383 0.0811435 
0.00896029 -0.016514 5.57401e-06 -6.28365e-05 -0.016514 0.081692 -6.4217e-05 0.000343616 5.57401e-06 -6.4217e-05 0.00895823 -0.0164213 -6.28365e-05 0.000343616 -0.0164213 0.081263 
0.00892994 -0.0164526 -1.27435e-05 -6.13268e-05 -0.0164526 0.081459 -6.2986e-05 0.000350765 -1.27435e-05 -6.2986e-05 0.00895585 -0.0164091 -6.13268e-05 0.000350765 -0.0164091 0.0811426 
0.00891692 -0.0164284 -2.88219e-05 -3.67812e-05 -0.0164284 0.0813643 -4.06826e-05 0.000313661 -2.88219e-05 -4.06826e-05 0.00896236 -0.0164249 -3.67812e-05 0.000313661 -0.0164249 0.0811657 
0.00892426 -0.0164235 -3.12094e-05 -1.18734e-05 -0.0164235 0.0813535 -1.64685e-05 0.000248588 -3.12094e-05 -1.64685e-05 0.00895872 -0.0164453 -1.18734e-05 0.000248588 -0.0164453 0.0812425 
0.00893847 -0.0164484 -2.45042e-05 -7.05263e-06 -0.0164484 0.0814415 -1.06461e-05 0.000209635 -2.45042e-05 -1.06461e-05 0.00894877 -0.0164539 -7.05263e-06 0.000209635 -0.0164539 0.0813335 
0.00892428 -0.01642 -1.07171e-05 -1.55836e-05 -0.01642 0.0812791 -1.77405e-05 0.000206693 -1.07171e-05 -1.77405e-05 0.00891486 -0.0163895 -1.55836e-05 0.000206693 -0.0163895 0.0811006 
0.00892068 -0.0164252 -1.63725e-06 -3.40069e-05 -0.0164252 0.08129 -3.53584e-05 0.000237973 -1.63725e-06 -3.53584e-05 0.00890512 -0.0163683 -3.40069e-05 0.000237973 -0.0163683 0.0810334 
0.00890124 -0.0163995 -4.8434e-06 -4.67529e-05 -0.0163995 0.0811824 -4.8382e-05 0.000275153 -4.8434e-06 -4.8382e-05 0.00889447 -0.0163349 -4.67529e-05 0.000275153 -0.0163349 0.0808833 
0.0089105 -0.0164009 -8.47701e-06 -4.28381e-05 -0.0164009 0.0812282 -4.36308e-05 0.00028243 -8.47701e-06 -4.36308e-05 0.00889744 -0.0163532 -4.28381e-05 0.00028243 -0.0163532 0.0809484 
0.00891433 -0.0163922 -7.84285e-06 -3.57646e-05 -0.0163922 0.0811718 -3.49623e-05 0.000265065 -7.84285e-06 -3.49623e-05 0.00888076 -0.0163416 -3.57646e-05 0.000265065 -0.0163416 0.080908 
0.00889454 -0.0163906 -6.11482e-06 -3.86821e-05 -0.0163906 0.0811241 -3.52373e-05 0.000259113 -6.11482e-06 -3.52373e-05 0.0088868 -0.016315 -3.86821e-05 0.000259113 -0.016315 0.0808287 
0.0089014 -0.0163972 -1.05405e-06 -4.33526e-05 -0.0163972 0.0812144 -3.75198e-05 0.000265359 -1.05405e-06 -3.75198e-05 0.00890301 -0.0163486 -4.33526e-05 0.000265359 -0.0163486 0.0809367 
0.00891431 -0.0163866 -7.72347e-06 -5.12774e-05 -0.0163866 0.0811757 -4.42833e-05 0.000281924 -7.72347e-06 -4.42833e-05 0.00888872 -0.0163541 -5.12774e-05 0.000281924 -0.0163541 0.0809477 
0.00889869 -0.0163798 -1.34945e-05 -4.74444e-05 -0.0163798 0.0810748 -3.77835e-05 0.000285312 -1.34945e-05 -3.77835e-05 0.00887646 -0.0163168 -4.74444e-05 0.000285312 -0.0163168 0.0808236 
0.00887998 -0.0163578 -5.09185e-06 -3.93129e-05 -0.0163578 0.0809868 -2.99668e-05 0.000271518 -5.09185e-06 -2.99668e-05 0.00887464 -0.0162984 -3.93129e-05 0.000271518 -0.0162984 0.0807223 
0.00885389 -0.0162935 -2.69687e-06 -4.80206e-05 -0.0162935 0.0807059 -4.05462e-05 0.000278871 -2.69687e-06 -4.05462e-05 0.00884303 -0.0162579 -4.80206e-05 0.000278871 -0.0162579 0.0804827 
0.00883356 -0.0162632 -9.97765e-06 -5.22399e-05 -0.0162632 0.0805374 -4.44102e-05 0.000293108 -9.97765e-06 -4.44102e-05 0.0088235 -0.0162251 -5.22399e-05 0.000293108 -0.0162251 0.08034 
0.00880066 -0.0162381 -1.42516e-05 -4.17311e-05 -0.0162381 0.0804177 -3.33091e-05 0.000279599 -1.42516e-05 -3.33091e-05 0.00882584 -0.0161981 -4.17311e-05 0.000279599 -0.0161981 0.0802218 
0.00878661 -0.0162044 -2.3793e-05 -3.02746e-05 -0.0162044 0.0803371 -2.50548e-05 0.000249538 -2.3793e-05 -2.50548e-05 0.00883054 -0.0162104 -3.02746e-05 0.000249538 -0.0162104 0.0802157 
0.00877854 -0.0161898 -1.60685e-05 -1.57895e-05 -0.0161898 0.0802943 -1.5906e-05 0.000218048 -1.60685e-05 -1.5906e-05 0.00883581 -0.0162283 -1.57895e-05 0.000218048 -0.0162283 0.0802745 
0.00878411 -0.0161917 -2.7274e-06 -1.98776e-05 -0.0161917 0.0803235 -2.54083e-05 0.000210584 -2.7274e-06 -2.54083e-05 0.00883894 -0.0162508 -1.98776e-05 0.000210584 -0.0162508 0.0803837 
0.00878812 -0.0161814 -4.41414e-06 -3.5085e-05 -0.0161814 0.0802671 -4.30579e-05 0.000235791 -4.41414e-06 -4.30579e-05 0.00882771 -0.0162374 -3.5085e-05 0.000235791 -0.0162374 0.0803537 
0.00876344 -0.0161569 -5.03945e-07 -3.29539e-05 -0.0161569 0.0801012 -4.02372e-05 0.000243467 -5.03945e-07 -4.02372e-05 0.00881492 -0.0161888 -3.29539e-05 0.000243467 -0.0161888 0.0801492 
0.00871726 -0.0160992 -4.62304e-06 -3.73796e-05 -0.0160992 0.0798378 -4.23647e-05 0.000244676 -4.62304e-06 -4.23647e-05 0.00880737 -0.0161398 -3.73796e-05 0.000244676 -0.0161398 0.0798704 
0.00870356 -0.0160671 -3.93978e-06 -3.26023e-05 -0.0160671 0.0797516 -3.70034e-05 0.000237125 -3.93978e-06 -3.70034e-05 0.00881275 -0.0161597 -3.26023e-05 0.000237125 -0.0161597 0.0798671 
0.00868683 -0.0160184 -1.26402e-05 -3.13869e-05 -0.0160184 0.0795302 -3.6363e-05 0.000228502 -1.26402e-05 -3.6363e-05 0.00879399 -0.0161407 -3.13869e-05 0.000228502 -0.0161407 0.0797429 
0.00869053 -0.0160246 -1.97829e-05 -2.13165e-05 -0.0160246 0.0795288 -2.47821e-05 0.000208769 -1.97829e-05 -2.47821e-05 0.00878998 -0.0161445 -2.13165e-05 0.000208769 -0.0161445 0.0797759 
0.00871908 -0.0160724 -3.84984e-05 -1.34015e-05 -0.0160724 0.0797477 -1.52322e-05 0.000185052 -3.84984e-05 -1.52322e-05 0.00879856 -0.0161805 -1.34015e-05 0.000185052 -0.0161805 0.0799806 
0.00873747 -0.0161036 -3.60604e-05 9.662e-06 -0.0161036 0.0798789 6.65862e-06 0.000141396 -3.60604e-05 6.65862e-06 0.00879964 -0.016182 9.662e-06 0.000141396 -0.016182 0.0800501 
0.00874847 -0.0161305 -2.56332e-05 1.09748e-05 -0.0161305 0.0799913 4.10197e-06 0.000118966 -2.56332e-05 4.10197e-06 0.0088091 -0.0161821 1.09748e-05 0.000118966 -0.0161821 0.080084 
0.00879896 -0.0161684 -1.95921e-05 -3.43999e-06 -0.0161684 0.080185 -1.12496e-05 0.000139985 -1.95921e-05 -1.12496e-05 0.00880031 -0.0162181 -3.43999e-06 0.000139985 -0.0162181 0.0802411 
0.00883704 -0.0162652 -1.45542e-05 -1.30161e-05 -0.0162652 0.0805361 -2.05918e-05 0.000169449 -1.45542e-05 -2.05918e-05 0.00882152 -0.0162386 -1.30161e-05 0.000169449 -0.0162386 0.0804596 
0.00885573 -0.0163321 -5.4783e-06 -2.13694e-05 -0.0163321 0.0808586 -2.8355e-05 0.000195429 -5.4783e-06 -2.8355e-05 0.00885295 -0.0162697 -2.13694e-05 0.000195429 -0.0162697 0.0806372 
0.00886658 -0.0163427 -3.9186e-06 -3.50904e-05 -0.0163427 0.0809786 -3.90528e-05 0.000225756 -3.9186e-06 -3.90528e-05 0.00886095 -0.0162946 -3.50904e-05 0.000225756 -0.0162946 0.0807207 
0.00887193 -0.0163549 -3.18503e-06 -4.09015e-05 -0.0163549 0.0810504 -4.02866e-05 0.000247407 -3.18503e-06 -4.02866e-05 0.00888056 -0.0163062 -4.09015e-05 0.000247407 -0.0163062 0.0807899 
0.0088768 -0.0163313 -7.04843e-06 -4.35618e-05 -0.0163313 0.080952 -4.11812e-05 0.000258683 -7.04843e-06 -4.11812e-05 0.0088765 -0.0163032 -4.35618e-05 0.000258683 -0.0163032 0.080722 
0.00888844 -0.0163271 -1.81553e-05 -3.94282e-05 -0.0163271 0.0808674 -3.62565e-05 0.000255937 -1.81553e-05 -3.62565e-05 0.00886428 -0.0162906 -3.94282e-05 0.000255937 -0.0162906 0.0806445 
0.00890063 -0.0163908 -2.08897e-05 -2.63784e-05 -0.0163908 0.0810922 -2.17204e-05 0.000233065 -2.08897e-05 -2.17204e-05 0.00889068 -0.0163239 -2.63784e-05 0.000233065 -0.0163239 0.080818 
0.00889852 -0.0163899 -2.14449e-05 -2.41621e-05 -0.0163899 0.0811235 -1.58331e-05 0.000214757 -2.14449e-05 -1.58331e-05 0.0088939 -0.016329 -2.41621e-05 0.000214757 -0.016329 0.080819 
0.00890773 -0.0164218 -8.81551e-06 -2.77526e-05 -0.0164218 0.0812948 -1.50152e-05 0.000214785 -8.81551e-06 -1.50152e-05 0.0089146 -0.0163644 -2.77526e-05 0.000214785 -0.0163644 0.0809852 
0.0089281 -0.0164358 7.70378e-06 -4.76569e-05 -0.0164358 0.0814071 -3.19945e-05 0.000249164 7.70378e-06 -3.19945e-05 0.00892206 -0.0163948 -4.76569e-05 0.000249164 -0.0163948 0.0811214 
0.00894383 -0.0164694 1.48555e-05 -7.06344e-05 -0.0164694 0.0815469 -5.66159e-05 0.000308659 1.48555e-05 -5.66159e-05 0.00894253 -0.0164176 -7.06344e-05 0.000308659 -0.0164176 0.0812641 
0.00893969 -0.0164434 3.83246e-06 -7.84362e-05 -0.0164434 0.0814217 -6.93704e-05 0.000353355 3.83246e-06 -6.93704e-05 0.00893053 -0.0163979 -7.84362e-05 0.000353355 -0.0163979 0.0811471 
0.00893385 -0.0164629 2.19794e-06 -5.97704e-05 -0.0164629 0.0814819 -6.07e-05 0.000349018 2.19794e-06 -6.07e-05 0.0089504 -0.0164126 -5.97704e-05 0.000349018 -0.0164126 0.0812136 
0.00890838 -0.0164532 -6.7586e-06 -4.8918e-05 -0.0164532 0.081486 -5.70092e-05 0.000324571 -6.7586e-06 -5.70092e-05 0.00898187 -0.0164358 -4.8918e-05 0.000324571 -0.0164358 0.0812726 
0.00890266 -0.0164023 -9.82472e-06 -3.6153e-05 -0.0164023 0.0813497 -4.42909e-05 0.000292716 -9.82472e-06 -4.42909e-05 0.0089784 -0.0164647 -3.6153e-05 0.000292716 -0.0164647 0.0813025 
0.00889501 -0.016361 -2.02481e-06 -3.30652e-05 -0.016361 0.0811131 -3.89547e-05 0.00027085 -2.02481e-06 -3.89547e-05 0.00895861 -0.0164354 -3.30652e-05 0.00027085 -0.0164354 0.0811772 
0.00891465 -0.0163983 1.11705e-05 -4.56292e-05 -0.0163983 0.0812189 -5.06577e-05 0.000286488 1.11705e-05 -5.06577e-05 0.00895792 -0.0164497 -4.56292e-05 0.000286488 -0.0164497 0.0812716 
0.00893198 -0.0164503 3.27409e-05 -6.2114e-05 -0.0164503 0.0814361 -7.00504e-05 0.000326366 3.27409e-05 -7.00504e-05 0.00896874 -0.0164697 -6.2114e-05 0.000326366 -0.0164697 0.0814162 
0.00894943 -0.0164621 3.35322e-05 -9.02529e-05 -0.0164621 0.0815124 -0.000100528 0.00039263 3.35322e-05 -0.000100528 0.0089573 -0.0164643 -9.02529e-05 0.00039263 -0.0164643 0.0814194 
0.00898348 -0.0165349 1.90836e-05 -9.57071e-05 -0.0165349 0.0818312 -0.000103062 0.000432888 1.90836e-05 -0.000103062 0.00897986 -0.0164987 -9.57071e-05 0.000432888 -0.0164987 0.0816454 
0.00899625 -0.01657 8.41346e-06 -7.96355e-05 -0.01657 0.0820099 -8.34526e-05 0.000417574 8.41346e-06 -8.34526e-05 0.00899763 -0.0165163 -7.96355e-05 0.000417574 -0.0165163 0.0817486 
0.00899389 -0.0165343 -1.4133e-06 -6.65808e-05 -0.0165343 0.0818654 -6.69248e-05 0.000380587 -1.4133e-06 -6.69248e-05 0.00897463 -0.0164883 -6.65808e-05 0.000380587 -0.0164883 0.0815875 
0.00897159 -0.0165171 -5.64557e-06 -5.58073e-05 -0.0165171 0.081719 -5.20821e-05 0.000345714 -5.64557e-06 -5.20821e-05 0.00896781 -0.016444 -5.58073e-05 0.000345714 -0.016444 0.0813965 
0.00897242 -0.0165232 -3.62752e-06 -5.26368e-05 -0.0165232 0.0817768 -4.67685e-05 0.000327044 -3.62752e-06 -4.67685e-05 0.00897843 -0.0164689 -5.26368e-05 0.000327044 -0.0164689 0.0814574 
0.00897828 -0.0165463 -3.36949e-06 -5.73535e-05 -0.0165463 0.0819177 -5.15847e-05 0.000332047 -3.36949e-06 -5.15847e-05 0.00900391 -0.0165121 -5.73535e-05 0.000332047 -0.0165121 0.0816479 
0.00896235 -0.01655 -1.16978e-05 -5.95909e-05 -0.01655 0.0819769 -5.21122e-05 0.000339803 -1.16978e-05 -5.21122e-05 0.00903937 -0.0165418 -5.95909e-05 0.000339803 -0.0165418 0.0817742 
0.00896641 -0.0164993 -1.17333e-05 -4.90947e-05 -0.0164993 0.0818238 -4.23137e-05 0.000327985 -1.17333e-05 -4.23137e-05 0.00902408 -0.0165557 -4.90947e-05 0.000327985 -0.0165557 0.0817538 
0.00898761 -0.0164974 -4.05944e-06 -4.64361e-05 -0.0164974 0.0817354 -4.32688e-05 0.000319115 -4.05944e-06 -4.32688e-05 0.00898524 -0.0165393 -4.64361e-05 0.000319115 -0.0165393 0.0817198 
0.00900408 -0.0165254 5.76557e-06 -5.32245e-05 -0.0165254 0.0817499 -5.27591e-05 0.000327846 5.76557e-06 -5.27591e-05 0.0089559 -0.0164911 -5.32245e-05 0.000327846 -0.0164911 0.0816228 
0.00901924 -0.0165358 1.94802e-05 -6.41939e-05 -0.0165358 0.0817385 -6.51555e-05 0.000350893 1.94802e-05 -6.51555e-05 0.00891927 -0.0164403 -6.41939e-05 0.000350893 -0.0164403 0.0814508 
