0.00763887 0 -2.92002e-05 0 0 0.0108737 0 0 -2.92002e-05 0 0.00769727 0 0 0 0 0.0108737 
0.00935291 -0.0116105 -1.65786e-05 1.7441e-05 -0.0116105 0.030876 1.7441e-05 -3.35963e-05 -1.65786e-05 1.7441e-05 0.00941341 -0.0116828 1.7441e-05 -3.35963e-05 -0.0116828 0.0310155 
0.00964572 -0.0180025 -9.66004e-06 -7.68759e-05 -0.0180025 0.0663963 -7.68759e-05 0.000274198 -9.66004e-06 -7.68759e-05 0.00969618 -0.0180404 -7.68759e-05 0.000274198 -0.0180404 0.0665013 
0.00913661 -0.0176938 -1.32663e-05 -0.000168134 -0.0176938 0.0794637 -0.00016654 0.000939538 -1.32663e-05 -0.00016654 0.00915527 -0.0176713 -0.000168134 0.000939538 -0.0176713 0.0792105 
0.0088905 -0.0166968 -9.8863e-06 -0.000135944 -0.0166968 0.0807177 -0.000132496 0.00110237 -9.8863e-06 -0.000132496 0.00889584 -0.0166391 -0.000135944 0.00110237 -0.0166391 0.0802582 
0.00865628 -0.015988 -2.22742e-06 -8.83773e-05 -0.015988 0.0787115 -8.76418e-05 0.00085422 -2.22742e-06 -8.76418e-05 0.00867559 -0.0159352 -8.83773e-05 0.00085422 -0.0159352 0.078282 
0.00842275 -0.0154979 9.3832e-06 -7.47666e-05 -0.0154979 0.0765639 -7.45891e-05 0.000626299 9.3832e-06 -7.45891e-05 0.00845974 -0.0154777 -7.47666e-05 0.000626299 -0.0154777 0.0762623 
0.00818343 -0.015023 -3.4191e-06 -8.2817e-05 -0.015023 0.0743177 -8.16839e-05 0.000517849 -3.4191e-06 -8.16839e-05 0.00822475 -0.0150274 -8.2817e-05 0.000517849 -0.0150274 0.0741279 
0.011214 -0.0205411 -1.86571e-05 -0.000101133 -0.0205411 0.101607 -0.000100094 0.000651286 -1.86571e-05 -0.000100094 0.0112536 -0.0205561 -0.000101133 0.000651286 -0.0205561 0.101423 
0.0110686 -0.0202494 -3.14193e-05 -8.47297e-05 -0.0202494 0.100048 -8.53144e-05 0.000599307 -3.14193e-05 -8.53144e-05 0.0110653 -0.0202393 -8.47297e-05 0.000599307 -0.0202393 0.0998475 
0.0109647 -0.0200662 -3.18251e-05 -6.68775e-05 -0.0200662 0.0990084 -6.73659e-05 0.000550512 -3.18251e-05 -6.73659e-05 0.010936 -0.019998 -6.68775e-05 0.000550512 -0.019998 0.0986948 
0.0109161 -0.0200218 -1.77699e-05 -6.51887e-05 -0.0200218 0.0987202 -6.48376e-05 0.000529024 -1.77699e-05 -6.48376e-05 0.0109005 -0.0199187 -6.51887e-05 0.000529024 -0.0199187 0.0982902 
0.0108849 -0.019999 -1.92395e-05 -8.25037e-05 -0.019999 0.0986584 -8.26832e-05 0.000550805 -1.92395e-05 -8.26832e-05 0.0109001 -0.0199135 -8.25037e-05 0.000550805 -0.0199135 0.0982136 
0.0108758 -0.0200042 -9.11325e-06 -8.05583e-05 -0.0200042 0.0987684 -8.46418e-05 0.000567028 -9.11325e-06 -8.46418e-05 0.0109223 -0.0199569 -8.05583e-05 0.000567028 -0.0199569 0.0983889 
0.010866 -0.0199638 -1.32986e-05 -8.8622e-05 -0.0199638 0.0986539 -9.71002e-05 0.00058158 -1.32986e-05 -9.71002e-05 0.0109095 -0.0199576 -8.8622e-05 0.00058158 -0.0199576 0.0983743 
0.0108535 -0.0199535 -3.09404e-06 -8.23785e-05 -0.0199535 0.0985981 -9.0971e-05 0.000576946 -3.09404e-06 -9.0971e-05 0.0109046 -0.0199473 -8.23785e-05 0.000576946 -0.0199473 0.0983631 
0.0108537 -0.0199414 -6.8617e-06 -9.01502e-05 -0.0199414 0.0985639 -9.79856e-05 0.000574964 -6.8617e-06 -9.79856e-05 0.0108944 -0.0199382 -9.01502e-05 0.000574964 -0.0199382 0.0983352 
0.0108253 -0.019887 -7.52678e-06 -8.48895e-05 -0.019887 0.0982837 -9.3336e-05 0.000565716 -7.52678e-06 -9.3336e-05 0.0108649 -0.0198726 -8.48895e-05 0.000565716 -0.0198726 0.0980412 
0.0108019 -0.019829 -1.01067e-05 -8.11541e-05 -0.019829 0.0979832 -9.12844e-05 0.000550877 -1.01067e-05 -9.12844e-05 0.0108219 -0.0198081 -8.11541e-05 0.000550877 -0.0198081 0.0977141 
0.0107573 -0.0197782 -2.88648e-06 -7.74816e-05 -0.0197782 0.0976862 -8.76381e-05 0.000537677 -2.88648e-06 -8.76381e-05 0.0108087 -0.0197321 -7.74816e-05 0.000537677 -0.0197321 0.0973659 
0.0107566 -0.0197659 -5.20251e-06 -8.66872e-05 -0.0197659 0.0976675 -9.56915e-05 0.000545421 -5.20251e-06 -9.56915e-05 0.0108088 -0.0197536 -8.66872e-05 0.000545421 -0.0197536 0.097365 
0.010756 -0.0197484 -3.96316e-06 -8.83409e-05 -0.0197484 0.0975615 -9.59792e-05 0.000556686 -3.96316e-06 -9.59792e-05 0.0107844 -0.0197357 -8.83409e-05 0.000556686 -0.0197357 0.0972749 
0.0107788 -0.0198064 6.11554e-06 -9.25028e-05 -0.0198064 0.0977943 -9.65748e-05 0.000565873 6.11554e-06 -9.65748e-05 0.010798 -0.0197588 -9.25028e-05 0.000565873 -0.0197588 0.0974452 
0.0107897 -0.019849 -5.93653e-06 -0.000108721 -0.019849 0.0980128 -0.000106791 0.000592256 -5.93653e-06 -0.000106791 0.0108159 -0.019786 -0.000108721 0.000592256 -0.019786 0.0976004 
0.0108082 -0.0198394 -1.95687e-05 -9.71435e-05 -0.0198394 0.0980245 -9.10987e-05 0.000585916 -1.95687e-05 -9.10987e-05 0.0107938 -0.0197907 -9.71435e-05 0.000585916 -0.0197907 0.0976173 
0.0108165 -0.0198526 -3.03799e-05 -7.76882e-05 -0.0198526 0.0980208 -7.00528e-05 0.000542357 -3.03799e-05 -7.00528e-05 0.0107831 -0.0197576 -7.76882e-05 0.000542357 -0.0197576 0.0975569 
0.0108056 -0.0198448 -2.91963e-05 -6.02538e-05 -0.0198448 0.0979516 -5.2001e-05 0.000489174 -2.91963e-05 -5.2001e-05 0.0107824 -0.0197251 -6.02538e-05 0.000489174 -0.0197251 0.0974151 
0.0107888 -0.0198495 -2.94392e-05 -6.02487e-05 -0.0198495 0.0979898 -5.10244e-05 0.000463774 -2.94392e-05 -5.10244e-05 0.0108106 -0.0197447 -6.02487e-05 0.000463774 -0.0197447 0.0974524 
0.010783 -0.0198364 -1.94688e-05 -6.09123e-05 -0.0198364 0.0980185 -4.9482e-05 0.000456255 -1.94688e-05 -4.9482e-05 0.0108251 -0.0197963 -6.09123e-05 0.000456255 -0.0197963 0.0976011 
0.0107867 -0.0198317 -6.49041e-06 -7.39531e-05 -0.0198317 0.0980359 -6.03694e-05 0.000472174 -6.49041e-06 -6.03694e-05 0.0108235 -0.0198253 -7.39531e-05 0.000472174 -0.0198253 0.0977443 
0.0107611 -0.0198231 -5.52082e-06 -9.21015e-05 -0.0198231 0.0980014 -7.73626e-05 0.000509256 -5.52082e-06 -7.73626e-05 0.0108475 -0.0198194 -9.21015e-05 0.000509256 -0.0198194 0.0977763 
0.0107245 -0.0197423 -3.02412e-06 -9.19796e-05 -0.0197423 0.0977049 -8.02281e-05 0.000527736 -3.02412e-06 -8.02281e-05 0.0108389 -0.0198029 -9.19796e-05 0.000527736 -0.0198029 0.0976059 
0.0107229 -0.019673 -6.48195e-06 -9.36576e-05 -0.019673 0.097387 -8.49903e-05 0.000537909 -6.48195e-06 -8.49903e-05 0.0107869 -0.0197766 -9.36576e-05 0.000537909 -0.0197766 0.0974323 
0.0107227 -0.0196879 -7.06504e-07 -8.94321e-05 -0.0196879 0.0973249 -8.29316e-05 0.000538192 -7.06504e-07 -8.29316e-05 0.010761 -0.019733 -8.94321e-05 0.000538192 -0.019733 0.0973458 
0.0107189 -0.0196661 8.91721e-06 -9.07516e-05 -0.0196661 0.0971848 -9.09488e-05 0.000540843 8.91721e-06 -9.09488e-05 0.0107153 -0.0196676 -9.07516e-05 0.000540843 -0.0196676 0.0970947 
0.0107296 -0.0196674 -3.0214e-07 -9.81647e-05 -0.0196674 0.0971287 -0.000104711 0.000557903 -3.0214e-07 -0.000104711 0.0106748 -0.0196091 -9.81647e-05 0.000557903 -0.0196091 0.0968913 
0.0107365 -0.0197032 1.67364e-06 -8.59623e-05 -0.0197032 0.0972288 -9.24285e-05 0.000546059 1.67364e-06 -9.24285e-05 0.0106664 -0.0195764 -8.59623e-05 0.000546059 -0.0195764 0.0968149 
0.0107128 -0.0196692 1.32194e-05 -8.73079e-05 -0.0196692 0.0970716 -8.88923e-05 0.000528529 1.32194e-05 -8.88923e-05 0.0106373 -0.0195186 -8.73079e-05 0.000528529 -0.0195186 0.0965372 
0.0107012 -0.0196407 1.79613e-05 -0.000103269 -0.0196407 0.0969541 -0.000101062 0.000543896 1.79613e-05 -0.000101062 0.0106175 -0.0194877 -0.000103269 0.000543896 -0.0194877 0.096381 
0.0106887 -0.0196443 1.08486e-06 -0.000111889 -0.0196443 0.0969738 -0.000108005 0.000567938 1.08486e-06 -0.000108005 0.0106372 -0.0194921 -0.000111889 0.000567938 -0.0194921 0.0964055 
0.010673 -0.0196311 -2.55258e-05 -9.23059e-05 -0.0196311 0.0969729 -8.8637e-05 0.000548464 -2.55258e-05 -8.8637e-05 0.0106649 -0.0195234 -9.23059e-05 0.000548464 -0.0195234 0.0964856 
0.0106639 -0.0195825 -2.12683e-05 -5.90517e-05 -0.0195825 0.0967977 -5.69404e-05 0.000484436 -2.12683e-05 -5.69404e-05 0.0106505 -0.0195342 -5.90517e-05 0.000484436 -0.0195342 0.0964543 
0.0106437 -0.0195794 -5.93513e-06 -5.94566e-05 -0.0195794 0.0967402 -6.05607e-05 0.000454338 -5.93513e-06 -6.05607e-05 0.0106487 -0.019526 -5.94566e-05 0.000454338 -0.019526 0.0964568 
0.0106244 -0.0195587 2.02338e-05 -7.79261e-05 -0.0195587 0.0966997 -8.16726e-05 0.000479953 2.02338e-05 -8.16726e-05 0.0106448 -0.0195238 -7.79261e-05 0.000479953 -0.0195238 0.0964521 
0.0106247 -0.0195456 2.61684e-05 -0.000109134 -0.0195456 0.0967058 -0.000114208 0.000544116 2.61684e-05 -0.000114208 0.0106529 -0.0195351 -0.000109134 0.000544116 -0.0195351 0.0965191 
0.0106121 -0.0195014 1.21515e-05 -0.000118665 -0.0195014 0.0964928 -0.000120685 0.000586047 1.21515e-05 -0.000120685 0.0106345 -0.0194994 -0.000118665 0.000586047 -0.0194994 0.096345 
0.0106198 -0.0195224 -6.74669e-06 -0.000102102 -0.0195224 0.096552 -0.000101661 0.000570369 -6.74669e-06 -0.000101661 0.010639 -0.0195098 -0.000102102 0.000570369 -0.0195098 0.0963971 
0.0106178 -0.0195046 -8.46569e-06 -7.65742e-05 -0.0195046 0.096464 -7.4726e-05 0.000511579 -8.46569e-06 -7.4726e-05 0.0106214 -0.0194911 -7.65742e-05 0.000511579 -0.0194911 0.0963039 
0.0106219 -0.0195201 -8.58978e-06 -7.31784e-05 -0.0195201 0.0965085 -7.17745e-05 0.000479252 -8.58978e-06 -7.17745e-05 0.0106219 -0.0194893 -7.31784e-05 0.000479252 -0.0194893 0.0963243 
0.0106229 -0.0195017 -2.44519e-06 -7.3239e-05 -0.0195017 0.0964173 -7.29372e-05 0.0004712 -2.44519e-06 -7.29372e-05 0.0106093 -0.019463 -7.3239e-05 0.0004712 -0.019463 0.096204 
0.0106333 -0.0195344 5.92363e-06 -8.23848e-05 -0.0195344 0.0965276 -8.08692e-05 0.000484624 5.92363e-06 -8.08692e-05 0.0106228 -0.0194776 -8.23848e-05 0.000484624 -0.0194776 0.0962736 
0.0106455 -0.019572 5.12713e-06 -9.5292e-05 -0.019572 0.0967156 -9.21951e-05 0.000513549 5.12713e-06 -9.21951e-05 0.0106497 -0.0195154 -9.5292e-05 0.000513549 -0.0195154 0.0964383 
0.0106444 -0.0195698 8.31041e-07 -9.70435e-05 -0.0195698 0.0967437 -9.18921e-05 0.000528556 8.31041e-07 -9.18921e-05 0.0106605 -0.0195366 -9.70435e-05 0.000528556 -0.0195366 0.0964997 
0.0106707 -0.0195955 2.8879e-06 -9.00369e-05 -0.0195955 0.0968928 -8.69099e-05 0.000524199 2.8879e-06 -8.69099e-05 0.0106774 -0.0195829 -9.00369e-05 0.000524199 -0.0195829 0.0967072 
0.010665 -0.0195821 8.41881e-06 -8.99379e-05 -0.0195821 0.096786 -9.09833e-05 0.000522531 8.41881e-06 -9.09833e-05 0.0106755 -0.0195598 -8.99379e-05 0.000522531 -0.0195598 0.0966146 
0.0106609 -0.0195711 5.10218e-07 -9.4534e-05 -0.0195711 0.0967082 -0.000100511 0.00053535 5.10218e-07 -0.000100511 0.0106622 -0.019552 -9.4534e-05 0.00053535 -0.019552 0.0965396 
0.0106329 -0.0195568 -1.47439e-05 -8.38031e-05 -0.0195568 0.0966088 -9.42762e-05 0.000530203 -1.47439e-05 -9.42762e-05 0.0106541 -0.0195209 -8.38031e-05 0.000530203 -0.0195209 0.0964097 
0.0106189 -0.0195407 -6.56592e-06 -6.3383e-05 -0.0195407 0.0965928 -7.54146e-05 0.000493923 -6.56592e-06 -7.54146e-05 0.0106524 -0.019522 -6.3383e-05 0.000493923 -0.019522 0.0963933 
0.0106255 -0.0195393 1.35792e-06 -6.93521e-05 -0.0195393 0.0966349 -8.0096e-05 0.000479684 1.35792e-06 -8.0096e-05 0.0106438 -0.0195359 -6.93521e-05 0.000479684 -0.0195359 0.0964619 
0.0106129 -0.0194718 2.13358e-06 -7.81022e-05 -0.0194718 0.0962955 -8.32644e-05 0.000481385 2.13358e-06 -8.32644e-05 0.0105753 -0.0194466 -7.81022e-05 0.000481385 -0.0194466 0.0960951 
0.010623 -0.0194839 -2.75335e-07 -8.00998e-05 -0.0194839 0.0962519 -7.8701e-05 0.000476607 -2.75335e-07 -7.8701e-05 0.0105366 -0.0193834 -8.00998e-05 0.000476607 -0.0193834 0.0959063 
0.0105998 -0.0194837 -1.06825e-05 -7.60776e-05 -0.0194837 0.0961805 -7.34818e-05 0.000461703 -1.06825e-05 -7.34818e-05 0.0105274 -0.0193101 -7.60776e-05 0.000461703 -0.0193101 0.0956312 
0.0105982 -0.0194804 5.50318e-07 -6.13666e-05 -0.0194804 0.0962086 -6.51223e-05 0.000437158 5.50318e-07 -6.51223e-05 0.0105294 -0.0193105 -6.13666e-05 0.000437158 -0.0193105 0.0955606 
0.0105738 -0.0194365 -1.51226e-06 -7.36132e-05 -0.0194365 0.0960034 -8.03919e-05 0.000445968 -1.51226e-06 -8.03919e-05 0.0105145 -0.0192734 -7.36132e-05 0.000445968 -0.0192734 0.0953423 
0.0105827 -0.0194718 -2.90928e-06 -7.20829e-05 -0.0194718 0.0961862 -7.93145e-05 0.000454708 -2.90928e-06 -7.93145e-05 0.0105475 -0.0193237 -7.20829e-05 0.000454708 -0.0193237 0.0955478 
0.0105706 -0.0194797 -1.29066e-05 -6.94668e-05 -0.0194797 0.09627 -7.86428e-05 0.000453032 -1.29066e-05 -7.86428e-05 0.0105792 -0.019364 -6.94668e-05 0.000453032 -0.019364 0.0956966 
0.0105724 -0.0195067 -2.20709e-05 -5.9e-05 -0.0195067 0.0964973 -6.53262e-05 0.000434519 -2.20709e-05 -6.53262e-05 0.0106316 -0.0194491 -5.9e-05 0.000434519 -0.0194491 0.0960487 
0.0105812 -0.0194849 -1.64127e-05 -4.87384e-05 -0.0194849 0.0964989 -5.04068e-05 0.000403565 -1.64127e-05 -5.04068e-05 0.010637 -0.0194991 -4.87384e-05 0.000403565 -0.0194991 0.0962295 
0.0106054 -0.019479 -7.82387e-06 -5.71403e-05 -0.019479 0.0964507 -5.5581e-05 0.000400683 -7.82387e-06 -5.5581e-05 0.0106163 -0.0195 -5.71403e-05 0.000400683 -0.0195 0.0962849 
0.0106215 -0.01953 6.41386e-06 -6.97131e-05 -0.01953 0.0965901 -6.48121e-05 0.000421523 6.41386e-06 -6.48121e-05 0.0106282 -0.0194953 -6.97131e-05 0.000421523 -0.0194953 0.0963691 
0.0106091 -0.0195068 -4.48706e-06 -8.92665e-05 -0.0195068 0.0964764 -8.08252e-05 0.000458344 -4.48706e-06 -8.08252e-05 0.010623 -0.0194641 -8.92665e-05 0.000458344 -0.0194641 0.0962032 
0.0105994 -0.0194986 -2.6347e-05 -7.72912e-05 -0.0194986 0.0964288 -6.66495e-05 0.000456307 -2.6347e-05 -6.66495e-05 0.0106222 -0.0194628 -7.72912e-05 0.000456307 -0.0194628 0.0961529 
0.0106082 -0.0194928 -3.95259e-05 -4.90975e-05 -0.0194928 0.0964171 -3.85524e-05 0.000404991 -3.95259e-05 -3.85524e-05 0.0106055 -0.0194702 -4.90975e-05 0.000404991 -0.0194702 0.0961672 
0.0106296 -0.0195054 -3.74951e-05 -2.90507e-05 -0.0195054 0.0964386 -2.25431e-05 0.000349988 -3.74951e-05 -2.25431e-05 0.0105759 -0.0194532 -2.90507e-05 0.000349988 -0.0194532 0.096157 
0.0106256 -0.019507 -1.88088e-05 -2.87265e-05 -0.019507 0.0963608 -2.74822e-05 0.000330713 -1.88088e-05 -2.74822e-05 0.0105342 -0.0193835 -2.87265e-05 0.000330713 -0.0193835 0.0959386 
0.0105952 -0.0194814 2.39803e-06 -4.90504e-05 -0.0194814 0.0962115 -5.16229e-05 0.000361453 2.39803e-06 -5.16229e-05 0.0105071 -0.0193045 -4.90504e-05 0.000361453 -0.0193045 0.0956324 
0.0105589 -0.0194336 1.01202e-05 -7.61794e-05 -0.0194336 0.0960331 -7.76671e-05 0.000419594 1.01202e-05 -7.76671e-05 0.0104947 -0.0192618 -7.61794e-05 0.000419594 -0.0192618 0.0954012 
0.0105654 -0.0194371 1.45493e-07 -8.86443e-05 -0.0194371 0.0961225 -8.66348e-05 0.000462438 1.45493e-07 -8.66348e-05 0.0105089 -0.0193011 -8.86443e-05 0.000462438 -0.0193011 0.0955446 
0.0105316 -0.0193945 8.68294e-06 -7.86513e-05 -0.0193945 0.0959363 -7.63227e-05 0.000461902 8.68294e-06 -7.63227e-05 0.0105129 -0.0192794 -7.86513e-05 0.000461902 -0.0192794 0.0954377 
0.0105172 -0.0193809 1.58384e-05 -8.43455e-05 -0.0193809 0.095935 -8.48807e-05 0.000464421 1.58384e-05 -8.48807e-05 0.0105462 -0.0193173 -8.43455e-05 0.000464421 -0.0193173 0.0955536 
0.0104972 -0.0193352 2.80753e-05 -8.9134e-05 -0.0193352 0.0957736 -9.35297e-05 0.000474438 2.80753e-05 -9.35297e-05 0.0105582 -0.0193348 -8.9134e-05 0.000474438 -0.0193348 0.0955518 
0.0105039 -0.0193197 1.64282e-05 -0.000103011 -0.0193197 0.0957122 -0.000109419 0.000501401 1.64282e-05 -0.000109419 0.0105595 -0.0193641 -0.000103011 0.000501401 -0.0193641 0.0956353 
0.0105221 -0.0193475 7.97236e-06 -9.18123e-05 -0.0193475 0.0957944 -9.73165e-05 0.000499588 7.97236e-06 -9.73165e-05 0.0105658 -0.0193857 -9.18123e-05 0.000499588 -0.0193857 0.0957664 
0.0104992 -0.0192998 -1.26272e-05 -8.06971e-05 -0.0192998 0.0955165 -8.36309e-05 0.000472357 -1.26272e-05 -8.36309e-05 0.0105326 -0.0193165 -8.06971e-05 0.000472357 -0.0193165 0.0954566 
0.0105187 -0.0193224 -1.72233e-05 -5.5234e-05 -0.0193224 0.0955842 -5.80569e-05 0.000422604 -1.72233e-05 -5.80569e-05 0.0105217 -0.0193168 -5.5234e-05 0.000422604 -0.0193168 0.0954583 
0.0105152 -0.0193367 -1.39118e-05 -4.75393e-05 -0.0193367 0.0955941 -5.05345e-05 0.000384643 -1.39118e-05 -5.05345e-05 0.0105083 -0.019288 -4.75393e-05 0.000384643 -0.019288 0.0953635 
0.0105154 -0.0193392 -1.1412e-05 -5.09209e-05 -0.0193392 0.0956167 -5.37128e-05 0.000376926 -1.1412e-05 -5.37128e-05 0.0104995 -0.0192734 -5.09209e-05 0.000376926 -0.0192734 0.0953041 
0.0105424 -0.0193961 -1.82093e-05 -5.53167e-05 -0.0193961 0.0959054 -5.38423e-05 0.000379284 -1.82093e-05 -5.38423e-05 0.0105231 -0.0193205 -5.53167e-05 0.000379284 -0.0193205 0.0955474 
0.0105431 -0.0193916 -2.16319e-05 -4.87664e-05 -0.0193916 0.0959037 -4.39158e-05 0.000365608 -2.16319e-05 -4.39158e-05 0.0105202 -0.0193129 -4.87664e-05 0.000365608 -0.0193129 0.095526 
0.0105624 -0.01941 -2.17185e-05 -4.19666e-05 -0.01941 0.0959863 -3.76195e-05 0.000344692 -2.17185e-05 -3.76195e-05 0.0105144 -0.0193206 -4.19666e-05 0.000344692 -0.0193206 0.0955773 
0.0105528 -0.0193946 -8.46408e-06 -3.87943e-05 -0.0193946 0.0958675 -3.93059e-05 0.000333074 -8.46408e-06 -3.93059e-05 0.0104885 -0.0192709 -3.87943e-05 0.000333074 -0.0192709 0.0953834 
0.0105314 -0.0194043 -6.00081e-06 -5.25207e-05 -0.0194043 0.0958988 -5.74986e-05 0.000352738 -6.00081e-06 -5.74986e-05 0.010497 -0.0192549 -5.25207e-05 0.000352738 -0.0192549 0.0953293 
0.0104851 -0.0193326 -1.18879e-05 -5.31953e-05 -0.0193326 0.095644 -5.95546e-05 0.000362991 -1.18879e-05 -5.95546e-05 0.0104886 -0.0192174 -5.31953e-05 0.000362991 -0.0192174 0.0950905 
0.010448 -0.0192615 -3.02916e-05 -4.50827e-05 -0.0192615 0.0953729 -5.06717e-05 0.000349772 -3.02916e-05 -5.06717e-05 0.0104729 -0.0191984 -4.50827e-05 0.000349772 -0.0191984 0.0949246 
0.0104155 -0.0191926 -3.49939e-05 -2.15279e-05 -0.0191926 0.0950742 -2.68014e-05 0.000303555 -3.49939e-05 -2.68014e-05 0.0104463 -0.0191654 -2.15279e-05 0.000303555 -0.0191654 0.0947401 
0.0103695 -0.0191222 -2.91975e-05 -1.68456e-05 -0.0191222 0.0947333 -1.79579e-05 0.000268251 -2.91975e-05 -1.79579e-05 0.0104167 -0.0191086 -1.68456e-05 0.000268251 -0.0191086 0.0944748 
0.01034 -0.0190738 -1.25901e-06 -2.67431e-05 -0.0190738 0.0945336 -2.65152e-05 0.000273107 -1.25901e-06 -2.65152e-05 0.010403 -0.019081 -2.67431e-05 0.000273107 -0.019081 0.0943366 
0.0103423 -0.0190422 1.06079e-06 -6.09914e-05 -0.0190422 0.0944112 -5.8872e-05 0.000329169 1.06079e-06 -5.8872e-05 0.0103818 -0.0190706 -6.09914e-05 0.000329169 -0.0190706 0.0942781 
0.0103546 -0.0190586 -1.28679e-06 -6.58277e-05 -0.0190586 0.0944325 -6.27116e-05 0.000366266 -1.28679e-06 -6.27116e-05 0.0103684 -0.0190621 -6.58277e-05 0.000366266 -0.0190621 0.0942939 
0.0103216 -0.0190201 8.53767e-06 -5.84387e-05 -0.0190201 0.0942071 -5.53923e-05 0.000357985 8.53767e-06 -5.53923e-05 0.010349 -0.0189938 -5.84387e-05 0.000357985 -0.0189938 0.0940143 
0.0103191 -0.0189825 4.3253e-06 -6.83568e-05 -0.0189825 0.094061 -6.39127e-05 0.000359974 4.3253e-06 -6.39127e-05 0.0103294 -0.0189793 -6.83568e-05 0.000359974 -0.0189793 0.0938897 
0.0103386 -0.0190155 -1.15569e-06 -6.60893e-05 -0.0190155 0.0941679 -5.96959e-05 0.000360931 -1.15569e-06 -5.96959e-05 0.0103333 -0.0189999 -6.60893e-05 0.000360931 -0.0189999 0.0940109 
0.0103246 -0.0190596 -1.51951e-05 -5.99326e-05 -0.0190596 0.0943485 -5.45099e-05 0.000352213 -1.51951e-05 -5.45099e-05 0.0103795 -0.019021 -5.99326e-05 0.000352213 -0.019021 0.0941536 
0.010341 -0.0190808 -2.97112e-05 -4.23891e-05 -0.0190808 0.0945923 -3.92814e-05 0.00032515 -2.97112e-05 -3.92814e-05 0.0104137 -0.0191134 -4.23891e-05 0.00032515 -0.0191134 0.0944842 
0.0103473 -0.0190793 -3.74635e-05 -2.1426e-05 -0.0190793 0.0946286 -2.00147e-05 0.000277652 -3.74635e-05 -2.00147e-05 0.0104218 -0.0191389 -2.1426e-05 0.000277652 -0.0191389 0.094623 
0.010316 -0.019018 -2.81866e-05 -6.09886e-06 -0.019018 0.094328 -5.87194e-06 0.000226832 -2.81866e-05 -5.87194e-06 0.0103947 -0.019083 -6.09886e-06 0.000226832 -0.019083 0.0943724 
0.0103 -0.0189816 -2.64668e-06 -1.2824e-05 -0.0189816 0.0941506 -1.65274e-05 0.000216794 -2.64668e-06 -1.65274e-05 0.0103726 -0.0190533 -1.2824e-05 0.000216794 -0.0190533 0.0942219 
0.0103108 -0.0189712 4.21431e-06 -4.37783e-05 -0.0189712 0.0940887 -5.14399e-05 0.000269222 4.21431e-06 -5.14399e-05 0.0103403 -0.0190376 -4.37783e-05 0.000269222 -0.0190376 0.0941657 
0.010307 -0.0189473 -4.99328e-06 -5.45035e-05 -0.0189473 0.0938941 -6.24756e-05 0.000315366 -4.99328e-06 -6.24756e-05 0.010292 -0.0189567 -5.45035e-05 0.000315366 -0.0189567 0.093879 
0.0103121 -0.0189669 -2.19465e-05 -4.26229e-05 -0.0189669 0.0939089 -5.02786e-05 0.000310887 -2.19465e-05 -5.02786e-05 0.0102726 -0.0189101 -4.26229e-05 0.000310887 -0.0189101 0.0937302 
0.0103065 -0.0189626 -2.59929e-05 -2.10491e-05 -0.0189626 0.0938628 -2.64237e-05 0.000266019 -2.59929e-05 -2.64237e-05 0.0102519 -0.018867 -2.10491e-05 0.000266019 -0.018867 0.0935409 
0.0102911 -0.0189561 -1.88324e-05 -1.72273e-05 -0.0189561 0.0938351 -1.68351e-05 0.000230751 -1.88324e-05 -1.68351e-05 0.0102518 -0.0188494 -1.72273e-05 0.000230751 -0.0188494 0.0934494 
0.0102624 -0.0189048 -7.30644e-06 -2.58944e-05 -0.0189048 0.0936253 -2.19733e-05 0.000226702 -7.30644e-06 -2.19733e-05 0.0102376 -0.0188151 -2.58944e-05 0.000226702 -0.0188151 0.0932436 
0.0102541 -0.0188795 -5.16931e-06 -3.89323e-05 -0.0188795 0.093526 -3.73134e-05 0.000250391 -5.16931e-06 -3.73134e-05 0.0102282 -0.0188125 -3.89323e-05 0.000250391 -0.0188125 0.0931934 
0.0102197 -0.0188613 -5.27419e-06 -4.0357e-05 -0.0188613 0.0934244 -4.00173e-05 0.000263251 -5.27419e-06 -4.00173e-05 0.0102368 -0.0187946 -4.0357e-05 0.000263251 -0.0187946 0.0931171 
0.0102239 -0.0188641 -9.58003e-06 -4.05197e-05 -0.0188641 0.0935353 -3.71471e-05 0.000262414 -9.58003e-06 -3.71471e-05 0.0102588 -0.0188498 -4.05197e-05 0.000262414 -0.0188498 0.0933162 
0.0102325 -0.0188538 -1.50767e-05 -3.7113e-05 -0.0188538 0.0935254 -3.10261e-05 0.000253658 -1.50767e-05 -3.10261e-05 0.0102586 -0.0188699 -3.7113e-05 0.000253658 -0.0188699 0.0934105 
0.0102183 -0.0188415 -6.92829e-06 -3.35844e-05 -0.0188415 0.0934322 -2.52583e-05 0.000244697 -6.92829e-06 -2.52583e-05 0.0102617 -0.0188503 -3.35844e-05 0.000244697 -0.0188503 0.0933532 
0.0101993 -0.0188036 6.39108e-06 -4.2878e-05 -0.0188036 0.093266 -3.39781e-05 0.000254117 6.39108e-06 -3.39781e-05 0.0102561 -0.0188347 -4.2878e-05 0.000254117 -0.0188347 0.0932302 
0.0101879 -0.0187721 1.02589e-05 -6.07293e-05 -0.0187721 0.0931145 -5.13086e-05 0.000290018 1.02589e-05 -5.13086e-05 0.0102447 -0.0188257 -6.07293e-05 0.000290018 -0.0188257 0.0931463 
0.0101772 -0.0187551 -3.71802e-06 -6.81745e-05 -0.0187551 0.0930161 -6.05811e-05 0.000323607 -3.71802e-06 -6.05811e-05 0.0102373 -0.0188178 -6.81745e-05 0.000323607 -0.0188178 0.0931041 
0.0101857 -0.0187769 -3.03311e-05 -5.09001e-05 -0.0187769 0.093123 -4.64598e-05 0.000313742 -3.03311e-05 -4.64598e-05 0.0102494 -0.0188436 -5.09001e-05 0.000313742 -0.0188436 0.0932399 
0.01018 -0.0187849 -4.135e-05 -1.53945e-05 -0.0187849 0.0931786 -1.3574e-05 0.000251585 -4.135e-05 -1.3574e-05 0.0102636 -0.018859 -1.53945e-05 0.000251585 -0.018859 0.0933223 
0.0101865 -0.0187809 -3.43771e-05 3.07108e-06 -0.0187809 0.0932032 2.43479e-06 0.000191021 -3.43771e-05 2.43479e-06 0.0102622 -0.0188743 3.07108e-06 0.000191021 -0.0188743 0.0933845 
0.0101937 -0.018783 -3.05757e-05 -4.22337e-06 -0.018783 0.0931979 -5.585e-06 0.000179111 -3.05757e-05 -5.585e-06 0.0102556 -0.0188658 -4.22337e-06 0.000179111 -0.0188658 0.09338 
0.0102063 -0.0188195 -1.40903e-05 -1.07569e-05 -0.0188195 0.0933531 -8.50076e-06 0.000187096 -1.40903e-05 -8.50076e-06 0.0102723 -0.0188861 -1.07569e-05 0.000187096 -0.0188861 0.0935046 
0.0102139 -0.0188033 -1.535e-06 -2.77121e-05 -0.0188033 0.0932971 -2.59884e-05 0.000211957 -1.535e-06 -2.59884e-05 0.0102552 -0.0188771 -2.77121e-05 0.000211957 -0.0188771 0.0934487 
0.0102043 -0.0188249 8.81313e-06 -4.23929e-05 -0.0188249 0.0933444 -4.40668e-05 0.000250362 8.81313e-06 -4.40668e-05 0.0102653 -0.0188698 -4.23929e-05 0.000250362 -0.0188698 0.0934604 
0.0101916 -0.0187851 4.72265e-06 -5.53915e-05 -0.0187851 0.0932128 -5.75571e-05 0.000286989 4.72265e-06 -5.75571e-05 0.0102483 -0.0188527 -5.53915e-05 0.000286989 -0.0188527 0.0933399 
0.0101842 -0.0187826 -1.37599e-05 -5.15261e-05 -0.0187826 0.0931931 -5.35056e-05 0.00029587 -1.37599e-05 -5.35056e-05 0.0102481 -0.018849 -5.15261e-05 0.00029587 -0.018849 0.0933392 
0.0101848 -0.0188189 -2.22033e-05 -2.69211e-05 -0.0188189 0.0933945 -3.15913e-05 0.000260001 -2.22033e-05 -3.15913e-05 0.0102895 -0.0188887 -2.69211e-05 0.000260001 -0.0188887 0.0935415 
0.0101913 -0.0187979 -2.86956e-05 -1.45193e-05 -0.0187979 0.0933821 -2.15236e-05 0.000222715 -2.86956e-05 -2.15236e-05 0.0102899 -0.0189148 -1.45193e-05 0.000222715 -0.0189148 0.0935956 
0.0101937 -0.0187677 -2.06866e-05 -6.52628e-06 -0.0187677 0.0932031 -1.3135e-05 0.000195579 -2.06866e-05 -1.3135e-05 0.0102628 -0.0188819 -6.52628e-06 0.000195579 -0.0188819 0.0934546 
0.0101845 -0.0187815 -2.38131e-05 -1.8244e-05 -0.0187815 0.0931808 -2.44097e-05 0.000205186 -2.38131e-05 -2.44097e-05 0.0102658 -0.0188551 -1.8244e-05 0.000205186 -0.0188551 0.0933705 
0.0101766 -0.0187522 -2.40441e-05 -1.57162e-05 -0.0187522 0.0930558 -2.06207e-05 0.000210102 -2.40441e-05 -2.06207e-05 0.0102531 -0.0188323 -1.57162e-05 0.000210102 -0.0188323 0.0932078 
0.0101923 -0.0187693 -2.36287e-05 -1.39472e-05 -0.0187693 0.0931044 -1.93148e-05 0.00020542 -2.36287e-05 -1.93148e-05 0.0102464 -0.0188418 -1.39472e-05 0.00020542 -0.0188418 0.093236 
0.0102089 -0.0187865 -2.53844e-05 -1.49782e-05 -0.0187865 0.0931427 -1.99943e-05 0.000204999 -2.53844e-05 -1.99943e-05 0.0102295 -0.0188302 -1.49782e-05 0.000204999 -0.0188302 0.0932155 
0.0102589 -0.0188872 -3.03781e-05 -1.59134e-05 -0.0188872 0.093588 -1.61422e-05 0.000205286 -3.03781e-05 -1.61422e-05 0.0102542 -0.01889 -1.59134e-05 0.000205286 -0.01889 0.0935671 
0.0102374 -0.018891 -2.78715e-05 -1.42074e-05 -0.018891 0.0935919 -7.54882e-06 0.000197383 -2.78715e-05 -7.54882e-06 0.0102623 -0.0188553 -1.42074e-05 0.000197383 -0.0188553 0.093461 
0.0102143 -0.0188324 -2.74784e-05 -1.81642e-05 -0.0188324 0.0933887 -8.86645e-06 0.000196458 -2.74784e-05 -8.86645e-06 0.0102491 -0.0188287 -1.81642e-05 0.000196458 -0.0188287 0.0932567 
0.0102129 -0.0188056 -8.67328e-06 -1.89768e-05 -0.0188056 0.0932608 -9.75078e-06 0.000199654 -8.67328e-06 -9.75078e-06 0.0102317 -0.0188191 -1.89768e-05 0.000199654 -0.0188191 0.0931726 
0.0102196 -0.0187959 -7.89474e-06 -3.7328e-05 -0.0187959 0.0931615 -3.23691e-05 0.000229771 -7.89474e-06 -3.23691e-05 0.0102036 -0.0187905 -3.7328e-05 0.000229771 -0.0187905 0.0930609 
0.0102575 -0.018873 -2.47975e-06 -3.86616e-05 -0.018873 0.0934656 -3.96327e-05 0.000256364 -2.47975e-06 -3.96327e-05 0.0102082 -0.01882 -3.86616e-05 0.000256364 -0.01882 0.0932736 
0.0102464 -0.0188959 1.28501e-05 -4.2129e-05 -0.0188959 0.0935506 -4.61733e-05 0.000269425 1.28501e-05 -4.61733e-05 0.0102137 -0.0187919 -4.2129e-05 0.000269425 -0.0187919 0.0932236 
0.0102447 -0.0188862 2.22862e-05 -6.01472e-05 -0.0188862 0.093586 -6.48105e-05 0.000301539 2.22862e-05 -6.48105e-05 0.0102111 -0.0187974 -6.01472e-05 0.000301539 -0.0187974 0.0932155 
0.0102429 -0.0188778 1.17736e-05 -7.11158e-05 -0.0188778 0.0935724 -7.56933e-05 0.000333084 1.17736e-05 -7.56933e-05 0.0102124 -0.0187942 -7.11158e-05 0.000333084 -0.0187942 0.0932102 
0.0102357 -0.0188302 1.16937e-05 -5.74017e-05 -0.0188302 0.0933455 -6.27485e-05 0.000323405 1.16937e-05 -6.27485e-05 0.0101821 -0.018754 -5.74017e-05 0.000323405 -0.018754 0.0930041 
0.0102212 -0.0188084 7.78053e-06 -5.65223e-05 -0.0188084 0.0931699 -6.01257e-05 0.000309635 7.78053e-06 -6.01257e-05 0.010164 -0.0187079 -5.65223e-05 0.000309635 -0.0187079 0.0928065 
0.01024 -0.0188257 -4.66606e-06 -5.34391e-05 -0.0188257 0.0932392 -5.36443e-05 0.000298545 -4.66606e-06 -5.36443e-05 0.0101672 -0.018725 -5.34391e-05 0.000298545 -0.018725 0.0928664 
0.0102583 -0.0188701 -1.50898e-05 -3.77657e-05 -0.0188701 0.0934036 -3.5563e-05 0.000266067 -1.50898e-05 -3.5563e-05 0.0101805 -0.0187481 -3.77657e-05 0.000266067 -0.0187481 0.0929971 
