0.00773289 0 7.38328e-05 0 0 0.0109492 0 0 7.38328e-05 0 0.00770709 0 0 0 0 0.0109492 
0.00943665 -0.0117112 7.12274e-05 -8.42753e-05 -0.0117112 0.0311159 -8.42753e-05 0.000161921 7.12274e-05 -8.42753e-05 0.00942815 -0.0117041 -8.42753e-05 0.000161921 -0.0117041 0.0311025 
0.00971679 -0.0180702 2.36564e-05 -5.80053e-06 -0.0180702 0.0666409 -5.80053e-06 -1.20112e-05 2.36564e-05 -5.80053e-06 0.00973308 -0.0181878 -5.80053e-06 -1.20112e-05 -0.0181878 0.0670527 
0.00914332 -0.0175327 -6.98523e-06 0.000135706 -0.0175327 0.0786039 0.000138911 -0.000730499 -6.98523e-06 0.000138911 0.00913671 -0.0177726 0.000135706 -0.000730499 -0.0177726 0.0798334 
0.00888357 -0.0165157 -1.42415e-05 0.000147698 -0.0165157 0.0794554 0.000150543 -0.00100926 -1.42415e-05 0.000150543 0.00885215 -0.0166917 0.000147698 -0.00100926 -0.0166917 0.0808358 
0.00867153 -0.0158911 -8.59643e-06 0.000113509 -0.0158911 0.0777962 0.000112244 -0.00084597 -8.59643e-06 0.000112244 0.00863988 -0.015969 0.000113509 -0.00084597 -0.015969 0.078785 
0.0084186 -0.0153914 -1.22772e-08 8.17352e-05 -0.0153914 0.075673 8.19229e-05 -0.000619746 -1.22772e-08 8.19229e-05 0.00840847 -0.0154345 8.17352e-05 -0.000619746 -0.0154345 0.076309 
0.0081653 -0.0149331 6.85698e-06 6.20744e-05 -0.0149331 0.0735897 6.60378e-05 -0.000470161 6.85698e-06 6.60378e-05 0.00818453 -0.0149935 6.20744e-05 -0.000470161 -0.0149935 0.0740807 
0.0111911 -0.0204329 6.77909e-06 7.76608e-05 -0.0204329 0.100843 8.21622e-05 -0.000559088 6.77909e-06 8.21622e-05 0.0112224 -0.0205722 7.76608e-05 -0.000559088 -0.0205722 0.101546 
0.0110466 -0.0201364 -2.80379e-06 8.61354e-05 -0.0201364 0.099368 8.56639e-05 -0.000537874 -2.80379e-06 8.56639e-05 0.0110557 -0.0202944 8.61354e-05 -0.000537874 -0.0202944 0.100134 
0.0109543 -0.0200062 -1.05686e-05 0.000101941 -0.0200062 0.0986406 9.87719e-05 -0.000562601 -1.05686e-05 9.87719e-05 0.0109832 -0.0201492 0.000101941 -0.000562601 -0.0201492 0.0994273 
0.0109028 -0.0199495 -1.57732e-05 0.000114797 -0.0199495 0.0983916 0.000111141 -0.00060186 -1.57732e-05 0.000111141 0.0109606 -0.0201148 0.000114797 -0.00060186 -0.0201148 0.099216 
0.0108519 -0.0198463 -1.77961e-05 0.000119748 -0.0198463 0.0979681 0.000116057 -0.000622515 -1.77961e-05 0.000116057 0.0109158 -0.0200464 0.000119748 -0.000622515 -0.0200464 0.0988687 
0.0108537 -0.0198166 -1.4032e-05 0.000118911 -0.0198166 0.0978353 0.000115875 -0.000624799 -1.4032e-05 0.000115875 0.0108792 -0.0200242 0.000118911 -0.000624799 -0.0200242 0.0987822 
0.0108458 -0.0197908 -2.69688e-06 0.000113207 -0.0197908 0.0976429 0.000106162 -0.0006066 -2.69688e-06 0.000106162 0.0108377 -0.0199526 0.000113207 -0.0006066 -0.0199526 0.0985332 
0.0108442 -0.0197927 3.78425e-06 9.89004e-05 -0.0197927 0.0975935 8.37148e-05 -0.000562149 3.78425e-06 8.37148e-05 0.01082 -0.0199075 9.89004e-05 -0.000562149 -0.0199075 0.0983681 
0.0108565 -0.0198089 7.18159e-06 9.00086e-05 -0.0198089 0.0976495 7.13106e-05 -0.000520764 7.18159e-06 7.13106e-05 0.0108063 -0.0198997 9.00086e-05 -0.000520764 -0.0198997 0.0983334 
0.0108607 -0.019832 5.23146e-06 8.10084e-05 -0.019832 0.0977334 6.63669e-05 -0.000488416 5.23146e-06 6.63669e-05 0.0108039 -0.0198929 8.10084e-05 -0.000488416 -0.0198929 0.0983418 
0.0108364 -0.0198375 9.29163e-07 7.62982e-05 -0.0198375 0.0977768 6.99893e-05 -0.000470405 9.29163e-07 6.99893e-05 0.0108229 -0.0198884 7.62982e-05 -0.000470405 -0.0198884 0.098336 
0.0108142 -0.0198196 -7.64523e-06 7.59517e-05 -0.0198196 0.0978061 7.55893e-05 -0.000464075 -7.64523e-06 7.55893e-05 0.0108531 -0.0199232 7.59517e-05 -0.000464075 -0.0199232 0.09843 
0.0107988 -0.0197858 -7.60582e-06 8.51132e-05 -0.0197858 0.0977486 8.58085e-05 -0.000474425 -7.60582e-06 8.58085e-05 0.0108784 -0.0199599 8.51132e-05 -0.000474425 -0.0199599 0.0985289 
0.0107949 -0.0197801 3.67914e-06 8.61304e-05 -0.0197801 0.0977674 8.83719e-05 -0.000485523 3.67914e-06 8.83719e-05 0.0109053 -0.0200115 8.61304e-05 -0.000485523 -0.0200115 0.0987155 
0.0108103 -0.0197842 3.89487e-06 7.14699e-05 -0.0197842 0.0978202 7.90299e-05 -0.000472163 3.89487e-06 7.90299e-05 0.0109219 -0.0200566 7.14699e-05 -0.000472163 -0.0200566 0.0989034 
0.0108212 -0.0197694 -2.01278e-06 7.11489e-05 -0.0197694 0.0977175 8.19966e-05 -0.000466821 -2.01278e-06 8.19966e-05 0.0109115 -0.020047 7.11489e-05 -0.000466821 -0.020047 0.0988657 
0.0108152 -0.0197392 8.42345e-07 8.1539e-05 -0.0197392 0.0974785 8.98684e-05 -0.000483451 8.42345e-07 8.98684e-05 0.0108874 -0.0199893 8.1539e-05 -0.000483451 -0.0199893 0.098602 
0.0108421 -0.019793 1.52765e-05 8.21305e-05 -0.019793 0.0976531 8.90976e-05 -0.000499075 1.52765e-05 8.90976e-05 0.0108911 -0.020018 8.21305e-05 -0.000499075 -0.020018 0.098719 
0.0108617 -0.0198312 2.72645e-05 6.84021e-05 -0.0198312 0.097797 7.42669e-05 -0.000487633 2.72645e-05 7.42669e-05 0.0108899 -0.020021 6.84021e-05 -0.000487633 -0.020021 0.0987754 
0.0108823 -0.0198816 3.95616e-05 5.41603e-05 -0.0198816 0.0980145 6.04961e-05 -0.000460727 3.95616e-05 6.04961e-05 0.0109065 -0.0200373 5.41603e-05 -0.000460727 -0.0200373 0.0988899 
0.0109201 -0.0199629 3.36759e-05 4.0633e-05 -0.0199629 0.0984284 4.66986e-05 -0.000432193 3.36759e-05 4.66986e-05 0.0109457 -0.0201161 4.0633e-05 -0.000432193 -0.0201161 0.0992593 
0.0109324 -0.019965 2.31451e-05 4.8203e-05 -0.019965 0.0984754 5.32679e-05 -0.000431343 2.31451e-05 5.32679e-05 0.0109373 -0.0201234 4.8203e-05 -0.000431343 -0.0201234 0.0993031 
0.0109615 -0.0200061 4.1048e-06 6.2949e-05 -0.0200061 0.0986468 6.72061e-05 -0.000460074 4.1048e-06 6.72061e-05 0.0109458 -0.0201383 6.2949e-05 -0.000460074 -0.0201383 0.0994369 
0.0109794 -0.0200317 -3.82929e-06 8.77837e-05 -0.0200317 0.0987383 9.22145e-05 -0.000514711 -3.82929e-06 9.22145e-05 0.0109547 -0.0201392 8.77837e-05 -0.000514711 -0.0201392 0.0994671 
0.0109871 -0.0200425 -1.74319e-05 0.000100951 -0.0200425 0.0987585 0.00010628 -0.000564933 -1.74319e-05 0.00010628 0.0109513 -0.0201337 0.000100951 -0.000564933 -0.0201337 0.0994281 
0.0109755 -0.0200159 -1.63996e-05 0.00011948 -0.0200159 0.0985929 0.000124069 -0.00061319 -1.63996e-05 0.000124069 0.0109324 -0.0200845 0.00011948 -0.00061319 -0.0200845 0.0991934 
0.0109674 -0.0200314 -8.12729e-06 0.000121828 -0.0200314 0.098632 0.000124368 -0.000640852 -8.12729e-06 0.000124368 0.0109585 -0.0200839 0.000121828 -0.000640852 -0.0200839 0.0991666 
0.0109925 -0.0201016 -1.00016e-05 0.000111839 -0.0201016 0.099029 0.000114166 -0.000635308 -1.00016e-05 0.000114166 0.0110118 -0.0201998 0.000111839 -0.000635308 -0.0201998 0.0996121 
0.0109727 -0.0200515 -5.45299e-06 0.000111124 -0.0200515 0.0988703 0.000110642 -0.000620404 -5.45299e-06 0.000110642 0.0110097 -0.0202 0.000111124 -0.000620404 -0.0202 0.0995824 
0.0109792 -0.0200537 -3.96554e-06 0.000107922 -0.0200537 0.0989021 0.000102797 -0.000607323 -3.96554e-06 0.000102797 0.0110117 -0.0202349 0.000107922 -0.000607323 -0.0202349 0.0997369 
0.0109945 -0.0200728 -4.75825e-06 0.000109552 -0.0200728 0.0989933 9.94616e-05 -0.000601213 -4.75825e-06 9.94616e-05 0.0110103 -0.0202535 0.000109552 -0.000601213 -0.0202535 0.0998845 
0.0109962 -0.0200553 -9.80554e-06 0.000109159 -0.0200553 0.0988845 9.96445e-05 -0.000598298 -9.80554e-06 9.96445e-05 0.0109967 -0.0202089 0.000109159 -0.000598298 -0.0202089 0.0997428 
0.0109779 -0.0200227 7.78359e-06 0.000112861 -0.0200227 0.0986671 0.000106436 -0.00060377 7.78359e-06 0.000106436 0.0109791 -0.0201522 0.000112861 -0.00060377 -0.0201522 0.0994616 
0.0109467 -0.019996 1.6777e-05 9.1266e-05 -0.019996 0.098513 8.41993e-05 -0.000573078 1.6777e-05 8.41993e-05 0.0109773 -0.0201315 9.1266e-05 -0.000573078 -0.0201315 0.0992975 
0.0109161 -0.0199589 2.3679e-05 7.98995e-05 -0.0199589 0.0983802 7.02139e-05 -0.000533541 2.3679e-05 7.02139e-05 0.0109718 -0.0201313 7.98995e-05 -0.000533541 -0.0201313 0.0992284 
0.0108927 -0.0198944 9.20865e-06 6.93261e-05 -0.0198944 0.0981267 5.77743e-05 -0.00049553 9.20865e-06 5.77743e-05 0.010944 -0.0201026 6.93261e-05 -0.00049553 -0.0201026 0.0990689 
0.0108973 -0.0198749 -5.40538e-06 8.45388e-05 -0.0198749 0.098013 7.36754e-05 -0.000501021 -5.40538e-06 7.36754e-05 0.0109087 -0.0200806 8.45388e-05 -0.000501021 -0.0200806 0.0989958 
0.0108933 -0.0198767 -1.99864e-05 0.000101382 -0.0198767 0.0979483 9.66708e-05 -0.000540266 -1.99864e-05 9.66708e-05 0.0108845 -0.0200286 0.000101382 -0.000540266 -0.0200286 0.0988533 
0.0108822 -0.0198821 -1.6682e-05 0.000115995 -0.0198821 0.0979586 0.000117474 -0.000584564 -1.6682e-05 0.000117474 0.0108733 -0.0200029 0.000115995 -0.000584564 -0.0200029 0.0987639 
0.0108814 -0.0198603 5.9491e-06 0.000108858 -0.0198603 0.0978952 0.000112576 -0.000590488 5.9491e-06 0.000112576 0.010844 -0.0199751 0.000108858 -0.000590488 -0.0199751 0.0986454 
0.0108547 -0.0198213 8.77084e-06 7.61856e-05 -0.0198213 0.0976774 8.38342e-05 -0.000535538 8.77084e-06 8.38342e-05 0.0108054 -0.019902 7.61856e-05 -0.000535538 -0.019902 0.0983579 
0.010814 -0.0197717 1.06213e-05 6.85611e-05 -0.0197717 0.0974372 7.79517e-05 -0.000490994 1.06213e-05 7.79517e-05 0.0107918 -0.0198286 6.85611e-05 -0.000490994 -0.0198286 0.0980332 
0.0107927 -0.019762 5.56122e-06 6.68144e-05 -0.019762 0.0974447 7.57629e-05 -0.000474125 5.56122e-06 7.57629e-05 0.0108163 -0.0198487 6.68144e-05 -0.000474125 -0.0198487 0.0980469 
0.0108058 -0.0198002 -1.22677e-05 7.6231e-05 -0.0198002 0.0977255 8.16875e-05 -0.000482969 -1.22677e-05 8.16875e-05 0.010866 -0.0199476 7.6231e-05 -0.000482969 -0.0199476 0.0984388 
0.0108108 -0.0197674 -1.33422e-05 0.000102399 -0.0197674 0.097646 0.000100233 -0.000522941 -1.33422e-05 0.000100233 0.0108591 -0.0199671 0.000102399 -0.000522941 -0.0199671 0.0984998 
0.0107952 -0.0197536 -1.48427e-05 0.000106304 -0.0197536 0.0975287 0.000102374 -0.000549139 -1.48427e-05 0.000102374 0.0108542 -0.0199411 0.000106304 -0.000549139 -0.0199411 0.0984229 
0.010818 -0.019781 -1.74366e-05 0.00010616 -0.019781 0.0976772 0.000106499 -0.000560615 -1.74366e-05 0.000106499 0.010849 -0.0199761 0.00010616 -0.000560615 -0.0199761 0.0985824 
0.0108017 -0.0197738 -2.38072e-05 0.000107196 -0.0197738 0.0976152 0.000114261 -0.00057162 -2.38072e-05 0.000114261 0.010836 -0.0199319 0.000107196 -0.00057162 -0.0199319 0.0984646 
0.0108149 -0.0197612 -2.4745e-05 0.000113123 -0.0197612 0.097588 0.000124768 -0.000590818 -2.4745e-05 0.000124768 0.01081 -0.0199141 0.000113123 -0.000590818 -0.0199141 0.0983847 
0.0108064 -0.0197235 -1.74903e-05 0.000115736 -0.0197235 0.0973347 0.000127435 -0.000605946 -1.74903e-05 0.000127435 0.0107566 -0.0198251 0.000115736 -0.000605946 -0.0198251 0.0980285 
0.0107934 -0.0197091 -1.25289e-05 0.000108332 -0.0197091 0.0971747 0.000114236 -0.000594296 -1.25289e-05 0.000114236 0.0107205 -0.0197435 0.000108332 -0.000594296 -0.0197435 0.0976976 
0.0107767 -0.0196935 -5.66103e-06 0.000101831 -0.0196935 0.0970685 0.000104 -0.000570842 -5.66103e-06 0.000104 0.0106981 -0.0196918 0.000101831 -0.000570842 -0.0196918 0.0974479 
0.0107541 -0.0196741 -1.89793e-05 9.11925e-05 -0.0196741 0.0969837 9.30729e-05 -0.000541702 -1.89793e-05 9.30729e-05 0.0106836 -0.0196623 9.11925e-05 -0.000541702 -0.0196623 0.0972871 
0.0107295 -0.0196161 -1.43476e-05 0.000103815 -0.0196161 0.0967459 0.000105211 -0.000542252 -1.43476e-05 0.000105211 0.0106549 -0.0196144 0.000103815 -0.000542252 -0.0196144 0.097037 
0.0107421 -0.0196218 -2.07971e-06 0.00010128 -0.0196218 0.0967644 9.90175e-05 -0.000541914 -2.07971e-06 9.90175e-05 0.0106537 -0.019619 0.00010128 -0.000541914 -0.019619 0.0970583 
0.0107453 -0.019668 1.22075e-05 8.56996e-05 -0.019668 0.0969409 8.15739e-05 -0.000511 1.22075e-05 8.15739e-05 0.01069 -0.0196402 8.56996e-05 -0.000511 -0.0196402 0.0971853 
0.010758 -0.0197219 1.76663e-05 6.60083e-05 -0.0197219 0.0972719 6.4008e-05 -0.000466376 1.76663e-05 6.4008e-05 0.0107377 -0.0197315 6.60083e-05 -0.000466376 -0.0197315 0.0975426 
0.0107416 -0.0197014 1.65191e-05 5.77755e-05 -0.0197014 0.0972709 6.04871e-05 -0.000437091 1.65191e-05 6.04871e-05 0.010764 -0.0197591 5.77755e-05 -0.000437091 -0.0197591 0.0976426 
0.0107566 -0.019713 1.67404e-05 6.03684e-05 -0.019713 0.0974063 6.58246e-05 -0.000437962 1.67404e-05 6.58246e-05 0.0107969 -0.0198307 6.03684e-05 -0.000437962 -0.0198307 0.0979254 
0.0107475 -0.019696 3.63582e-06 6.27164e-05 -0.019696 0.097332 6.50353e-05 -0.000443314 3.63582e-06 6.50353e-05 0.0108093 -0.0198415 6.27164e-05 -0.000443314 -0.0198415 0.0979647 
0.0107449 -0.0196488 1.13226e-06 7.84126e-05 -0.0196488 0.0971229 7.55909e-05 -0.000461179 1.13226e-06 7.55909e-05 0.0107728 -0.0198341 7.84126e-05 -0.000461179 -0.0198341 0.0978769 
0.0107351 -0.0195919 5.73256e-06 8.2587e-05 -0.0195919 0.0967681 7.64443e-05 -0.000473203 5.73256e-06 7.64443e-05 0.0107067 -0.0197456 8.2587e-05 -0.000473203 -0.0197456 0.0975391 
0.01071 -0.01954 1.21689e-05 7.86327e-05 -0.01954 0.0963883 7.04306e-05 -0.000468634 1.21689e-05 7.04306e-05 0.0106383 -0.0196184 7.86327e-05 -0.000468634 -0.0196184 0.0970333 
0.0106952 -0.0195393 1.98256e-05 7.05067e-05 -0.0195393 0.0963029 5.87518e-05 -0.000447382 1.98256e-05 5.87518e-05 0.010624 -0.019556 7.05067e-05 -0.000447382 -0.019556 0.0967828 
0.0106741 -0.0195281 1.16683e-05 6.00849e-05 -0.0195281 0.0962518 4.86552e-05 -0.000419276 1.16683e-05 4.86552e-05 0.0106277 -0.0195354 6.00849e-05 -0.000419276 -0.0195354 0.0966369 
0.0106586 -0.0195283 -3.00335e-06 6.59962e-05 -0.0195283 0.0963118 5.8645e-05 -0.000417387 -3.00335e-06 5.8645e-05 0.0106499 -0.0195718 6.59962e-05 -0.000417387 -0.0195718 0.0967322 
0.0106632 -0.0195277 -6.81172e-06 8.00013e-05 -0.0195277 0.0963952 7.74241e-05 -0.000442852 -6.81172e-06 7.74241e-05 0.010666 -0.0196204 8.00013e-05 -0.000442852 -0.0196204 0.0969207 
0.0106879 -0.0195385 -1.25414e-05 8.36434e-05 -0.0195385 0.096468 8.28368e-05 -0.000461038 -1.25414e-05 8.28368e-05 0.0106647 -0.0196466 8.36434e-05 -0.000461038 -0.0196466 0.0970685 
0.0107156 -0.0195761 -7.50827e-06 9.07852e-05 -0.0195761 0.0965899 8.7838e-05 -0.000474034 -7.50827e-06 8.7838e-05 0.0106616 -0.0196525 9.07852e-05 -0.000474034 -0.0196525 0.0971674 
0.0106975 -0.0195885 3.1014e-06 8.63287e-05 -0.0195885 0.0965974 8.2985e-05 -0.000473223 3.1014e-06 8.2985e-05 0.0106647 -0.0196258 8.63287e-05 -0.000473223 -0.0196258 0.0970917 
0.0107044 -0.0196047 7.0428e-07 7.21226e-05 -0.0196047 0.0967558 7.43098e-05 -0.000455656 7.0428e-07 7.43098e-05 0.0106818 -0.0196661 7.21226e-05 -0.000455656 -0.0196661 0.0972471 
0.0107152 -0.0196086 6.69572e-06 6.94927e-05 -0.0196086 0.0968177 7.99314e-05 -0.000447367 6.69572e-06 7.99314e-05 0.0106882 -0.0196861 6.94927e-05 -0.000447367 -0.0196861 0.0973499 
0.0107061 -0.0196066 5.06345e-06 6.17664e-05 -0.0196066 0.096794 7.5487e-05 -0.000439214 5.06345e-06 7.5487e-05 0.0106902 -0.0196758 6.17664e-05 -0.000439214 -0.0196758 0.0973268 
0.010678 -0.0195678 -4.95646e-06 6.47643e-05 -0.0195678 0.0966299 7.51831e-05 -0.000435669 -4.95646e-06 7.51831e-05 0.0106753 -0.0196415 6.47643e-05 -0.000435669 -0.0196415 0.0971495 
0.0106527 -0.019537 -1.25237e-05 8.15023e-05 -0.019537 0.0965222 8.54042e-05 -0.000457305 -1.25237e-05 8.54042e-05 0.0106826 -0.0196278 8.15023e-05 -0.000457305 -0.0196278 0.0970639 
0.0106867 -0.0195461 -1.78569e-05 9.20643e-05 -0.0195461 0.0966308 9.55554e-05 -0.000488402 -1.78569e-05 9.55554e-05 0.0106821 -0.0196827 9.20643e-05 -0.000488402 -0.0196827 0.09726 
0.0107291 -0.0196175 -1.7719e-05 9.94269e-05 -0.0196175 0.096893 0.000104325 -0.000515596 -1.7719e-05 0.000104325 0.010694 -0.019713 9.94269e-05 -0.000515596 -0.019713 0.0975043 
0.0107352 -0.0196371 -2.85427e-06 0.000101389 -0.0196371 0.0969321 0.000103688 -0.000528298 -2.85427e-06 0.000103688 0.0106812 -0.0196848 0.000101389 -0.000528298 -0.0196848 0.0974331 
0.0106983 -0.0195947 2.60159e-06 8.24193e-05 -0.0195947 0.0967093 8.09706e-05 -0.000496255 2.60159e-06 8.09706e-05 0.0106566 -0.0196116 8.24193e-05 -0.000496255 -0.0196116 0.0971036 
0.0106555 -0.0195378 9.70156e-06 6.91879e-05 -0.0195378 0.0964788 6.54894e-05 -0.000446694 9.70156e-06 6.54894e-05 0.0106481 -0.019571 6.91879e-05 -0.000446694 -0.019571 0.0968577 
0.0106079 -0.0194751 2.68804e-05 5.5617e-05 -0.0194751 0.096235 5.20775e-05 -0.000399147 2.68804e-05 5.20775e-05 0.0106525 -0.0195497 5.5617e-05 -0.000399147 -0.0195497 0.0966796 
0.0105916 -0.0194017 4.38822e-05 3.35501e-05 -0.0194017 0.0959673 3.00928e-05 -0.000342555 4.38822e-05 3.00928e-05 0.0106238 -0.0195512 3.35501e-05 -0.000342555 -0.0195512 0.0965742 
0.0105869 -0.019405 4.87989e-05 9.1526e-06 -0.019405 0.0959352 6.9432e-06 -0.000276103 4.87989e-05 6.9432e-06 0.0106143 -0.0195461 9.1526e-06 -0.000276103 -0.0195461 0.0966126 
0.0105749 -0.0193752 3.63461e-05 2.46302e-06 -0.0193752 0.0957952 -4.94451e-07 -0.000235647 3.63461e-05 -4.94451e-07 0.0105948 -0.0195051 2.46302e-06 -0.000235647 -0.0195051 0.0964615 
0.0105851 -0.0193827 2.76409e-05 2.05811e-05 -0.0193827 0.095815 1.62021e-05 -0.000249552 2.76409e-05 1.62021e-05 0.010583 -0.0194993 2.05811e-05 -0.000249552 -0.0194993 0.096448 
0.0105614 -0.0193628 2.10154e-05 3.27761e-05 -0.0193628 0.0956751 2.85956e-05 -0.000281478 2.10154e-05 2.85956e-05 0.0105689 -0.0194451 3.27761e-05 -0.000281478 -0.0194451 0.0962318 
0.0105556 -0.0193502 1.64561e-05 3.99257e-05 -0.0193502 0.0956463 3.44822e-05 -0.00030244 1.64561e-05 3.44822e-05 0.0105589 -0.0194415 3.99257e-05 -0.00030244 -0.0194415 0.0961753 
0.0105884 -0.0193714 3.40783e-06 4.43341e-05 -0.0193714 0.0957628 3.64228e-05 -0.000310438 3.40783e-06 3.64228e-05 0.0105467 -0.0194643 4.43341e-05 -0.000310438 -0.0194643 0.0963006 
0.0105992 -0.0193861 -9.3535e-07 6.08764e-05 -0.0193861 0.0957606 5.19355e-05 -0.000336681 -9.3535e-07 5.19355e-05 0.01053 -0.0194304 6.08764e-05 -0.000336681 -0.0194304 0.0962355 
0.010592 -0.0193479 -3.4375e-06 6.65828e-05 -0.0193479 0.0955234 6.04789e-05 -0.000362085 -3.4375e-06 6.04789e-05 0.0104831 -0.0193532 6.65828e-05 -0.000362085 -0.0193532 0.0958953 
0.0105822 -0.0193638 -3.17959e-06 6.63826e-05 -0.0193638 0.0955193 6.36055e-05 -0.00037147 -3.17959e-06 6.36055e-05 0.0104838 -0.0193205 6.63826e-05 -0.00037147 -0.0193205 0.0957778 
0.0105552 -0.0193459 -2.23235e-06 6.32633e-05 -0.0193459 0.0954621 6.41211e-05 -0.00037105 -2.23235e-06 6.41211e-05 0.0104946 -0.019313 6.32633e-05 -0.00037105 -0.019313 0.0956849 
0.0105409 -0.0193089 -5.73866e-06 6.2189e-05 -0.0193089 0.0953614 6.17546e-05 -0.000366048 -5.73866e-06 6.17546e-05 0.0104949 -0.0193275 6.2189e-05 -0.000366048 -0.0193275 0.095666 
0.0105436 -0.0193137 -4.34947e-06 6.72538e-05 -0.0193137 0.0953961 6.39853e-05 -0.000367852 -4.34947e-06 6.39853e-05 0.0105001 -0.0193541 6.72538e-05 -0.000367852 -0.0193541 0.0957832 
0.0105435 -0.0193206 -1.04243e-05 6.7177e-05 -0.0193206 0.0954435 6.32881e-05 -0.00036987 -1.04243e-05 6.32881e-05 0.0105054 -0.0193673 6.7177e-05 -0.00036987 -0.0193673 0.0958732 
0.010558 -0.0193289 -1.67275e-05 7.38752e-05 -0.0193289 0.0955068 6.86522e-05 -0.000378903 -1.67275e-05 6.86522e-05 0.0105015 -0.0193801 7.38752e-05 -0.000378903 -0.0193801 0.0959553 
0.0105693 -0.0193563 -1.35615e-05 7.99993e-05 -0.0193563 0.095612 7.42995e-05 -0.000389413 -1.35615e-05 7.42995e-05 0.0105089 -0.0193831 7.99993e-05 -0.000389413 -0.0193831 0.0960282 
0.0105939 -0.0193972 -1.20526e-05 7.48634e-05 -0.0193972 0.0958209 6.96262e-05 -0.000384051 -1.20526e-05 6.96262e-05 0.0105304 -0.0194173 7.48634e-05 -0.000384051 -0.0194173 0.0962048 
0.0105887 -0.01938 7.05058e-06 7.13838e-05 -0.01938 0.0957284 6.84262e-05 -0.000373334 7.05058e-06 6.84262e-05 0.0105225 -0.0193944 7.13838e-05 -0.000373334 -0.0193944 0.0960908 
0.0105781 -0.0193745 1.755e-05 4.85036e-05 -0.0193745 0.095682 4.82646e-05 -0.000339097 1.755e-05 4.82646e-05 0.0105237 -0.019387 4.85036e-05 -0.000339097 -0.019387 0.0960376 
0.0105381 -0.0193171 1.57031e-05 3.50493e-05 -0.0193171 0.0954192 3.55376e-05 -0.000301023 1.57031e-05 3.55376e-05 0.0105145 -0.0193451 3.50493e-05 -0.000301023 -0.0193451 0.0957981 
0.0105231 -0.0192621 1.32528e-05 3.91242e-05 -0.0192621 0.0951954 3.56995e-05 -0.000290937 1.32528e-05 3.56995e-05 0.01049 -0.0193345 3.91242e-05 -0.000290937 -0.0193345 0.0956654 
0.0105118 -0.0192246 2.16346e-05 4.41717e-05 -0.0192246 0.0949681 3.55952e-05 -0.000292904 2.16346e-05 3.55952e-05 0.0104575 -0.0192889 4.41717e-05 -0.000292904 -0.0192889 0.0954759 
0.0105057 -0.0192099 2.24433e-05 3.18367e-05 -0.0192099 0.0948362 2.45984e-05 -0.000274776 2.24433e-05 2.45984e-05 0.0104282 -0.0192455 3.18367e-05 -0.000274776 -0.0192455 0.0953032 
0.0104844 -0.0191817 2.802e-05 2.39667e-05 -0.0191817 0.0946551 2.29176e-05 -0.000251103 2.802e-05 2.29176e-05 0.0103981 -0.0191823 2.39667e-05 -0.000251103 -0.0191823 0.095037 
0.0104945 -0.0192409 2.90041e-05 1.30799e-05 -0.0192409 0.09494 2.02764e-05 -0.000232428 2.90041e-05 2.02764e-05 0.0104334 -0.0192239 1.30799e-05 -0.000232428 -0.0192239 0.0952503 
0.0104838 -0.019228 1.82804e-05 1.00311e-05 -0.019228 0.0949588 2.18737e-05 -0.000223089 1.82804e-05 2.18737e-05 0.0104466 -0.0192391 1.00311e-05 -0.000223089 -0.0192391 0.0952796 
0.0104998 -0.0192822 1.07264e-05 2.58178e-05 -0.0192822 0.0952777 3.59837e-05 -0.00024529 1.07264e-05 3.59837e-05 0.0105 -0.0193219 2.58178e-05 -0.00024529 -0.0193219 0.095654 
0.0105253 -0.0193221 2.72235e-06 3.77959e-05 -0.0193221 0.0955672 4.68329e-05 -0.000278968 2.72235e-06 4.68329e-05 0.0105423 -0.0194159 3.77959e-05 -0.000278968 -0.0194159 0.0960591 
0.0105089 -0.0192908 3.38155e-06 4.87964e-05 -0.0192908 0.0954484 5.80251e-05 -0.000310632 3.38155e-06 5.80251e-05 0.0105504 -0.01941 4.87964e-05 -0.000310632 -0.01941 0.0960382 
0.010526 -0.0193095 2.40989e-05 4.97776e-05 -0.0193095 0.0955708 5.56192e-05 -0.000323094 2.40989e-05 5.56192e-05 0.0105793 -0.0194654 4.97776e-05 -0.000323094 -0.0194654 0.096261 
0.0105151 -0.0192998 3.42918e-05 2.64198e-05 -0.0192998 0.0955148 2.86243e-05 -0.000288212 3.42918e-05 2.86243e-05 0.0105871 -0.0194731 2.64198e-05 -0.000288212 -0.0194731 0.0962786 
0.0105133 -0.0192755 3.65933e-05 1.27819e-05 -0.0192755 0.0954173 1.33216e-05 -0.000244151 3.65933e-05 1.33216e-05 0.010573 -0.0194697 1.27819e-05 -0.000244151 -0.0194697 0.0962383 
0.0105105 -0.0192454 3.0742e-05 1.04568e-05 -0.0192454 0.0952324 1.12322e-05 -0.000224915 3.0742e-05 1.12322e-05 0.0105335 -0.0194238 1.04568e-05 -0.000224915 -0.0194238 0.0960515 
0.0105015 -0.0192458 1.71678e-05 2.03601e-05 -0.0192458 0.095153 2.24811e-05 -0.000241461 1.71678e-05 2.24811e-05 0.0105034 -0.0193693 2.03601e-05 -0.000241461 -0.0193693 0.0958676 
0.0105372 -0.0192448 9.22171e-06 3.92567e-05 -0.0192448 0.0951409 4.24713e-05 -0.000284432 9.22171e-06 4.24713e-05 0.01045 -0.0193306 3.92567e-05 -0.000284432 -0.0193306 0.0957265 
0.0105778 -0.0193568 9.71408e-06 4.9364e-05 -0.0193568 0.0955297 5.12146e-05 -0.000320847 9.71408e-06 5.12146e-05 0.0104669 -0.0193249 4.9364e-05 -0.000320847 -0.0193249 0.0958709 
0.010564 -0.0193878 1.07485e-05 4.75341e-05 -0.0193878 0.0956862 4.56975e-05 -0.000324434 1.07485e-05 4.56975e-05 0.0104925 -0.0193161 4.75341e-05 -0.000324434 -0.0193161 0.0958332 
0.0105242 -0.0193279 3.18695e-06 4.64957e-05 -0.0193279 0.0955165 4.24886e-05 -0.000316541 3.18695e-06 4.24886e-05 0.0105051 -0.0193084 4.64957e-05 -0.000316541 -0.0193084 0.0956795 
0.0104911 -0.0192636 4.23338e-06 5.33741e-05 -0.0192636 0.095281 5.22527e-05 -0.000324424 4.23338e-06 5.22527e-05 0.010516 -0.0193132 5.33741e-05 -0.000324424 -0.0193132 0.0955845 
0.0104786 -0.0192199 -1.56053e-06 5.24527e-05 -0.0192199 0.095098 5.62126e-05 -0.000336033 -1.56053e-06 5.62126e-05 0.0105129 -0.0193269 5.24527e-05 -0.000336033 -0.0193269 0.095556 
0.01048 -0.0192173 -1.61498e-05 5.98309e-05 -0.0192173 0.095051 6.67571e-05 -0.000356195 -1.61498e-05 6.67571e-05 0.0105081 -0.0193339 5.98309e-05 -0.000356195 -0.0193339 0.095583 
0.0104858 -0.0192138 -1.6043e-05 7.80238e-05 -0.0192138 0.0950095 8.48707e-05 -0.000394655 -1.6043e-05 8.48707e-05 0.0104918 -0.0193234 7.80238e-05 -0.000394655 -0.0193234 0.095551 
0.010491 -0.0192291 -1.93085e-05 7.78891e-05 -0.0192291 0.0950421 8.27148e-05 -0.00041038 -1.93085e-05 8.27148e-05 0.0104865 -0.0193106 7.78891e-05 -0.00041038 -0.0193106 0.0955369 
0.0104909 -0.0192547 -1.05714e-05 8.24697e-05 -0.0192547 0.095162 8.602e-05 -0.000418876 -1.05714e-05 8.602e-05 0.010509 -0.0193245 8.24697e-05 -0.000418876 -0.0193245 0.0956159 
0.0104982 -0.0192741 -2.09106e-06 7.3987e-05 -0.0192741 0.0953115 7.42317e-05 -0.000407885 -2.09106e-06 7.42317e-05 0.0105429 -0.0193737 7.3987e-05 -0.000407885 -0.0193737 0.0957999 
0.0105109 -0.0192863 -6.77444e-07 6.64512e-05 -0.0192863 0.0954075 6.23517e-05 -0.000386421 -6.77444e-07 6.23517e-05 0.0105671 -0.0194215 6.64512e-05 -0.000386421 -0.0194215 0.0959803 
0.0105564 -0.0193445 -6.1771e-06 6.65414e-05 -0.0193445 0.0956914 6.11293e-05 -0.000379782 -6.1771e-06 6.11293e-05 0.0105883 -0.0194983 6.65414e-05 -0.000379782 -0.0194983 0.0963371 
0.0105837 -0.0193902 -1.23133e-05 7.74242e-05 -0.0193902 0.0958684 7.07273e-05 -0.000398858 -1.23133e-05 7.07273e-05 0.0105907 -0.0195222 7.74242e-05 -0.000398858 -0.0195222 0.0965184 
0.0105735 -0.0193727 -1.35372e-05 8.69431e-05 -0.0193727 0.0957579 8.12562e-05 -0.000428699 -1.35372e-05 8.12562e-05 0.0105689 -0.0194766 8.69431e-05 -0.000428699 -0.0194766 0.0963632 
0.0105386 -0.0193444 -1.50172e-05 8.60038e-05 -0.0193444 0.0956062 8.65126e-05 -0.000445899 -1.50172e-05 8.65126e-05 0.0105652 -0.0194299 8.60038e-05 -0.000445899 -0.0194299 0.096159 
0.0105367 -0.0193497 3.41792e-06 8.59144e-05 -0.0193497 0.0957073 8.99839e-05 -0.000454514 3.41792e-06 8.99839e-05 0.0105911 -0.0194727 8.59144e-05 -0.000454514 -0.0194727 0.0962995 
0.0105468 -0.0193431 4.54269e-06 6.10451e-05 -0.0193431 0.0957335 6.53468e-05 -0.000417006 4.54269e-06 6.53468e-05 0.0105931 -0.019507 6.10451e-05 -0.000417006 -0.019507 0.0964248 
0.0105709 -0.0193642 9.65813e-06 5.49096e-05 -0.0193642 0.0958173 6.09499e-05 -0.000383153 9.65813e-06 6.09499e-05 0.0105913 -0.0195231 5.49096e-05 -0.000383153 -0.0195231 0.0965501 
0.010582 -0.0193672 7.83342e-06 4.75944e-05 -0.0193672 0.0957746 5.39166e-05 -0.000359059 7.83342e-06 5.39166e-05 0.0105673 -0.0194896 4.75944e-05 -0.000359059 -0.0194896 0.0964539 
0.010582 -0.0193653 7.92717e-06 4.98552e-05 -0.0193653 0.0956922 5.531e-05 -0.000350733 7.92717e-06 5.531e-05 0.0105433 -0.0194342 4.98552e-05 -0.000350733 -0.0194342 0.0962474 
0.0105854 -0.0193848 5.5857e-06 4.9902e-05 -0.0193848 0.0957388 5.56879e-05 -0.000350849 5.5857e-06 5.56879e-05 0.0105289 -0.0194126 4.9902e-05 -0.000350849 -0.0194126 0.096157 
0.0105583 -0.0193147 8.97148e-06 5.21666e-05 -0.0193147 0.095388 5.64417e-05 -0.000350961 8.97148e-06 5.64417e-05 0.0104697 -0.0193114 5.21666e-05 -0.000350961 -0.0193114 0.095688 
0.0105422 -0.0193319 1.84478e-05 5.19511e-05 -0.0193319 0.0954196 5.11305e-05 -0.000349987 1.84478e-05 5.11305e-05 0.0104764 -0.0192896 5.19511e-05 -0.000349987 -0.0192896 0.0956118 
0.0104762 -0.0192519 2.01825e-05 4.22743e-05 -0.0192519 0.0951042 3.75933e-05 -0.000329611 2.01825e-05 3.75933e-05 0.0104819 -0.0192394 4.22743e-05 -0.000329611 -0.0192394 0.0952955 
0.0104935 -0.0192652 2.97398e-05 4.11183e-05 -0.0192652 0.0952961 3.50052e-05 -0.000317501 2.97398e-05 3.50052e-05 0.0105142 -0.019346 4.11183e-05 -0.000317501 -0.019346 0.0956527 
0.0104957 -0.0192712 3.46479e-05 2.9581e-05 -0.0192712 0.095352 2.14379e-05 -0.00029357 3.46479e-05 2.14379e-05 0.0105274 -0.0193848 2.9581e-05 -0.00029357 -0.0193848 0.0958607 
