0.00611826 0 1.65274e-05 0 0 0.00874621 0 0 1.65274e-05 0 0.0062061 0 0 0 0 0.00874621 
0.00936932 -0.0116327 2.17727e-05 -2.59464e-05 -0.0116327 0.0309578 -2.59464e-05 4.96886e-05 2.17727e-05 -2.59464e-05 0.00946472 -0.0117442 -2.59464e-05 4.96886e-05 -0.0117442 0.0311718 
0.00966502 -0.0180418 8.12382e-06 -1.25915e-05 -0.0180418 0.0665482 -1.25915e-05 3.3733e-05 8.12382e-06 -1.25915e-05 0.00967638 -0.0179868 -1.25915e-05 3.3733e-05 -0.0179868 0.0663145 
0.00915463 -0.0178296 -3.22439e-06 1.8686e-05 -0.0178296 0.0800944 1.63697e-05 -9.65876e-05 -3.22439e-06 1.63697e-05 0.00913183 -0.0174979 1.8686e-05 -9.65876e-05 -0.0174979 0.0783986 
0.00882263 -0.0167005 3.87521e-06 2.69285e-05 -0.0167005 0.0809348 2.05414e-05 -0.000145955 3.87521e-06 2.05414e-05 0.00884887 -0.0163692 2.69285e-05 -0.000145955 -0.0163692 0.0787035 
0.00860385 -0.0159599 6.7424e-06 1.14812e-05 -0.0159599 0.078863 6.10558e-06 -0.000111637 6.7424e-06 6.10558e-06 0.00865258 -0.015783 1.14812e-05 -0.000111637 -0.015783 0.0771218 
0.00841802 -0.015507 4.36938e-06 -1.41241e-07 -0.015507 0.0767828 4.84198e-07 -6.3788e-05 4.36938e-06 4.84198e-07 0.00845243 -0.0154125 -1.41241e-07 -6.3788e-05 -0.0154125 0.0756149 
0.00823287 -0.0151411 -4.42885e-06 -3.52118e-07 -0.0151411 0.0749143 6.78193e-06 -4.60801e-05 -4.42885e-06 6.78193e-06 0.008244 -0.0150407 -3.52118e-07 -4.60801e-05 -0.0150407 0.0740201 
0.00967064 -0.0178035 -9.65403e-06 1.31178e-05 -0.0178035 0.0880138 2.17572e-05 -7.03493e-05 -9.65403e-06 2.17572e-05 0.0096858 -0.0176371 1.31178e-05 -7.03493e-05 -0.0176371 0.0869746 
0.00951809 -0.0175067 -1.12728e-05 2.29164e-05 -0.0175067 0.0865394 2.72578e-05 -9.42682e-05 -1.12728e-05 2.72578e-05 0.00952602 -0.0173309 2.29164e-05 -9.42682e-05 -0.0173309 0.0854679 
0.00942634 -0.0173509 -1.51792e-05 2.80822e-05 -0.0173509 0.0857108 2.8839e-05 -0.000111209 -1.51792e-05 2.8839e-05 0.00944021 -0.0171622 2.80822e-05 -0.000111209 -0.0171622 0.0845965 
0.00934966 -0.0172397 -6.63017e-06 3.11763e-05 -0.0172397 0.0851443 3.23743e-05 -0.00012043 -6.63017e-06 3.23743e-05 0.0093826 -0.0170523 3.11763e-05 -0.00012043 -0.0170523 0.0840014 
0.00930415 -0.0171514 -3.60332e-07 1.66509e-05 -0.0171514 0.0847548 1.94784e-05 -9.86289e-05 -3.60332e-07 1.94784e-05 0.00933223 -0.0169893 1.66509e-05 -9.86289e-05 -0.0169893 0.083641 
0.00929438 -0.0171095 2.30789e-06 7.50744e-06 -0.0171095 0.0845545 8.82734e-06 -6.65654e-05 2.30789e-06 8.82734e-06 0.00929241 -0.0169501 7.50744e-06 -6.65654e-05 -0.0169501 0.0834735 
0.00928286 -0.0170968 7.51628e-06 5.14877e-06 -0.0170968 0.0844377 3.87937e-06 -4.76382e-05 7.51628e-06 3.87937e-06 0.00927565 -0.0169037 5.14877e-06 -4.76382e-05 -0.0169037 0.0833232 
0.00927677 -0.017084 7.57616e-06 -6.62045e-07 -0.017084 0.0843699 -8.44577e-07 -3.53915e-05 7.57616e-06 -8.44577e-07 0.00926178 -0.0168874 -6.62045e-07 -3.53915e-05 -0.0168874 0.0832347 
0.00924569 -0.0170719 8.41707e-06 1.46232e-06 -0.0170719 0.0843012 -6.44138e-08 -3.3726e-05 8.41707e-06 -6.44138e-08 0.00927922 -0.0168707 1.46232e-06 -3.3726e-05 -0.0168707 0.0831642 
0.00925241 -0.017069 1.04661e-05 3.57452e-06 -0.017069 0.0843817 -3.66636e-07 -3.89694e-05 1.04661e-05 -3.66636e-07 0.00929269 -0.0169283 3.57452e-06 -3.89694e-05 -0.0169283 0.0833412 
0.00923741 -0.0170618 3.23767e-06 3.59654e-06 -0.0170618 0.0843588 -1.47116e-06 -4.392e-05 3.23767e-06 -1.47116e-06 0.00929955 -0.016939 3.59654e-06 -4.392e-05 -0.016939 0.0834136 
0.0092417 -0.0170581 6.51083e-06 1.51112e-05 -0.0170581 0.084403 7.6463e-06 -6.4406e-05 6.51083e-06 7.6463e-06 0.00930126 -0.0169669 1.51112e-05 -6.4406e-05 -0.0169669 0.0835475 
0.00923207 -0.0170315 -1.33017e-06 1.49674e-05 -0.0170315 0.0842821 6.98295e-06 -7.9017e-05 -1.33017e-06 6.98295e-06 0.00928674 -0.016941 1.49674e-05 -7.9017e-05 -0.016941 0.0834737 
0.00919181 -0.0169299 -4.00723e-06 2.29546e-05 -0.0169299 0.0837739 1.61201e-05 -9.68131e-05 -4.00723e-06 1.61201e-05 0.00922598 -0.0168359 2.29546e-05 -9.68131e-05 -0.0168359 0.0829808 
0.0091569 -0.0168791 6.68704e-07 2.7892e-05 -0.0168791 0.0834632 1.94149e-05 -0.000113098 6.68704e-07 1.94149e-05 0.00919126 -0.0167635 2.7892e-05 -0.000113098 -0.0167635 0.0826458 
0.00914091 -0.0168781 1.76172e-05 2.49092e-05 -0.0168781 0.0834637 1.52108e-05 -0.000117235 1.76172e-05 1.52108e-05 0.0092081 -0.0167665 2.49092e-05 -0.000117235 -0.0167665 0.082642 
0.00913903 -0.0168604 1.85548e-05 3.50064e-06 -0.0168604 0.0834422 -4.97068e-06 -8.6248e-05 1.85548e-05 -4.97068e-06 0.00922285 -0.0167964 3.50064e-06 -8.6248e-05 -0.0167964 0.0827088 
0.00919564 -0.0169418 1.46003e-05 -2.43254e-07 -0.0169418 0.0838415 -6.00185e-06 -6.57137e-05 1.46003e-05 -6.00185e-06 0.00926188 -0.0169039 -2.43254e-07 -6.57137e-05 -0.0169039 0.083203 
0.00925507 -0.017046 4.87407e-06 4.91481e-06 -0.017046 0.0842977 3.14411e-06 -7.4763e-05 4.87407e-06 3.14411e-06 0.00929151 -0.0169805 4.91481e-06 -7.4763e-05 -0.0169805 0.0836472 
0.00931465 -0.0171629 -1.93769e-06 1.60773e-05 -0.0171629 0.0848352 1.92498e-05 -0.000105046 -1.93769e-06 1.92498e-05 0.00932605 -0.0170507 1.60773e-05 -0.000105046 -0.0170507 0.0840817 
0.00934023 -0.0172199 -7.37378e-06 2.54257e-05 -0.0172199 0.0851138 2.91934e-05 -0.000136343 -7.37378e-06 2.91934e-05 0.00934985 -0.0170706 2.54257e-05 -0.000136343 -0.0170706 0.0842471 
0.00936827 -0.0172458 -3.04921e-06 3.14347e-05 -0.0172458 0.0852654 3.445e-05 -0.000155926 -3.04921e-06 3.445e-05 0.00936275 -0.017091 3.14347e-05 -0.000155926 -0.017091 0.0843392 
0.00936984 -0.01723 1.38446e-05 2.65701e-05 -0.01723 0.0851357 2.83861e-05 -0.000154178 1.38446e-05 2.83861e-05 0.00934652 -0.0170504 2.65701e-05 -0.000154178 -0.0170504 0.0841458 
0.00939585 -0.017288 1.73015e-05 7.39265e-06 -0.017288 0.0853485 6.37359e-06 -0.000119006 1.73015e-05 6.37359e-06 0.00935936 -0.0170773 7.39265e-06 -0.000119006 -0.0170773 0.0842667 
0.00938443 -0.0172791 3.57841e-06 6.76251e-06 -0.0172791 0.085284 2.24319e-06 -9.9887e-05 3.57841e-06 2.24319e-06 0.00934105 -0.0170432 6.76251e-06 -9.9887e-05 -0.0170432 0.0841084 
0.00936355 -0.0172327 4.1522e-06 2.60487e-05 -0.0172327 0.0850699 2.05018e-05 -0.000126541 4.1522e-06 2.05018e-05 0.00930313 -0.0169886 2.60487e-05 -0.000126541 -0.0169886 0.0838408 
0.00934609 -0.0172087 1.58232e-06 2.87254e-05 -0.0172087 0.0849365 2.26085e-05 -0.000151199 1.58232e-06 2.26085e-05 0.00927943 -0.0169426 2.87254e-05 -0.000151199 -0.0169426 0.0836519 
0.00931568 -0.0171557 2.63734e-06 2.97807e-05 -0.0171557 0.0846868 2.24643e-05 -0.000156812 2.63734e-06 2.24643e-05 0.00925423 -0.0168839 2.97807e-05 -0.000156812 -0.0168839 0.08337 
0.00930244 -0.017117 -8.4286e-07 2.87124e-05 -0.017117 0.0845111 1.94618e-05 -0.000153188 -8.4286e-07 1.94618e-05 0.0092363 -0.0168573 2.87124e-05 -0.000153188 -0.0168573 0.0832111 
0.00931382 -0.0171498 6.90769e-06 3.19696e-05 -0.0171498 0.0846534 2.26478e-05 -0.0001549 6.90769e-06 2.26478e-05 0.00925392 -0.0168928 3.19696e-05 -0.0001549 -0.0168928 0.0833783 
0.00930041 -0.0171486 2.13162e-06 2.26038e-05 -0.0171486 0.0846721 1.60954e-05 -0.000146618 2.13162e-06 1.60954e-05 0.00927842 -0.016907 2.26038e-05 -0.000146618 -0.016907 0.0834439 
0.00927588 -0.0171069 -5.02047e-06 2.64218e-05 -0.0171069 0.0845362 2.25208e-05 -0.000148924 -5.02047e-06 2.25208e-05 0.00928692 -0.0169181 2.64218e-05 -0.000148924 -0.0169181 0.0834222 
0.00926258 -0.0170945 -2.11939e-05 3.52999e-05 -0.0170945 0.084517 3.35975e-05 -0.000170335 -2.11939e-05 3.35975e-05 0.00930597 -0.0169514 3.52999e-05 -0.000170335 -0.0169514 0.0835367 
0.00927082 -0.0171114 -2.11741e-05 5.45095e-05 -0.0171114 0.0846541 5.62783e-05 -0.000214821 -2.11741e-05 5.62783e-05 0.00933704 -0.0170128 5.45095e-05 -0.000214821 -0.0170128 0.0838046 
0.00926384 -0.0170917 -2.01861e-05 5.43145e-05 -0.0170917 0.0845919 5.87274e-05 -0.00023958 -2.01861e-05 5.87274e-05 0.00934035 -0.0170241 5.43145e-05 -0.00023958 -0.0170241 0.0838487 
0.00925155 -0.0170632 -1.31571e-05 5.11705e-05 -0.0170632 0.0844556 5.43192e-05 -0.0002366 -1.31571e-05 5.43192e-05 0.00932701 -0.0170067 5.11705e-05 -0.0002366 -0.0170067 0.0837708 
0.00925862 -0.017053 2.5611e-06 4.33636e-05 -0.017053 0.0844062 4.34281e-05 -0.000218052 2.5611e-06 4.34281e-05 0.00930847 -0.0170012 4.33636e-05 -0.000218052 -0.0170012 0.083754 
0.00926812 -0.0170544 3.91038e-06 2.64958e-05 -0.0170544 0.0843661 2.34802e-05 -0.000182638 3.91038e-06 2.34802e-05 0.0092791 -0.0169739 2.64958e-05 -0.000182638 -0.0169739 0.0836858 
0.00925906 -0.0170452 1.16794e-05 2.42229e-05 -0.0170452 0.0842594 1.86172e-05 -0.000156616 1.16794e-05 1.86172e-05 0.00924988 -0.0169128 2.42229e-05 -0.000156616 -0.0169128 0.0834784 
0.00923124 -0.0170286 6.88333e-06 1.56236e-05 -0.0170286 0.0841556 1.03791e-05 -0.000137609 6.88333e-06 1.03791e-05 0.00923884 -0.0168605 1.56236e-05 -0.000137609 -0.0168605 0.083259 
0.00919548 -0.01697 9.42716e-06 2.08511e-05 -0.01697 0.0839248 1.83568e-05 -0.000139334 9.42716e-06 1.83568e-05 0.00922139 -0.016818 2.08511e-05 -0.000139334 -0.016818 0.0830022 
0.00917361 -0.0169185 -2.4037e-06 1.92174e-05 -0.0169185 0.0837129 1.69888e-05 -0.000143074 -2.4037e-06 1.69888e-05 0.00920204 -0.0167941 1.92174e-05 -0.000143074 -0.0167941 0.0828407 
0.00915514 -0.0168783 -5.27147e-06 2.93667e-05 -0.0168783 0.0835092 3.03296e-05 -0.000158512 -5.27147e-06 3.03296e-05 0.00918044 -0.0167604 2.93667e-05 -0.000158512 -0.0167604 0.0826751 
0.00912324 -0.016809 1.32327e-05 2.85578e-05 -0.016809 0.0831438 3.55052e-05 -0.000168674 1.32327e-05 3.55052e-05 0.00913743 -0.0166818 2.85578e-05 -0.000168674 -0.0166818 0.0823024 
0.00910771 -0.0168058 3.33141e-05 2.85225e-06 -0.0168058 0.0830926 1.32772e-05 -0.000132145 3.33141e-05 1.32772e-05 0.00913224 -0.0166661 2.85225e-06 -0.000132145 -0.0166661 0.0822241 
0.00910903 -0.0168151 3.93633e-05 -2.58492e-05 -0.0168151 0.0831836 -1.64522e-05 -6.02487e-05 3.93633e-05 -1.64522e-05 0.00914995 -0.016695 -2.58492e-05 -6.02487e-05 -0.016695 0.0823403 
0.00909248 -0.0167873 2.70198e-05 -3.39907e-05 -0.0167873 0.0830896 -2.75829e-05 -1.06993e-05 2.70198e-05 -2.75829e-05 0.0091525 -0.0166991 -3.39907e-05 -1.06993e-05 -0.0166991 0.0823306 
0.00909433 -0.0168028 1.08506e-05 -1.87217e-05 -0.0168028 0.083201 -1.40138e-05 -1.49528e-05 1.08506e-05 -1.40138e-05 0.00917641 -0.0167466 -1.87217e-05 -1.49528e-05 -0.0167466 0.0825423 
0.00909201 -0.0167774 1.00187e-05 2.65491e-06 -0.0167774 0.0831258 6.24369e-06 -5.41744e-05 1.00187e-05 6.24369e-06 0.00916979 -0.0167538 2.65491e-06 -5.41744e-05 -0.0167538 0.0825703 
0.00909019 -0.0167537 9.81832e-06 5.45412e-06 -0.0167537 0.0829906 7.33354e-06 -7.54299e-05 9.81832e-06 7.33354e-06 0.00914659 -0.016728 5.45412e-06 -7.54299e-05 -0.016728 0.0824811 
0.00908225 -0.0167362 1.02403e-05 5.84848e-06 -0.0167362 0.0828456 5.03212e-06 -7.71595e-05 1.02403e-05 5.03212e-06 0.0091166 -0.0166762 5.84848e-06 -7.71595e-05 -0.0166762 0.0822883 
0.00906847 -0.0167206 1.71413e-05 5.15806e-06 -0.0167206 0.0827268 5.04147e-06 -7.50551e-05 1.71413e-05 5.04147e-06 0.00909078 -0.016623 5.15806e-06 -7.50551e-05 -0.016623 0.082071 
0.00906708 -0.0167175 1.79261e-05 -1.78776e-06 -0.0167175 0.0827089 3.49934e-08 -6.77061e-05 1.79261e-05 3.49934e-08 0.00907692 -0.0166008 -1.78776e-06 -6.77061e-05 -0.0166008 0.0819731 
0.00909451 -0.0167443 8.27343e-06 -1.78763e-06 -0.0167443 0.0828424 -1.50567e-06 -6.29097e-05 8.27343e-06 -1.50567e-06 0.00907487 -0.0166181 -1.78763e-06 -6.29097e-05 -0.0166181 0.0820686 
0.00909752 -0.0167579 5.80392e-06 1.20066e-05 -0.0167579 0.0828592 8.59638e-06 -8.05484e-05 5.80392e-06 8.59638e-06 0.00907892 -0.0166001 1.20066e-05 -8.05484e-05 -0.0166001 0.0820303 
0.00910545 -0.0168025 -1.23824e-07 1.76605e-05 -0.0168025 0.0830702 1.09848e-05 -9.87472e-05 -1.23824e-07 1.09848e-05 0.00911644 -0.0166425 1.76605e-05 -9.87472e-05 -0.0166425 0.0822074 
0.00910588 -0.016822 2.82636e-06 2.52044e-05 -0.016822 0.0832297 1.87679e-05 -0.000117573 2.82636e-06 1.87679e-05 0.00915484 -0.0167009 2.52044e-05 -0.000117573 -0.0167009 0.0824203 
0.00909405 -0.0167724 6.32794e-06 2.18951e-05 -0.0167724 0.0830599 1.77275e-05 -0.000124482 6.32794e-06 1.77275e-05 0.00914324 -0.0167041 2.18951e-05 -0.000124482 -0.0167041 0.0823729 
0.00910485 -0.0167555 1.32426e-05 1.5376e-05 -0.0167555 0.082958 1.44444e-05 -0.000117871 1.32426e-05 1.44444e-05 0.00911997 -0.0166966 1.5376e-05 -0.000117871 -0.0166966 0.0823496 
0.009123 -0.0168132 9.43299e-06 6.61511e-06 -0.0168132 0.083154 6.67865e-06 -0.000102984 9.43299e-06 6.67865e-06 0.00913509 -0.0167105 6.61511e-06 -0.000102984 -0.0167105 0.0825001 
0.00913448 -0.0168425 -4.07292e-06 1.1997e-05 -0.0168425 0.0833102 1.1797e-05 -0.000104873 -4.07292e-06 1.1797e-05 0.00914648 -0.0167289 1.1997e-05 -0.000104873 -0.0167289 0.0826004 
0.00915146 -0.0168489 -2.3602e-06 3.08793e-05 -0.0168489 0.0833582 2.72026e-05 -0.000135755 -2.3602e-06 2.72026e-05 0.00914524 -0.0167288 3.08793e-05 -0.000135755 -0.0167288 0.0826127 
0.00916587 -0.0168925 5.74563e-06 3.53402e-05 -0.0168925 0.0835211 2.70776e-05 -0.000161259 5.74563e-06 2.70776e-05 0.00916595 -0.0167469 3.53402e-05 -0.000161259 -0.0167469 0.0827177 
0.00918864 -0.0169382 6.73358e-06 2.76044e-05 -0.0169382 0.0837615 1.78787e-05 -0.000159154 6.73358e-06 1.78787e-05 0.00918718 -0.0167972 2.76044e-05 -0.000159154 -0.0167972 0.0829306 
0.00915327 -0.0169001 -3.24069e-06 2.40807e-05 -0.0169001 0.0835839 1.60991e-05 -0.000150071 -3.24069e-06 1.60991e-05 0.00917834 -0.0167561 2.40807e-05 -0.000150071 -0.0167561 0.0827433 
0.00913592 -0.0168593 -5.85958e-06 3.35831e-05 -0.0168593 0.0834533 2.95097e-05 -0.000164237 -5.85958e-06 2.95097e-05 0.0091709 -0.0167497 3.35831e-05 -0.000164237 -0.0167497 0.0826606 
0.00912539 -0.0168292 -1.95102e-06 3.61967e-05 -0.0168292 0.0833235 3.50936e-05 -0.000181291 -1.95102e-06 3.50936e-05 0.00916248 -0.0167396 3.61967e-05 -0.000181291 -0.0167396 0.0825993 
0.00912375 -0.0168166 5.10702e-07 3.31238e-05 -0.0168166 0.083251 3.34234e-05 -0.000185845 5.10702e-07 3.34234e-05 0.00915322 -0.0167329 3.31238e-05 -0.000185845 -0.0167329 0.0825678 
0.0091253 -0.0168114 7.21189e-06 3.06243e-05 -0.0168114 0.0831985 3.33345e-05 -0.000187293 7.21189e-06 3.33345e-05 0.00914657 -0.0167174 3.06243e-05 -0.000187293 -0.0167174 0.0825146 
0.00910844 -0.0167992 1.32271e-05 2.21688e-05 -0.0167992 0.0831026 2.35804e-05 -0.000173656 1.32271e-05 2.35804e-05 0.0091342 -0.0166891 2.21688e-05 -0.000173656 -0.0166891 0.082383 
0.00910054 -0.0167867 1.16602e-05 1.44693e-05 -0.0167867 0.0830637 1.40955e-05 -0.000152098 1.16602e-05 1.40955e-05 0.00913138 -0.0166806 1.44693e-05 -0.000152098 -0.0166806 0.0823305 
0.00907761 -0.0167527 2.81451e-06 1.30404e-05 -0.0167527 0.0829074 1.44274e-05 -0.000138203 2.81451e-06 1.44274e-05 0.00912361 -0.016654 1.30404e-05 -0.000138203 -0.016654 0.0821854 
0.009063 -0.016725 -8.75206e-06 2.14641e-05 -0.016725 0.0827922 2.53412e-05 -0.000146691 -8.75206e-06 2.53412e-05 0.00912905 -0.0166453 2.14641e-05 -0.000146691 -0.0166453 0.0821062 
0.00908883 -0.0167406 -8.75583e-06 3.66052e-05 -0.0167406 0.0828769 4.04949e-05 -0.000176411 -8.75583e-06 4.04949e-05 0.00913783 -0.016689 3.66052e-05 -0.000176411 -0.016689 0.0822554 
0.00911981 -0.0168042 -1.75412e-05 3.97114e-05 -0.0168042 0.0831172 4.13327e-05 -0.000194622 -1.75412e-05 4.13327e-05 0.00915805 -0.0167308 3.97114e-05 -0.000194622 -0.0167308 0.0824911 
0.00916064 -0.0168996 -1.77963e-05 5.12827e-05 -0.0168996 0.0835584 5.12434e-05 -0.000216342 -1.77963e-05 5.12434e-05 0.00920197 -0.0168016 5.12827e-05 -0.000216342 -0.0168016 0.0828688 
0.00919922 -0.0169764 -1.04729e-05 5.45106e-05 -0.0169764 0.0839676 5.23053e-05 -0.000232659 -1.04729e-05 5.23053e-05 0.00924088 -0.016877 5.45106e-05 -0.000232659 -0.016877 0.0832369 
0.00923279 -0.0170219 -1.64092e-07 4.56825e-05 -0.0170219 0.084224 4.24418e-05 -0.000223884 -1.64092e-07 4.24418e-05 0.00926085 -0.0169246 4.56825e-05 -0.000223884 -0.0169246 0.0834832 
0.00924835 -0.0170437 1.16028e-05 3.2935e-05 -0.0170437 0.0843213 2.86231e-05 -0.000195808 1.16028e-05 2.86231e-05 0.00927423 -0.0169357 3.2935e-05 -0.000195808 -0.0169357 0.0835689 
0.00923499 -0.0170269 2.39253e-05 1.80269e-05 -0.0170269 0.0842228 1.36881e-05 -0.000160338 2.39253e-05 1.36881e-05 0.00927429 -0.0169152 1.80269e-05 -0.000160338 -0.0169152 0.0834566 
0.00922234 -0.0170101 1.83066e-05 1.11086e-06 -0.0170101 0.0841507 1.48634e-06 -0.000124246 1.83066e-05 1.48634e-06 0.0092771 -0.0169137 1.11086e-06 -0.000124246 -0.0169137 0.0834002 
0.00923697 -0.0170365 5.08043e-06 4.75742e-06 -0.0170365 0.0842962 8.71562e-06 -0.000115767 5.08043e-06 8.71562e-06 0.00929794 -0.0169577 4.75742e-06 -0.000115767 -0.0169577 0.0835795 
0.00920953 -0.0170047 1.29528e-05 2.11946e-05 -0.0170047 0.0841379 2.73738e-05 -0.000145623 1.29528e-05 2.73738e-05 0.00929384 -0.0169267 2.11946e-05 -0.000145623 -0.0169267 0.0834295 
0.00917659 -0.0169284 1.39232e-05 1.38925e-05 -0.0169284 0.0837997 1.98471e-05 -0.000152188 1.39232e-05 1.98471e-05 0.00926904 -0.016875 1.38925e-05 -0.000152188 -0.016875 0.083123 
0.00917937 -0.0169125 4.79093e-06 1.19607e-05 -0.0169125 0.0837058 1.70564e-05 -0.000144995 4.79093e-06 1.70564e-05 0.00925767 -0.0168733 1.19607e-05 -0.000144995 -0.0168733 0.0830698 
0.00921172 -0.0169667 -1.74627e-06 2.45635e-05 -0.0169667 0.0839176 2.64586e-05 -0.000160069 -1.74627e-06 2.64586e-05 0.00926133 -0.016911 2.45635e-05 -0.000160069 -0.016911 0.0832721 
0.00922714 -0.0169591 -5.72892e-06 3.54587e-05 -0.0169591 0.0838368 3.29582e-05 -0.000183115 -5.72892e-06 3.29582e-05 0.00921757 -0.0168645 3.54587e-05 -0.000183115 -0.0168645 0.0831191 
0.00924489 -0.0170069 -2.94165e-06 4.18173e-05 -0.0170069 0.0839691 3.64567e-05 -0.000200794 -2.94165e-06 3.64567e-05 0.00919995 -0.0168372 4.18173e-05 -0.000200794 -0.0168372 0.0830954 
0.00925767 -0.0170349 3.54376e-06 4.04311e-05 -0.0170349 0.0840881 3.52427e-05 -0.000208738 3.54376e-06 3.52427e-05 0.00918957 -0.0168155 4.04311e-05 -0.000208738 -0.0168155 0.0830566 
0.00925957 -0.0170323 1.2025e-05 3.24211e-05 -0.0170323 0.0840762 2.68557e-05 -0.000197641 1.2025e-05 2.68557e-05 0.00917717 -0.0167881 3.24211e-05 -0.000197641 -0.0167881 0.0829511 
0.00923077 -0.0170134 9.31e-06 1.9447e-05 -0.0170134 0.0839737 1.44062e-05 -0.000169369 9.31e-06 1.44062e-05 0.00918202 -0.016759 1.9447e-05 -0.000169369 -0.016759 0.0828108 
0.0091956 -0.0169523 8.05975e-06 2.28503e-05 -0.0169523 0.0837425 1.76586e-05 -0.000160539 8.05975e-06 1.76586e-05 0.00917843 -0.0167403 2.28503e-05 -0.000160539 -0.0167403 0.0826371 
0.00919891 -0.0169465 9.02409e-06 2.55021e-05 -0.0169465 0.0837492 1.80137e-05 -0.00016222 9.02409e-06 1.80137e-05 0.00918379 -0.0167745 2.55021e-05 -0.00016222 -0.0167745 0.0827428 
0.00919598 -0.0169731 9.70528e-06 2.3057e-05 -0.0169731 0.083874 1.84968e-05 -0.000161981 9.70528e-06 1.84968e-05 0.00920872 -0.0168062 2.3057e-05 -0.000161981 -0.0168062 0.0829209 
0.00921485 -0.0169922 2.31879e-05 2.12608e-05 -0.0169922 0.0840439 1.94261e-05 -0.000161175 2.31879e-05 1.94261e-05 0.00922626 -0.0168598 2.12608e-05 -0.000161175 -0.0168598 0.083159 
0.0092112 -0.0169784 2.7285e-05 6.00699e-06 -0.0169784 0.0839835 4.5632e-06 -0.000139824 2.7285e-05 4.5632e-06 0.00923316 -0.0168525 6.00699e-06 -0.000139824 -0.0168525 0.0831538 
0.00923003 -0.0170079 3.16317e-05 1.85713e-06 -0.0170079 0.0841271 1.78894e-06 -0.000125508 3.16317e-05 1.78894e-06 0.00925763 -0.0168975 1.85713e-06 -0.000125508 -0.0168975 0.0833427 
0.00925884 -0.0170317 2.04908e-05 -1.91395e-07 -0.0170317 0.0842333 -1.72887e-06 -0.000122272 2.04908e-05 -1.72887e-06 0.00926255 -0.0169296 -1.91395e-07 -0.000122272 -0.0169296 0.0834861 
0.00928098 -0.0170824 9.13547e-06 1.74219e-05 -0.0170824 0.0844074 1.3088e-05 -0.000149506 9.13547e-06 1.3088e-05 0.00928181 -0.016945 1.74219e-05 -0.000149506 -0.016945 0.0836135 
0.009281 -0.017123 1.87613e-05 3.64987e-05 -0.017123 0.0845905 3.02188e-05 -0.000198809 1.87613e-05 3.02188e-05 0.00931854 -0.0169744 3.64987e-05 -0.000198809 -0.0169744 0.0837408 
0.0092957 -0.0171449 2.39609e-05 2.52384e-05 -0.0171449 0.0847756 2.07963e-05 -0.000208412 2.39609e-05 2.07963e-05 0.0093544 -0.0170387 2.52384e-05 -0.000208412 -0.0170387 0.0839669 
0.00929428 -0.0171432 3.00983e-05 1.54059e-05 -0.0171432 0.0847845 1.53024e-05 -0.000193645 3.00983e-05 1.53024e-05 0.0093696 -0.0170594 1.54059e-05 -0.000193645 -0.0170594 0.0840327 
0.00927978 -0.0171053 2.67657e-05 3.37449e-06 -0.0171053 0.0846048 6.98443e-06 -0.000169048 2.67657e-05 6.98443e-06 0.00935279 -0.0170362 3.37449e-06 -0.000169048 -0.0170362 0.0838873 
0.00927817 -0.0170628 1.48642e-05 4.6329e-06 -0.0170628 0.0843792 1.02677e-05 -0.000158954 1.48642e-05 1.02677e-05 0.0093056 -0.0169942 4.6329e-06 -0.000158954 -0.0169942 0.0836756 
0.00927186 -0.0170445 1.07185e-05 1.88641e-05 -0.0170445 0.0841917 2.58447e-05 -0.000179462 1.07185e-05 2.58447e-05 0.00925932 -0.0169206 1.88641e-05 -0.000179462 -0.0169206 0.0834046 
0.00926975 -0.0170673 6.40699e-06 2.58026e-05 -0.0170673 0.0842416 3.28126e-05 -0.000204381 6.40699e-06 3.28126e-05 0.0092473 -0.0168887 2.58026e-05 -0.000204381 -0.0168887 0.0833153 
0.00927335 -0.01714 6.42159e-06 3.08805e-05 -0.01714 0.0846239 3.70822e-05 -0.00022024 6.42159e-06 3.70822e-05 0.00930195 -0.0169458 3.08805e-05 -0.00022024 -0.0169458 0.0836093 
0.00923615 -0.0170694 -5.87147e-07 3.1749e-05 -0.0170694 0.084436 3.57309e-05 -0.000223591 -5.87147e-07 3.57309e-05 0.00930417 -0.0169412 3.1749e-05 -0.000223591 -0.0169412 0.083501 
0.00921569 -0.0169643 9.48e-06 3.85908e-05 -0.0169643 0.0839912 4.27974e-05 -0.000232086 9.48e-06 4.27974e-05 0.00924167 -0.0168929 3.85908e-05 -0.000232086 -0.0168929 0.0832066 
0.00921662 -0.0169424 7.66731e-06 2.59565e-05 -0.0169424 0.083779 2.78238e-05 -0.000213741 7.66731e-06 2.78238e-05 0.00918965 -0.016828 2.59565e-05 -0.000213741 -0.016828 0.0830012 
0.00922217 -0.0169273 5.96816e-06 2.49736e-05 -0.0169273 0.0836125 2.19904e-05 -0.000189962 5.96816e-06 2.19904e-05 0.00913572 -0.0167473 2.49736e-05 -0.000189962 -0.0167473 0.082717 
0.00923642 -0.0169475 1.40475e-05 2.63593e-05 -0.0169475 0.0836074 2.16911e-05 -0.000179501 1.40475e-05 2.16911e-05 0.00909767 -0.0166913 2.63593e-05 -0.000179501 -0.0166913 0.0825376 
0.00921482 -0.0169479 4.39537e-06 1.69399e-05 -0.0169479 0.0835383 1.24044e-05 -0.000161373 4.39537e-06 1.24044e-05 0.00907596 -0.0166235 1.69399e-05 -0.000161373 -0.0166235 0.0822855 
0.00916909 -0.0169173 -7.80452e-06 2.84817e-05 -0.0169173 0.0834333 2.38544e-05 -0.00016896 -7.80452e-06 2.38544e-05 0.00908476 -0.016589 2.84817e-05 -0.00016896 -0.016589 0.0820965 
0.00913375 -0.0168752 -3.80482e-06 4.70899e-05 -0.0168752 0.0833627 4.14576e-05 -0.000207297 -3.80482e-06 4.14576e-05 0.00911396 -0.0166182 4.70899e-05 -0.000207297 -0.0166182 0.0821194 
0.00910687 -0.0168097 7.94018e-06 4.27136e-05 -0.0168097 0.0831562 3.76808e-05 -0.000220409 7.94018e-06 3.76808e-05 0.0091103 -0.0166408 4.27136e-05 -0.000220409 -0.0166408 0.0821176 
0.00909665 -0.0167811 1.39724e-05 2.42181e-05 -0.0167811 0.0830431 2.15946e-05 -0.000191541 1.39724e-05 2.15946e-05 0.00910912 -0.0166491 2.42181e-05 -0.000191541 -0.0166491 0.0821636 
0.00908923 -0.0167723 1.81473e-05 1.27933e-05 -0.0167723 0.0830026 1.43253e-05 -0.000158924 1.81473e-05 1.43253e-05 0.00911501 -0.0166546 1.27933e-05 -0.000158924 -0.0166546 0.0822052 
0.00908341 -0.0167708 2.29745e-05 2.22526e-06 -0.0167708 0.0830127 6.50964e-06 -0.000127058 2.29745e-05 6.50964e-06 0.00913059 -0.0166689 2.22526e-06 -0.000127058 -0.0166689 0.0822678 
0.00907481 -0.0167522 1.28033e-05 -4.57204e-06 -0.0167522 0.0829551 1.46083e-06 -0.000103657 1.28033e-05 1.46083e-06 0.00914629 -0.016679 -4.57204e-06 -0.000103657 -0.016679 0.08228 
0.00909494 -0.0167545 8.09439e-06 9.36881e-06 -0.0167545 0.0829766 1.46499e-05 -0.000115205 8.09439e-06 1.46499e-05 0.00915151 -0.0167129 9.36881e-06 -0.000115205 -0.0167129 0.0823844 
0.00913674 -0.0168003 4.50784e-06 2.02039e-05 -0.0168003 0.0831327 2.22328e-05 -0.000142886 4.50784e-06 2.22328e-05 0.00914706 -0.0167436 2.02039e-05 -0.000142886 -0.0167436 0.0825556 
0.00917414 -0.0168968 -7.20511e-06 2.79018e-05 -0.0168968 0.0835112 2.78175e-05 -0.000167878 -7.20511e-06 2.78175e-05 0.00917486 -0.0167847 2.79018e-05 -0.000167878 -0.0167847 0.0828466 
0.00918565 -0.0169288 -1.26517e-05 4.25148e-05 -0.0169288 0.0836831 4.17411e-05 -0.000200124 -1.26517e-05 4.17411e-05 0.00919069 -0.0167995 4.25148e-05 -0.000200124 -0.0167995 0.082941 
0.00917521 -0.0169144 -3.36167e-06 5.25225e-05 -0.0169144 0.083638 5.02639e-05 -0.00023171 -3.36167e-06 5.02639e-05 0.00919869 -0.0167903 5.25225e-05 -0.00023171 -0.0167903 0.0828796 
0.00918316 -0.0169058 5.82243e-06 4.26246e-05 -0.0169058 0.0836118 4.05991e-05 -0.000231527 5.82243e-06 4.05991e-05 0.0091914 -0.0167993 4.26246e-05 -0.000231527 -0.0167993 0.0828729 
0.00919013 -0.016933 4.14928e-06 3.11479e-05 -0.016933 0.0836985 2.92086e-05 -0.000211201 4.14928e-06 2.92086e-05 0.00919991 -0.0168058 3.11479e-05 -0.000211201 -0.0168058 0.0829328 
0.00918764 -0.0169189 -1.30821e-07 3.39784e-05 -0.0169189 0.0836398 2.84821e-05 -0.000203213 -1.30821e-07 2.84821e-05 0.00918585 -0.0167904 3.39784e-05 -0.000203213 -0.0167904 0.0828471 
0.00918129 -0.016919 -5.58172e-06 4.23743e-05 -0.016919 0.0836209 3.42585e-05 -0.000216084 -5.58172e-06 3.42585e-05 0.00918003 -0.0167759 4.23743e-05 -0.000216084 -0.0167759 0.0827965 
0.00918135 -0.0169207 -1.79955e-05 5.16862e-05 -0.0169207 0.0836429 4.32822e-05 -0.000240203 -1.79955e-05 4.32822e-05 0.00917837 -0.0167754 5.16862e-05 -0.000240203 -0.0167754 0.0827958 
0.0091827 -0.0169492 -1.08356e-05 6.83788e-05 -0.0169492 0.0837897 5.99708e-05 -0.000279497 -1.08356e-05 5.99708e-05 0.00920688 -0.0167993 6.83788e-05 -0.000279497 -0.0167993 0.0829238 
0.00917042 -0.0169469 -1.66022e-05 6.45249e-05 -0.0169469 0.0838416 5.46709e-05 -0.000296266 -1.66022e-05 5.46709e-05 0.00923452 -0.0168301 6.45249e-05 -0.000296266 -0.0168301 0.083019 
0.00917047 -0.0169204 -1.99466e-05 6.81815e-05 -0.0169204 0.0837899 6.09952e-05 -0.000304902 -1.99466e-05 6.09952e-05 0.00924825 -0.0168578 6.81815e-05 -0.000304902 -0.0168578 0.0830848 
0.00918189 -0.016921 -9.29345e-06 6.81232e-05 -0.016921 0.0837714 6.80124e-05 -0.000314489 -9.29345e-06 6.80124e-05 0.00926415 -0.0168783 6.81232e-05 -0.000314489 -0.0168783 0.0831561 
0.00920905 -0.0169678 4.04748e-06 5.34766e-05 -0.0169678 0.0839477 5.78077e-05 -0.000300963 4.04748e-06 5.78077e-05 0.00928249 -0.0169285 5.34766e-05 -0.000300963 -0.0169285 0.0833667 
0.00921719 -0.0170055 8.57962e-06 3.54623e-05 -0.0170055 0.0841031 3.86702e-05 -0.000259901 8.57962e-06 3.86702e-05 0.00930622 -0.0169561 3.54623e-05 -0.000259901 -0.0169561 0.0835168 
0.00920775 -0.0170126 1.28127e-05 2.9392e-05 -0.0170126 0.0841691 3.08819e-05 -0.000229517 1.28127e-05 3.08819e-05 0.00932716 -0.0169759 2.9392e-05 -0.000229517 -0.0169759 0.083589 
0.00921037 -0.0170097 1.27319e-05 2.58682e-05 -0.0170097 0.0842282 2.65787e-05 -0.000214614 1.27319e-05 2.65787e-05 0.00933772 -0.0170151 2.58682e-05 -0.000214614 -0.0170151 0.0837235 
0.00920018 -0.0169393 3.10228e-05 2.46053e-05 -0.0169393 0.0839016 2.93274e-05 -0.000211193 3.10228e-05 2.93274e-05 0.00929249 -0.0169583 2.46053e-05 -0.000211193 -0.0169583 0.0834599 
0.00922605 -0.0169726 3.39452e-05 1.9296e-06 -0.0169726 0.0839637 1.00445e-05 -0.000181712 3.39452e-05 1.00445e-05 0.00927851 -0.0169487 1.9296e-06 -0.000181712 -0.0169487 0.0834765 
0.00927167 -0.0170451 2.95371e-05 -3.55941e-06 -0.0170451 0.0842405 3.51501e-06 -0.000153451 2.95371e-05 3.51501e-06 0.00928346 -0.0169664 -3.55941e-06 -0.000153451 -0.0169664 0.08363 
0.00928347 -0.0170937 2.54324e-05 5.50526e-06 -0.0170937 0.084405 7.93223e-06 -0.000156638 2.54324e-05 7.93223e-06 0.00928795 -0.0169556 5.50526e-06 -0.000156638 -0.0169556 0.0836367 
