0.00620376 0 4.6577e-05 0 0 0.00875923 0 0 4.6577e-05 0 0.00615401 0 0 0 0 0.00875923 
0.00945579 -0.0117336 6.0752e-05 -7.28213e-05 -0.0117336 0.0311585 -7.28213e-05 0.000139842 6.0752e-05 -7.28213e-05 0.00941724 -0.011692 -7.28213e-05 0.000139842 -0.011692 0.0310788 
0.00972079 -0.018035 3.54043e-05 -3.57465e-05 -0.018035 0.0665048 -3.57465e-05 9.6771e-05 3.54043e-05 -3.57465e-05 0.00971131 -0.0181817 -3.57465e-05 9.6771e-05 -0.0181817 0.0670301 
0.00910849 -0.0174777 5.52643e-06 4.5081e-05 -0.0174777 0.0782519 4.44865e-05 -0.000297616 5.52643e-06 4.44865e-05 0.00914987 -0.0178101 4.5081e-05 -0.000297616 -0.0178101 0.0800806 
0.00884237 -0.0164371 2.37917e-06 5.98819e-05 -0.0164371 0.0790435 6.06206e-05 -0.000453546 2.37917e-06 6.06206e-05 0.00888738 -0.0167715 5.98819e-05 -0.000453546 -0.0167715 0.081287 
0.00865428 -0.0158266 5.82037e-06 3.69276e-05 -0.0158266 0.0774971 4.2357e-05 -0.000370046 5.82037e-06 4.2357e-05 0.00867207 -0.0160745 3.69276e-05 -0.000370046 -0.0160745 0.0793273 
0.00842119 -0.0153603 1.75267e-06 2.21455e-05 -0.0153603 0.0755154 2.76296e-05 -0.000257638 1.75267e-06 2.76296e-05 0.00842501 -0.0155307 2.21455e-05 -0.000257638 -0.0155307 0.076836 
0.00816039 -0.014888 -6.17543e-06 2.59004e-05 -0.014888 0.0733541 2.96152e-05 -0.000203094 -6.17543e-06 2.96152e-05 0.00817204 -0.0150284 2.59004e-05 -0.000203094 -0.0150284 0.0743588 
0.00956248 -0.0174319 -1.1837e-05 4.64097e-05 -0.0174319 0.0860163 4.63358e-05 -0.000241771 -1.1837e-05 4.63358e-05 0.00959432 -0.0176189 4.64097e-05 -0.000241771 -0.0176189 0.0871059 
0.009412 -0.0171082 -8.33718e-06 5.79714e-05 -0.0171082 0.0844362 5.35147e-05 -0.000263751 -8.33718e-06 5.35147e-05 0.00942322 -0.0173252 5.79714e-05 -0.000263751 -0.0173252 0.0855521 
0.00933258 -0.0169651 -8.5108e-06 5.40671e-05 -0.0169651 0.0836112 4.95297e-05 -0.000268415 -8.5108e-06 4.95297e-05 0.00933693 -0.0171644 5.40671e-05 -0.000268415 -0.0171644 0.0847342 
0.00930539 -0.016944 3.30995e-06 5.14286e-05 -0.016944 0.0834364 5.0211e-05 -0.000266603 3.30995e-06 5.0211e-05 0.0093144 -0.017132 5.14286e-05 -0.000266603 -0.017132 0.0845379 
0.00930451 -0.0169699 9.95347e-06 3.63126e-05 -0.0169699 0.0835782 3.93614e-05 -0.000248346 9.95347e-06 3.93614e-05 0.00933241 -0.0171643 3.63126e-05 -0.000248346 -0.0171643 0.0846838 
0.00932331 -0.0170082 1.47087e-06 2.7862e-05 -0.0170082 0.0838247 3.31935e-05 -0.000227995 1.47087e-06 3.31935e-05 0.00935677 -0.0172273 2.7862e-05 -0.000227995 -0.0172273 0.0849742 
0.00931683 -0.017005 -1.50601e-05 4.05265e-05 -0.017005 0.0838449 4.68631e-05 -0.000245354 -1.50601e-05 4.68631e-05 0.00935677 -0.0172345 4.05265e-05 -0.000245354 -0.0172345 0.0850353 
0.00931288 -0.0169815 -2.12458e-05 6.2759e-05 -0.0169815 0.0837641 7.01863e-05 -0.000295217 -2.12458e-05 7.01863e-05 0.00934547 -0.0172143 6.2759e-05 -0.000295217 -0.0172143 0.0849655 
0.00931636 -0.0169916 -1.14071e-05 7.26783e-05 -0.0169916 0.083788 8.06057e-05 -0.000337538 -1.14071e-05 8.06057e-05 0.00934591 -0.017206 7.26783e-05 -0.000337538 -0.017206 0.0849513 
0.00932673 -0.0170103 1.16822e-05 6.00093e-05 -0.0170103 0.0838741 6.90901e-05 -0.000335238 1.16822e-05 6.90901e-05 0.00934781 -0.0172138 6.00093e-05 -0.000335238 -0.0172138 0.0849885 
0.00933372 -0.0170216 2.21548e-05 2.97333e-05 -0.0170216 0.0839225 3.75871e-05 -0.00027936 2.21548e-05 3.75871e-05 0.00934954 -0.0172099 2.97333e-05 -0.00027936 -0.0172099 0.0849853 
0.00935472 -0.0170377 2.11457e-05 1.4552e-05 -0.0170377 0.0839948 1.79045e-05 -0.000219796 2.11457e-05 1.79045e-05 0.00935339 -0.017218 1.4552e-05 -0.000219796 -0.017218 0.0850192 
0.00934504 -0.0170564 6.57298e-06 1.72475e-05 -0.0170564 0.0840345 1.51118e-05 -0.000195308 6.57298e-06 1.51118e-05 0.00936878 -0.017219 1.72475e-05 -0.000195308 -0.017219 0.0850215 
0.00937675 -0.017086 -1.14472e-05 3.67646e-05 -0.017086 0.0842325 3.08745e-05 -0.00021617 -1.14472e-05 3.08745e-05 0.00938005 -0.0172754 3.67646e-05 -0.00021617 -0.0172754 0.0852393 
0.00939696 -0.0171174 -1.52637e-05 6.20328e-05 -0.0171174 0.0843429 5.32444e-05 -0.000266332 -1.52637e-05 5.32444e-05 0.00938152 -0.0172826 6.20328e-05 -0.000266332 -0.0172826 0.0853307 
0.0093944 -0.0171289 -1.18447e-05 6.70502e-05 -0.0171289 0.0843717 5.85371e-05 -0.000296613 -1.18447e-05 5.85371e-05 0.00938545 -0.0172719 6.70502e-05 -0.000296613 -0.0172719 0.0853096 
0.00940484 -0.0171497 4.13119e-06 6.23537e-05 -0.0171497 0.0845013 5.65561e-05 -0.000301147 4.13119e-06 5.65561e-05 0.00940456 -0.0173038 6.23537e-05 -0.000301147 -0.0173038 0.085441 
0.00941428 -0.0171478 1.44279e-05 4.16561e-05 -0.0171478 0.0845127 3.44283e-05 -0.000264705 1.44279e-05 3.44283e-05 0.00940955 -0.0173206 4.16561e-05 -0.000264705 -0.0173206 0.0854998 
0.00944022 -0.0171892 1.74096e-05 2.6643e-05 -0.0171892 0.0846938 1.71683e-05 -0.000217122 1.74096e-05 1.71683e-05 0.00942913 -0.0173681 2.6643e-05 -0.000217122 -0.0173681 0.0857308 
0.00945274 -0.0172077 1.28096e-05 2.1768e-05 -0.0172077 0.0847662 1.11696e-05 -0.000186853 1.28096e-05 1.11696e-05 0.0094442 -0.0173843 2.1768e-05 -0.000186853 -0.0173843 0.0858283 
0.00945546 -0.0172492 -6.54784e-06 2.72998e-05 -0.0172492 0.0849544 1.87388e-05 -0.000187029 -6.54784e-06 1.87388e-05 0.00948543 -0.0174298 2.72998e-05 -0.000187029 -0.0174298 0.0860348 
0.00945142 -0.0172212 -1.28775e-05 5.10024e-05 -0.0172212 0.0848954 4.64372e-05 -0.00023161 -1.28775e-05 4.64372e-05 0.00947835 -0.0174529 5.10024e-05 -0.00023161 -0.0174529 0.0860686 
0.00942417 -0.0171258 6.47989e-07 5.90301e-05 -0.0171258 0.0844199 5.90808e-05 -0.00027276 6.47989e-07 5.90808e-05 0.00941014 -0.0173598 5.90301e-05 -0.00027276 -0.0173598 0.0856516 
0.00941311 -0.0171254 2.70323e-06 4.40412e-05 -0.0171254 0.0843121 4.59571e-05 -0.00026866 2.70323e-06 4.59571e-05 0.00938741 -0.0173067 4.40412e-05 -0.00026866 -0.0173067 0.0854788 
0.00938661 -0.0170704 -8.05336e-06 3.84576e-05 -0.0170704 0.084034 3.97168e-05 -0.000249303 -8.05336e-06 3.97168e-05 0.00934702 -0.0172302 3.84576e-05 -0.000249303 -0.0172302 0.0851173 
0.00937752 -0.0170802 -1.07545e-05 5.07256e-05 -0.0170802 0.0840516 4.94371e-05 -0.000256111 -1.07545e-05 4.94371e-05 0.00934371 -0.0172163 5.07256e-05 -0.000256111 -0.0172163 0.085061 
0.00939356 -0.0171223 -2.88813e-06 5.37151e-05 -0.0171223 0.0842908 5.16422e-05 -0.000265552 -2.88813e-06 5.16422e-05 0.00935907 -0.0172551 5.37151e-05 -0.000265552 -0.0172551 0.0852527 
0.00934599 -0.0170636 -5.56319e-06 4.28844e-05 -0.0170636 0.084046 4.08942e-05 -0.000248345 -5.56319e-06 4.08942e-05 0.00933916 -0.0171955 4.28844e-05 -0.000248345 -0.0171955 0.0849858 
0.00932943 -0.0170057 -1.38539e-05 4.5827e-05 -0.0170057 0.0838464 4.48173e-05 -0.000242826 -1.38539e-05 4.48173e-05 0.00931195 -0.0171708 4.5827e-05 -0.000242826 -0.0171708 0.0848271 
0.00932802 -0.016996 -2.13741e-05 5.52014e-05 -0.016996 0.0837752 5.57435e-05 -0.000258645 -2.13741e-05 5.57435e-05 0.00929729 -0.0171493 5.52014e-05 -0.000258645 -0.0171493 0.084763 
0.00930415 -0.0169799 -1.1064e-05 6.14693e-05 -0.0169799 0.0836688 6.25759e-05 -0.000274116 -1.1064e-05 6.25759e-05 0.00928849 -0.01711 6.14693e-05 -0.000274116 -0.01711 0.0846054 
0.00929697 -0.0169427 8.3739e-07 4.67374e-05 -0.0169427 0.0835278 4.858e-05 -0.000255734 8.3739e-07 4.858e-05 0.00925608 -0.017081 4.67374e-05 -0.000255734 -0.017081 0.0844373 
0.00929811 -0.0169163 9.86683e-06 2.74978e-05 -0.0169163 0.0833566 3.07691e-05 -0.000209084 9.86683e-06 3.07691e-05 0.00920502 -0.0170178 2.74978e-05 -0.000209084 -0.0170178 0.0841926 
0.00928644 -0.0169319 1.37562e-05 1.55922e-05 -0.0169319 0.0833419 1.74569e-05 -0.000165984 1.37562e-05 1.74569e-05 0.00919112 -0.0169573 1.55922e-05 -0.000165984 -0.0169573 0.0840042 
0.00928566 -0.0169574 1.12003e-05 1.06466e-05 -0.0169574 0.0835022 1.2457e-05 -0.000141641 1.12003e-05 1.2457e-05 0.00921472 -0.0169715 1.06466e-05 -0.000141641 -0.0169715 0.0840524 
0.00923612 -0.0169033 1.15708e-05 1.50485e-05 -0.0169033 0.0833061 1.62808e-05 -0.000140449 1.15708e-05 1.62808e-05 0.00923496 -0.0169483 1.50485e-05 -0.000140449 -0.0169483 0.0838667 
0.00922415 -0.016868 8.96337e-06 1.7233e-05 -0.016868 0.0832515 1.73295e-05 -0.000147736 8.96337e-06 1.73295e-05 0.00925138 -0.0170073 1.7233e-05 -0.000147736 -0.0170073 0.0839833 
0.00921009 -0.0168311 8.20652e-06 2.04101e-05 -0.0168311 0.083101 1.91321e-05 -0.000152663 8.20652e-06 1.91321e-05 0.00923875 -0.0170178 2.04101e-05 -0.000152663 -0.0170178 0.0840065 
0.00919399 -0.0167975 3.47606e-06 2.13296e-05 -0.0167975 0.0829338 1.74862e-05 -0.000151894 3.47606e-06 1.74862e-05 0.00921259 -0.0169889 2.13296e-05 -0.000151894 -0.0169889 0.0839149 
0.00919616 -0.0168068 -2.2309e-06 2.57612e-05 -0.0168068 0.0829769 1.90767e-05 -0.000152169 -2.2309e-06 1.90767e-05 0.00922011 -0.0169886 2.57612e-05 -0.000152169 -0.0169886 0.0839685 
0.00920176 -0.0168418 -8.18783e-06 3.17785e-05 -0.0168418 0.0831637 2.22085e-05 -0.000155981 -8.18783e-06 2.22085e-05 0.00925944 -0.01703 3.17785e-05 -0.000155981 -0.01703 0.0841671 
0.00921277 -0.0168446 -1.24024e-06 3.89886e-05 -0.0168446 0.0832467 2.87706e-05 -0.000166503 -1.24024e-06 2.87706e-05 0.00927889 -0.0170782 3.89886e-05 -0.000166503 -0.0170782 0.0843334 
0.00922551 -0.0168374 1.97614e-06 3.05832e-05 -0.0168374 0.0832072 2.37515e-05 -0.000161701 1.97614e-06 2.37515e-05 0.00928151 -0.0170859 3.05832e-05 -0.000161701 -0.0170859 0.0843646 
0.00925097 -0.0168668 -5.50929e-06 2.4919e-05 -0.0168668 0.0832901 2.44653e-05 -0.000155099 -5.50929e-06 2.44653e-05 0.00928196 -0.0171074 2.4919e-05 -0.000155099 -0.0171074 0.0844671 
0.00926984 -0.0169277 -9.50581e-06 3.07531e-05 -0.0169277 0.0835257 3.79315e-05 -0.000168454 -9.50581e-06 3.79315e-05 0.00930748 -0.017141 3.07531e-05 -0.000168454 -0.017141 0.0846704 
0.00928647 -0.0169787 -1.52441e-06 3.58058e-05 -0.0169787 0.0838035 4.58435e-05 -0.000189092 -1.52441e-06 4.58435e-05 0.00933495 -0.0171962 3.58058e-05 -0.000189092 -0.0171962 0.0849352 
0.00927247 -0.0169432 1.42123e-06 2.60266e-05 -0.0169432 0.0836824 3.37945e-05 -0.000179765 1.42123e-06 3.37945e-05 0.00932409 -0.017172 2.60266e-05 -0.000179765 -0.017172 0.0848273 
0.00924775 -0.0168873 9.74846e-07 2.3159e-05 -0.0168873 0.083409 2.48722e-05 -0.000160847 9.74846e-07 2.48722e-05 0.00930374 -0.0171172 2.3159e-05 -0.000160847 -0.0171172 0.08456 
0.009242 -0.0168703 2.94158e-06 2.6385e-05 -0.0168703 0.0833059 2.12417e-05 -0.00015171 2.94158e-06 2.12417e-05 0.00929204 -0.0171073 2.6385e-05 -0.00015171 -0.0171073 0.0844715 
0.00924649 -0.0168749 2.04259e-05 2.56234e-05 -0.0168749 0.0833027 1.69952e-05 -0.000144933 2.04259e-05 1.69952e-05 0.00928579 -0.017104 2.56234e-05 -0.000144933 -0.017104 0.0844618 
0.00925961 -0.016879 1.6894e-05 2.98224e-06 -0.016879 0.0833006 -3.86401e-06 -0.000108019 1.6894e-05 -3.86401e-06 0.00927156 -0.0170925 2.98224e-06 -0.000108019 -0.0170925 0.0844268 
0.00925867 -0.0168925 4.74883e-06 4.344e-06 -0.0168925 0.0833092 2.50272e-06 -9.35758e-05 4.74883e-06 2.50272e-06 0.00926818 -0.0170717 4.344e-06 -9.35758e-05 -0.0170717 0.0843649 
0.00926433 -0.0168998 -3.2163e-06 2.11539e-05 -0.0168998 0.083355 2.2999e-05 -0.000125612 -3.2163e-06 2.2999e-05 0.00926511 -0.0170798 2.11539e-05 -0.000125612 -0.0170798 0.0843841 
0.00925669 -0.0168972 -1.90078e-05 3.25818e-05 -0.0168972 0.0833366 3.67603e-05 -0.000166546 -1.90078e-05 3.67603e-05 0.00925996 -0.0170682 3.25818e-05 -0.000166546 -0.0170682 0.0843506 
0.00924877 -0.0168865 -2.89279e-05 5.26181e-05 -0.0168865 0.0833043 5.87789e-05 -0.000216928 -2.89279e-05 5.87789e-05 0.00925352 -0.017058 5.26181e-05 -0.000216928 -0.017058 0.0843102 
0.00924637 -0.016859 -2.3781e-05 6.69762e-05 -0.016859 0.0831843 7.29954e-05 -0.000265385 -2.3781e-05 7.29954e-05 0.00922587 -0.0170313 6.69762e-05 -0.000265385 -0.0170313 0.0841892 
0.00924167 -0.0168755 -7.60976e-06 6.13638e-05 -0.0168755 0.0832115 6.6574e-05 -0.000276434 -7.60976e-06 6.6574e-05 0.00922096 -0.0170073 6.13638e-05 -0.000276434 -0.0170073 0.0841419 
0.00921854 -0.0168516 -5.3673e-06 3.95329e-05 -0.0168516 0.0831272 4.14372e-05 -0.000236523 -5.3673e-06 4.14372e-05 0.00921572 -0.0169769 3.95329e-05 -0.000236523 -0.0169769 0.0839961 
0.00918531 -0.0168098 -8.72408e-06 3.48432e-05 -0.0168098 0.0829739 3.56603e-05 -0.000204024 -8.72408e-06 3.56603e-05 0.00921019 -0.016954 3.48432e-05 -0.000204024 -0.016954 0.083846 
0.0091664 -0.0167353 -4.66599e-06 3.69238e-05 -0.0167353 0.0826741 3.92672e-05 -0.000196574 -4.66599e-06 3.92672e-05 0.00917622 -0.0169149 3.69238e-05 -0.000196574 -0.0169149 0.0836064 
0.00918073 -0.0167511 -2.61287e-06 3.26943e-05 -0.0167511 0.082697 3.49873e-05 -0.000189555 -2.61287e-06 3.49873e-05 0.00916666 -0.0169159 3.26943e-05 -0.000189555 -0.0169159 0.0836394 
0.00918504 -0.016772 2.65696e-06 2.90436e-05 -0.016772 0.0827499 2.91436e-05 -0.000175737 2.65696e-06 2.91436e-05 0.00916349 -0.016902 2.90436e-05 -0.000175737 -0.016902 0.083626 
0.00918826 -0.0167673 1.26354e-05 2.27229e-05 -0.0167673 0.0827249 2.19269e-05 -0.000158757 1.26354e-05 2.19269e-05 0.00914828 -0.0168786 2.27229e-05 -0.000158757 -0.0168786 0.0835241 
0.00918523 -0.0167505 1.67253e-05 1.20333e-05 -0.0167505 0.0826086 9.41344e-06 -0.000132705 1.67253e-05 9.41344e-06 0.00912234 -0.0168352 1.20333e-05 -0.000132705 -0.0168352 0.0833322 
0.00921018 -0.0167807 2.50506e-05 6.80669e-06 -0.0167807 0.0827144 3.41171e-06 -0.000111567 2.50506e-05 3.41171e-06 0.00911637 -0.0168369 6.80669e-06 -0.000111567 -0.0168369 0.0833606 
0.00924641 -0.0168465 1.37905e-05 -4.81927e-06 -0.0168465 0.0829804 -9.02667e-06 -8.30854e-05 1.37905e-05 -9.02667e-06 0.00912616 -0.0168653 -4.81927e-06 -8.30854e-05 -0.0168653 0.0835379 
0.00924855 -0.0168813 -8.19346e-06 7.34861e-06 -0.0168813 0.0831134 1.6993e-06 -8.40729e-05 -8.19346e-06 1.6993e-06 0.00913389 -0.0168608 7.34861e-06 -8.40729e-05 -0.0168608 0.083565 
0.0092586 -0.016884 -2.7444e-05 3.46928e-05 -0.016884 0.0831816 2.93419e-05 -0.000130501 -2.7444e-05 2.93419e-05 0.00913476 -0.0168746 3.46928e-05 -0.000130501 -0.0168746 0.0836095 
0.00923157 -0.0168663 -2.71078e-05 6.00946e-05 -0.0168663 0.0830894 5.36054e-05 -0.000192766 -2.71078e-05 5.36054e-05 0.00914952 -0.0168542 6.00946e-05 -0.000192766 -0.0168542 0.0835235 
0.00918868 -0.0168164 -2.2817e-05 6.0471e-05 -0.0168164 0.0829149 5.38709e-05 -0.000219197 -2.2817e-05 5.38709e-05 0.00917397 -0.0168564 6.0471e-05 -0.000219197 -0.0168564 0.0834325 
0.00918767 -0.0168011 -6.98993e-06 5.22244e-05 -0.0168011 0.0829383 4.51905e-05 -0.000207063 -6.98993e-06 4.51905e-05 0.00920938 -0.0169304 5.22244e-05 -0.000207063 -0.0169304 0.0836494 
0.00920264 -0.0168084 9.4894e-06 3.16787e-05 -0.0168084 0.0830001 2.42391e-05 -0.000164908 9.4894e-06 2.42391e-05 0.00922909 -0.0169947 3.16787e-05 -0.000164908 -0.0169947 0.0839041 
0.00920965 -0.0168042 1.47371e-05 7.36261e-06 -0.0168042 0.0829559 3.50858e-06 -0.00010647 1.47371e-05 3.50858e-06 0.00922989 -0.0170026 7.36261e-06 -0.00010647 -0.0170026 0.0839604 
0.00921806 -0.0168146 2.37651e-05 -2.97237e-06 -0.0168146 0.0829665 -1.96077e-06 -6.71629e-05 2.37651e-05 -1.96077e-06 0.00923581 -0.0170093 -2.97237e-06 -6.71629e-05 -0.0170093 0.0840044 
0.00927369 -0.0168972 2.00936e-05 -1.41344e-05 -0.0168972 0.0833474 -1.0844e-05 -4.03562e-05 2.00936e-05 -1.0844e-05 0.00926414 -0.0170936 -1.41344e-05 -4.03562e-05 -0.0170936 0.0844084 
0.00928965 -0.0169678 6.65038e-06 -8.28645e-06 -0.0169678 0.0836379 -4.58375e-06 -4.04933e-05 6.65038e-06 -4.58375e-06 0.0093004 -0.0171313 -8.28645e-06 -4.04933e-05 -0.0171313 0.0846626 
0.00928514 -0.0169566 -5.53564e-06 1.22259e-05 -0.0169566 0.0836481 1.48075e-05 -7.99969e-05 -5.53564e-06 1.48075e-05 0.00930898 -0.0171393 1.22259e-05 -7.99969e-05 -0.0171393 0.0846723 
0.009314 -0.0169819 -1.28164e-05 3.28987e-05 -0.0169819 0.0837957 3.52535e-05 -0.000138901 -1.28164e-05 3.52535e-05 0.00932116 -0.017183 3.28987e-05 -0.000138901 -0.017183 0.0848622 
0.00932761 -0.0169765 -8.14768e-06 4.7553e-05 -0.0169765 0.083724 4.94251e-05 -0.000194359 -8.14768e-06 4.94251e-05 0.00930285 -0.01716 4.7553e-05 -0.000194359 -0.01716 0.0847849 
0.00933803 -0.0170093 -1.31332e-05 4.3226e-05 -0.0170093 0.0838026 4.66809e-05 -0.000215051 -1.31332e-05 4.66809e-05 0.00930533 -0.0171574 4.3226e-05 -0.000215051 -0.0171574 0.0848053 
0.00934544 -0.0170438 -1.18202e-05 4.77937e-05 -0.0170438 0.0839653 5.18267e-05 -0.000226871 -1.18202e-05 5.18267e-05 0.00932484 -0.0171833 4.77937e-05 -0.000226871 -0.0171833 0.08493 
0.0093469 -0.0170723 -1.33285e-05 4.57658e-05 -0.0170723 0.0841474 4.91566e-05 -0.000228954 -1.33285e-05 4.91566e-05 0.0093501 -0.0172281 4.57658e-05 -0.000228954 -0.0172281 0.0851314 
0.00932685 -0.0170397 -8.55594e-06 4.30667e-05 -0.0170397 0.0840666 4.64562e-05 -0.000218417 -8.55594e-06 4.64562e-05 0.00935646 -0.017227 4.30667e-05 -0.000218417 -0.017227 0.0851167 
0.00931569 -0.0169778 -2.60103e-06 3.33255e-05 -0.0169778 0.0838147 3.57133e-05 -0.000191783 -2.60103e-06 3.57133e-05 0.00933527 -0.0172006 3.33255e-05 -0.000191783 -0.0172006 0.0849527 
0.00931103 -0.0169625 7.27321e-06 2.36956e-05 -0.0169625 0.083676 2.48435e-05 -0.00015761 7.27321e-06 2.48435e-05 0.00932408 -0.0171738 2.36956e-05 -0.00015761 -0.0171738 0.0848355 
0.00930269 -0.0169703 1.05385e-05 1.20346e-05 -0.0169703 0.083669 1.21059e-05 -0.000123141 1.05385e-05 1.21059e-05 0.00933217 -0.0171693 1.20346e-05 -0.000123141 -0.0171693 0.084804 
0.00930681 -0.016974 8.26263e-06 8.37429e-06 -0.016974 0.0837147 7.26692e-06 -0.00010141 8.26263e-06 7.26692e-06 0.00933822 -0.0171931 8.37429e-06 -0.00010141 -0.0171931 0.0848685 
0.00928752 -0.0169432 9.0809e-06 1.37865e-05 -0.0169432 0.083564 1.24713e-05 -0.000105399 9.0809e-06 1.24713e-05 0.00932848 -0.0171682 1.37865e-05 -0.000105399 -0.0171682 0.0847453 
0.00930592 -0.016975 9.97563e-06 1.45615e-05 -0.016975 0.0837298 1.36951e-05 -0.000114642 9.97563e-06 1.36951e-05 0.00934061 -0.0172111 1.45615e-05 -0.000114642 -0.0172111 0.08494 
0.00933243 -0.0170293 1.46729e-05 1.24941e-05 -0.0170293 0.0839938 1.03624e-05 -0.000113082 1.46729e-05 1.03624e-05 0.00936564 -0.0172541 1.24941e-05 -0.000113082 -0.0172541 0.0851945 
0.00935204 -0.017057 1.06079e-05 7.10103e-06 -0.017057 0.0841416 3.61907e-06 -0.000101844 1.06079e-05 3.61907e-06 0.00937872 -0.0172755 7.10103e-06 -0.000101844 -0.0172755 0.0853177 
0.00938089 -0.0170816 4.51775e-06 1.21638e-05 -0.0170816 0.0842508 9.51957e-06 -0.000104467 4.51775e-06 9.51957e-06 0.00936847 -0.0172892 1.21638e-05 -0.000104467 -0.0172892 0.0853954 
0.00938213 -0.0171333 -5.86159e-07 1.95673e-05 -0.0171333 0.0844353 2.07222e-05 -0.000124658 -5.86159e-07 2.07222e-05 0.00938284 -0.0172901 1.95673e-05 -0.000124658 -0.0172901 0.0854838 
0.00936488 -0.0171045 -1.17618e-06 2.84232e-05 -0.0171045 0.0843742 3.11478e-05 -0.000153668 -1.17618e-06 3.11478e-05 0.00938117 -0.0172719 2.84232e-05 -0.000153668 -0.0172719 0.0853832 
0.00934349 -0.0170637 -1.97981e-06 2.94673e-05 -0.0170637 0.0842228 3.182e-05 -0.000168634 -1.97981e-06 3.182e-05 0.00937746 -0.0172563 2.94673e-05 -0.000168634 -0.0172563 0.0852711 
0.00932434 -0.0170239 1.25279e-06 3.12675e-05 -0.0170239 0.0840529 3.05906e-05 -0.000172242 1.25279e-06 3.05906e-05 0.00938301 -0.0172443 3.12675e-05 -0.000172242 -0.0172443 0.0851712 
0.00931337 -0.0169561 3.55242e-06 2.93726e-05 -0.0169561 0.0837252 2.28143e-05 -0.000164529 3.55242e-06 2.28143e-05 0.00935101 -0.017211 2.93726e-05 -0.000164529 -0.017211 0.0849321 
0.00932355 -0.0169666 6.51532e-06 2.6329e-05 -0.0169666 0.0836714 1.64001e-05 -0.000151223 6.51532e-06 1.64001e-05 0.00934237 -0.0172006 2.6329e-05 -0.000151223 -0.0172006 0.0848932 
0.00934285 -0.0170224 8.71649e-06 2.08093e-05 -0.0170224 0.0838757 1.20995e-05 -0.00013567 8.71649e-06 1.20995e-05 0.00936204 -0.0172323 2.08093e-05 -0.00013567 -0.0172323 0.0850574 
0.00934262 -0.017051 9.39672e-06 1.42155e-05 -0.017051 0.0840232 1.08886e-05 -0.000120839 9.39672e-06 1.08886e-05 0.0093899 -0.0172592 1.42155e-05 -0.000120839 -0.0172592 0.0851804 
0.00934438 -0.0170663 -4.82405e-06 9.36907e-06 -0.0170663 0.0841612 1.26426e-05 -0.000110977 -4.82405e-06 1.26426e-05 0.00942162 -0.0173103 9.36907e-06 -0.000110977 -0.0173103 0.0853714 
0.00935485 -0.0170785 -1.19775e-05 2.53809e-05 -0.0170785 0.0842756 3.30619e-05 -0.000136052 -1.19775e-05 3.30619e-05 0.00944472 -0.0173625 2.53809e-05 -0.000136052 -0.0173625 0.0855827 
0.00935606 -0.0170671 -1.161e-05 3.69286e-05 -0.0170671 0.0842389 4.3252e-05 -0.000169176 -1.161e-05 4.3252e-05 0.0094443 -0.0173736 3.69286e-05 -0.000169176 -0.0173736 0.0856305 
0.00936906 -0.0170592 -1.02335e-05 3.94088e-05 -0.0170592 0.084188 4.05745e-05 -0.000182527 -1.02335e-05 4.05745e-05 0.00941942 -0.01737 3.94088e-05 -0.000182527 -0.01737 0.0856271 
0.009393 -0.0170971 -1.76134e-05 4.05864e-05 -0.0170971 0.0843055 3.50749e-05 -0.000181828 -1.76134e-05 3.50749e-05 0.00940894 -0.0173674 4.05864e-05 -0.000181828 -0.0173674 0.0857094 
0.00939727 -0.0171237 -1.79488e-05 5.13205e-05 -0.0171237 0.0843932 4.11509e-05 -0.000192596 -1.79488e-05 4.11509e-05 0.00940919 -0.0173484 5.13205e-05 -0.000192596 -0.0173484 0.0857003 
0.00938224 -0.0171012 -2.15716e-05 5.28565e-05 -0.0171012 0.0843016 4.24163e-05 -0.000201736 -2.15716e-05 4.24163e-05 0.00939312 -0.0173152 5.28565e-05 -0.000201736 -0.0173152 0.0855432 
0.00932625 -0.016982 -2.02862e-05 5.3289e-05 -0.016982 0.0837249 4.68018e-05 -0.000205437 -2.02862e-05 4.68018e-05 0.00932572 -0.0171858 5.3289e-05 -0.000205437 -0.0171858 0.0849159 
0.00929258 -0.0169377 -1.68148e-05 4.85416e-05 -0.0169377 0.0834687 4.47273e-05 -0.000198789 -1.68148e-05 4.47273e-05 0.00929778 -0.0171213 4.85416e-05 -0.000198789 -0.0171213 0.0846 
0.00929345 -0.0169229 -1.349e-05 4.06226e-05 -0.0169229 0.0834116 3.67167e-05 -0.000177797 -1.349e-05 3.67167e-05 0.00928164 -0.0171106 4.06226e-05 -0.000177797 -0.0171106 0.0845161 
0.00933402 -0.0169685 -7.26261e-06 3.33055e-05 -0.0169685 0.0835991 2.95607e-05 -0.000151114 -7.26261e-06 2.95607e-05 0.00927336 -0.0171356 3.33055e-05 -0.000151114 -0.0171356 0.0846666 
0.00938214 -0.0170564 4.09798e-06 2.3677e-05 -0.0170564 0.0839458 2.06864e-05 -0.000122993 4.09798e-06 2.06864e-05 0.00928016 -0.0171599 2.3677e-05 -0.000122993 -0.0171599 0.0848916 
0.00940889 -0.0171063 1.65586e-05 9.5193e-06 -0.0171063 0.0841485 7.00152e-06 -8.77571e-05 1.65586e-05 7.00152e-06 0.00928297 -0.0171526 9.5193e-06 -8.77571e-05 -0.0171526 0.0849347 
0.00940195 -0.0171486 1.34805e-05 -6.89991e-06 -0.0171486 0.084336 -6.7752e-06 -4.88476e-05 1.34805e-05 -6.7752e-06 0.00932099 -0.0171639 -6.89991e-06 -4.88476e-05 -0.0171639 0.0850076 
0.0094086 -0.0171738 -2.08965e-06 -4.73866e-06 -0.0171738 0.0845739 -3.60214e-06 -3.44267e-05 -2.08965e-06 -3.60214e-06 0.00937077 -0.0172468 -4.73866e-06 -3.44267e-05 -0.0172468 0.0852956 
0.00936955 -0.0171129 -3.10641e-05 1.68274e-05 -0.0171129 0.0843563 1.45287e-05 -6.38039e-05 -3.10641e-05 1.45287e-05 0.00937599 -0.0172435 1.68274e-05 -6.38039e-05 -0.0172435 0.0852103 
0.00934093 -0.0170371 -2.22959e-05 5.64778e-05 -0.0170371 0.0840501 4.99062e-05 -0.000140281 -2.22959e-05 4.99062e-05 0.00935218 -0.0172239 5.64778e-05 -0.000140281 -0.0172239 0.0850502 
0.00934772 -0.0170226 1.11457e-05 4.55872e-05 -0.0170226 0.0839664 3.84331e-05 -0.000157941 1.11457e-05 3.84331e-05 0.00933662 -0.0172217 4.55872e-05 -0.000157941 -0.0172217 0.0850531 
0.00935243 -0.0170106 2.07944e-05 -1.33968e-06 -0.0170106 0.0838524 -6.9335e-06 -7.74207e-05 2.07944e-05 -6.9335e-06 0.00930968 -0.0171884 -1.33968e-06 -7.74207e-05 -0.0171884 0.0849415 
0.00934335 -0.017034 2.11119e-05 -1.73047e-05 -0.017034 0.0838985 -2.45671e-05 -3.00238e-06 2.11119e-05 -2.45671e-05 0.00931864 -0.0171738 -1.73047e-05 -3.00238e-06 -0.0171738 0.084926 
0.00932603 -0.0170148 1.07633e-05 -1.53603e-05 -0.0170148 0.0838551 -2.36255e-05 1.88203e-05 1.07633e-05 -2.36255e-05 0.00932305 -0.0171691 -1.53603e-05 1.88203e-05 -0.0171691 0.084867 
0.00928562 -0.0169633 3.2379e-06 -2.8961e-06 -0.0169633 0.0836447 -8.20332e-06 5.07286e-07 3.2379e-06 -8.20332e-06 0.00932206 -0.0171415 -2.8961e-06 5.07286e-07 -0.0171415 0.0846936 
0.00927375 -0.0169548 -7.49633e-06 6.96857e-06 -0.0169548 0.0836714 4.13193e-06 -2.90627e-05 -7.49633e-06 4.13193e-06 0.0093411 -0.0171798 6.96857e-06 -2.90627e-05 -0.0171798 0.0848078 
0.0092765 -0.0169408 -1.35726e-05 1.90583e-05 -0.0169408 0.0836644 1.97007e-05 -6.32745e-05 -1.35726e-05 1.97007e-05 0.00934038 -0.0172037 1.90583e-05 -6.32745e-05 -0.0172037 0.084898 
0.00930096 -0.0169236 -2.02858e-05 2.59408e-05 -0.0169236 0.0835749 2.81144e-05 -8.98423e-05 -2.02858e-05 2.81144e-05 0.00930159 -0.017187 2.59408e-05 -8.98423e-05 -0.017187 0.0848525 
0.0093125 -0.0169392 -1.63981e-05 3.39135e-05 -0.0169392 0.0835118 3.59236e-05 -0.000111366 -1.63981e-05 3.59236e-05 0.00927048 -0.0171214 3.39135e-05 -0.000111366 -0.0171214 0.0846689 
0.00930363 -0.0169535 -5.95997e-06 2.96027e-05 -0.0169535 0.083501 3.44443e-05 -0.000117581 -5.95997e-06 3.44443e-05 0.0092552 -0.0170725 2.96027e-05 -0.000117581 -0.0170725 0.0844811 
0.00927466 -0.0169117 -1.06249e-06 1.43557e-05 -0.0169117 0.0833115 2.46032e-05 -0.000100228 -1.06249e-06 2.46032e-05 0.00922947 -0.0170129 1.43557e-05 -0.000100228 -0.0170129 0.0841776 
0.00926855 -0.0169032 5.19476e-06 6.91432e-06 -0.0169032 0.08329 1.9465e-05 -8.15643e-05 5.19476e-06 1.9465e-05 0.00922046 -0.0170042 6.91432e-06 -8.15643e-05 -0.0170042 0.0841124 
0.00927664 -0.0169243 7.29174e-06 1.81381e-06 -0.0169243 0.0834063 1.31241e-05 -6.95736e-05 7.29174e-06 1.31241e-05 0.00923301 -0.0170231 1.81381e-06 -6.95736e-05 -0.0170231 0.0842109 
0.00929414 -0.0169429 5.35608e-06 3.91524e-06 -0.0169429 0.0835184 1.17069e-05 -7.01261e-05 5.35608e-06 1.17069e-05 0.00924405 -0.0170474 3.91524e-06 -7.01261e-05 -0.0170474 0.0843232 
0.00929346 -0.0169134 1.14112e-05 9.57179e-06 -0.0169134 0.083355 1.49481e-05 -8.17996e-05 1.14112e-05 1.49481e-05 0.00921324 -0.017014 9.57179e-06 -8.17996e-05 -0.017014 0.0841593 
0.00931898 -0.0169734 8.03646e-06 6.20038e-06 -0.0169734 0.0835797 8.67896e-06 -8.44959e-05 8.03646e-06 8.67896e-06 0.00922247 -0.0170385 6.20038e-06 -8.44959e-05 -0.0170385 0.0843309 
0.00931313 -0.0169826 3.85622e-06 8.46763e-06 -0.0169826 0.0836225 1.12747e-05 -8.60081e-05 3.85622e-06 1.12747e-05 0.0092287 -0.0170255 8.46763e-06 -8.60081e-05 -0.0170255 0.0843058 
0.00928805 -0.0169623 2.19627e-06 1.34306e-05 -0.0169623 0.0835658 1.78813e-05 -9.83479e-05 2.19627e-06 1.78813e-05 0.00925346 -0.0170221 1.34306e-05 -9.83479e-05 -0.0170221 0.0842519 
0.009304 -0.0169716 6.72239e-06 1.49468e-05 -0.0169716 0.0836889 2.09214e-05 -0.00010942 6.72239e-06 2.09214e-05 0.00928216 -0.017095 1.49468e-05 -0.00010942 -0.017095 0.0844871 
0.00932196 -0.0169891 7.34314e-06 1.01938e-05 -0.0169891 0.0837697 1.48631e-05 -0.000104971 7.34314e-06 1.48631e-05 0.00929875 -0.0171343 1.01938e-05 -0.000104971 -0.0171343 0.0846668 
0.00932406 -0.0170119 9.25284e-06 9.76856e-06 -0.0170119 0.0838492 1.09654e-05 -9.68491e-05 9.25284e-06 1.09654e-05 0.00931767 -0.0171557 9.76856e-06 -9.68491e-05 -0.0171557 0.0847795 
0.00931815 -0.0170248 7.82283e-06 8.86773e-06 -0.0170248 0.0839428 8.76874e-06 -9.23005e-05 7.82283e-06 8.76874e-06 0.0093439 -0.0171887 8.86773e-06 -9.23005e-05 -0.0171887 0.0849107 
0.00930856 -0.0169845 -9.84342e-07 1.11693e-05 -0.0169845 0.0838115 1.31503e-05 -9.83794e-05 -9.84342e-07 1.31503e-05 0.00934519 -0.0171881 1.11693e-05 -9.83794e-05 -0.0171881 0.0848598 
0.00930341 -0.016979 -6.80338e-06 2.33228e-05 -0.016979 0.0837725 2.74213e-05 -0.000125618 -6.80338e-06 2.74213e-05 0.00935433 -0.0172048 2.33228e-05 -0.000125618 -0.0172048 0.0849045 
0.00931934 -0.0170172 -1.22223e-05 3.19686e-05 -0.0170172 0.0839701 3.65558e-05 -0.00015606 -1.22223e-05 3.65558e-05 0.00938374 -0.0172662 3.19686e-05 -0.00015606 -0.0172662 0.0851796 
