0.00618631 0 5.90663e-05 0 0 0.00875933 0 0 5.90663e-05 0 0.00616567 0 0 0 0 0.00875933 
0.00943665 -0.0117112 7.12274e-05 -8.42753e-05 -0.0117112 0.0311159 -8.42753e-05 0.000161921 7.12274e-05 -8.42753e-05 0.00942815 -0.0117041 -8.42753e-05 0.000161921 -0.0117041 0.0311025 
0.00971679 -0.0180702 2.36564e-05 -5.80053e-06 -0.0180702 0.0666409 -5.80053e-06 -1.20112e-05 2.36564e-05 -5.80053e-06 0.00973308 -0.0181878 -5.80053e-06 -1.20112e-05 -0.0181878 0.0670527 
0.00914332 -0.0175327 -6.98523e-06 0.000135706 -0.0175327 0.0786039 0.000138911 -0.000730499 -6.98523e-06 0.000138911 0.00913671 -0.0177726 0.000135706 -0.000730499 -0.0177726 0.0798334 
0.00888357 -0.0165157 -1.42415e-05 0.000147698 -0.0165157 0.0794554 0.000150543 -0.00100926 -1.42415e-05 0.000150543 0.00885215 -0.0166917 0.000147698 -0.00100926 -0.0166917 0.0808358 
0.00867153 -0.0158911 -8.59643e-06 0.000113509 -0.0158911 0.0777962 0.000112244 -0.00084597 -8.59643e-06 0.000112244 0.00863988 -0.015969 0.000113509 -0.00084597 -0.015969 0.078785 
0.0084186 -0.0153914 -1.22772e-08 8.17352e-05 -0.0153914 0.075673 8.19229e-05 -0.000619746 -1.22772e-08 8.19229e-05 0.00840847 -0.0154345 8.17352e-05 -0.000619746 -0.0154345 0.076309 
0.0081653 -0.0149331 6.85698e-06 6.20744e-05 -0.0149331 0.0735897 6.60378e-05 -0.000470161 6.85698e-06 6.60378e-05 0.00818453 -0.0149935 6.20744e-05 -0.000470161 -0.0149935 0.0740807 
0.00959234 -0.017514 5.81065e-06 6.65664e-05 -0.017514 0.0864365 7.04247e-05 -0.000479219 5.81065e-06 7.04247e-05 0.00961924 -0.0176334 6.65664e-05 -0.000479219 -0.0176334 0.0870393 
0.00946847 -0.0172597 -2.40325e-06 7.38303e-05 -0.0172597 0.0851725 7.34262e-05 -0.000461035 -2.40325e-06 7.34262e-05 0.00947634 -0.0173952 7.38303e-05 -0.000461035 -0.0173952 0.0858293 
0.00938937 -0.0171482 -9.05883e-06 8.7378e-05 -0.0171482 0.0845491 8.46616e-05 -0.000482229 -9.05883e-06 8.46616e-05 0.00941418 -0.0172707 8.7378e-05 -0.000482229 -0.0172707 0.0852234 
0.00934525 -0.0170996 -1.35199e-05 9.83973e-05 -0.0170996 0.0843357 9.52638e-05 -0.00051588 -1.35199e-05 9.52638e-05 0.00939481 -0.0172412 9.83973e-05 -0.00051588 -0.0172412 0.0850423 
0.0093016 -0.0170111 -1.52538e-05 0.000102642 -0.0170111 0.0839726 9.94772e-05 -0.000533584 -1.52538e-05 9.94772e-05 0.00935636 -0.0171827 0.000102642 -0.000533584 -0.0171827 0.0847446 
0.00930317 -0.0169856 -1.20275e-05 0.000101924 -0.0169856 0.0838588 9.93215e-05 -0.000535542 -1.20275e-05 9.93215e-05 0.00932501 -0.0171636 0.000101924 -0.000535542 -0.0171636 0.0846704 
0.00929636 -0.0169635 -2.31161e-06 9.70342e-05 -0.0169635 0.0836939 9.09963e-05 -0.000519943 -2.31161e-06 9.09963e-05 0.00928946 -0.0171023 9.70342e-05 -0.000519943 -0.0171023 0.084457 
0.00929504 -0.0169652 3.24365e-06 8.47717e-05 -0.0169652 0.0836516 7.17556e-05 -0.000481842 3.24365e-06 7.17556e-05 0.00927429 -0.0170635 8.47717e-05 -0.000481842 -0.0170635 0.0843156 
0.0093056 -0.016979 6.15565e-06 7.71502e-05 -0.016979 0.0836996 6.11234e-05 -0.000446369 6.15565e-06 6.11234e-05 0.00926254 -0.0170569 7.71502e-05 -0.000446369 -0.0170569 0.0842858 
0.00930915 -0.0169989 4.48411e-06 6.94358e-05 -0.0169989 0.0837715 5.68859e-05 -0.000418643 4.48411e-06 5.68859e-05 0.00926046 -0.017051 6.94358e-05 -0.000418643 -0.017051 0.0842929 
0.0092883 -0.0170036 7.96425e-07 6.53984e-05 -0.0170036 0.0838087 5.99908e-05 -0.000403205 7.96425e-07 5.99908e-05 0.00927673 -0.0170472 6.53984e-05 -0.000403205 -0.0170472 0.084288 
0.00926934 -0.0169882 -6.55306e-06 6.51014e-05 -0.0169882 0.0838338 6.47909e-05 -0.000397778 -6.55306e-06 6.47909e-05 0.00930262 -0.017077 6.51014e-05 -0.000397778 -0.017077 0.0843686 
0.00925608 -0.0169593 -6.51928e-06 7.29541e-05 -0.0169593 0.0837845 7.35501e-05 -0.00040665 -6.51928e-06 7.35501e-05 0.0093243 -0.0171085 7.29541e-05 -0.00040665 -0.0171085 0.0844533 
0.00925275 -0.0169544 3.15355e-06 7.38261e-05 -0.0169544 0.0838006 7.57473e-05 -0.000416162 3.15355e-06 7.57473e-05 0.00934744 -0.0171527 7.38261e-05 -0.000416162 -0.0171527 0.0846132 
0.00926598 -0.0169579 3.33846e-06 6.126e-05 -0.0169579 0.0838459 6.77399e-05 -0.000404712 3.33846e-06 6.77399e-05 0.00936165 -0.0171914 6.126e-05 -0.000404712 -0.0171914 0.0847743 
0.00927528 -0.0169452 -1.72524e-06 6.09847e-05 -0.0169452 0.0837578 7.02828e-05 -0.000400132 -1.72524e-06 7.02828e-05 0.00935268 -0.0171832 6.09847e-05 -0.000400132 -0.0171832 0.084742 
0.00927015 -0.0169193 7.2201e-07 6.98906e-05 -0.0169193 0.083553 7.70301e-05 -0.000414387 7.2201e-07 7.70301e-05 0.00933203 -0.0171337 6.98906e-05 -0.000414387 -0.0171337 0.084516 
0.00929321 -0.0169654 1.30942e-05 7.03976e-05 -0.0169654 0.0837026 7.63694e-05 -0.000427779 1.30942e-05 7.63694e-05 0.0093352 -0.0171583 7.03976e-05 -0.000427779 -0.0171583 0.0846163 
0.00931006 -0.0169982 2.33696e-05 5.86304e-05 -0.0169982 0.083826 6.36573e-05 -0.000417971 2.33696e-05 6.36573e-05 0.00933422 -0.0171609 5.86304e-05 -0.000417971 -0.0171609 0.0846647 
0.00932766 -0.0170413 3.391e-05 4.64231e-05 -0.0170413 0.0840125 5.18538e-05 -0.000394909 3.391e-05 5.18538e-05 0.00934845 -0.0171749 4.64231e-05 -0.000394909 -0.0171749 0.0847627 
0.00936007 -0.0171111 2.88651e-05 3.48283e-05 -0.0171111 0.0843672 4.00274e-05 -0.000370451 2.88651e-05 4.00274e-05 0.00938204 -0.0172424 3.48283e-05 -0.000370451 -0.0172424 0.0850794 
0.00937062 -0.0171128 1.98387e-05 4.13169e-05 -0.0171128 0.0844074 4.56582e-05 -0.000369723 1.98387e-05 4.56582e-05 0.00937487 -0.0172486 4.13169e-05 -0.000369723 -0.0172486 0.0851169 
0.00939558 -0.017148 3.5184e-06 5.39563e-05 -0.017148 0.0845544 5.76052e-05 -0.000394349 3.5184e-06 5.76052e-05 0.00938213 -0.0172614 5.39563e-05 -0.000394349 -0.0172614 0.0852316 
0.00941095 -0.0171701 -3.28225e-06 7.52431e-05 -0.0171701 0.0846329 7.9041e-05 -0.00044118 -3.28225e-06 7.9041e-05 0.00938973 -0.0172621 7.52431e-05 -0.00044118 -0.0172621 0.0852575 
0.00941751 -0.0171793 -1.49416e-05 8.65294e-05 -0.0171793 0.0846501 9.10976e-05 -0.000484228 -1.49416e-05 9.10976e-05 0.00938682 -0.0172575 8.65294e-05 -0.000484228 -0.0172575 0.0852241 
0.00940755 -0.0171565 -1.40568e-05 0.000102411 -0.0171565 0.0845082 0.000106345 -0.000525592 -1.40568e-05 0.000106345 0.00937062 -0.0172153 0.000102411 -0.000525592 -0.0172153 0.0850229 
0.0094006 -0.0171698 -6.96625e-06 0.000104424 -0.0171698 0.0845417 0.000106601 -0.000549302 -6.96625e-06 0.000106601 0.00939303 -0.0172148 0.000104424 -0.000549302 -0.0172148 0.085 
0.00942214 -0.0172299 -8.57282e-06 9.58616e-05 -0.0172299 0.084882 9.78567e-05 -0.00054455 -8.57282e-06 9.78567e-05 0.00943869 -0.0173142 9.58616e-05 -0.00054455 -0.0173142 0.0853818 
0.00940518 -0.017187 -4.67399e-06 9.52488e-05 -0.017187 0.084746 9.48362e-05 -0.000531775 -4.67399e-06 9.48362e-05 0.0094369 -0.0173143 9.52488e-05 -0.000531775 -0.0173143 0.0853563 
0.00941071 -0.0171889 -3.39903e-06 9.2505e-05 -0.0171889 0.0847732 8.81113e-05 -0.000520562 -3.39903e-06 8.81113e-05 0.00943858 -0.0173442 9.2505e-05 -0.000520562 -0.0173442 0.0854888 
0.0094239 -0.0172053 -4.0785e-06 9.3902e-05 -0.0172053 0.0848514 8.52528e-05 -0.000515325 -4.0785e-06 8.52528e-05 0.00943742 -0.0173601 9.3902e-05 -0.000515325 -0.0173601 0.0856153 
0.00942532 -0.0171903 -8.40475e-06 9.35647e-05 -0.0171903 0.0847581 8.54096e-05 -0.000512827 -8.40475e-06 8.54096e-05 0.00942574 -0.0173219 9.35647e-05 -0.000512827 -0.0173219 0.0854939 
0.0094096 -0.0171623 6.67165e-06 9.67378e-05 -0.0171623 0.0845718 9.12311e-05 -0.000517517 6.67165e-06 9.12311e-05 0.00941064 -0.0172733 9.67378e-05 -0.000517517 -0.0172733 0.0852528 
0.00938284 -0.0171394 1.43803e-05 7.8228e-05 -0.0171394 0.0844397 7.21708e-05 -0.00049121 1.43803e-05 7.21708e-05 0.00940908 -0.0172556 7.8228e-05 -0.00049121 -0.0172556 0.0851122 
0.00935662 -0.0171076 2.02963e-05 6.84853e-05 -0.0171076 0.0843259 6.01833e-05 -0.00045732 2.02963e-05 6.01833e-05 0.00940439 -0.0172554 6.84853e-05 -0.00045732 -0.0172554 0.0850529 
0.00933656 -0.0170524 7.89313e-06 5.94224e-05 -0.0170524 0.0841086 4.95209e-05 -0.00042474 7.89313e-06 4.95209e-05 0.00938058 -0.0172308 5.94224e-05 -0.00042474 -0.0172308 0.0849162 
0.00934056 -0.0170356 -4.63318e-06 7.24619e-05 -0.0170356 0.0840111 6.31504e-05 -0.000429447 -4.63318e-06 6.31504e-05 0.00935031 -0.017212 7.24619e-05 -0.000429447 -0.017212 0.0848535 
0.00933707 -0.0170372 -1.71312e-05 8.68989e-05 -0.0170372 0.0839557 8.28607e-05 -0.000463086 -1.71312e-05 8.28607e-05 0.0093296 -0.0171674 8.68989e-05 -0.000463086 -0.0171674 0.0847314 
0.00932757 -0.0170418 -1.42989e-05 9.9424e-05 -0.0170418 0.0839645 0.000100692 -0.000501055 -1.42989e-05 0.000100692 0.00932001 -0.0171453 9.9424e-05 -0.000501055 -0.0171453 0.0846548 
0.00932688 -0.0170232 5.09923e-06 9.33072e-05 -0.0170232 0.0839101 9.64939e-05 -0.000506133 5.09923e-06 9.64939e-05 0.00929489 -0.0171215 9.33072e-05 -0.000506133 -0.0171215 0.0845532 
0.009304 -0.0169897 7.51786e-06 6.53019e-05 -0.0169897 0.0837234 7.18579e-05 -0.000459033 7.51786e-06 7.18579e-05 0.0092618 -0.0170589 6.53019e-05 -0.000459033 -0.0170589 0.0843068 
0.00926915 -0.0169472 9.10397e-06 5.87667e-05 -0.0169472 0.0835176 6.68158e-05 -0.000420852 9.10397e-06 6.68158e-05 0.00925011 -0.016996 5.87667e-05 -0.000420852 -0.016996 0.0840285 
0.00925087 -0.0169389 4.76676e-06 5.72695e-05 -0.0169389 0.083524 6.49396e-05 -0.000406393 4.76676e-06 6.49396e-05 0.00927108 -0.0170132 5.72695e-05 -0.000406393 -0.0170132 0.0840402 
0.00926215 -0.0169716 -1.05151e-05 6.53408e-05 -0.0169716 0.0837647 7.00179e-05 -0.000413973 -1.05151e-05 7.00179e-05 0.00931374 -0.0170979 6.53408e-05 -0.000413973 -0.0170979 0.0843762 
0.0092664 -0.0169435 -1.14361e-05 8.77708e-05 -0.0169435 0.0836966 8.59142e-05 -0.000448235 -1.14361e-05 8.59142e-05 0.00930784 -0.0171147 8.77708e-05 -0.000448235 -0.0171147 0.0844284 
0.00925304 -0.0169317 -1.27223e-05 9.11173e-05 -0.0169317 0.0835961 8.7749e-05 -0.00047069 -1.27223e-05 8.7749e-05 0.00930359 -0.0170924 9.11173e-05 -0.00047069 -0.0170924 0.0843625 
0.00927257 -0.0169551 -1.49457e-05 9.09942e-05 -0.0169551 0.0837233 9.12847e-05 -0.000480527 -1.49457e-05 9.12847e-05 0.00929912 -0.0171224 9.09942e-05 -0.000480527 -0.0171224 0.0844992 
0.00925863 -0.016949 -2.04061e-05 9.18826e-05 -0.016949 0.0836702 9.79378e-05 -0.00048996 -2.04061e-05 9.79378e-05 0.00928802 -0.0170845 9.18826e-05 -0.00048996 -0.0170845 0.0843982 
0.00926995 -0.0169382 -2.121e-05 9.69628e-05 -0.0169382 0.0836468 0.000106944 -0.000506415 -2.121e-05 0.000106944 0.00926572 -0.0170692 9.69628e-05 -0.000506415 -0.0170692 0.0843297 
0.00926262 -0.0169059 -1.49916e-05 9.92022e-05 -0.0169059 0.0834297 0.00010923 -0.000519382 -1.49916e-05 0.00010923 0.00921991 -0.0169929 9.92022e-05 -0.000519382 -0.0169929 0.0840244 
0.00925147 -0.0168935 -1.07391e-05 9.28559e-05 -0.0168935 0.0832926 9.79163e-05 -0.000509397 -1.07391e-05 9.79163e-05 0.00918898 -0.016923 9.28559e-05 -0.000509397 -0.016923 0.0837408 
0.00923717 -0.0168801 -4.85231e-06 8.72841e-05 -0.0168801 0.0832016 8.91428e-05 -0.000489293 -4.85231e-06 8.91428e-05 0.00916979 -0.0168787 8.72841e-05 -0.000489293 -0.0168787 0.0835268 
0.00921784 -0.0168635 -1.6268e-05 7.8165e-05 -0.0168635 0.0831289 7.97768e-05 -0.000464316 -1.6268e-05 7.97768e-05 0.00915733 -0.0168534 7.8165e-05 -0.000464316 -0.0168534 0.083389 
0.00919673 -0.0168138 -1.22979e-05 8.89846e-05 -0.0168138 0.082925 9.01807e-05 -0.000464787 -1.22979e-05 9.01807e-05 0.00913274 -0.0168123 8.89846e-05 -0.000464787 -0.0168123 0.0831746 
0.00920755 -0.0168187 -1.7826e-06 8.68113e-05 -0.0168187 0.0829409 8.48721e-05 -0.000464498 -1.7826e-06 8.48721e-05 0.00913175 -0.0168162 8.68113e-05 -0.000464498 -0.0168162 0.0831929 
0.00921029 -0.0168582 1.04635e-05 7.34568e-05 -0.0168582 0.0830922 6.99205e-05 -0.000438 1.04635e-05 6.99205e-05 0.00916282 -0.0168345 7.34568e-05 -0.000438 -0.0168345 0.0833017 
0.00922116 -0.0169045 1.51425e-05 5.65785e-05 -0.0169045 0.0833759 5.4864e-05 -0.000399751 1.51425e-05 5.4864e-05 0.00920378 -0.0169127 5.65785e-05 -0.000399751 -0.0169127 0.083608 
0.00920706 -0.0168869 1.41592e-05 4.95219e-05 -0.0168869 0.083375 5.18461e-05 -0.000374649 1.41592e-05 5.18461e-05 0.00922625 -0.0169364 4.95219e-05 -0.000374649 -0.0169364 0.0836936 
0.00921997 -0.0168969 1.43489e-05 5.17443e-05 -0.0168969 0.0834911 5.64211e-05 -0.000375396 1.43489e-05 5.64211e-05 0.00925451 -0.0169977 5.17443e-05 -0.000375396 -0.0169977 0.083936 
0.00921217 -0.0168823 3.11642e-06 5.37569e-05 -0.0168823 0.0834274 5.57446e-05 -0.000379984 3.11642e-06 5.57446e-05 0.00926508 -0.017007 5.37569e-05 -0.000379984 -0.017007 0.0839697 
0.00920988 -0.0168419 9.70509e-07 6.72108e-05 -0.0168419 0.0832482 6.47922e-05 -0.000395297 9.70509e-07 6.47922e-05 0.00923383 -0.0170007 6.72108e-05 -0.000395297 -0.0170007 0.0838945 
0.00920149 -0.016793 4.91362e-06 7.07888e-05 -0.016793 0.0829441 6.55237e-05 -0.000405603 4.91362e-06 6.55237e-05 0.00917718 -0.0169248 7.07888e-05 -0.000405603 -0.0169248 0.083605 
0.00918001 -0.0167485 1.04305e-05 6.73994e-05 -0.0167485 0.0826185 6.03691e-05 -0.000401686 1.04305e-05 6.03691e-05 0.0091185 -0.0168158 6.73994e-05 -0.000401686 -0.0168158 0.0831714 
0.00916734 -0.0167479 1.69933e-05 6.04344e-05 -0.0167479 0.0825453 5.03587e-05 -0.00038347 1.69933e-05 5.03587e-05 0.0091063 -0.0167623 6.04344e-05 -0.00038347 -0.0167623 0.0829567 
0.00914927 -0.0167383 1.00014e-05 5.15013e-05 -0.0167383 0.0825016 4.17045e-05 -0.000359379 1.00014e-05 4.17045e-05 0.00910942 -0.0167447 5.15013e-05 -0.000359379 -0.0167447 0.0828316 
0.00913593 -0.0167385 -2.5743e-06 5.65682e-05 -0.0167385 0.082553 5.02671e-05 -0.00035776 -2.5743e-06 5.02671e-05 0.0091285 -0.0167758 5.65682e-05 -0.00035776 -0.0167758 0.0829133 
0.00913987 -0.016738 -5.83862e-06 6.85725e-05 -0.016738 0.0826244 6.63635e-05 -0.000379588 -5.83862e-06 6.63635e-05 0.00914229 -0.0168175 6.85725e-05 -0.000379588 -0.0168175 0.0830749 
0.00916109 -0.0167472 -1.07498e-05 7.16943e-05 -0.0167472 0.0826869 7.1003e-05 -0.000395175 -1.07498e-05 7.1003e-05 0.00914119 -0.0168399 7.16943e-05 -0.000395175 -0.0168399 0.0832015 
0.00918483 -0.0167796 -6.43566e-06 7.78159e-05 -0.0167796 0.0827914 7.52898e-05 -0.000406315 -6.43566e-06 7.52898e-05 0.00913854 -0.016845 7.78159e-05 -0.000406315 -0.016845 0.0832864 
0.00916927 -0.0167901 2.65834e-06 7.3996e-05 -0.0167901 0.0827978 7.113e-05 -0.00040562 2.65834e-06 7.113e-05 0.00914117 -0.0168221 7.3996e-05 -0.00040562 -0.0168221 0.0832214 
0.00917519 -0.016804 6.03669e-07 6.18193e-05 -0.016804 0.0829335 6.36941e-05 -0.000390563 6.03669e-07 6.36941e-05 0.00915582 -0.0168566 6.18193e-05 -0.000390563 -0.0168566 0.0833546 
0.00918447 -0.0168073 5.73919e-06 5.95652e-05 -0.0168073 0.0829866 6.85126e-05 -0.000383457 5.73919e-06 6.85126e-05 0.00916133 -0.0168738 5.95652e-05 -0.000383457 -0.0168738 0.0834428 
0.00917662 -0.0168057 4.3401e-06 5.29426e-05 -0.0168057 0.0829663 6.47031e-05 -0.000376469 4.3401e-06 6.47031e-05 0.009163 -0.016865 5.29426e-05 -0.000376469 -0.016865 0.0834229 
0.0091526 -0.0167724 -4.2484e-06 5.55122e-05 -0.0167724 0.0828256 6.44426e-05 -0.00037343 -4.2484e-06 6.44426e-05 0.00915027 -0.0168356 5.55122e-05 -0.00037343 -0.0168356 0.083271 
0.00913091 -0.016746 -1.07346e-05 6.98591e-05 -0.016746 0.0827333 7.32036e-05 -0.000391975 -1.07346e-05 7.32036e-05 0.00915652 -0.0168238 6.98591e-05 -0.000391975 -0.0168238 0.0831976 
0.00916004 -0.0167538 -1.53059e-05 7.89123e-05 -0.0167538 0.0828264 8.19046e-05 -0.00041863 -1.53059e-05 8.19046e-05 0.0091561 -0.0168709 7.89123e-05 -0.00041863 -0.0168709 0.0833657 
0.00919633 -0.016815 -1.51877e-05 8.52231e-05 -0.016815 0.0830511 8.94216e-05 -0.00044194 -1.51877e-05 8.94216e-05 0.00916628 -0.0168969 8.52231e-05 -0.00044194 -0.0168969 0.0835751 
0.00920162 -0.0168318 -2.44652e-06 8.69046e-05 -0.0168318 0.0830846 8.88751e-05 -0.000452826 -2.44652e-06 8.88751e-05 0.00915532 -0.0168727 8.69046e-05 -0.000452826 -0.0168727 0.0835141 
0.00916998 -0.0167954 2.22993e-06 7.06451e-05 -0.0167954 0.0828937 6.94033e-05 -0.000425361 2.22993e-06 6.94033e-05 0.00913425 -0.01681 7.06451e-05 -0.000425361 -0.01681 0.0832316 
0.00913331 -0.0167467 8.31562e-06 5.9304e-05 -0.0167467 0.0826961 5.61338e-05 -0.000382881 8.31562e-06 5.61338e-05 0.00912696 -0.0167752 5.9304e-05 -0.000382881 -0.0167752 0.0830209 
0.00909249 -0.0166929 2.30403e-05 4.76717e-05 -0.0166929 0.0824871 4.46378e-05 -0.000342126 2.30403e-05 4.46378e-05 0.00913075 -0.0167569 4.76717e-05 -0.000342126 -0.0167569 0.0828682 
0.00907856 -0.0166301 3.76133e-05 2.87572e-05 -0.0166301 0.0822577 2.57938e-05 -0.000293618 3.76133e-05 2.57938e-05 0.00910608 -0.0167582 2.87572e-05 -0.000293618 -0.0167582 0.0827779 
0.00907452 -0.0166329 4.18276e-05 7.84508e-06 -0.0166329 0.0822302 5.95131e-06 -0.000236659 4.18276e-05 5.95131e-06 0.00909794 -0.0167538 7.84508e-06 -0.000236659 -0.0167538 0.0828108 
0.00906416 -0.0166074 3.11538e-05 2.11116e-06 -0.0166074 0.0821102 -4.23815e-07 -0.000201983 3.11538e-05 -4.23815e-07 0.00908123 -0.0167186 2.11116e-06 -0.000201983 -0.0167186 0.0826813 
0.00907292 -0.0166137 2.36922e-05 1.7641e-05 -0.0166137 0.0821271 1.38875e-05 -0.000213902 2.36922e-05 1.38875e-05 0.00907112 -0.0167137 1.7641e-05 -0.000213902 -0.0167137 0.0826697 
0.00905259 -0.0165967 1.80132e-05 2.80938e-05 -0.0165967 0.0820072 2.45105e-05 -0.000241267 1.80132e-05 2.45105e-05 0.00905905 -0.0166672 2.80938e-05 -0.000241267 -0.0166672 0.0824844 
0.00904765 -0.0165859 1.41053e-05 3.4222e-05 -0.0165859 0.0819825 2.95562e-05 -0.000259234 1.41053e-05 2.95562e-05 0.00905052 -0.0166641 3.4222e-05 -0.000259234 -0.0166641 0.0824359 
0.00907574 -0.016604 2.921e-06 3.80007e-05 -0.016604 0.0820824 3.12196e-05 -0.000266089 2.921e-06 3.12196e-05 0.00903999 -0.0166837 3.80007e-05 -0.000266089 -0.0166837 0.0825434 
0.00908502 -0.0166167 -8.01729e-07 5.21798e-05 -0.0166167 0.0820805 4.45161e-05 -0.000288583 -8.01729e-07 4.45161e-05 0.00902574 -0.0166546 5.21798e-05 -0.000288583 -0.0166546 0.0824876 
0.00907885 -0.0165839 -2.94643e-06 5.7071e-05 -0.0165839 0.0818772 5.18391e-05 -0.000310359 -2.94643e-06 5.18391e-05 0.0089855 -0.0165884 5.7071e-05 -0.000310359 -0.0165884 0.082196 
0.0090705 -0.0165976 -2.72537e-06 5.68994e-05 -0.0165976 0.0818737 5.4519e-05 -0.000318403 -2.72537e-06 5.4519e-05 0.00898612 -0.0165604 5.68994e-05 -0.000318403 -0.0165604 0.0820953 
0.00904734 -0.0165822 -1.91344e-06 5.42257e-05 -0.0165822 0.0818247 5.49609e-05 -0.000318043 -1.91344e-06 5.49609e-05 0.00899533 -0.016554 5.42257e-05 -0.000318043 -0.016554 0.0820156 
0.00903507 -0.0165505 -4.91885e-06 5.33048e-05 -0.0165505 0.0817384 5.29325e-05 -0.000313755 -4.91885e-06 5.29325e-05 0.00899559 -0.0165664 5.33048e-05 -0.000313755 -0.0165664 0.0819994 
0.00903736 -0.0165546 -3.72812e-06 5.76461e-05 -0.0165546 0.0817681 5.48446e-05 -0.000315302 -3.72812e-06 5.48446e-05 0.00900007 -0.0165892 5.76461e-05 -0.000315302 -0.0165892 0.0820999 
0.00903727 -0.0165605 -8.93512e-06 5.75803e-05 -0.0165605 0.0818087 5.42469e-05 -0.000317031 -8.93512e-06 5.42469e-05 0.00900464 -0.0166005 5.75803e-05 -0.000317031 -0.0166005 0.082177 
0.00904969 -0.0165677 -1.43379e-05 6.33216e-05 -0.0165677 0.0818629 5.88448e-05 -0.000324774 -1.43379e-05 5.88448e-05 0.00900133 -0.0166115 6.33216e-05 -0.000324774 -0.0166115 0.0822474 
0.0090594 -0.0165912 -1.16241e-05 6.85708e-05 -0.0165912 0.0819532 6.36853e-05 -0.000333783 -1.16241e-05 6.36853e-05 0.00900759 -0.0166141 6.85708e-05 -0.000333783 -0.0166141 0.0823099 
0.00908052 -0.0166262 -1.03308e-05 6.41686e-05 -0.0166262 0.0821322 5.96796e-05 -0.000329187 -1.03308e-05 5.96796e-05 0.00902608 -0.0166434 6.41686e-05 -0.000329187 -0.0166434 0.0824613 
0.00907606 -0.0166114 6.04335e-06 6.11861e-05 -0.0166114 0.0820529 5.8651e-05 -0.000320001 6.04335e-06 5.8651e-05 0.0090193 -0.0166238 6.11861e-05 -0.000320001 -0.0166238 0.0823636 
0.00906697 -0.0166067 1.50429e-05 4.15745e-05 -0.0166067 0.0820131 4.13697e-05 -0.000290654 1.50429e-05 4.13697e-05 0.00902035 -0.0166174 4.15745e-05 -0.000290654 -0.0166174 0.082318 
0.00903269 -0.0165575 1.34598e-05 3.00422e-05 -0.0165575 0.0817879 3.04608e-05 -0.00025802 1.34598e-05 3.04608e-05 0.00901242 -0.0165815 3.00422e-05 -0.00025802 -0.0165815 0.0821127 
0.00901979 -0.0165104 1.13595e-05 3.35351e-05 -0.0165104 0.0815961 3.05996e-05 -0.000249375 1.13595e-05 3.05996e-05 0.00899139 -0.0165724 3.35351e-05 -0.000249375 -0.0165724 0.0819989 
0.00901009 -0.0164782 1.8544e-05 3.78615e-05 -0.0164782 0.0814012 3.05102e-05 -0.00025106 1.8544e-05 3.05102e-05 0.00896353 -0.0165334 3.78615e-05 -0.00025106 -0.0165334 0.0818365 
0.00900486 -0.0164657 1.92371e-05 2.72886e-05 -0.0164657 0.0812881 2.10844e-05 -0.000235522 1.92371e-05 2.10844e-05 0.00893843 -0.0164961 2.72886e-05 -0.000235522 -0.0164961 0.0816885 
0.00898666 -0.0164415 2.40171e-05 2.05429e-05 -0.0164415 0.0811329 1.96437e-05 -0.000215232 2.40171e-05 1.96437e-05 0.00891266 -0.016442 2.05429e-05 -0.000215232 -0.016442 0.0814603 
0.00899529 -0.0164922 2.48607e-05 1.12113e-05 -0.0164922 0.0813772 1.73798e-05 -0.000199224 2.48607e-05 1.73798e-05 0.0089429 -0.0164777 1.12113e-05 -0.000199224 -0.0164777 0.0816431 
0.00898613 -0.0164811 1.56689e-05 8.59807e-06 -0.0164811 0.0813932 1.87489e-05 -0.000191219 1.56689e-05 1.87489e-05 0.0089542 -0.0164907 8.59807e-06 -0.000191219 -0.0164907 0.0816682 
0.00899987 -0.0165276 9.19404e-06 2.21295e-05 -0.0165276 0.0816666 3.08432e-05 -0.000210248 9.19404e-06 3.08432e-05 0.00899996 -0.0165617 2.21295e-05 -0.000210248 -0.0165617 0.0819891 
0.00902172 -0.0165618 2.33344e-06 3.23965e-05 -0.0165618 0.0819147 4.01425e-05 -0.000239116 2.33344e-06 4.01425e-05 0.00903627 -0.0166422 3.23965e-05 -0.000239116 -0.0166422 0.0823363 
0.00900767 -0.016535 2.89847e-06 4.18255e-05 -0.016535 0.0818129 4.97358e-05 -0.000266256 2.89847e-06 4.97358e-05 0.00904317 -0.0166372 4.18255e-05 -0.000266256 -0.0166372 0.0823184 
0.00902225 -0.016551 2.06562e-05 4.26665e-05 -0.016551 0.0819178 4.76736e-05 -0.000276938 2.06562e-05 4.76736e-05 0.00906798 -0.0166846 4.26665e-05 -0.000276938 -0.0166846 0.0825094 
0.00901293 -0.0165427 2.93929e-05 2.26456e-05 -0.0165427 0.0818699 2.45351e-05 -0.000247039 2.93929e-05 2.45351e-05 0.00907468 -0.0166912 2.26456e-05 -0.000247039 -0.0166912 0.0825245 
0.00901137 -0.0165218 3.13657e-05 1.09559e-05 -0.0165218 0.0817863 1.14186e-05 -0.000209273 3.13657e-05 1.14186e-05 0.00906256 -0.0166883 1.09559e-05 -0.000209273 -0.0166883 0.08249 
0.00900904 -0.016496 2.63503e-05 8.96297e-06 -0.016496 0.0816278 9.62761e-06 -0.000192785 2.63503e-05 9.62761e-06 0.00902868 -0.0166489 8.96297e-06 -0.000192785 -0.0166489 0.0823299 
0.00900132 -0.0164964 1.47152e-05 1.74515e-05 -0.0164964 0.0815597 1.92695e-05 -0.000206967 1.47152e-05 1.92695e-05 0.0090029 -0.0166023 1.74515e-05 -0.000206967 -0.0166023 0.0821723 
0.00903187 -0.0164955 7.90432e-06 3.36486e-05 -0.0164955 0.0815494 3.6404e-05 -0.000243799 7.90432e-06 3.6404e-05 0.00895719 -0.0165691 3.36486e-05 -0.000243799 -0.0165691 0.0820513 
0.00906672 -0.0165915 8.32635e-06 4.2312e-05 -0.0165915 0.0818826 4.38982e-05 -0.000275012 8.32635e-06 4.38982e-05 0.00897164 -0.0165642 4.2312e-05 -0.000275012 -0.0165642 0.082175 
0.00905484 -0.0166181 9.213e-06 4.07436e-05 -0.0166181 0.0820167 3.91693e-05 -0.000278086 9.213e-06 3.91693e-05 0.00899357 -0.0165566 4.07436e-05 -0.000278086 -0.0165566 0.0821428 
0.00902076 -0.0165668 2.73167e-06 3.98534e-05 -0.0165668 0.0818712 3.64188e-05 -0.000271321 2.73167e-06 3.64188e-05 0.00900439 -0.0165501 3.98534e-05 -0.000271321 -0.0165501 0.082011 
0.00899238 -0.0165116 3.62861e-06 4.57493e-05 -0.0165116 0.0816694 4.4788e-05 -0.000278077 3.62861e-06 4.4788e-05 0.00901369 -0.0165542 4.57493e-05 -0.000278077 -0.0165542 0.0819296 
0.00898169 -0.0164742 -1.3376e-06 4.49595e-05 -0.0164742 0.0815126 4.81822e-05 -0.000288029 -1.3376e-06 4.81822e-05 0.00901102 -0.0165659 4.49595e-05 -0.000288029 -0.0165659 0.0819052 
0.00898282 -0.0164719 -1.38426e-05 5.12836e-05 -0.0164719 0.0814723 5.72204e-05 -0.00030531 -1.38426e-05 5.72204e-05 0.00900693 -0.0165719 5.12836e-05 -0.00030531 -0.0165719 0.0819283 
0.00898781 -0.016469 -1.37511e-05 6.68775e-05 -0.016469 0.0814368 7.27463e-05 -0.000338275 -1.37511e-05 7.27463e-05 0.00899299 -0.0165629 6.68775e-05 -0.000338275 -0.0165629 0.0819009 
0.00899231 -0.0164821 -1.65502e-05 6.67621e-05 -0.0164821 0.0814646 7.08984e-05 -0.000351754 -1.65502e-05 7.08984e-05 0.00898842 -0.0165519 6.67621e-05 -0.000351754 -0.0165519 0.0818888 
0.00899221 -0.0165041 -9.06119e-06 7.06883e-05 -0.0165041 0.0815674 7.37314e-05 -0.000359036 -9.06119e-06 7.37314e-05 0.00900773 -0.0165639 7.06883e-05 -0.000359036 -0.0165639 0.0819565 
0.00899842 -0.0165207 -1.79234e-06 6.34174e-05 -0.0165207 0.0816956 6.36271e-05 -0.000349616 -1.79234e-06 6.36271e-05 0.00903677 -0.016606 6.34174e-05 -0.000349616 -0.016606 0.0821142 
0.00900932 -0.0165311 -5.80666e-07 5.69582e-05 -0.0165311 0.0817779 5.34443e-05 -0.000331218 -5.80666e-07 5.34443e-05 0.0090575 -0.016647 5.69582e-05 -0.000331218 -0.016647 0.0822688 
0.00904834 -0.016581 -5.29466e-06 5.70355e-05 -0.016581 0.0820212 5.23965e-05 -0.000325527 -5.29466e-06 5.23965e-05 0.00907569 -0.0167128 5.70355e-05 -0.000325527 -0.0167128 0.0825746 
0.00907178 -0.0166202 -1.05543e-05 6.63636e-05 -0.0166202 0.0821729 6.06234e-05 -0.000341878 -1.05543e-05 6.06234e-05 0.00907775 -0.0167334 6.63636e-05 -0.000341878 -0.0167334 0.0827301 
0.00906298 -0.0166052 -1.16033e-05 7.45226e-05 -0.0166052 0.0820782 6.96482e-05 -0.000367456 -1.16033e-05 6.96482e-05 0.00905904 -0.0166943 7.45226e-05 -0.000367456 -0.0166943 0.082597 
0.00903311 -0.0165809 -1.28718e-05 7.37176e-05 -0.0165809 0.0819482 7.41536e-05 -0.000382199 -1.28718e-05 7.41536e-05 0.00905593 -0.0166542 7.37176e-05 -0.000382199 -0.0166542 0.082422 
0.00903144 -0.0165855 2.92964e-06 7.36409e-05 -0.0165855 0.0820348 7.7129e-05 -0.000389583 2.92964e-06 7.7129e-05 0.00907806 -0.0166909 7.36409e-05 -0.000389583 -0.0166909 0.0825425 
0.00904015 -0.0165798 3.89374e-06 5.23244e-05 -0.0165798 0.0820573 5.60116e-05 -0.000357433 3.89374e-06 5.60116e-05 0.00907984 -0.0167203 5.23244e-05 -0.000357433 -0.0167203 0.0826498 
0.00906075 -0.0165979 8.27839e-06 4.70654e-05 -0.0165979 0.0821291 5.22428e-05 -0.000328417 8.27839e-06 5.22428e-05 0.0090783 -0.0167341 4.70654e-05 -0.000328417 -0.0167341 0.0827572 
0.00907031 -0.0166005 6.71436e-06 4.07952e-05 -0.0166005 0.0820925 4.62142e-05 -0.000307765 6.71436e-06 4.62142e-05 0.00905771 -0.0167054 4.07952e-05 -0.000307765 -0.0167054 0.0826748 
0.00907027 -0.0165988 6.79472e-06 4.2733e-05 -0.0165988 0.0820219 4.74085e-05 -0.000300628 6.79472e-06 4.74085e-05 0.00903716 -0.0166579 4.2733e-05 -0.000300628 -0.0166579 0.0824978 
0.00907317 -0.0166155 4.78774e-06 4.27731e-05 -0.0166155 0.0820618 4.77325e-05 -0.000300728 4.78774e-06 4.77325e-05 0.00902474 -0.0166393 4.27731e-05 -0.000300728 -0.0166393 0.0824203 
0.00905001 -0.0165554 7.68984e-06 4.47142e-05 -0.0165554 0.0817612 4.83786e-05 -0.000300824 7.68984e-06 4.83786e-05 0.00897403 -0.0165526 4.47142e-05 -0.000300824 -0.0165526 0.0820183 
0.00903615 -0.0165702 1.58124e-05 4.45295e-05 -0.0165702 0.0817882 4.38261e-05 -0.000299989 1.58124e-05 4.38261e-05 0.00897979 -0.0165339 4.45295e-05 -0.000299989 -0.0165339 0.081953 
0.00897961 -0.0165017 1.72993e-05 3.62351e-05 -0.0165017 0.0815179 3.22228e-05 -0.000282524 1.72993e-05 3.22228e-05 0.00898446 -0.016491 3.62351e-05 -0.000282524 -0.016491 0.0816819 
0.00899443 -0.016513 2.54913e-05 3.52442e-05 -0.016513 0.0816824 3.00045e-05 -0.000272144 2.54913e-05 3.00045e-05 0.00901213 -0.0165823 3.52442e-05 -0.000272144 -0.0165823 0.081988 
0.00899632 -0.0165182 2.96982e-05 2.53551e-05 -0.0165182 0.0817303 1.83753e-05 -0.000251631 2.96982e-05 1.83753e-05 0.00902351 -0.0166155 2.53551e-05 -0.000251631 -0.0166155 0.0821663 
