0.00621813 0 -9.84862e-06 0 0 0.00879519 0 0 -9.84862e-06 0 0.00617772 0 0 0 0 0.00879519 
0.00950616 -0.011801 -3.85972e-06 3.13853e-06 -0.011801 0.0313178 3.13853e-06 -5.85114e-06 -3.85972e-06 3.13853e-06 0.00941273 -0.011681 3.13853e-06 -5.85114e-06 -0.011681 0.0310878 
0.00976686 -0.0182823 9.69453e-06 -5.7031e-05 -0.0182823 0.0673586 -5.7031e-05 0.000198623 9.69453e-06 -5.7031e-05 0.00966786 -0.0179437 -5.7031e-05 0.000198623 -0.0179437 0.0662292 
0.00918503 -0.0179326 1.46734e-06 -0.00011871 -0.0179326 0.0805809 -0.000119225 0.00060659 1.46734e-06 -0.000119225 0.00913057 -0.0174866 -0.00011871 0.00060659 -0.0174866 0.0783697 
0.00888367 -0.0167793 1.68211e-06 -9.50813e-05 -0.0167793 0.0814027 -9.17125e-05 0.000698659 1.68211e-06 -9.17125e-05 0.0088624 -0.0164603 -9.50813e-05 0.000698659 -0.0164603 0.0791517 
0.0086578 -0.0160416 -6.95823e-06 -6.60739e-05 -0.0160416 0.0792465 -5.9949e-05 0.000542609 -6.95823e-06 -5.9949e-05 0.00867483 -0.0158512 -6.60739e-05 0.000542609 -0.0158512 0.0775987 
0.0083884 -0.0154594 -1.02709e-05 -4.20153e-05 -0.0154594 0.0765313 -3.41321e-05 0.000375316 -1.02709e-05 -3.41321e-05 0.00843154 -0.0153513 -4.20153e-05 0.000375316 -0.0153513 0.0754366 
0.00814049 -0.014969 -3.36876e-06 -3.48736e-05 -0.014969 0.074107 -2.65132e-05 0.000278457 -3.36876e-06 -2.65132e-05 0.00818944 -0.0149057 -3.48736e-05 0.000278457 -0.0149057 0.0733537 
0.00956975 -0.0175784 -4.16183e-06 -5.40658e-05 -0.0175784 0.0869613 -4.33794e-05 0.000309997 -4.16183e-06 -4.33794e-05 0.00961449 -0.0175102 -5.40658e-05 0.000309997 -0.0175102 0.0862302 
0.00948403 -0.0173937 -1.08894e-05 -5.7994e-05 -0.0173937 0.0859586 -4.98474e-05 0.000322363 -1.08894e-05 -4.98474e-05 0.00948419 -0.0173024 -5.7994e-05 0.000322363 -0.0173024 0.0852406 
0.00943094 -0.0172988 -2.36308e-05 -5.39405e-05 -0.0172988 0.0853639 -4.65524e-05 0.00032972 -2.36308e-05 -4.65524e-05 0.00939203 -0.0171446 -5.39405e-05 0.00032972 -0.0171446 0.0845307 
0.00939673 -0.0172748 -2.43812e-05 -3.99039e-05 -0.0172748 0.0851679 -3.18097e-05 0.000313116 -2.43812e-05 -3.18097e-05 0.00935365 -0.0170612 -3.99039e-05 0.000313116 -0.0170612 0.0841681 
0.00935193 -0.0172078 -1.32002e-05 -3.82908e-05 -0.0172078 0.0848792 -2.97226e-05 0.000301738 -1.32002e-05 -2.97226e-05 0.00931968 -0.0169917 -3.82908e-05 0.000301738 -0.0169917 0.0838092 
0.00932213 -0.0171735 8.16164e-06 -4.99903e-05 -0.0171735 0.0847559 -4.28871e-05 0.000316546 8.16164e-06 -4.28871e-05 0.00931198 -0.0169769 -4.99903e-05 0.000316546 -0.0169769 0.0837059 
0.00931485 -0.0171474 1.93807e-05 -7.23428e-05 -0.0171474 0.0846978 -6.87498e-05 0.000359867 1.93807e-05 -6.87498e-05 0.00930876 -0.0169878 -7.23428e-05 0.000359867 -0.0169878 0.0837339 
0.00929862 -0.017125 1.90124e-05 -8.49041e-05 -0.017125 0.0845937 -8.39384e-05 0.000400349 1.90124e-05 -8.39384e-05 0.00929826 -0.016978 -8.49041e-05 0.000400349 -0.016978 0.083702 
0.00926877 -0.017099 1.53157e-05 -7.9884e-05 -0.017099 0.0844897 -8.19319e-05 0.000404577 1.53157e-05 -8.19319e-05 0.00930823 -0.01696 -7.9884e-05 0.000404577 -0.01696 0.0836392 
0.00925343 -0.017053 7.07212e-06 -6.899e-05 -0.017053 0.0843414 -7.3987e-05 0.000381283 7.07212e-06 -7.3987e-05 0.00930302 -0.0169631 -6.899e-05 0.000381283 -0.0169631 0.0835832 
0.0092389 -0.0170272 2.625e-06 -5.43529e-05 -0.0170272 0.084215 -6.22682e-05 0.000344201 2.625e-06 -6.22682e-05 0.00930737 -0.0169573 -5.43529e-05 0.000344201 -0.0169573 0.0835439 
0.00922991 -0.0170322 -1.22547e-06 -4.65219e-05 -0.0170322 0.0842461 -5.22875e-05 0.00030954 -1.22547e-06 -5.22875e-05 0.00932816 -0.0169854 -4.65219e-05 0.00030954 -0.0169854 0.0836411 
0.00919802 -0.0169649 -8.35005e-06 -4.44962e-05 -0.0169649 0.0839686 -4.69804e-05 0.000289786 -8.35005e-06 -4.69804e-05 0.00931056 -0.0169589 -4.44962e-05 0.000289786 -0.0169589 0.0834626 
0.00921046 -0.01697 -1.20079e-05 -3.75167e-05 -0.01697 0.0840032 -3.86264e-05 0.000273077 -1.20079e-05 -3.86264e-05 0.00930437 -0.0169862 -3.75167e-05 0.000273077 -0.0169862 0.0835804 
0.00923035 -0.0170048 -2.21783e-05 -3.36304e-05 -0.0170048 0.0841386 -3.56715e-05 0.000261406 -2.21783e-05 -3.56715e-05 0.00930616 -0.0169978 -3.36304e-05 0.000261406 -0.0169978 0.0837119 
0.00925293 -0.0170177 -1.17688e-05 -2.20736e-05 -0.0170177 0.0841766 -2.58707e-05 0.000243334 -1.17688e-05 -2.58707e-05 0.00927707 -0.0169791 -2.20736e-05 0.000243334 -0.0169791 0.0836799 
0.00924726 -0.0170134 -1.34089e-05 -3.49728e-05 -0.0170134 0.0840746 -3.91499e-05 0.000254486 -1.34089e-05 -3.91499e-05 0.0092495 -0.0169053 -3.49728e-05 0.000254486 -0.0169053 0.08343 
0.00927042 -0.0170502 -2.13294e-05 -3.87478e-05 -0.0170502 0.0842327 -3.84716e-05 0.000271766 -2.13294e-05 -3.84716e-05 0.00924645 -0.0169112 -3.87478e-05 0.000271766 -0.0169112 0.083464 
0.00928496 -0.0171051 -2.40028e-05 -3.02776e-05 -0.0171051 0.0844699 -2.66896e-05 0.000262115 -2.40028e-05 -2.66896e-05 0.00927142 -0.0169305 -3.02776e-05 0.000262115 -0.0169305 0.0835984 
0.00926872 -0.0170882 -2.19664e-05 -2.48859e-05 -0.0170882 0.0844306 -2.35291e-05 0.000247971 -2.19664e-05 -2.35291e-05 0.00928549 -0.0169244 -2.48859e-05 0.000247971 -0.0169244 0.0835323 
0.00926964 -0.0170503 -2.16674e-05 -2.43483e-05 -0.0170503 0.0842892 -2.68132e-05 0.000243162 -2.16674e-05 -2.68132e-05 0.00926327 -0.0169242 -2.43483e-05 0.000243162 -0.0169242 0.0834477 
0.00927847 -0.0170541 -1.62902e-05 -2.28944e-05 -0.0170541 0.0842471 -2.75378e-05 0.000241477 -1.62902e-05 -2.75378e-05 0.00925049 -0.016908 -2.28944e-05 0.000241477 -0.016908 0.0834122 
0.00926709 -0.0170644 -1.62736e-05 -2.88704e-05 -0.0170644 0.0842435 -3.00539e-05 0.000243351 -1.62736e-05 -3.00539e-05 0.00925797 -0.0168906 -2.88704e-05 0.000243351 -0.0168906 0.0833567 
0.00925386 -0.0170529 -9.15992e-06 -3.19487e-05 -0.0170529 0.0842257 -2.67837e-05 0.000243608 -9.15992e-06 -2.67837e-05 0.00926302 -0.0168982 -3.19487e-05 0.000243608 -0.0168982 0.0833396 
0.00925625 -0.0170846 -6.31949e-06 -4.34161e-05 -0.0170846 0.0844271 -3.58746e-05 0.000260349 -6.31949e-06 -3.58746e-05 0.00929287 -0.0169556 -4.34161e-05 0.000260349 -0.0169556 0.0835914 
0.00924579 -0.0170479 -9.33761e-06 -4.75429e-05 -0.0170479 0.0843349 -4.14772e-05 0.000278949 -9.33761e-06 -4.14772e-05 0.00928316 -0.0169578 -4.75429e-05 0.000278949 -0.0169578 0.0835896 
0.00923959 -0.0170399 -1.79598e-05 -4.43385e-05 -0.0170399 0.084307 -4.00556e-05 0.000284396 -1.79598e-05 -4.00556e-05 0.00928475 -0.0169573 -4.43385e-05 0.000284396 -0.0169573 0.0836236 
0.00924072 -0.0170171 -2.1715e-05 -3.24259e-05 -0.0170171 0.0842171 -2.90015e-05 0.000266148 -2.1715e-05 -2.90015e-05 0.00926321 -0.0169464 -3.24259e-05 0.000266148 -0.0169464 0.0835772 
0.00922061 -0.0169582 -2.49323e-05 -2.31773e-05 -0.0169582 0.083887 -2.12459e-05 0.000238242 -2.49323e-05 -2.12459e-05 0.00921614 -0.0168619 -2.31773e-05 0.000238242 -0.0168619 0.0832318 
0.00919915 -0.0169195 -1.558e-05 -1.84948e-05 -0.0169195 0.0836289 -1.62141e-05 0.000218291 -1.558e-05 -1.62141e-05 0.00917916 -0.0167861 -1.84948e-05 0.000218291 -0.0167861 0.0828993 
0.00915681 -0.0168595 -1.46834e-05 -2.63019e-05 -0.0168595 0.0833012 -2.49101e-05 0.000219485 -1.46834e-05 -2.49101e-05 0.00913893 -0.0167061 -2.63019e-05 0.000219485 -0.0167061 0.0825062 
0.00913437 -0.0168294 -6.27107e-06 -2.77667e-05 -0.0168294 0.0831768 -2.58902e-05 0.000224199 -6.27107e-06 -2.58902e-05 0.0091293 -0.0166834 -2.77667e-05 0.000224199 -0.0166834 0.0823749 
0.00910686 -0.0168069 1.48731e-07 -3.70842e-05 -0.0168069 0.0830963 -3.57004e-05 0.000237524 1.48731e-07 -3.57004e-05 0.00913351 -0.0166791 -3.70842e-05 0.000237524 -0.0166791 0.0823305 
0.00909787 -0.0167728 8.9954e-06 -4.30777e-05 -0.0167728 0.0830063 -4.59921e-05 0.000256566 8.9954e-06 -4.59921e-05 0.00912481 -0.0166881 -4.30777e-05 0.000256566 -0.0166881 0.082331 
0.00909635 -0.0167498 9.47727e-06 -5.00267e-05 -0.0167498 0.0828903 -5.70816e-05 0.000275464 9.47727e-06 -5.70816e-05 0.00910432 -0.0166678 -5.00267e-05 0.000275464 -0.0166678 0.0822668 
0.00911099 -0.0167515 4.02535e-06 -4.91637e-05 -0.0167515 0.0828567 -5.78116e-05 0.000281934 4.02535e-06 -5.78116e-05 0.00908603 -0.0166463 -4.91637e-05 0.000281934 -0.0166463 0.082212 
0.00914046 -0.0168148 -9.79577e-06 -3.97526e-05 -0.0168148 0.0830867 -4.98121e-05 0.000265949 -9.79577e-06 -4.98121e-05 0.00908841 -0.0166619 -3.97526e-05 0.000265949 -0.0166619 0.0823436 
0.00913828 -0.016862 -2.08062e-05 -2.38578e-05 -0.016862 0.0832941 -3.31564e-05 0.000232675 -2.08062e-05 -3.31564e-05 0.00912062 -0.0166689 -2.38578e-05 0.000232675 -0.0166689 0.0824346 
0.00914109 -0.0168663 -1.82512e-05 -1.21611e-05 -0.0168663 0.0834177 -1.78877e-05 0.000196867 -1.82512e-05 -1.78877e-05 0.00914324 -0.0167126 -1.21611e-05 0.000196867 -0.0167126 0.0825649 
0.00914082 -0.0168608 -1.92617e-05 -1.86778e-05 -0.0168608 0.0834361 -2.03414e-05 0.000190807 -1.92617e-05 -2.03414e-05 0.009157 -0.0167372 -1.86778e-05 0.000190807 -0.0167372 0.0826557 
0.00912919 -0.0168246 -2.34446e-05 -2.1077e-05 -0.0168246 0.083277 -1.96098e-05 0.000195993 -2.34446e-05 -1.96098e-05 0.00914463 -0.0167231 -2.1077e-05 0.000195993 -0.0167231 0.0825675 
0.00914657 -0.0168368 -1.66624e-05 -1.48068e-05 -0.0168368 0.0833191 -1.26613e-05 0.000187256 -1.66624e-05 -1.26613e-05 0.00914719 -0.0167384 -1.48068e-05 0.000187256 -0.0167384 0.0826479 
0.00917744 -0.0168828 -7.6995e-06 -2.10499e-05 -0.0168828 0.0834943 -2.12534e-05 0.000192425 -7.6995e-06 -2.12534e-05 0.00915887 -0.0167651 -2.10499e-05 0.000192425 -0.0167651 0.082805 
0.00919399 -0.0169026 2.06652e-06 -3.37952e-05 -0.0169026 0.0835447 -3.49237e-05 0.000218608 2.06652e-06 -3.49237e-05 0.00915849 -0.0167605 -3.37952e-05 0.000218608 -0.0167605 0.0828038 
0.00919466 -0.0169107 1.04887e-05 -4.76162e-05 -0.0169107 0.0835272 -4.94969e-05 0.000255353 1.04887e-05 -4.94969e-05 0.0091501 -0.0167379 -4.76162e-05 0.000255353 -0.0167379 0.0827031 
0.00918628 -0.0169526 1.21821e-05 -5.99082e-05 -0.0169526 0.083707 -6.25602e-05 0.000294095 1.21821e-05 -6.25602e-05 0.0091718 -0.0167563 -5.99082e-05 0.000294095 -0.0167563 0.0827939 
0.00916523 -0.0168947 1.93018e-05 -6.10237e-05 -0.0168947 0.0835341 -6.316e-05 0.000309304 1.93018e-05 -6.316e-05 0.00915444 -0.0167338 -6.10237e-05 0.000309304 -0.0167338 0.0826335 
0.00913857 -0.0168483 1.73163e-05 -7.06377e-05 -0.0168483 0.0833171 -6.96109e-05 0.00032431 1.73163e-05 -6.96109e-05 0.00914142 -0.0166999 -7.06377e-05 0.00032431 -0.0166999 0.0824621 
0.00911655 -0.0167987 9.5717e-06 -6.82343e-05 -0.0167987 0.0830933 -6.4306e-05 0.00032342 9.5717e-06 -6.4306e-05 0.00912186 -0.016673 -6.82343e-05 0.00032342 -0.016673 0.0822973 
0.00911791 -0.0167918 -1.48818e-07 -5.55124e-05 -0.0167918 0.0830566 -5.23446e-05 0.000298238 -1.48818e-07 -5.23446e-05 0.00911412 -0.016676 -5.55124e-05 0.000298238 -0.016676 0.0823107 
0.00912958 -0.0167985 6.56635e-06 -4.10282e-05 -0.0167985 0.0830698 -4.07096e-05 0.000263842 6.56635e-06 -4.07096e-05 0.00910476 -0.0166746 -4.10282e-05 0.000263842 -0.0166746 0.0823352 
0.00912466 -0.0168014 3.59602e-06 -4.74318e-05 -0.0168014 0.0830441 -4.84233e-05 0.000257893 3.59602e-06 -4.84233e-05 0.00910074 -0.0166517 -4.74318e-05 0.000257893 -0.0166517 0.0822704 
0.00914811 -0.0168613 -1.57729e-05 -4.60486e-05 -0.0168613 0.0833446 -4.6452e-05 0.000260363 -1.57729e-05 -4.6452e-05 0.00913978 -0.0167097 -4.60486e-05 0.000260363 -0.0167097 0.0825449 
0.00914404 -0.0168617 -2.3e-05 -2.49114e-05 -0.0168617 0.0833834 -2.21728e-05 0.000226195 -2.3e-05 -2.21728e-05 0.00916441 -0.0167291 -2.49114e-05 0.000226195 -0.0167291 0.0826073 
0.00916699 -0.0169067 -1.75942e-05 -1.62929e-05 -0.0169067 0.0836344 -1.19516e-05 0.000193863 -1.75942e-05 -1.19516e-05 0.00920404 -0.0168057 -1.62929e-05 0.000193863 -0.0168057 0.082917 
0.00918257 -0.0169304 -9.22481e-06 -2.30809e-05 -0.0169304 0.083766 -2.05462e-05 0.000196494 -9.22481e-06 -2.05462e-05 0.00922005 -0.0168455 -2.30809e-05 0.000196494 -0.0168455 0.0830955 
0.00920437 -0.0169508 1.42958e-06 -3.6622e-05 -0.0169508 0.0838683 -3.33865e-05 0.000225902 1.42958e-06 -3.33865e-05 0.0092204 -0.016868 -3.6622e-05 0.000225902 -0.016868 0.0832189 
0.00920284 -0.0169143 5.11135e-06 -4.93882e-05 -0.0169143 0.0836464 -4.64758e-05 0.000259777 5.11135e-06 -4.64758e-05 0.0091722 -0.0168043 -4.93882e-05 0.000259777 -0.0168043 0.0829608 
0.00918776 -0.0169104 9.89395e-07 -5.4598e-05 -0.0169104 0.0835336 -5.16297e-05 0.000283075 9.89395e-07 -5.16297e-05 0.00914272 -0.0167401 -5.4598e-05 0.000283075 -0.0167401 0.0827299 
0.00918469 -0.0169369 -1.24327e-06 -4.95232e-05 -0.0169369 0.0836759 -4.43956e-05 0.000280859 -1.24327e-06 -4.43956e-05 0.00915846 -0.0167471 -4.95232e-05 0.000280859 -0.0167471 0.0827817 
0.00916042 -0.0168731 2.74872e-06 -4.60062e-05 -0.0168731 0.0834438 -4.14045e-05 0.000271167 2.74872e-06 -4.14045e-05 0.00914234 -0.0167155 -4.60062e-05 0.000271167 -0.0167155 0.0825821 
0.00913222 -0.0168274 -1.17297e-05 -5.14728e-05 -0.0168274 0.0832173 -4.75845e-05 0.000277423 -1.17297e-05 -4.75845e-05 0.00914112 -0.0166882 -5.14728e-05 0.000277423 -0.0166882 0.0824203 
0.00911524 -0.0168175 -2.87102e-05 -3.45556e-05 -0.0168175 0.0831861 -2.90706e-05 0.000256165 -2.87102e-05 -2.90706e-05 0.00915638 -0.0167144 -3.45556e-05 0.000256165 -0.0167144 0.0824745 
0.00911907 -0.0167968 -3.4603e-05 -1.26408e-05 -0.0167968 0.0831427 -5.23069e-06 0.000205429 -3.4603e-05 -5.23069e-06 0.00914495 -0.0167396 -1.26408e-05 0.000205429 -0.0167396 0.0825502 
0.00911982 -0.0167673 -2.63175e-05 -3.69513e-06 -0.0167673 0.0829737 -4.48424e-07 0.000172425 -2.63175e-05 -4.48424e-07 0.00910736 -0.0167027 -3.69513e-06 0.000172425 -0.0167027 0.0824382 
0.00910313 -0.0167466 -1.91288e-05 -1.07813e-05 -0.0167466 0.0827902 -1.33e-05 0.000176432 -1.91288e-05 -1.33e-05 0.00907827 -0.0166314 -1.07813e-05 0.000176432 -0.0166314 0.0821893 
0.00912074 -0.0167912 -2.15714e-05 -1.82462e-05 -0.0167912 0.0829898 -2.46055e-05 0.000197512 -2.15714e-05 -2.46055e-05 0.00908742 -0.0166521 -1.82462e-05 0.000197512 -0.0166521 0.0823039 
0.00913632 -0.0168021 -1.95573e-05 -1.53336e-05 -0.0168021 0.0830557 -2.14593e-05 0.000201278 -1.95573e-05 -2.14593e-05 0.00907796 -0.0166501 -1.53336e-05 0.000201278 -0.0166501 0.0823139 
0.0091398 -0.0168542 -1.08774e-05 -1.8718e-05 -0.0168542 0.0832726 -2.21516e-05 0.000202227 -1.08774e-05 -2.21516e-05 0.00910875 -0.0166679 -1.8718e-05 0.000202227 -0.0166679 0.0824539 
0.00910841 -0.0168483 -4.59126e-07 -3.33003e-05 -0.0168483 0.0833207 -3.3053e-05 0.000224382 -4.59126e-07 -3.3053e-05 0.0091441 -0.0166858 -3.33003e-05 0.000224382 -0.0166858 0.0824904 
0.00907041 -0.0167682 1.54904e-05 -4.80783e-05 -0.0167682 0.0830828 -4.50284e-05 0.000257259 1.54904e-05 -4.50284e-05 0.00915054 -0.0166928 -4.80783e-05 0.000257259 -0.0166928 0.0823984 
0.00905642 -0.0166927 2.63087e-05 -6.80081e-05 -0.0166927 0.0827716 -6.46786e-05 0.000302281 2.63087e-05 -6.46786e-05 0.00912491 -0.0166842 -6.80081e-05 0.000302281 -0.0166842 0.0822796 
0.00907538 -0.01671 2.27578e-05 -8.16546e-05 -0.01671 0.0827871 -7.86556e-05 0.000344912 2.27578e-05 -7.86556e-05 0.00911867 -0.0166962 -8.16546e-05 0.000344912 -0.0166962 0.0823751 
0.00908452 -0.0167263 1.89358e-05 -7.81024e-05 -0.0167263 0.0828037 -7.5513e-05 0.000357526 1.89358e-05 -7.5513e-05 0.00911921 -0.0166829 -7.81024e-05 0.000357526 -0.0166829 0.0823701 
0.00907423 -0.0167067 1.62677e-05 -7.09309e-05 -0.0167067 0.082674 -6.84704e-05 0.000345336 1.62677e-05 -6.84704e-05 0.00909869 -0.0166494 -7.09309e-05 0.000345336 -0.0166494 0.0822017 
0.00905923 -0.0167087 5.27463e-06 -6.93472e-05 -0.0167087 0.0826635 -6.41914e-05 0.000335076 5.27463e-06 -6.41914e-05 0.00910921 -0.0166418 -6.93472e-05 0.000335076 -0.0166418 0.0821675 
0.00904856 -0.0166826 -6.29373e-06 -5.86842e-05 -0.0166826 0.0825844 -5.07506e-05 0.000315227 -6.29373e-06 -5.07506e-05 0.00910833 -0.0166445 -5.86842e-05 0.000315227 -0.0166445 0.0821218 
0.00906062 -0.016705 -4.75058e-06 -4.4734e-05 -0.016705 0.0827039 -3.4954e-05 0.000282777 -4.75058e-06 -3.4954e-05 0.00911698 -0.016684 -4.4734e-05 0.000282777 -0.016684 0.0822943 
0.0090715 -0.016686 3.9949e-06 -4.2109e-05 -0.016686 0.0826156 -3.65145e-05 0.000263963 3.9949e-06 -3.65145e-05 0.00907649 -0.0166608 -4.2109e-05 0.000263963 -0.0166608 0.0822221 
0.00905553 -0.0166653 2.63026e-06 -4.71793e-05 -0.0166653 0.0824284 -4.9204e-05 0.000269836 2.63026e-06 -4.9204e-05 0.00903712 -0.0165759 -4.71793e-05 0.000269836 -0.0165759 0.0819386 
0.00903318 -0.0166541 8.21394e-06 -4.34722e-05 -0.0166541 0.0823535 -5.06208e-05 0.000273119 8.21394e-06 -5.06208e-05 0.00903347 -0.0165298 -4.34722e-05 0.000273119 -0.0165298 0.0817483 
0.00903695 -0.0166618 1.0618e-05 -4.94009e-05 -0.0166618 0.0824433 -5.74244e-05 0.000281096 1.0618e-05 -5.74244e-05 0.00904522 -0.0165571 -4.94009e-05 0.000281096 -0.0165571 0.0818209 
0.009028 -0.0166525 -6.56159e-07 -5.34259e-05 -0.0166525 0.0824176 -5.977e-05 0.000290677 -6.56159e-07 -5.977e-05 0.00905457 -0.0165587 -5.34259e-05 0.000290677 -0.0165587 0.0818176 
0.00902228 -0.0166361 -1.54468e-05 -4.11909e-05 -0.0166361 0.0823652 -4.50217e-05 0.000273485 -1.54468e-05 -4.50217e-05 0.00906104 -0.0165663 -4.11909e-05 0.000273485 -0.0165663 0.0818126 
0.00903308 -0.0166385 -1.7326e-05 -2.19376e-05 -0.0166385 0.0823779 -2.76831e-05 0.000234597 -1.7326e-05 -2.76831e-05 0.0090645 -0.0165859 -2.19376e-05 0.000234597 -0.0165859 0.0818761 
0.00906304 -0.016679 -4.43791e-06 -1.83657e-05 -0.016679 0.0825373 -2.56836e-05 0.00021232 -4.43791e-06 -2.56836e-05 0.00906922 -0.0166164 -1.83657e-05 0.00021232 -0.0166164 0.0820377 
0.00907363 -0.0167255 1.39501e-05 -3.52568e-05 -0.0167255 0.0827108 -4.04976e-05 0.000230341 1.39501e-05 -4.04976e-05 0.0090715 -0.0166252 -3.52568e-05 0.000230341 -0.0166252 0.0821394 
0.00908534 -0.0167478 1.72966e-05 -5.92232e-05 -0.0167478 0.0828512 -6.09841e-05 0.000276051 1.72966e-05 -6.09841e-05 0.00907284 -0.0166295 -5.92232e-05 0.000276051 -0.0166295 0.0822024 
0.00908638 -0.0167423 1.17101e-05 -6.55978e-05 -0.0167423 0.0828424 -6.37312e-05 0.000303644 1.17101e-05 -6.37312e-05 0.00906571 -0.0166131 -6.55978e-05 0.000303644 -0.0166131 0.0821491 
0.0090939 -0.0167432 -4.88774e-06 -5.83779e-05 -0.0167432 0.0828409 -5.40223e-05 0.000295052 -4.88774e-06 -5.40223e-05 0.00905729 -0.0166044 -5.83779e-05 0.000295052 -0.0166044 0.0821165 
0.00908743 -0.0167286 -8.03583e-06 -3.93253e-05 -0.0167286 0.0827417 -3.27788e-05 0.000257207 -8.03583e-06 -3.27788e-05 0.00904332 -0.016572 -3.93253e-05 0.000257207 -0.016572 0.0819797 
0.00907815 -0.0167234 -1.62692e-05 -3.32139e-05 -0.0167234 0.0826982 -2.65209e-05 0.000226674 -1.62692e-05 -2.65209e-05 0.0090414 -0.0165578 -3.32139e-05 0.000226674 -0.0165578 0.0819061 
0.00905819 -0.0166861 3.44468e-06 -2.0051e-05 -0.0166861 0.08253 -1.74969e-05 0.000199524 3.44468e-06 -1.74969e-05 0.00902244 -0.0165298 -2.0051e-05 0.000199524 -0.0165298 0.0817422 
0.00901812 -0.016642 8.88371e-06 -4.12958e-05 -0.016642 0.082318 -4.24791e-05 0.000220534 8.88371e-06 -4.24791e-05 0.00902475 -0.0164907 -4.12958e-05 0.000220534 -0.0164907 0.0815506 
0.00899922 -0.0165997 1.39229e-06 -5.27626e-05 -0.0165997 0.082175 -5.55952e-05 0.000261988 1.39229e-06 -5.55952e-05 0.00902496 -0.0164997 -5.27626e-05 0.000261988 -0.0164997 0.0814959 
0.00900913 -0.0166222 -2.52822e-06 -4.7601e-05 -0.0166222 0.0823027 -4.97743e-05 0.000274188 -2.52822e-06 -4.97743e-05 0.00904227 -0.0165542 -4.7601e-05 0.000274188 -0.0165542 0.0817279 
0.00901016 -0.0166226 3.63463e-06 -4.49663e-05 -0.0166226 0.082329 -4.33855e-05 0.000271332 3.63463e-06 -4.33855e-05 0.00904658 -0.0165674 -4.49663e-05 0.000271332 -0.0165674 0.0818204 
0.00900989 -0.0165753 8.31492e-06 -5.71165e-05 -0.0165753 0.0821132 -4.79939e-05 0.00028405 8.31492e-06 -4.79939e-05 0.00900547 -0.0165312 -5.71165e-05 0.00028405 -0.0165312 0.0816578 
0.00898967 -0.0165443 1.91592e-05 -6.41564e-05 -0.0165443 0.0818719 -5.07871e-05 0.000298549 1.91592e-05 -5.07871e-05 0.00897739 -0.0164569 -6.41564e-05 0.000298549 -0.0164569 0.0813812 
0.00897133 -0.016519 2.03281e-05 -7.52829e-05 -0.016519 0.0817195 -6.216e-05 0.000319668 2.03281e-05 -6.216e-05 0.0089606 -0.0164185 -7.52829e-05 0.000319668 -0.0164185 0.0811827 
0.00896433 -0.016525 2.51964e-05 -7.35654e-05 -0.016525 0.0817474 -6.60569e-05 0.000330743 2.51964e-05 -6.60569e-05 0.0089684 -0.0164257 -7.35654e-05 0.000330743 -0.0164257 0.0811991 
0.0089745 -0.0165384 1.76262e-05 -7.57381e-05 -0.0165384 0.081854 -7.40849e-05 0.00033957 1.76262e-05 -7.40849e-05 0.00897564 -0.0164595 -7.57381e-05 0.00033957 -0.0164595 0.0813387 
0.00897668 -0.016551 1.67033e-05 -6.42856e-05 -0.016551 0.0819227 -6.58618e-05 0.000327785 1.67033e-05 -6.58618e-05 0.00897714 -0.0164698 -6.42856e-05 0.000327785 -0.0164698 0.0814248 
0.0089537 -0.016521 8.73799e-06 -6.08427e-05 -0.016521 0.0817996 -6.45944e-05 0.000313901 8.73799e-06 -6.45944e-05 0.00897168 -0.0164377 -6.08427e-05 0.000313901 -0.0164377 0.0813007 
0.00895492 -0.016522 -4.81534e-06 -5.23412e-05 -0.016522 0.0818481 -5.62081e-05 0.000298843 -4.81534e-06 -5.62081e-05 0.0089865 -0.0164611 -5.23412e-05 0.000298843 -0.0164611 0.0813826 
0.00895273 -0.0165064 -1.90747e-05 -3.61513e-05 -0.0165064 0.0817901 -3.76685e-05 0.000263352 -1.90747e-05 -3.76685e-05 0.00898546 -0.0164636 -3.61513e-05 0.000263352 -0.0164636 0.081374 
0.00893858 -0.0164926 -2.18266e-05 -1.75267e-05 -0.0164926 0.0817071 -1.63967e-05 0.000213443 -2.18266e-05 -1.63967e-05 0.00899084 -0.016452 -1.75267e-05 0.000213443 -0.016452 0.0813151 
0.00895058 -0.0164873 -1.30135e-05 -1.216e-05 -0.0164873 0.0817063 -1.04487e-05 0.000179556 -1.30135e-05 -1.04487e-05 0.00898711 -0.0164719 -1.216e-05 0.000179556 -0.0164719 0.0813601 
0.00899606 -0.0165414 -1.21131e-05 -2.26755e-05 -0.0165414 0.0819289 -2.01511e-05 0.000182916 -1.21131e-05 -2.01511e-05 0.00898361 -0.0165141 -2.26755e-05 0.000182916 -0.0165141 0.0815977 
0.00900592 -0.016574 -9.75556e-06 -2.67584e-05 -0.016574 0.0820024 -2.25956e-05 0.000195217 -9.75556e-06 -2.25956e-05 0.00897762 -0.0164856 -2.67584e-05 0.000195217 -0.0164856 0.0815766 
0.00899996 -0.0165863 -1.38266e-05 -3.12774e-05 -0.0165863 0.0820547 -2.51679e-05 0.000205584 -1.38266e-05 -2.51679e-05 0.00898992 -0.0164735 -3.12774e-05 0.000205584 -0.0164735 0.0815373 
0.00898646 -0.0165739 -1.76913e-05 -2.71527e-05 -0.0165739 0.0820382 -2.20913e-05 0.000206522 -1.76913e-05 -2.20913e-05 0.00900533 -0.0164842 -2.71527e-05 0.000206522 -0.0164842 0.0815262 
0.00897309 -0.0165466 -2.46979e-05 -2.2743e-05 -0.0165466 0.0819504 -1.88519e-05 0.000200594 -2.46979e-05 -1.88519e-05 0.00900812 -0.0164973 -2.2743e-05 0.000200594 -0.0164973 0.0815223 
0.00897511 -0.0165297 -1.80284e-05 -1.59537e-05 -0.0165297 0.0818854 -1.4591e-05 0.000194289 -1.80284e-05 -1.4591e-05 0.00900264 -0.0165033 -1.59537e-05 0.000194289 -0.0165033 0.0815353 
0.00898679 -0.0165456 -1.33661e-06 -2.54644e-05 -0.0165456 0.0819273 -2.43122e-05 0.000209832 -1.33661e-06 -2.43122e-05 0.00900075 -0.01651 -2.54644e-05 0.000209832 -0.01651 0.0815915 
0.00899795 -0.0165781 9.79355e-06 -4.8177e-05 -0.0165781 0.0820566 -4.73272e-05 0.000258213 9.79355e-06 -4.73272e-05 0.00900789 -0.0165209 -4.8177e-05 0.000258213 -0.0165209 0.0816801 
0.00898805 -0.0165543 2.02991e-05 -6.33484e-05 -0.0165543 0.0819479 -6.34738e-05 0.000308501 2.02991e-05 -6.34738e-05 0.00899219 -0.016488 -6.33484e-05 0.000308501 -0.016488 0.0815327 
0.00897823 -0.0165455 1.25376e-05 -7.64768e-05 -0.0165455 0.081893 -7.61162e-05 0.00034797 1.25376e-05 -7.61162e-05 0.00898767 -0.0164702 -7.64768e-05 0.00034797 -0.0164702 0.0814469 
0.00897336 -0.016545 1.78556e-06 -6.84037e-05 -0.016545 0.081911 -6.54847e-05 0.000350703 1.78556e-06 -6.54847e-05 0.00899435 -0.0164808 -6.84037e-05 0.000350703 -0.0164808 0.0814752 
0.00894871 -0.0165103 2.28096e-06 -5.69563e-05 -0.0165103 0.081769 -4.93755e-05 0.000324228 2.28096e-06 -4.93755e-05 0.00899155 -0.0164642 -5.69563e-05 0.000324228 -0.0164642 0.0813765 
0.0089401 -0.0164406 5.53944e-06 -5.80528e-05 -0.0164406 0.0814687 -4.81552e-05 0.000310874 5.53944e-06 -4.81552e-05 0.00894798 -0.0164273 -5.80528e-05 0.000310874 -0.0164273 0.0811559 
0.00894207 -0.0164499 5.31738e-06 -5.94926e-05 -0.0164499 0.0814156 -5.29254e-05 0.000312189 5.31738e-06 -5.29254e-05 0.00892777 -0.0163988 -5.94926e-05 0.000312189 -0.0163988 0.0810888 
0.0089456 -0.0164574 4.84064e-06 -5.82463e-05 -0.0164574 0.0814206 -5.5368e-05 0.00031683 4.84064e-06 -5.5368e-05 0.00890928 -0.0163756 -5.82463e-05 0.00031683 -0.0163756 0.0810252 
0.00893337 -0.0164618 -6.06794e-06 -5.39717e-05 -0.0164618 0.0814247 -5.46115e-05 0.000311379 -6.06794e-06 -5.46115e-05 0.00890711 -0.0163498 -5.39717e-05 0.000311379 -0.0163498 0.0809499 
0.00892317 -0.0164607 -8.13976e-06 -3.69908e-05 -0.0164607 0.0814701 -4.15623e-05 0.000283152 -8.13976e-06 -4.15623e-05 0.00891805 -0.016361 -3.69908e-05 0.000283152 -0.016361 0.0809823 
0.00891134 -0.016428 -1.83963e-05 -3.17591e-05 -0.016428 0.0813752 -3.65541e-05 0.000256236 -1.83963e-05 -3.65541e-05 0.00891756 -0.0163593 -3.17591e-05 0.000256236 -0.0163593 0.0809459 
0.0089092 -0.016415 -1.80999e-05 -2.20617e-05 -0.016415 0.0813239 -2.31369e-05 0.000230047 -1.80999e-05 -2.31369e-05 0.00892151 -0.0163671 -2.20617e-05 0.000230047 -0.0163671 0.0809651 
0.00892268 -0.0164606 -1.14818e-05 -2.21263e-05 -0.0164606 0.0815345 -2.07222e-05 0.000214958 -1.14818e-05 -2.07222e-05 0.00895343 -0.0164166 -2.21263e-05 0.000214958 -0.0164166 0.0812056 
0.00894867 -0.0164946 -1.10784e-05 -3.01271e-05 -0.0164946 0.0817436 -2.77594e-05 0.000221481 -1.10784e-05 -2.77594e-05 0.00896744 -0.016471 -3.01271e-05 0.000221481 -0.016471 0.081451 
0.00895231 -0.0164676 -1.45014e-05 -2.96513e-05 -0.0164676 0.0816021 -3.07103e-05 0.000227421 -1.45014e-05 -3.07103e-05 0.00893678 -0.0164306 -2.96513e-05 0.000227421 -0.0164306 0.0813078 
0.00894881 -0.0164562 -1.62309e-05 -2.22988e-05 -0.0164562 0.0814663 -2.75276e-05 0.000219041 -1.62309e-05 -2.75276e-05 0.00890232 -0.0163711 -2.22988e-05 0.000219041 -0.0163711 0.0810829 
0.00894411 -0.0164409 -1.3161e-05 -1.70953e-05 -0.0164409 0.0813378 -2.71471e-05 0.000208349 -1.3161e-05 -2.71471e-05 0.00886766 -0.0163097 -1.70953e-05 0.000208349 -0.0163097 0.0808269 
0.00893652 -0.0164354 -2.25028e-05 -1.70676e-05 -0.0164354 0.0812613 -3.12523e-05 0.00020475 -2.25028e-05 -3.12523e-05 0.00884927 -0.0162617 -1.70676e-05 0.00020475 -0.0162617 0.0806237 
0.00895135 -0.0164504 -1.89258e-05 -7.29988e-06 -0.0164504 0.0813238 -1.92858e-05 0.000188296 -1.89258e-05 -1.92858e-05 0.0088337 -0.0162595 -7.29988e-06 0.000188296 -0.0162595 0.0806009 
0.00895681 -0.0164825 -2.67952e-05 -1.2307e-05 -0.0164825 0.0814404 -1.87131e-05 0.000179408 -2.67952e-05 -1.87131e-05 0.00883939 -0.0162524 -1.2307e-05 0.000179408 -0.0162524 0.0806232 
0.00893081 -0.0164765 -2.32688e-05 -5.84579e-06 -0.0164765 0.0814396 -7.27871e-06 0.000164579 -2.32688e-05 -7.27871e-06 0.00885503 -0.0162443 -5.84579e-06 0.000164579 -0.0162443 0.0805723 
0.0088732 -0.0164094 -1.18828e-05 -1.09477e-05 -0.0164094 0.081214 -9.66803e-06 0.000161102 -1.18828e-05 -9.66803e-06 0.008869 -0.0162311 -1.09477e-05 0.000161102 -0.0162311 0.0804192 
0.00882766 -0.0162915 8.77323e-06 -2.63486e-05 -0.0162915 0.0807717 -2.37458e-05 0.000184919 8.77323e-06 -2.37458e-05 0.00884413 -0.0162081 -2.63486e-05 0.000184919 -0.0162081 0.0801742 
0.0088096 -0.0162699 1.12393e-05 -5.07047e-05 -0.0162699 0.0806668 -4.81038e-05 0.000233656 1.12393e-05 -4.81038e-05 0.00885998 -0.0162265 -5.07047e-05 0.000233656 -0.0162265 0.08024 
0.00882624 -0.0162758 6.73597e-06 -5.40554e-05 -0.0162758 0.0807379 -4.93378e-05 0.000258643 6.73597e-06 -4.93378e-05 0.00886561 -0.0162803 -5.40554e-05 0.000258643 -0.0162803 0.0804544 
0.00884452 -0.0163145 3.1971e-06 -4.61869e-05 -0.0163145 0.0809012 -4.02299e-05 0.00024684 3.1971e-06 -4.02299e-05 0.00888019 -0.0163127 -4.61869e-05 0.00024684 -0.0163127 0.0806803 
0.00884273 -0.0163489 -4.19511e-06 -4.12009e-05 -0.0163489 0.0810753 -3.51589e-05 0.000229748 -4.19511e-06 -3.51589e-05 0.00891292 -0.0163405 -4.12009e-05 0.000229748 -0.0163405 0.0808591 
