0.00768472 0 6.65135e-05 0 0 0.0109323 0 0 6.65135e-05 0 0.00770513 0 0 0 0 0.0109323 
0.00937994 -0.0116402 6.94842e-05 -8.34099e-05 -0.0116402 0.0309729 -8.34099e-05 0.000160455 6.94842e-05 -8.34099e-05 0.00943748 -0.0117161 -8.34099e-05 0.000160455 -0.0117161 0.0311187 
0.00963605 -0.0178702 2.76211e-05 -4.69455e-05 -0.0178702 0.0659503 -4.69455e-05 0.000132716 2.76211e-05 -4.69455e-05 0.00971622 -0.0181497 -4.69455e-05 0.000132716 -0.0181497 0.0668934 
0.00911847 -0.0175058 -9.29675e-06 5.99649e-05 -0.0175058 0.0784241 6.70846e-05 -0.000335932 -9.29675e-06 6.70846e-05 0.00922401 -0.0179272 5.99649e-05 -0.000335932 -0.0179272 0.0805031 
0.00888893 -0.0164618 -1.43707e-05 9.12722e-05 -0.0164618 0.0792455 0.000102063 -0.000578921 -1.43707e-05 0.000102063 0.00891836 -0.0168659 9.12722e-05 -0.000578921 -0.0168659 0.0816221 
0.00872255 -0.015879 -7.15278e-07 7.38891e-05 -0.015879 0.0776821 8.2295e-05 -0.000523183 -7.15278e-07 8.2295e-05 0.00866187 -0.016112 7.38891e-05 -0.000523183 -0.016112 0.0795193 
0.0084688 -0.0154215 1.10645e-06 4.398e-05 -0.0154215 0.0756351 4.69563e-05 -0.000375444 1.10645e-06 4.69563e-05 0.00839748 -0.0154961 4.398e-05 -0.000375444 -0.0154961 0.0767805 
0.00820587 -0.0149628 2.05403e-06 3.76623e-05 -0.0149628 0.073581 3.55943e-05 -0.000276716 2.05403e-06 3.55943e-05 0.00815427 -0.0150054 3.76623e-05 -0.000276716 -0.0150054 0.0743313 
0.0112143 -0.0204393 -9.38965e-06 5.19643e-05 -0.0204393 0.100714 4.85142e-05 -0.000332562 -9.38965e-06 4.85142e-05 0.0111716 -0.0205362 5.19643e-05 -0.000332562 -0.0205362 0.101629 
0.0110615 -0.0201329 -1.88135e-05 6.84832e-05 -0.0201329 0.0992616 6.45381e-05 -0.000342037 -1.88135e-05 6.45381e-05 0.011021 -0.0202756 6.84832e-05 -0.000342037 -0.0202756 0.100235 
0.0109728 -0.019967 -1.33594e-05 8.26214e-05 -0.019967 0.0983943 7.86651e-05 -0.00037708 -1.33594e-05 7.86651e-05 0.0109314 -0.0201185 8.26214e-05 -0.00037708 -0.0201185 0.0994249 
0.0109104 -0.0198528 4.4004e-06 7.60598e-05 -0.0198528 0.0977851 7.43213e-05 -0.000386345 4.4004e-06 7.43213e-05 0.0108521 -0.020001 7.60598e-05 -0.000386345 -0.020001 0.0988279 
0.0109001 -0.0198389 1.23708e-05 5.14114e-05 -0.0198389 0.097671 5.39209e-05 -0.000352116 1.23708e-05 5.39209e-05 0.0108186 -0.0199566 5.14114e-05 -0.000352116 -0.0199566 0.0986597 
0.010893 -0.0198486 -2.67252e-08 4.01322e-05 -0.0198486 0.0976949 4.10752e-05 -0.000312271 -2.67252e-08 4.10752e-05 0.0108048 -0.0199285 4.01322e-05 -0.000312271 -0.0199285 0.0985804 
0.0108843 -0.0198558 -1.43549e-05 5.66662e-05 -0.0198558 0.0977525 5.29835e-05 -0.000318203 -1.43549e-05 5.29835e-05 0.0108057 -0.0199139 5.66662e-05 -0.000318203 -0.0199139 0.0985369 
0.0108698 -0.0198391 -2.36772e-05 7.69172e-05 -0.0198391 0.0977282 7.12031e-05 -0.000356707 -2.36772e-05 7.12031e-05 0.0107982 -0.0199069 7.69172e-05 -0.000356707 -0.0199069 0.0984807 
0.0108594 -0.0198314 -2.71692e-05 8.87637e-05 -0.0198314 0.0977421 8.45349e-05 -0.000394417 -2.71692e-05 8.45349e-05 0.0107993 -0.0199112 8.87637e-05 -0.000394417 -0.0199112 0.0985074 
0.0108358 -0.0198062 -2.72267e-05 8.96813e-05 -0.0198062 0.0976701 9.1484e-05 -0.000414627 -2.72267e-05 9.1484e-05 0.0107964 -0.0199007 8.96813e-05 -0.000414627 -0.0199007 0.0984658 
0.0108193 -0.0197475 -2.89408e-05 8.22265e-05 -0.0197475 0.0974499 8.92054e-05 -0.000406987 -2.89408e-05 8.92054e-05 0.0107754 -0.0198657 8.22265e-05 -0.000406987 -0.0198657 0.0982906 
0.0107926 -0.0197185 -2.55815e-05 8.17008e-05 -0.0197185 0.0972774 8.89837e-05 -0.000397629 -2.55815e-05 8.89837e-05 0.0107689 -0.0198315 8.17008e-05 -0.000397629 -0.0198315 0.09813 
0.0107611 -0.0196791 -1.72145e-05 7.79512e-05 -0.0196791 0.0971194 8.2146e-05 -0.000383545 -1.72145e-05 8.2146e-05 0.0107714 -0.0198179 7.79512e-05 -0.000383545 -0.0198179 0.098012 
0.0107472 -0.0196519 1.52598e-06 6.95556e-05 -0.0196519 0.0970442 6.95025e-05 -0.000359252 1.52598e-06 6.95025e-05 0.0107791 -0.0198349 6.95556e-05 -0.000359252 -0.0198349 0.0980288 
0.0107191 -0.0195843 8.80122e-06 4.78902e-05 -0.0195843 0.0967363 4.59747e-05 -0.000314701 8.80122e-06 4.59747e-05 0.0107485 -0.0197979 4.78902e-05 -0.000314701 -0.0197979 0.0978138 
0.0106923 -0.0195499 -1.3181e-06 3.68891e-05 -0.0195499 0.0965309 3.71286e-05 -0.000276907 -1.3181e-06 3.71286e-05 0.0107363 -0.0197503 3.68891e-05 -0.000276907 -0.0197503 0.097612 
0.0106692 -0.0195163 -1.73129e-06 5.28105e-05 -0.0195163 0.0963764 5.1372e-05 -0.00029032 -1.73129e-06 5.1372e-05 0.0107316 -0.0197264 5.28105e-05 -0.00029032 -0.0197264 0.0974513 
0.010693 -0.0195463 -3.6662e-06 5.80527e-05 -0.0195463 0.0965444 5.32256e-05 -0.000311944 -3.6662e-06 5.32256e-05 0.0107368 -0.0197798 5.80527e-05 -0.000311944 -0.0197798 0.0976554 
0.0107207 -0.0195535 1.25581e-05 5.6929e-05 -0.0195535 0.0965599 5.01079e-05 -0.000310418 1.25581e-05 5.01079e-05 0.0107086 -0.0197716 5.6929e-05 -0.000310418 -0.0197716 0.0976741 
0.0107265 -0.0195913 1.98746e-05 3.17417e-05 -0.0195913 0.0966423 2.85309e-05 -0.000265906 1.98746e-05 2.85309e-05 0.0107102 -0.0197415 3.17417e-05 -0.000265906 -0.0197415 0.0976477 
0.0107183 -0.0195881 1.89599e-05 1.89075e-05 -0.0195881 0.0966412 1.71669e-05 -0.000217972 1.89599e-05 1.71669e-05 0.0107245 -0.0197307 1.89075e-05 -0.000217972 -0.0197307 0.097575 
0.0106881 -0.0195695 7.54588e-06 2.11816e-05 -0.0195695 0.0965793 2.02223e-05 -0.000205893 7.54588e-06 2.02223e-05 0.0107463 -0.0197446 2.11816e-05 -0.000205893 -0.0197446 0.0975535 
0.0107154 -0.0195927 8.33096e-07 3.56584e-05 -0.0195927 0.0967888 3.55402e-05 -0.000227134 8.33096e-07 3.55402e-05 0.0107712 -0.0198355 3.56584e-05 -0.000227134 -0.0198355 0.0979015 
0.0107307 -0.0196005 -7.36943e-06 4.37436e-05 -0.0196005 0.0968139 4.57245e-05 -0.000253686 -7.36943e-06 4.57245e-05 0.0107634 -0.0198447 4.37436e-05 -0.000253686 -0.0198447 0.0980004 
0.0107292 -0.0196016 -2.87298e-06 5.26853e-05 -0.0196016 0.0967744 5.58137e-05 -0.000277773 -2.87298e-06 5.58137e-05 0.0107611 -0.0198166 5.26853e-05 -0.000277773 -0.0198166 0.0979339 
0.0107271 -0.0196266 -6.12005e-06 4.86867e-05 -0.0196266 0.0968828 5.1993e-05 -0.000283954 -6.12005e-06 5.1993e-05 0.0107858 -0.0198312 4.86867e-05 -0.000283954 -0.0198312 0.0979938 
0.010727 -0.019626 -3.92793e-06 5.24988e-05 -0.019626 0.0969357 5.55183e-05 -0.000289982 -3.92793e-06 5.55183e-05 0.0108002 -0.0198636 5.24988e-05 -0.000289982 -0.0198636 0.0980807 
0.0107003 -0.0196019 -1.05769e-05 5.38178e-05 -0.0196019 0.096846 5.42827e-05 -0.00029627 -1.05769e-05 5.42827e-05 0.0108123 -0.0198638 5.38178e-05 -0.00029627 -0.0198638 0.0980589 
0.0107076 -0.0195938 -2.5871e-05 6.41875e-05 -0.0195938 0.0968801 6.21048e-05 -0.000315391 -2.5871e-05 6.21048e-05 0.010815 -0.0199064 6.41875e-05 -0.000315391 -0.0199064 0.0982026 
0.0107144 -0.0195634 -3.35948e-05 8.19939e-05 -0.0195634 0.0967232 8.19911e-05 -0.000354398 -3.35948e-05 8.19911e-05 0.0107824 -0.0198752 8.19939e-05 -0.000354398 -0.0198752 0.0981005 
0.0107041 -0.0195466 -1.25057e-05 9.12515e-05 -0.0195466 0.0965437 9.55797e-05 -0.000393639 -1.25057e-05 9.55797e-05 0.0107459 -0.0198077 9.12515e-05 -0.000393639 -0.0198077 0.0978528 
0.0107032 -0.019557 8.46441e-06 6.62677e-05 -0.019557 0.096552 7.42975e-05 -0.000376938 8.46441e-06 7.42975e-05 0.0107259 -0.0197785 6.62677e-05 -0.000376938 -0.0197785 0.097753 
0.0107002 -0.0195503 1.06242e-05 3.90691e-05 -0.0195503 0.0965132 4.41601e-05 -0.000315375 1.06242e-05 4.41601e-05 0.0107019 -0.0197369 3.90691e-05 -0.000315375 -0.0197369 0.0975993 
0.0107004 -0.0195517 2.60004e-05 3.52343e-05 -0.0195517 0.0965011 3.52953e-05 -0.000274465 2.60004e-05 3.52953e-05 0.0106829 -0.0196992 3.52343e-05 -0.000274465 -0.0196992 0.097462 
0.0106765 -0.0195192 3.79387e-05 1.5351e-05 -0.0195192 0.0963293 1.38935e-05 -0.000228634 3.79387e-05 1.38935e-05 0.0106569 -0.0196365 1.5351e-05 -0.000228634 -0.0196365 0.0971781 
0.0106701 -0.0195166 4.3768e-05 -2.52753e-06 -0.0195166 0.0963355 -4.24013e-06 -0.000174972 4.3768e-05 -4.24013e-06 0.0106511 -0.019631 -2.52753e-06 -0.000174972 -0.019631 0.0971319 
0.0106758 -0.0194998 3.65001e-05 -1.1903e-05 -0.0194998 0.0962771 -1.2788e-05 -0.000136247 3.65001e-05 -1.2788e-05 0.010632 -0.0196147 -1.1903e-05 -0.000136247 -0.0196147 0.0970568 
0.0106807 -0.0195319 1.77493e-05 -4.40736e-06 -0.0195319 0.0963911 -4.33813e-06 -0.000133281 1.77493e-05 -4.33813e-06 0.0106404 -0.0196217 -4.40736e-06 -0.000133281 -0.0196217 0.0971333 
0.0106488 -0.019501 2.08185e-06 1.66625e-05 -0.019501 0.0962703 1.78581e-05 -0.000165832 2.08185e-06 1.78581e-05 0.0106338 -0.0195931 1.66625e-05 -0.000165832 -0.0195931 0.0969925 
0.0106471 -0.0194826 5.48058e-06 3.90455e-05 -0.0194826 0.0962521 4.12496e-05 -0.000221154 5.48058e-06 4.12496e-05 0.0106359 -0.0196033 3.90455e-05 -0.000221154 -0.0196033 0.0970126 
0.0106695 -0.0194936 2.43386e-06 3.88597e-05 -0.0194936 0.0963035 4.0887e-05 -0.000248727 2.43386e-06 4.0887e-05 0.0106364 -0.0196175 3.88597e-05 -0.000248727 -0.0196175 0.0970884 
0.0107052 -0.0195439 8.35159e-06 4.29638e-05 -0.0195439 0.0964858 4.44196e-05 -0.000261871 8.35159e-06 4.44196e-05 0.0106343 -0.0196386 4.29638e-05 -0.000261871 -0.0196386 0.0972274 
0.0106922 -0.0195259 1.35347e-05 3.50142e-05 -0.0195259 0.0963363 3.53963e-05 -0.000252381 1.35347e-05 3.53963e-05 0.0106107 -0.0195731 3.50142e-05 -0.000252381 -0.0195731 0.0969746 
0.0106754 -0.0195111 5.92194e-06 2.8706e-05 -0.0195111 0.096239 2.52169e-05 -0.000230183 5.92194e-06 2.52169e-05 0.0106032 -0.0195388 2.8706e-05 -0.000230183 -0.0195388 0.0967927 
0.0106645 -0.0195033 -4.13422e-06 4.10281e-05 -0.0195033 0.0962203 3.23187e-05 -0.000235304 -4.13422e-06 3.23187e-05 0.0106106 -0.0195445 4.10281e-05 -0.000235304 -0.0195445 0.096771 
0.0106548 -0.0195115 -9.41711e-06 5.58699e-05 -0.0195115 0.0962967 4.42876e-05 -0.000263395 -9.41711e-06 4.42876e-05 0.0106446 -0.019582 5.58699e-05 -0.000263395 -0.019582 0.0969073 
0.0106769 -0.0195069 -1.31908e-05 5.99848e-05 -0.0195069 0.0963553 4.96003e-05 -0.000280771 -1.31908e-05 4.96003e-05 0.0106548 -0.0196396 5.99848e-05 -0.000280771 -0.0196396 0.0971011 
0.0106788 -0.0195223 -2.66438e-07 5.81853e-05 -0.0195223 0.0963735 5.52681e-05 -0.000285348 -2.66438e-07 5.52681e-05 0.0106817 -0.0196505 5.81853e-05 -0.000285348 -0.0196505 0.0971889 
0.0106707 -0.0194725 1.12167e-06 3.98013e-05 -0.0194725 0.0961351 4.45197e-05 -0.000264513 1.12167e-06 4.45197e-05 0.0106669 -0.0196326 3.98013e-05 -0.000264513 -0.0196326 0.0970177 
0.0106687 -0.0195031 -7.93495e-06 3.9785e-05 -0.0195031 0.0962041 4.66769e-05 -0.000258583 -7.93495e-06 4.66769e-05 0.0106895 -0.0196567 3.9785e-05 -0.000258583 -0.0196567 0.0971155 
0.0106843 -0.019522 -1.12236e-05 5.53229e-05 -0.019522 0.0963374 6.12748e-05 -0.000288501 -1.12236e-05 6.12748e-05 0.0107143 -0.0197104 5.53229e-05 -0.000288501 -0.0197104 0.0973156 
0.0107083 -0.0195664 -5.76044e-06 6.59793e-05 -0.0195664 0.0965553 6.8942e-05 -0.000326932 -5.76044e-06 6.8942e-05 0.0107451 -0.0197764 6.59793e-05 -0.000326932 -0.0197764 0.0976145 
0.010769 -0.0196732 2.94642e-06 6.25312e-05 -0.0196732 0.0970848 6.1859e-05 -0.000337087 2.94642e-06 6.1859e-05 0.0107932 -0.0198963 6.25312e-05 -0.000337087 -0.0198963 0.0982055 
0.0108033 -0.0197102 1.5546e-05 5.18936e-05 -0.0197102 0.0972599 4.96375e-05 -0.000320083 1.5546e-05 4.96375e-05 0.0107968 -0.019916 5.18936e-05 -0.000320083 -0.019916 0.098378 
0.0108227 -0.0197292 9.41668e-06 3.40543e-05 -0.0197292 0.0972979 3.48022e-05 -0.000284359 9.41668e-06 3.48022e-05 0.0107751 -0.0198934 3.40543e-05 -0.000284359 -0.0198934 0.0983392 
0.0108045 -0.0197281 -2.79666e-07 3.83681e-05 -0.0197281 0.0972289 4.34286e-05 -0.000276806 -2.79666e-07 4.34286e-05 0.010758 -0.0198351 3.83681e-05 -0.000276806 -0.0198351 0.0981358 
0.0107514 -0.0196423 9.96964e-06 4.87519e-05 -0.0196423 0.0968469 5.67064e-05 -0.000297224 9.96964e-06 5.67064e-05 0.01072 -0.019745 4.87519e-05 -0.000297224 -0.019745 0.0976802 
0.0107287 -0.0195886 9.1909e-06 3.77597e-05 -0.0195886 0.0966224 4.39179e-05 -0.000290476 9.1909e-06 4.39179e-05 0.0106938 -0.0197104 3.77597e-05 -0.000290476 -0.0197104 0.0974645 
0.0107109 -0.0195715 7.11769e-06 3.56127e-05 -0.0195715 0.0965281 3.72125e-05 -0.00026949 7.11769e-06 3.72125e-05 0.0106883 -0.0196904 3.56127e-05 -0.00026949 -0.0196904 0.0973776 
0.0107052 -0.0195616 9.28926e-06 3.62267e-05 -0.0195616 0.0965072 3.5388e-05 -0.000255882 9.28926e-06 3.5388e-05 0.0106898 -0.0196914 3.62267e-05 -0.000255882 -0.0196914 0.0973676 
0.0106863 -0.0195763 5.00582e-06 3.2826e-05 -0.0195763 0.0965921 3.21744e-05 -0.000243543 5.00582e-06 3.21744e-05 0.0107226 -0.0197138 3.2826e-05 -0.000243543 -0.0197138 0.0974696 
0.0106444 -0.0195002 -2.14967e-06 4.07343e-05 -0.0195002 0.0963359 3.53007e-05 -0.000246242 -2.14967e-06 3.53007e-05 0.010712 -0.0197023 4.07343e-05 -0.000246242 -0.0197023 0.0973195 
0.0106142 -0.0194239 -4.82701e-06 5.35035e-05 -0.0194239 0.0960213 4.0833e-05 -0.000262827 -4.82701e-06 4.0833e-05 0.0106835 -0.0196729 5.35035e-05 -0.000262827 -0.0196729 0.0971431 
0.0105924 -0.0193789 5.07555e-07 5.73954e-05 -0.0193789 0.0957882 4.24775e-05 -0.000273658 5.07555e-07 4.24775e-05 0.0106583 -0.0196333 5.73954e-05 -0.000273658 -0.0196333 0.0969773 
0.0105834 -0.0193849 2.5959e-05 4.63808e-05 -0.0193849 0.0958042 3.64142e-05 -0.000261666 2.5959e-05 3.64142e-05 0.0106617 -0.0196328 4.63808e-05 -0.000261666 -0.0196328 0.0970004 
0.010602 -0.0193956 2.99519e-05 1.05069e-05 -0.0193956 0.0959056 6.47657e-06 -0.000200496 2.99519e-05 6.47657e-06 0.0106627 -0.0196593 1.05069e-05 -0.000200496 -0.0196593 0.0971256 
0.0106147 -0.0193973 2.03423e-05 -1.135e-06 -0.0193973 0.0958843 -1.51287e-06 -0.00014799 2.03423e-05 -1.51287e-06 0.0106417 -0.0196392 -1.135e-06 -0.00014799 -0.0196392 0.0970835 
0.0105971 -0.0193802 1.25135e-05 7.11406e-06 -0.0193802 0.0957363 1.12234e-05 -0.000142964 1.25135e-05 1.12234e-05 0.0106163 -0.019574 7.11406e-06 -0.000142964 -0.019574 0.0968347 
0.0105722 -0.019317 7.8866e-06 1.8789e-05 -0.019317 0.0954276 2.28535e-05 -0.00016568 7.8866e-06 2.28535e-05 0.0105632 -0.0194964 1.8789e-05 -0.00016568 -0.0194964 0.0964489 
0.0105764 -0.019314 6.92477e-06 2.48147e-05 -0.019314 0.0953593 2.93353e-05 -0.000185163 6.92477e-06 2.93353e-05 0.0105298 -0.0194488 2.48147e-05 -0.000185163 -0.0194488 0.0962741 
0.0105513 -0.0193039 1.01544e-05 2.32264e-05 -0.0193039 0.0952437 3.14215e-05 -0.000190938 1.01544e-05 3.14215e-05 0.010513 -0.0193761 2.32264e-05 -0.000190938 -0.0193761 0.095989 
0.0105371 -0.0192892 1.24796e-05 1.67131e-05 -0.0192892 0.0952083 2.69777e-05 -0.00018171 1.24796e-05 2.69777e-05 0.0105147 -0.0193597 1.67131e-05 -0.00018171 -0.0193597 0.0958575 
0.0105393 -0.0192983 9.37876e-06 1.60731e-05 -0.0192983 0.095295 2.21164e-05 -0.000172331 9.37876e-06 2.21164e-05 0.0105285 -0.019396 1.60731e-05 -0.000172331 -0.019396 0.0959634 
0.0105471 -0.0193332 2.3323e-05 2.39441e-05 -0.0193332 0.0955014 1.94046e-05 -0.000170985 2.3323e-05 1.94046e-05 0.0105621 -0.0194544 2.39441e-05 -0.000170985 -0.0194544 0.0962356 
0.0105401 -0.0193349 1.24711e-05 1.1062e-05 -0.0193349 0.0955768 -1.40178e-06 -0.00014555 1.24711e-05 -1.40178e-06 0.0105797 -0.0194908 1.1062e-05 -0.00014555 -0.0194908 0.0963959 
0.01053 -0.0192583 -6.99417e-06 1.91846e-05 -0.0192583 0.0952663 3.338e-06 -0.000132406 -6.99417e-06 3.338e-06 0.0105365 -0.0194425 1.91846e-05 -0.000132406 -0.0194425 0.0961619 
0.0105151 -0.0192321 -1.02926e-05 4.15809e-05 -0.0192321 0.0950426 2.58168e-05 -0.000161668 -1.02926e-05 2.58168e-05 0.0105025 -0.0193779 4.15809e-05 -0.000161668 -0.0193779 0.0959122 
0.0105433 -0.0192608 -9.672e-06 4.74848e-05 -0.0192608 0.0951477 3.39357e-05 -0.000191176 -9.672e-06 3.39357e-05 0.0104865 -0.01938 4.74848e-05 -0.000191176 -0.01938 0.095951 
0.0105758 -0.0192932 -3.92728e-06 4.71985e-05 -0.0192932 0.0952358 3.41823e-05 -0.000201791 -3.92728e-06 3.41823e-05 0.0104629 -0.019359 4.71985e-05 -0.000201791 -0.019359 0.0959307 
0.0105795 -0.0193344 -9.70016e-06 3.931e-05 -0.0193344 0.0953478 2.39477e-05 -0.000187397 -9.70016e-06 2.39477e-05 0.0104682 -0.0193339 3.931e-05 -0.000187397 -0.0193339 0.0958946 
0.0105704 -0.0193553 -6.01856e-06 4.31539e-05 -0.0193553 0.0954837 2.64633e-05 -0.000177672 -6.01856e-06 2.64633e-05 0.0104914 -0.0193563 4.31539e-05 -0.000177672 -0.0193563 0.0959699 
0.0105423 -0.0193051 -1.37086e-06 3.65757e-05 -0.0193051 0.095333 1.94459e-05 -0.000161586 -1.37086e-06 1.94459e-05 0.010489 -0.0193503 3.65757e-05 -0.000161586 -0.0193503 0.0958826 
0.0105526 -0.0193107 -3.45495e-06 2.60434e-05 -0.0193107 0.095408 1.45627e-05 -0.000137879 -3.45495e-06 1.45627e-05 0.0105052 -0.0193898 2.60434e-05 -0.000137879 -0.0193898 0.0960513 
0.0105413 -0.0193087 -9.60805e-06 2.29727e-05 -0.0193087 0.0953948 1.94641e-05 -0.000126092 -9.60805e-06 1.94641e-05 0.0105147 -0.0193939 2.29727e-05 -0.000126092 -0.0193939 0.0960837 
0.0105191 -0.0192868 -7.7612e-06 2.85466e-05 -0.0192868 0.0953291 2.81591e-05 -0.000131276 -7.7612e-06 2.81591e-05 0.0105228 -0.0193936 2.85466e-05 -0.000131276 -0.0193936 0.0960587 
0.0104838 -0.0192212 -1.0484e-05 2.93169e-05 -0.0192212 0.0950712 2.54317e-05 -0.000134365 -1.0484e-05 2.54317e-05 0.0105117 -0.0193659 2.93169e-05 -0.000134365 -0.0193659 0.0958775 
0.0104635 -0.0191522 1.49703e-06 3.08725e-05 -0.0191522 0.0947648 2.89735e-05 -0.000135682 1.49703e-06 2.89735e-05 0.010487 -0.0193308 3.08725e-05 -0.000135682 -0.0193308 0.0956632 
0.0104534 -0.0191169 1.62057e-05 1.5535e-05 -0.0191169 0.0945352 1.78743e-05 -0.000117713 1.62057e-05 1.78743e-05 0.0104562 -0.0192891 1.5535e-05 -0.000117713 -0.0192891 0.0954599 
0.0104296 -0.0191332 2.8009e-05 -5.57435e-06 -0.0191332 0.0945498 -3.76783e-07 -7.56955e-05 2.8009e-05 -3.76783e-07 0.0104715 -0.0192764 -5.57435e-06 -7.56955e-05 -0.0192764 0.0954274 
0.0104218 -0.0191171 2.62655e-05 -2.27791e-05 -0.0191171 0.0945686 -1.53919e-05 -2.98387e-05 2.62655e-05 -1.53919e-05 0.0104769 -0.0193041 -2.27791e-05 -2.98387e-05 -0.0193041 0.0954826 
0.0103899 -0.019062 2.42431e-05 -1.9682e-05 -0.019062 0.0943335 -1.28894e-05 -1.63823e-05 2.42431e-05 -1.28894e-05 0.0104587 -0.019268 -1.9682e-05 -1.63823e-05 -0.019268 0.0953085 
0.0104196 -0.0190766 2.4322e-05 -1.44939e-05 -0.0190766 0.0944348 -7.85876e-06 -2.68111e-05 2.4322e-05 -7.85876e-06 0.0104573 -0.0192999 -1.44939e-05 -2.68111e-05 -0.0192999 0.0954585 
0.010452 -0.0191269 3.1244e-05 -1.32945e-05 -0.0191269 0.0946038 -7.39266e-06 -3.45894e-05 3.1244e-05 -7.39266e-06 0.0104608 -0.0193076 -1.32945e-05 -3.45894e-05 -0.0193076 0.0955753 
0.01048 -0.0191727 3.42699e-05 -2.23606e-05 -0.0191727 0.094767 -2.0948e-05 -1.73338e-05 3.42699e-05 -2.0948e-05 0.010462 -0.019306 -2.23606e-05 -1.73338e-05 -0.019306 0.0956152 
0.0105138 -0.0192269 3.77657e-05 -2.56609e-05 -0.0192269 0.0949863 -2.89058e-05 4.07332e-06 3.77657e-05 -2.89058e-05 0.0104643 -0.0193237 -2.56609e-05 4.07332e-06 -0.0193237 0.0957191 
0.0105368 -0.0192834 2.9318e-05 -2.82379e-05 -0.0192834 0.0952288 -3.56584e-05 2.05081e-05 2.9318e-05 -3.56584e-05 0.0104814 -0.0193465 -2.82379e-05 2.05081e-05 -0.0193465 0.0958686 
0.0105383 -0.019273 1.71746e-05 -1.81104e-05 -0.019273 0.0951934 -2.50206e-05 1.17015e-05 1.71746e-05 -2.50206e-05 0.0104788 -0.0193335 -1.81104e-05 1.17015e-05 -0.0193335 0.0957973 
0.0105286 -0.0192486 -2.30396e-06 -3.80153e-06 -0.0192486 0.0950565 -4.98713e-06 -2.37708e-05 -2.30396e-06 -4.98713e-06 0.0104664 -0.0193144 -3.80153e-06 -2.37708e-05 -0.0193144 0.0956752 
0.010498 -0.0192111 -2.36418e-05 1.77602e-05 -0.0192111 0.0948467 2.48694e-05 -8.15011e-05 -2.36418e-05 2.48694e-05 0.0104632 -0.0192766 1.77602e-05 -8.15011e-05 -0.0192766 0.0954809 
0.0105003 -0.01924 -4.18478e-05 4.48197e-05 -0.01924 0.0950146 5.55944e-05 -0.000155235 -4.18478e-05 5.55944e-05 0.0104964 -0.0193365 4.48197e-05 -0.000155235 -0.0193365 0.0957006 
0.0105243 -0.019277 -4.35403e-05 7.08025e-05 -0.019277 0.0952686 7.96496e-05 -0.000229238 -4.35403e-05 7.96496e-05 0.0105209 -0.0194181 7.08025e-05 -0.000229238 -0.0194181 0.0960603 
0.0105446 -0.0192821 -3.2188e-05 7.58963e-05 -0.0192821 0.0953125 8.29176e-05 -0.000268913 -3.2188e-05 8.29176e-05 0.0105063 -0.0194251 7.58963e-05 -0.000268913 -0.0194251 0.0961563 
0.0105391 -0.0192607 -2.53949e-05 6.05696e-05 -0.0192607 0.0951424 6.80065e-05 -0.000257852 -2.53949e-05 6.80065e-05 0.0104598 -0.0193503 6.05696e-05 -0.000257852 -0.0193503 0.0959034 
0.0105334 -0.0192664 -1.15368e-05 5.15979e-05 -0.0192664 0.0951145 5.88965e-05 -0.000233851 -1.15368e-05 5.88965e-05 0.0104396 -0.0192965 5.15979e-05 -0.000233851 -0.0192965 0.0957248 
0.0105158 -0.0192533 3.05494e-06 3.58904e-05 -0.0192533 0.0950583 3.85781e-05 -0.000197993 3.05494e-06 3.85781e-05 0.0104266 -0.0192599 3.58904e-05 -0.000197993 -0.0192599 0.0955585 
0.0104878 -0.0192371 7.92145e-06 1.88465e-05 -0.0192371 0.0950183 1.96984e-05 -0.000154265 7.92145e-06 1.96984e-05 0.0104384 -0.0192435 1.88465e-05 -0.000154265 -0.0192435 0.0954709 
0.0104627 -0.019175 9.61832e-06 1.15648e-05 -0.019175 0.0948095 1.61205e-05 -0.000127983 9.61832e-06 1.61205e-05 0.0104277 -0.019229 1.15648e-05 -0.000127983 -0.019229 0.0953168 
0.010476 -0.0191694 1.38383e-05 1.0581e-05 -0.0191694 0.0947959 1.48964e-05 -0.000119389 1.38383e-05 1.48964e-05 0.0104211 -0.0192477 1.0581e-05 -0.000119389 -0.0192477 0.0953789 
0.0104792 -0.0191859 6.97225e-06 8.14355e-06 -0.0191859 0.0948224 8.83483e-06 -0.000112226 6.97225e-06 8.83483e-06 0.0104241 -0.0192429 8.14355e-06 -0.000112226 -0.0192429 0.0954045 
0.0104856 -0.0191872 6.38194e-06 1.71551e-05 -0.0191872 0.0948266 1.59936e-05 -0.000121526 6.38194e-06 1.59936e-05 0.0104169 -0.0192378 1.71551e-05 -0.000121526 -0.0192378 0.0953801 
0.010505 -0.0192113 9.793e-06 1.84977e-05 -0.0192113 0.0949162 1.64935e-05 -0.000128521 9.793e-06 1.64935e-05 0.0104175 -0.0192421 1.84977e-05 -0.000128521 -0.0192421 0.095424 
0.0105044 -0.0192108 8.57207e-06 1.26918e-05 -0.0192108 0.0948694 1.133e-05 -0.000119746 8.57207e-06 1.133e-05 0.0104071 -0.0192159 1.26918e-05 -0.000119746 -0.0192159 0.0953141 
0.0104866 -0.0191909 -3.35959e-06 1.18494e-05 -0.0191909 0.0947475 1.06779e-05 -0.000110347 -3.35959e-06 1.06779e-05 0.0103978 -0.0191818 1.18494e-05 -0.000110347 -0.0191818 0.095138 
0.0104593 -0.0191662 -9.17002e-06 2.63532e-05 -0.0191662 0.0946433 2.32507e-05 -0.000126665 -9.17002e-06 2.32507e-05 0.0104028 -0.0191726 2.63532e-05 -0.000126665 -0.0191726 0.0950447 
0.0104198 -0.0191474 2.84247e-06 3.31621e-05 -0.0191474 0.0946132 2.68359e-05 -0.000140944 2.84247e-06 2.68359e-05 0.0104406 -0.0191979 3.31621e-05 -0.000140944 -0.0191979 0.0951 
0.0104374 -0.0191493 4.48624e-06 1.67211e-05 -0.0191493 0.094776 8.75204e-06 -0.000115647 4.48624e-06 8.75204e-06 0.0104725 -0.0193029 1.67211e-05 -0.000115647 -0.0193029 0.0954772 
0.0104564 -0.019145 5.10223e-06 1.17396e-05 -0.019145 0.0947698 3.76724e-06 -8.77183e-05 5.10223e-06 3.76724e-06 0.0104645 -0.0193303 1.17396e-05 -8.77183e-05 -0.0193303 0.09564 
0.0104804 -0.0191771 -4.72537e-07 1.11584e-05 -0.0191771 0.0948554 5.35465e-06 -7.8125e-05 -4.72537e-07 5.35465e-06 0.0104552 -0.0193244 1.11584e-05 -7.8125e-05 -0.0193244 0.0957185 
0.0104838 -0.0191958 -3.62039e-06 1.70117e-05 -0.0191958 0.0948874 1.54207e-05 -8.9382e-05 -3.62039e-06 1.54207e-05 0.010447 -0.0192924 1.70117e-05 -8.9382e-05 -0.0192924 0.0956422 
0.0105092 -0.0192251 -6.0291e-07 2.15818e-05 -0.0192251 0.0950258 2.33569e-05 -0.000108604 -6.0291e-07 2.33569e-05 0.0104412 -0.0192984 2.15818e-05 -0.000108604 -0.0192984 0.0956826 
0.010499 -0.0192436 1.11769e-05 1.91242e-05 -0.0192436 0.0950739 2.11993e-05 -0.000114602 1.11769e-05 2.11993e-05 0.0104532 -0.0192773 1.91242e-05 -0.000114602 -0.0192773 0.0956313 
0.0104613 -0.0191776 2.19758e-05 3.79983e-06 -0.0191776 0.094813 2.43568e-06 -8.63553e-05 2.19758e-05 2.43568e-06 0.0104419 -0.0192368 3.79983e-06 -8.63553e-05 -0.0192368 0.0953605 
0.0104236 -0.0190936 1.92977e-05 -1.02187e-05 -0.0190936 0.0944414 -1.50055e-05 -4.38296e-05 1.92977e-05 -1.50055e-05 0.0104138 -0.0191984 -1.02187e-05 -4.38296e-05 -0.0191984 0.0950832 
0.0104012 -0.0190494 2.01495e-05 -5.53265e-06 -0.0190494 0.0942101 -1.43875e-05 -2.90005e-05 2.01495e-05 -1.43875e-05 0.0104011 -0.0191722 -5.53265e-06 -2.90005e-05 -0.0191722 0.0949347 
0.010414 -0.0190604 1.65275e-05 -5.44047e-06 -0.0190604 0.094249 -1.67492e-05 -2.38272e-05 1.65275e-05 -1.67492e-05 0.0104031 -0.0191951 -5.44047e-06 -2.38272e-05 -0.0191951 0.0950246 
0.0104244 -0.019095 1.2523e-06 -1.41352e-06 -0.019095 0.0943844 -1.12433e-05 -2.96624e-05 1.2523e-06 -1.12433e-05 0.0104187 -0.0192177 -1.41352e-06 -2.96624e-05 -0.0192177 0.095162 
0.0104172 -0.0190988 -2.09447e-05 1.59943e-05 -0.0190988 0.0944096 8.84208e-06 -6.05509e-05 -2.09447e-05 8.84208e-06 0.0104268 -0.0192169 1.59943e-05 -6.05509e-05 -0.0192169 0.0951621 
0.0104156 -0.0190669 -2.58511e-05 4.09026e-05 -0.0190669 0.09429 3.77294e-05 -0.000116149 -2.58511e-05 3.77294e-05 0.0104077 -0.019202 4.09026e-05 -0.000116149 -0.019202 0.0950553 
0.0104135 -0.0190711 -2.58781e-05 4.58258e-05 -0.0190711 0.0942642 4.49294e-05 -0.000149847 -2.58781e-05 4.49294e-05 0.0104026 -0.0191877 4.58258e-05 -0.000149847 -0.0191877 0.0950133 
0.0103977 -0.0190347 -1.70668e-05 4.35117e-05 -0.0190347 0.0940851 4.21223e-05 -0.000152143 -1.70668e-05 4.21223e-05 0.0103861 -0.0191513 4.35117e-05 -0.000152143 -0.0191513 0.0948254 
0.010411 -0.0190738 -1.93744e-05 3.14287e-05 -0.0190738 0.0942636 2.99787e-05 -0.00012937 -1.93744e-05 2.99787e-05 0.0104092 -0.0191973 3.14287e-05 -0.00012937 -0.0191973 0.0950275 
0.0104228 -0.0190881 -1.14427e-05 3.04753e-05 -0.0190881 0.0943598 2.90137e-05 -0.00011037 -1.14427e-05 2.90137e-05 0.0104135 -0.0192272 3.04753e-05 -0.00011037 -0.0192272 0.0951668 
0.0104158 -0.0190808 -1.70195e-06 2.23594e-05 -0.0190808 0.0943248 1.80177e-05 -8.94069e-05 -1.70195e-06 1.80177e-05 0.0104052 -0.0192176 2.23594e-05 -8.94069e-05 -0.0192176 0.0951571 
0.0104075 -0.0191009 3.51934e-07 1.23205e-05 -0.0191009 0.0944377 4.67294e-06 -6.09104e-05 3.51934e-07 4.67294e-06 0.0104279 -0.0192331 1.23205e-05 -6.09104e-05 -0.0192331 0.0952698 
0.0103979 -0.0190699 6.28348e-06 8.07515e-06 -0.0190699 0.0943741 1.03637e-06 -4.01188e-05 6.28348e-06 1.03637e-06 0.0104249 -0.019238 8.07515e-06 -4.01188e-05 -0.019238 0.0952563 
0.0103928 -0.0190702 1.82776e-05 3.00859e-06 -0.0190702 0.094389 -4.949e-06 -2.7403e-05 1.82776e-05 -4.949e-06 0.0104305 -0.0192474 3.00859e-06 -2.7403e-05 -0.0192474 0.0953147 
0.0103772 -0.019051 1.3545e-05 -1.1744e-05 -0.019051 0.0943282 -2.16495e-05 2.95067e-06 1.3545e-05 -2.16495e-05 0.0104401 -0.0192378 -1.1744e-05 2.95067e-06 -0.0192378 0.0952751 
0.0103857 -0.0190305 -7.24555e-06 -8.20682e-06 -0.0190305 0.0942727 -1.59663e-05 1.18919e-05 -7.24555e-06 -1.59663e-05 0.0104339 -0.0192494 -8.20682e-06 1.18919e-05 -0.0192494 0.0952776 
0.0103929 -0.0190029 -1.83137e-05 1.29346e-05 -0.0190029 0.0940775 1.33776e-05 -2.56259e-05 -1.83137e-05 1.33776e-05 0.0103966 -0.0192048 1.29346e-05 -2.56259e-05 -0.0192048 0.0950843 
0.0104126 -0.01904 -5.8951e-06 2.66489e-05 -0.01904 0.0941377 3.14645e-05 -7.27613e-05 -5.8951e-06 3.14645e-05 0.0103861 -0.0191801 2.66489e-05 -7.27613e-05 -0.0191801 0.0950306 
0.0104334 -0.0190826 1.22751e-06 1.21131e-05 -0.0190826 0.0942831 1.6215e-05 -6.83292e-05 1.22751e-06 1.6215e-05 0.0103802 -0.0191769 1.21131e-05 -6.83292e-05 -0.0191769 0.0950385 
0.0104372 -0.0191139 1.09869e-05 3.93108e-06 -0.0191139 0.0944074 3.55231e-06 -4.15502e-05 1.09869e-05 3.55231e-06 0.0103821 -0.0191708 3.93108e-06 -4.15502e-05 -0.0191708 0.0950418 
