0.00775567 0 1.04401e-05 0 0 0.0109891 0 0 1.04401e-05 0 0.00772088 0 0 0 0 0.0109891 
0.009482 -0.0117702 2.90967e-05 -3.84752e-05 -0.0117702 0.0312569 -3.84752e-05 7.40387e-05 2.90967e-05 -3.84752e-05 0.00941967 -0.0116905 -3.84752e-05 7.40387e-05 -0.0116905 0.0311046 
0.00971874 -0.0181833 4.43832e-05 -0.000143676 -0.0181833 0.0670211 -0.000143676 0.000484481 4.43832e-05 -0.000143676 0.00969592 -0.0179744 -0.000143676 0.000484481 -0.0179744 0.0663264 
0.00914953 -0.0177832 2.15315e-05 -0.000214636 -0.0177832 0.0799171 -0.00022132 0.00107245 2.15315e-05 -0.00022132 0.00915425 -0.0175612 -0.000214636 0.00107245 -0.0175612 0.0786484 
0.00886161 -0.0167051 -1.37242e-05 -0.000154109 -0.0167051 0.080901 -0.000167663 0.00114548 -1.37242e-05 -0.000167663 0.00890151 -0.0165491 -0.000154109 0.00114548 -0.0165491 0.0795984 
0.00866502 -0.0160087 -3.64441e-05 -6.4787e-05 -0.0160087 0.0789829 -7.88017e-05 0.000809836 -3.64441e-05 -7.88017e-05 0.00869776 -0.0159457 -6.4787e-05 0.000809836 -0.0159457 0.0780572 
0.00841735 -0.01549 -2.9417e-05 -1.89851e-05 -0.01549 0.0765698 -2.509e-05 0.000491517 -2.9417e-05 -2.509e-05 0.00845589 -0.0154446 -1.89851e-05 0.000491517 -0.0154446 0.0759513 
0.00818315 -0.0150244 -1.98799e-05 -2.58142e-05 -0.0150244 0.0743148 -2.45297e-05 0.000348348 -1.98799e-05 -2.45297e-05 0.0082112 -0.0149933 -2.58142e-05 0.000348348 -0.0149933 0.0738648 
0.0112222 -0.020563 -2.41788e-05 -5.98771e-05 -0.020563 0.101667 -5.35972e-05 0.000457485 -2.41788e-05 -5.35972e-05 0.0112253 -0.0205054 -5.98771e-05 0.000457485 -0.0205054 0.101119 
0.0110948 -0.0203293 -2.20804e-05 -7.23028e-05 -0.0203293 0.100385 -6.43147e-05 0.000481501 -2.20804e-05 -6.43147e-05 0.0110742 -0.0202249 -7.23028e-05 0.000481501 -0.0202249 0.099788 
0.0110109 -0.0201942 -1.65672e-05 -7.86087e-05 -0.0201942 0.099633 -6.93499e-05 0.000508591 -1.65672e-05 -6.93499e-05 0.0109829 -0.0200536 -7.86087e-05 0.000508591 -0.0200536 0.0989418 
0.0109602 -0.0201198 -2.62513e-06 -8.57018e-05 -0.0201198 0.0992577 -7.69921e-05 0.000533681 -2.62513e-06 -7.69921e-05 0.0109519 -0.0199757 -8.57018e-05 0.000533681 -0.0199757 0.0985265 
0.010921 -0.0200593 -7.84648e-06 -0.000103628 -0.0200593 0.0989851 -9.55151e-05 0.000574184 -7.84648e-06 -9.55151e-05 0.0109344 -0.0199446 -0.000103628 0.000574184 -0.0199446 0.0982972 
0.0108717 -0.019996 -1.48833e-05 -9.6713e-05 -0.019996 0.0987004 -9.09659e-05 0.000585142 -1.48833e-05 -9.09659e-05 0.0109205 -0.0199127 -9.6713e-05 0.000585142 -0.0199127 0.0980962 
0.0108711 -0.0199874 -2.43834e-05 -8.22938e-05 -0.0199874 0.0987289 -8.36229e-05 0.000565639 -2.43834e-05 -8.36229e-05 0.0109123 -0.0199518 -8.22938e-05 0.000565639 -0.0199518 0.0982406 
0.0108645 -0.0199781 -2.45723e-05 -6.65247e-05 -0.0199781 0.0986942 -7.24222e-05 0.000532392 -2.45723e-05 -7.24222e-05 0.0109055 -0.0199356 -6.65247e-05 0.000532392 -0.0199356 0.0982539 
0.0108402 -0.0199258 -2.51698e-05 -6.26099e-05 -0.0199258 0.0984562 -6.78408e-05 0.000503813 -2.51698e-05 -6.78408e-05 0.010872 -0.019885 -6.26099e-05 0.000503813 -0.019885 0.0980316 
0.010832 -0.0198905 -2.71696e-05 -5.98223e-05 -0.0198905 0.098273 -6.20593e-05 0.00048238 -2.71696e-05 -6.20593e-05 0.0108442 -0.0198368 -5.98223e-05 0.00048238 -0.0198368 0.097835 
0.0108558 -0.0199381 -3.16686e-05 -5.59746e-05 -0.0199381 0.0984548 -5.38656e-05 0.000459421 -3.16686e-05 -5.38656e-05 0.010857 -0.0198569 -5.59746e-05 0.000459421 -0.0198569 0.0979622 
0.0108643 -0.01996 -3.00315e-05 -5.16152e-05 -0.01996 0.098544 -4.64599e-05 0.000437686 -3.00315e-05 -4.64599e-05 0.0108574 -0.019861 -5.16152e-05 0.000437686 -0.019861 0.0979913 
0.0108746 -0.0199857 -3.19843e-05 -5.53683e-05 -0.0199857 0.0986773 -4.83392e-05 0.000433758 -3.19843e-05 -4.83392e-05 0.0108601 -0.0198806 -5.53683e-05 0.000433758 -0.0198806 0.0980977 
0.0108656 -0.0199749 -1.30486e-05 -5.54149e-05 -0.0199749 0.0986417 -4.74427e-05 0.00043474 -1.30486e-05 -4.74427e-05 0.0108482 -0.0198608 -5.54149e-05 0.00043474 -0.0198608 0.09804 
0.0108395 -0.0199205 1.08299e-05 -8.06497e-05 -0.0199205 0.0983985 -7.33117e-05 0.0004772 1.08299e-05 -7.33117e-05 0.0108142 -0.0198055 -8.06497e-05 0.0004772 -0.0198055 0.09779 
0.0107934 -0.0198446 2.746e-05 -0.000110533 -0.0198446 0.098022 -0.000108098 0.000554205 2.746e-05 -0.000108098 0.0107719 -0.0197203 -0.000110533 0.000554205 -0.0197203 0.0973996 
0.0107744 -0.0198146 2.33237e-05 -0.000128511 -0.0198146 0.0978972 -0.000130131 0.000619049 2.33237e-05 -0.000130131 0.0107607 -0.0196961 -0.000128511 0.000619049 -0.0196961 0.0972778 
0.0107712 -0.0198081 1.37618e-05 -0.00012257 -0.0198081 0.0978943 -0.000125498 0.000634986 1.37618e-05 -0.000125498 0.0107697 -0.0197064 -0.00012257 0.000634986 -0.0197064 0.0973155 
0.0107896 -0.019824 8.51856e-06 -0.000108417 -0.019824 0.0979915 -0.000108629 0.000607705 8.51856e-06 -0.000108629 0.0107761 -0.0197445 -0.000108417 0.000607705 -0.0197445 0.0974772 
0.0107726 -0.0198074 5.15805e-06 -9.98333e-05 -0.0198074 0.0978855 -9.51983e-05 0.000569522 5.15805e-06 -9.51983e-05 0.0107636 -0.0197194 -9.98333e-05 0.000569522 -0.0197194 0.097397 
0.0107406 -0.019775 5.54125e-06 -9.37741e-05 -0.019775 0.0977564 -8.4722e-05 0.000534591 5.54125e-06 -8.4722e-05 0.0107652 -0.0196968 -9.37741e-05 0.000534591 -0.0196968 0.0972962 
0.0107038 -0.0196833 8.29229e-06 -9.16016e-05 -0.0196833 0.097386 -8.26079e-05 0.000513428 8.29229e-06 -8.26079e-05 0.0107321 -0.0196543 -9.16016e-05 0.000513428 -0.0196543 0.0970289 
0.010665 -0.0196015 1.14032e-05 -9.39937e-05 -0.0196015 0.0969661 -8.66184e-05 0.000508485 1.14032e-05 -8.66184e-05 0.0107038 -0.0195813 -9.39937e-05 0.000508485 -0.0195813 0.0966827 
0.0106733 -0.0196009 1.06342e-05 -9.94494e-05 -0.0196009 0.0969297 -9.33269e-05 0.000520484 1.06342e-05 -9.33269e-05 0.0106924 -0.0195911 -9.94494e-05 0.000520484 -0.0195911 0.0966844 
0.0106794 -0.0196038 1.14511e-05 -0.000100682 -0.0196038 0.096894 -9.42927e-05 0.000530167 1.14511e-05 -9.42927e-05 0.0106714 -0.0195745 -0.000100682 0.000530167 -0.0195745 0.0966404 
0.01066 -0.019591 5.26144e-06 -9.9708e-05 -0.019591 0.0967834 -9.45724e-05 0.000531209 5.26144e-06 -9.45724e-05 0.0106604 -0.0195256 -9.9708e-05 0.000531209 -0.0195256 0.0964612 
0.010662 -0.0196124 -6.98889e-06 -9.067e-05 -0.0196124 0.096914 -8.92524e-05 0.000520971 -6.98889e-06 -8.92524e-05 0.0106809 -0.0195564 -9.067e-05 0.000520971 -0.0195564 0.0965752 
0.0106766 -0.0196699 -3.08035e-05 -7.53646e-05 -0.0196699 0.0972421 -7.54424e-05 0.000493825 -3.08035e-05 -7.54424e-05 0.0107342 -0.0196371 -7.53646e-05 0.000493825 -0.0196371 0.0969407 
0.010687 -0.0196911 -3.92696e-05 -4.72731e-05 -0.0196911 0.0974345 -4.64694e-05 0.000438404 -3.92696e-05 -4.64694e-05 0.0107697 -0.0197046 -4.72731e-05 0.000438404 -0.0197046 0.0972223 
0.0106871 -0.0196978 -3.50138e-05 -3.32957e-05 -0.0196978 0.0975188 -3.42561e-05 0.000389228 -3.50138e-05 -3.42561e-05 0.0107915 -0.019745 -3.32957e-05 0.000389228 -0.019745 0.097403 
0.0106706 -0.0196334 -1.04248e-05 -3.73993e-05 -0.0196334 0.0972471 -3.96818e-05 0.000377125 -1.04248e-05 -3.96818e-05 0.010763 -0.0197059 -3.73993e-05 0.000377125 -0.0197059 0.0972059 
0.0106633 -0.0196038 -9.43074e-06 -6.70528e-05 -0.0196038 0.097053 -7.15394e-05 0.000423896 -9.43074e-06 -7.15394e-05 0.0107269 -0.0196624 -6.70528e-05 0.000423896 -0.0196624 0.0970195 
0.0106503 -0.0195761 -2.48175e-05 -6.73798e-05 -0.0195761 0.0968568 -7.36367e-05 0.000451514 -2.48175e-05 -7.36367e-05 0.010689 -0.019594 -6.73798e-05 0.000451514 -0.019594 0.0967482 
0.0106306 -0.0195331 -2.11381e-05 -4.50266e-05 -0.0195331 0.0966034 -5.18759e-05 0.000418248 -2.11381e-05 -5.18759e-05 0.0106399 -0.019514 -4.50266e-05 0.000418248 -0.019514 0.0963921 
0.0106192 -0.0195053 -2.43946e-05 -4.52787e-05 -0.0195053 0.0964269 -5.16881e-05 0.000391897 -2.43946e-05 -5.16881e-05 0.0106119 -0.0194485 -4.52787e-05 0.000391897 -0.0194485 0.0961119 
0.0106323 -0.019502 -1.95519e-05 -4.23594e-05 -0.019502 0.0963653 -4.76539e-05 0.000379451 -1.95519e-05 -4.76539e-05 0.0105748 -0.0194205 -4.23594e-05 0.000379451 -0.0194205 0.0959647 
0.0106096 -0.0194994 -1.23211e-05 -4.92805e-05 -0.0194994 0.0962602 -5.27859e-05 0.000382954 -1.23211e-05 -5.27859e-05 0.010556 -0.0193529 -4.92805e-05 0.000382954 -0.0193529 0.0957211 
0.010594 -0.0194592 -8.6105e-06 -6.13624e-05 -0.0194592 0.0961059 -6.21366e-05 0.000403799 -8.6105e-06 -6.21366e-05 0.0105304 -0.019317 -6.13624e-05 0.000403799 -0.019317 0.0955052 
0.0106014 -0.0194687 1.35398e-06 -7.09188e-05 -0.0194687 0.0961395 -6.54624e-05 0.000427782 1.35398e-06 -6.54624e-05 0.0105265 -0.0193189 -7.09188e-05 0.000427782 -0.0193189 0.0955203 
0.010608 -0.0194871 6.32645e-06 -8.6467e-05 -0.0194871 0.0962137 -7.60478e-05 0.000457969 6.32645e-06 -7.60478e-05 0.010526 -0.0193265 -8.6467e-05 0.000457969 -0.0193265 0.0955761 
0.0105999 -0.019479 7.11399e-06 -9.31904e-05 -0.019479 0.0961837 -8.16404e-05 0.000481817 7.11399e-06 -8.16404e-05 0.0105294 -0.0193163 -9.31904e-05 0.000481817 -0.0193163 0.0955455 
0.0106122 -0.0195142 6.76893e-06 -9.47351e-05 -0.0195142 0.0963774 -8.50231e-05 0.000496168 6.76893e-06 -8.50231e-05 0.0105579 -0.0193676 -9.47351e-05 0.000496168 -0.0193676 0.0957705 
0.0106248 -0.0195617 -4.11352e-06 -9.15492e-05 -0.0195617 0.0966569 -8.4749e-05 0.00049832 -4.11352e-06 -8.4749e-05 0.0106123 -0.0194416 -9.15492e-05 0.00049832 -0.0194416 0.096116 
0.0106176 -0.0195489 -1.7995e-05 -7.70109e-05 -0.0195489 0.0966783 -7.37046e-05 0.00047894 -1.7995e-05 -7.37046e-05 0.0106428 -0.0194877 -7.70109e-05 0.00047894 -0.0194877 0.0962725 
0.0106429 -0.0195307 -1.36241e-05 -5.64009e-05 -0.0195307 0.0966379 -5.80087e-05 0.000438851 -1.36241e-05 -5.80087e-05 0.010639 -0.0195243 -5.64009e-05 0.000438851 -0.0195243 0.0963929 
0.0106662 -0.0195903 -3.21357e-06 -6.08196e-05 -0.0195903 0.0968133 -6.59705e-05 0.000432103 -3.21357e-06 -6.59705e-05 0.0106632 -0.0195489 -6.08196e-05 0.000432103 -0.0195489 0.0965831 
0.01067 -0.0196495 3.96589e-06 -7.792e-05 -0.0196495 0.0970825 -8.15498e-05 0.000463944 3.96589e-06 -8.15498e-05 0.0107178 -0.0195955 -7.792e-05 0.000463944 -0.0195955 0.0968052 
0.0106945 -0.0196783 1.96062e-05 -9.38137e-05 -0.0196783 0.0973244 -9.42881e-05 0.000509188 1.96062e-05 -9.42881e-05 0.0107486 -0.0196794 -9.38137e-05 0.000509188 -0.0196794 0.0971015 
0.01074 -0.0197296 2.9178e-05 -0.000119952 -0.0197296 0.0975896 -0.00011641 0.000573179 2.9178e-05 -0.00011641 0.0107592 -0.0197442 -0.000119952 0.000573179 -0.0197442 0.0974292 
0.0107832 -0.0197796 2.87087e-05 -0.000133755 -0.0197796 0.0977767 -0.000128478 0.000624434 2.87087e-05 -0.000128478 0.0107585 -0.0197517 -0.000133755 0.000624434 -0.0197517 0.0975703 
0.0108048 -0.0198114 9.44387e-06 -0.000131705 -0.0198114 0.0978496 -0.000126932 0.000639957 9.44387e-06 -0.000126932 0.0107498 -0.0197287 -0.000131705 0.000639957 -0.0197287 0.0975244 
0.0108182 -0.0198435 7.9258e-06 -0.000104237 -0.0198435 0.0979436 -0.000104479 0.000603119 7.9258e-06 -0.000104479 0.0107547 -0.0197144 -0.000104237 0.000603119 -0.0197144 0.0974834 
0.0108063 -0.0198597 7.48305e-06 -9.77368e-05 -0.0198597 0.0979948 -0.000102041 0.000572395 7.48305e-06 -0.000102041 0.0107872 -0.0197088 -9.77368e-05 0.000572395 -0.0197088 0.0974319 
0.0107738 -0.0197941 1.03383e-05 -9.91584e-05 -0.0197941 0.0977367 -0.000104346 0.000568887 1.03383e-05 -0.000104346 0.0107895 -0.0196977 -9.91584e-05 0.000568887 -0.0196977 0.0972186 
0.0107725 -0.0197924 9.35919e-06 -0.000105661 -0.0197924 0.0977401 -0.000110048 0.000584254 9.35919e-06 -0.000110048 0.0108023 -0.0197443 -0.000105661 0.000584254 -0.0197443 0.0973343 
0.0107527 -0.0197559 6.7979e-06 -0.000105206 -0.0197559 0.0975629 -0.00010746 0.00058888 6.7979e-06 -0.00010746 0.0107856 -0.0197257 -0.000105206 0.00058888 -0.0197257 0.0972341 
0.0107659 -0.0197719 -1.45396e-05 -9.93756e-05 -0.0197719 0.0976419 -0.000102911 0.000579819 -1.45396e-05 -0.000102911 0.0107824 -0.0197437 -9.93756e-05 0.000579819 -0.0197437 0.0973361 
0.010766 -0.0197719 -2.65146e-05 -7.19167e-05 -0.0197719 0.0976214 -7.53566e-05 0.000531387 -2.65146e-05 -7.53566e-05 0.010764 -0.019721 -7.19167e-05 0.000531387 -0.019721 0.0972811 
0.0107931 -0.0197765 -2.94633e-05 -5.5685e-05 -0.0197765 0.097639 -5.59752e-05 0.000474855 -2.94633e-05 -5.59752e-05 0.0107385 -0.0197049 -5.5685e-05 0.000474855 -0.0197049 0.0972496 
0.0108471 -0.0198721 -1.57043e-05 -5.47394e-05 -0.0198721 0.0980085 -5.03303e-05 0.000449095 -1.57043e-05 -5.03303e-05 0.0107572 -0.0197386 -5.47394e-05 0.000449095 -0.0197386 0.0975073 
0.0108837 -0.0199524 1.31604e-05 -7.60568e-05 -0.0199524 0.0983451 -6.89879e-05 0.000476151 1.31604e-05 -6.89879e-05 0.0107742 -0.0197688 -7.60568e-05 0.000476151 -0.0197688 0.097705 
0.0108923 -0.0200308 2.04134e-05 -0.000117165 -0.0200308 0.0987331 -0.00010693 0.000559053 2.04134e-05 -0.00010693 0.0108225 -0.0198237 -0.000117165 0.000559053 -0.0198237 0.0980018 
0.0108653 -0.0200016 7.10642e-06 -0.000128593 -0.0200016 0.0987407 -0.000117161 0.000617596 7.10642e-06 -0.000117161 0.0108626 -0.0198525 -0.000128593 0.000617596 -0.0198525 0.0980793 
0.0108443 -0.0199468 -4.29019e-06 -0.000110847 -0.0199468 0.0985968 -0.000106397 0.000617379 -4.29019e-06 -0.000106397 0.0108822 -0.0198923 -0.000110847 0.000617379 -0.0198923 0.0981478 
0.010834 -0.0198823 9.56125e-06 -9.19138e-05 -0.0198823 0.0983188 -9.19614e-05 0.000582657 9.56125e-06 -9.19614e-05 0.0108625 -0.01989 -9.19138e-05 0.000582657 -0.01989 0.0980798 
0.0108786 -0.0199344 8.99144e-06 -0.000106084 -0.0199344 0.0984973 -0.000109274 0.000591048 8.99144e-06 -0.000109274 0.0108726 -0.0199313 -0.000106084 0.000591048 -0.0199313 0.0983272 
0.0108971 -0.0199945 2.40198e-06 -0.000106555 -0.0199945 0.098689 -0.000112988 0.000608091 2.40198e-06 -0.000112988 0.0108991 -0.0199397 -0.000106555 0.000608091 -0.0199397 0.098442 
0.0109097 -0.0200304 -1.32334e-05 -9.74597e-05 -0.0200304 0.0988734 -0.000106113 0.000601834 -1.32334e-05 -0.000106113 0.0109197 -0.0199784 -9.74597e-05 0.000601834 -0.0199784 0.0985777 
0.0109008 -0.0200196 -1.44747e-05 -8.14504e-05 -0.0200196 0.0988464 -8.62178e-05 0.000568852 -1.44747e-05 -8.62178e-05 0.0109212 -0.019979 -8.14504e-05 0.000568852 -0.019979 0.0985594 
0.0109127 -0.0200022 -1.11131e-05 -7.93883e-05 -0.0200022 0.098784 -8.13527e-05 0.000545203 -1.11131e-05 -8.13527e-05 0.0108982 -0.0199734 -7.93883e-05 0.000545203 -0.0199734 0.0985195 
0.0109107 -0.0200375 -8.34081e-06 -8.53506e-05 -0.0200375 0.0988777 -8.55134e-05 0.000547691 -8.34081e-06 -8.55134e-05 0.010901 -0.0199612 -8.53506e-05 0.000547691 -0.0199612 0.0985419 
0.0108939 -0.020013 -1.40989e-05 -8.68025e-05 -0.020013 0.0988018 -9.16032e-05 0.00055739 -1.40989e-05 -9.16032e-05 0.0108896 -0.0199311 -8.68025e-05 0.00055739 -0.0199311 0.0983996 
0.0108756 -0.0200018 -1.43167e-06 -7.86874e-05 -0.0200018 0.098775 -8.69291e-05 0.000551832 -1.43167e-06 -8.69291e-05 0.0109109 -0.0199214 -7.86874e-05 0.000551832 -0.0199214 0.0983432 
0.0108542 -0.0199494 -4.52021e-06 -9.05012e-05 -0.0199494 0.0985801 -0.000101925 0.000564822 -4.52021e-06 -0.000101925 0.0109157 -0.0199168 -9.05012e-05 0.000564822 -0.0199168 0.0982091 
0.0108321 -0.0199309 -5.90301e-06 -8.53723e-05 -0.0199309 0.0984889 -0.000102091 0.000570956 -5.90301e-06 -0.000102091 0.0109287 -0.0199341 -8.53723e-05 0.000570956 -0.0199341 0.0982095 
0.0108623 -0.0199614 -7.23558e-06 -8.1594e-05 -0.0199614 0.0986868 -0.000100345 0.000566772 -7.23558e-06 -0.000100345 0.0109399 -0.0200053 -8.1594e-05 0.000566772 -0.0200053 0.0985011 
0.0108897 -0.0199989 -5.07478e-06 -8.29278e-05 -0.0199989 0.0988384 -9.46749e-05 0.00055949 -5.07478e-06 -9.46749e-05 0.01093 -0.0200199 -8.29278e-05 0.00055949 -0.0200199 0.0986557 
0.0109047 -0.0200091 -1.20876e-05 -8.69484e-05 -0.0200091 0.0988439 -9.17076e-05 0.000553773 -1.20876e-05 -9.17076e-05 0.0109058 -0.0199755 -8.69484e-05 0.000553773 -0.0199755 0.0985517 
0.010908 -0.020028 -1.69257e-05 -7.97903e-05 -0.020028 0.098874 -8.24643e-05 0.000540388 -1.69257e-05 -8.24643e-05 0.0108972 -0.0199381 -7.97903e-05 0.000540388 -0.0199381 0.0984305 
0.0109077 -0.0200479 -2.21287e-05 -7.49332e-05 -0.0200479 0.0989639 -7.60058e-05 0.00052432 -2.21287e-05 -7.60058e-05 0.0109059 -0.0199355 -7.49332e-05 0.00052432 -0.0199355 0.0984099 
0.0108981 -0.0200045 -1.26128e-05 -7.19394e-05 -0.0200045 0.0987856 -7.06486e-05 0.000513505 -1.26128e-05 -7.06486e-05 0.0108835 -0.0199032 -7.19394e-05 0.000513505 -0.0199032 0.098208 
0.0108833 -0.0199877 -2.18685e-06 -8.37525e-05 -0.0199877 0.0986607 -8.09628e-05 0.000526501 -2.18685e-06 -8.09628e-05 0.0108595 -0.0198723 -8.37525e-05 0.000526501 -0.0198723 0.0980601 
0.0108507 -0.0199302 -1.28948e-05 -9.53172e-05 -0.0199302 0.0983827 -9.34893e-05 0.000552422 -1.28948e-05 -9.34893e-05 0.0108343 -0.0198072 -9.53172e-05 0.000552422 -0.0198072 0.0977624 
0.0108478 -0.0199195 -2.03275e-05 -8.22092e-05 -0.0199195 0.0983335 -7.94266e-05 0.000542889 -2.03275e-05 -7.94266e-05 0.0108253 -0.0198042 -8.22092e-05 0.000542889 -0.0198042 0.0977134 
0.0108296 -0.0199052 -2.6269e-05 -7.53233e-05 -0.0199052 0.098247 -6.85046e-05 0.000518529 -2.6269e-05 -6.85046e-05 0.0108202 -0.0197825 -7.53233e-05 0.000518529 -0.0197825 0.0976185 
0.010828 -0.0198908 -1.98662e-05 -6.99615e-05 -0.0198908 0.0982137 -6.11245e-05 0.000500339 -1.98662e-05 -6.11245e-05 0.0108122 -0.0197887 -6.99615e-05 0.000500339 -0.0197887 0.09762 
0.0108286 -0.0199158 1.25094e-06 -7.7921e-05 -0.0199158 0.0983314 -7.01623e-05 0.000507954 1.25094e-06 -7.01623e-05 0.0108329 -0.0198121 -7.7921e-05 0.000507954 -0.0198121 0.0977652 
0.0108202 -0.0199222 1.3989e-05 -0.000103243 -0.0199222 0.098422 -9.76872e-05 0.00055612 1.3989e-05 -9.76872e-05 0.0108555 -0.0198476 -0.000103243 0.00055612 -0.0198476 0.0979161 
0.0107976 -0.019873 2.7196e-06 -0.000115559 -0.019873 0.0982623 -0.000114017 0.00060118 2.7196e-06 -0.000114017 0.010853 -0.0198422 -0.000115559 0.00060118 -0.0198422 0.0978634 
0.0108042 -0.0198105 -4.13462e-06 -9.7472e-05 -0.0198105 0.0979825 -0.000100043 0.000589049 -4.13462e-06 -0.000100043 0.0107977 -0.0198093 -9.7472e-05 0.000589049 -0.0198093 0.0976871 
0.0108242 -0.0198382 -2.95433e-06 -8.45724e-05 -0.0198382 0.0979761 -8.74466e-05 0.000552834 -2.95433e-06 -8.74466e-05 0.0107613 -0.0197682 -8.45724e-05 0.000552834 -0.0197682 0.0976263 
0.0107994 -0.0198365 -9.93976e-08 -8.54137e-05 -0.0198365 0.0978822 -8.54546e-05 0.000532573 -9.93976e-08 -8.54546e-05 0.0107458 -0.0196892 -8.54137e-05 0.000532573 -0.0196892 0.0973625 
0.0107784 -0.0198268 3.68789e-06 -9.05419e-05 -0.0198268 0.0978915 -8.78354e-05 0.000533039 3.68789e-06 -8.78354e-05 0.010752 -0.0196877 -9.05419e-05 0.000533039 -0.0196877 0.0973057 
0.0107608 -0.0197711 1.04285e-05 -9.28823e-05 -0.0197711 0.0977091 -8.94948e-05 0.000533251 1.04285e-05 -8.94948e-05 0.0107381 -0.0196746 -9.28823e-05 0.000533251 -0.0196746 0.0971896 
0.0107751 -0.0197554 1.42535e-05 -9.9654e-05 -0.0197554 0.0976237 -9.564e-05 0.000540174 1.42535e-05 -9.564e-05 0.0107175 -0.0196685 -9.9654e-05 0.000540174 -0.0196685 0.0971636 
0.0107813 -0.0197515 1.48599e-05 -0.000105463 -0.0197515 0.0975093 -9.79981e-05 0.000547443 1.48599e-05 -9.79981e-05 0.0106816 -0.0196223 -0.000105463 0.000547443 -0.0196223 0.0970064 
0.0107606 -0.0197566 1.42384e-05 -0.00010456 -0.0197566 0.0974546 -9.64336e-05 0.000544914 1.42384e-05 -9.64336e-05 0.0106559 -0.0195707 -0.00010456 0.000544914 -0.0195707 0.0968296 
0.0107599 -0.0197668 9.32462e-06 -0.000101091 -0.0197668 0.0975596 -9.56868e-05 0.000536668 9.32462e-06 -9.56868e-05 0.0106503 -0.0195705 -0.000101091 0.000536668 -0.0195705 0.0968591 
0.0107143 -0.0197163 2.54429e-05 -9.02557e-05 -0.0197163 0.0973609 -9.11638e-05 0.000518468 2.54429e-05 -9.11638e-05 0.0106474 -0.0195183 -9.02557e-05 0.000518468 -0.0195183 0.0966419 
0.0106725 -0.0196514 2.12875e-05 -0.000107329 -0.0196514 0.0971396 -0.000111773 0.000536234 2.12875e-05 -0.000111773 0.0106598 -0.0195033 -0.000107329 0.000536234 -0.0195033 0.0964901 
0.0106571 -0.0196081 6.72195e-06 -0.000103696 -0.0196081 0.0970038 -0.000107861 0.000544361 6.72195e-06 -0.000107861 0.0106679 -0.019533 -0.000103696 0.000544361 -0.019533 0.0965145 
0.0106123 -0.0195387 -2.08433e-06 -8.63237e-05 -0.0195387 0.0966653 -8.96347e-05 0.000514663 -2.08433e-06 -8.96347e-05 0.010659 -0.0194936 -8.63237e-05 0.000514663 -0.0194936 0.0962955 
0.0105852 -0.0194827 -7.46588e-06 -7.57368e-05 -0.0194827 0.0964174 -7.69201e-05 0.000480661 -7.46588e-06 -7.69201e-05 0.0106485 -0.0194771 -7.57368e-05 0.000480661 -0.0194771 0.0961426 
0.0105771 -0.0194567 1.27754e-06 -6.99408e-05 -0.0194567 0.0962916 -6.82763e-05 0.000456041 1.27754e-06 -6.82763e-05 0.0106375 -0.0194768 -6.99408e-05 0.000456041 -0.0194768 0.096101 
0.0106034 -0.0194711 -2.03623e-06 -8.10958e-05 -0.0194711 0.0963454 -7.82881e-05 0.000462962 -2.03623e-06 -7.82881e-05 0.0106296 -0.0194953 -8.10958e-05 0.000462962 -0.0194953 0.0962009 
0.0106244 -0.0195001 6.61626e-06 -8.03481e-05 -0.0195001 0.0964068 -7.62405e-05 0.000471077 6.61626e-06 -7.62405e-05 0.0106161 -0.0194877 -8.03481e-05 0.000471077 -0.0194877 0.0962301 
0.0106468 -0.0195476 1.81974e-05 -9.20336e-05 -0.0195476 0.0965822 -8.72243e-05 0.000491954 1.81974e-05 -8.72243e-05 0.010618 -0.0194945 -9.20336e-05 0.000491954 -0.0194945 0.0963257 
0.0106813 -0.0196373 4.44429e-06 -0.000106763 -0.0196373 0.0970049 -0.000102269 0.000527302 4.44429e-06 -0.000102269 0.0106606 -0.0195553 -0.000106763 0.000527302 -0.0195553 0.0966681 
0.0107052 -0.0196717 1.1775e-05 -8.80458e-05 -0.0196717 0.0972164 -8.8826e-05 0.00052007 1.1775e-05 -8.8826e-05 0.0106795 -0.0195941 -8.80458e-05 0.00052007 -0.0195941 0.0968503 
0.0107047 -0.0196518 -2.52683e-06 -9.40677e-05 -0.0196518 0.0971141 -9.86044e-05 0.000520411 -2.52683e-06 -9.86044e-05 0.0106563 -0.0195663 -9.40677e-05 0.000520411 -0.0195663 0.0967304 
0.0106806 -0.0196418 -1.03844e-05 -8.00853e-05 -0.0196418 0.0970215 -8.124e-05 0.000503262 -1.03844e-05 -8.124e-05 0.0106512 -0.0195262 -8.00853e-05 0.000503262 -0.0195262 0.0965781 
0.0106445 -0.0196001 -1.62999e-05 -7.22766e-05 -0.0196001 0.0968803 -6.85296e-05 0.000475515 -1.62999e-05 -6.85296e-05 0.0106539 -0.019511 -7.22766e-05 0.000475515 -0.019511 0.0964515 
0.0106252 -0.0195544 -2.11598e-05 -6.29179e-05 -0.0195544 0.0967396 -6.09923e-05 0.000450172 -2.11598e-05 -6.09923e-05 0.0106566 -0.0195175 -6.29179e-05 0.000450172 -0.0195175 0.096415 
0.0106295 -0.0195395 -1.88319e-05 -5.33495e-05 -0.0195395 0.0966865 -5.45806e-05 0.000425755 -1.88319e-05 -5.45806e-05 0.0106711 -0.019536 -5.33495e-05 0.000425755 -0.019536 0.0964729 
0.0106271 -0.0195437 -1.82621e-05 -5.50932e-05 -0.0195437 0.0966765 -5.92187e-05 0.00042223 -1.82621e-05 -5.92187e-05 0.0106956 -0.0195596 -5.50932e-05 0.00042223 -0.0195596 0.0965455 
0.0106399 -0.0195612 -1.78437e-05 -5.62345e-05 -0.0195612 0.0967673 -6.18365e-05 0.000426363 -1.78437e-05 -6.18365e-05 0.0107136 -0.0196094 -5.62345e-05 0.000426363 -0.0196094 0.0967153 
0.0106734 -0.0196024 -1.33755e-05 -6.11581e-05 -0.0196024 0.0969513 -6.5717e-05 0.000439142 -1.33755e-05 -6.5717e-05 0.0107171 -0.0196541 -6.11581e-05 0.000439142 -0.0196541 0.0969364 
0.010706 -0.0196275 -9.15106e-06 -7.24148e-05 -0.0196275 0.0970103 -7.54555e-05 0.000468331 -9.15106e-06 -7.54555e-05 0.0106938 -0.0196338 -7.24148e-05 0.000468331 -0.0196338 0.0969238 
0.0107148 -0.0196747 -3.97693e-06 -8.02184e-05 -0.0196747 0.0971285 -8.16032e-05 0.00049681 -3.97693e-06 -8.16032e-05 0.010701 -0.0196031 -8.02184e-05 0.00049681 -0.0196031 0.0968672 
0.0107279 -0.0196963 5.96983e-06 -8.73277e-05 -0.0196963 0.0972423 -8.74657e-05 0.00051828 5.96983e-06 -8.74657e-05 0.0107057 -0.0196121 -8.73277e-05 0.00051828 -0.0196121 0.0968646 
0.0107441 -0.0197089 1.24017e-05 -9.74391e-05 -0.0197089 0.097299 -9.68221e-05 0.000539614 1.24017e-05 -9.68221e-05 0.0107002 -0.0196196 -9.74391e-05 0.000539614 -0.0196196 0.0968824 
0.0107709 -0.019778 1.1147e-05 -0.000105224 -0.019778 0.0975974 -0.000100653 0.000555414 1.1147e-05 -0.000100653 0.0107242 -0.0196637 -0.000105224 0.000555414 -0.0196637 0.0971293 
0.0107944 -0.019882 1.07283e-05 -0.000108467 -0.019882 0.0981344 -9.86757e-05 0.000565373 1.07283e-05 -9.86757e-05 0.0108012 -0.0197619 -0.000108467 0.000565373 -0.0197619 0.0976309 
0.0107819 -0.0198548 1.7888e-05 -0.000108773 -0.0198548 0.0981491 -9.98701e-05 0.000570009 1.7888e-05 -9.98701e-05 0.0108368 -0.0197991 -0.000108773 0.000570009 -0.0197991 0.0977316 
0.0107973 -0.0198612 1.54454e-05 -0.000115046 -0.0198612 0.0982468 -0.000112665 0.0005883 1.54454e-05 -0.000112665 0.0108696 -0.0198701 -0.000115046 0.0005883 -0.0198701 0.0979859 
0.0108394 -0.0198927 1.02209e-05 -0.000111091 -0.0198927 0.0983987 -0.000114268 0.000599171 1.02209e-05 -0.000114268 0.0108717 -0.0199298 -0.000111091 0.000599171 -0.0199298 0.0982556 
0.0108782 -0.0199793 2.10369e-06 -0.00010687 -0.0199793 0.0987273 -0.000108072 0.000596519 2.10369e-06 -0.000108072 0.0108935 -0.0199655 -0.00010687 0.000596519 -0.0199655 0.0985457 
0.0108588 -0.01995 8.54162e-06 -0.000101643 -0.01995 0.0985747 -9.91175e-05 0.000587119 8.54162e-06 -9.91175e-05 0.0108817 -0.0199085 -0.000101643 0.000587119 -0.0199085 0.098309 
0.0108374 -0.019886 2.01944e-05 -0.000112481 -0.019886 0.0982744 -0.000107384 0.000599511 2.01944e-05 -0.000107384 0.0108693 -0.0198605 -0.000112481 0.000599511 -0.0198605 0.0980107 
0.0108387 -0.0198892 1.97936e-05 -0.000131447 -0.0198892 0.0982395 -0.000125952 0.00064386 1.97936e-05 -0.000125952 0.0108707 -0.0198791 -0.000131447 0.00064386 -0.0198791 0.098017 
0.0108273 -0.0198863 9.61915e-06 -0.000132531 -0.0198863 0.0981974 -0.000131562 0.000676205 9.61915e-06 -0.000131562 0.0108672 -0.0198759 -0.000132531 0.000676205 -0.0198759 0.0979927 
0.010817 -0.0198566 -2.12541e-06 -0.000116671 -0.0198566 0.0980652 -0.000121619 0.000667547 -2.12541e-06 -0.000121619 0.0108331 -0.0198455 -0.000116671 0.000667547 -0.0198455 0.0978498 
0.0108084 -0.0198368 -1.40212e-05 -9.52239e-05 -0.0198368 0.0979419 -0.000103385 0.000624191 -1.40212e-05 -0.000103385 0.0108045 -0.0197918 -9.52239e-05 0.000624191 -0.0197918 0.0976618 
0.0107907 -0.0198486 -2.29072e-05 -7.38955e-05 -0.0198486 0.0979802 -8.22099e-05 0.000562758 -2.29072e-05 -8.22099e-05 0.0108118 -0.0197761 -7.38955e-05 0.000562758 -0.0197761 0.0976163 
0.0107808 -0.0198226 -1.36896e-05 -6.11528e-05 -0.0198226 0.0979433 -6.66359e-05 0.000509392 -1.36896e-05 -6.66359e-05 0.0108087 -0.0197827 -6.11528e-05 0.000509392 -0.0197827 0.0975981 
0.0108031 -0.0198363 5.06161e-06 -7.47638e-05 -0.0198363 0.0980464 -7.66931e-05 0.000506832 5.06161e-06 -7.66931e-05 0.0108034 -0.0198178 -7.47638e-05 0.000506832 -0.0198178 0.0977692 
0.0107839 -0.0198134 1.53132e-05 -0.000102584 -0.0198134 0.0978982 -0.00010063 0.000553166 1.53132e-05 -0.00010063 0.0107947 -0.0197687 -0.000102584 0.000553166 -0.0197687 0.0976221 
0.0107553 -0.0197779 9.93326e-06 -0.000119058 -0.0197779 0.0977335 -0.000112629 0.000599061 9.93326e-06 -0.000112629 0.0107918 -0.0197395 -0.000119058 0.000599061 -0.0197395 0.0974538 
0.010756 -0.0197474 5.42543e-06 -0.000113727 -0.0197474 0.0976188 -0.0001084 0.00061074 5.42543e-06 -0.0001084 0.0107743 -0.019734 -0.000113727 0.00061074 -0.019734 0.0973724 
0.0107662 -0.0197356 4.83802e-06 -0.000106718 -0.0197356 0.0975019 -0.000105002 0.000604133 4.83802e-06 -0.000105002 0.0107394 -0.0196996 -0.000106718 0.000604133 -0.0196996 0.0972375 
0.0107634 -0.0197256 -8.98865e-06 -0.000102117 -0.0197256 0.0973543 -0.000103266 0.000593165 -8.98865e-06 -0.000103266 0.0107059 -0.0196315 -0.000102117 0.000593165 -0.0196315 0.0969798 
0.0107727 -0.0197602 -1.59861e-05 -8.48477e-05 -0.0197602 0.0974643 -8.73416e-05 0.000564787 -1.59861e-05 -8.73416e-05 0.0107102 -0.0196262 -8.48477e-05 0.000564787 -0.0196262 0.0969704 
