0.00605487 0 -1.76831e-05 0 0 0.00868108 0 0 -1.76831e-05 0 0.00616282 0 0 0 0 0.00868108 
0.0092846 -0.0115267 -1.44365e-05 1.56354e-05 -0.0115267 0.0307066 1.56354e-05 -2.99266e-05 -1.44365e-05 1.56354e-05 0.00942231 -0.0116923 1.56354e-05 -2.99266e-05 -0.0116923 0.0310241 
0.00960211 -0.0178785 -3.15897e-06 -4.7461e-05 -0.0178785 0.0659826 -4.7461e-05 0.000170883 -3.15897e-06 -4.7461e-05 0.00966926 -0.0179755 -4.7461e-05 0.000170883 -0.0179755 0.0662542 
0.0091246 -0.0177021 1.12215e-05 -0.000115822 -0.0177021 0.0794629 -0.000117346 0.00063213 1.12215e-05 -0.000117346 0.00913257 -0.0175541 -0.000115822 0.00063213 -0.0175541 0.0786483 
0.0088599 -0.016686 1.12225e-05 -0.000111074 -0.016686 0.0807196 -0.00011629 0.000775691 1.12225e-05 -0.00011629 0.00884738 -0.0164746 -0.000111074 0.000775691 -0.0164746 0.0793145 
0.00866359 -0.0160141 3.5002e-07 -8.08536e-05 -0.0160141 0.0789113 -8.48532e-05 0.000631672 3.5002e-07 -8.48532e-05 0.0086272 -0.0158349 -8.08536e-05 0.000631672 -0.0158349 0.0776238 
0.00841819 -0.0154884 -2.67306e-06 -5.41132e-05 -0.0154884 0.076494 -5.39143e-05 0.00045146 -2.67306e-06 -5.39143e-05 0.00837399 -0.015316 -5.41132e-05 0.00045146 -0.015316 0.0754365 
0.00821677 -0.0151008 -2.61205e-06 -4.60121e-05 -0.0151008 0.0746025 -4.50704e-05 0.000344346 -2.61205e-06 -4.50704e-05 0.00816163 -0.0149255 -4.60121e-05 0.000344346 -0.0149255 0.0736717 
0.00964886 -0.0177088 3.12873e-06 -5.59508e-05 -0.0177088 0.0874815 -5.96786e-05 0.000370309 3.12873e-06 -5.96786e-05 0.0095704 -0.017482 -5.59508e-05 0.000370309 -0.017482 0.0864034 
0.00950291 -0.0174505 -4.7434e-06 -6.38225e-05 -0.0174505 0.0861428 -7.05025e-05 0.000375028 -4.7434e-06 -7.05025e-05 0.00942904 -0.0172043 -6.38225e-05 0.000375028 -0.0172043 0.0850365 
0.00941694 -0.0173096 -2.55226e-06 -5.65011e-05 -0.0173096 0.0854225 -6.26002e-05 0.000373095 -2.55226e-06 -6.26002e-05 0.00936039 -0.0170651 -5.65011e-05 0.000373095 -0.0170651 0.0842955 
0.009392 -0.0172603 4.15776e-06 -5.6549e-05 -0.0172603 0.08519 -6.24079e-05 0.00036733 4.15776e-06 -6.24079e-05 0.00933706 -0.0170352 -5.6549e-05 0.00036733 -0.0170352 0.0840811 
0.00935473 -0.0172083 3.4331e-06 -6.20589e-05 -0.0172083 0.0849252 -6.88508e-05 0.000371229 3.4331e-06 -6.88508e-05 0.00932889 -0.0169921 -6.20589e-05 0.000371229 -0.0169921 0.0838505 
0.00932762 -0.0171812 -2.26956e-06 -6.05452e-05 -0.0171812 0.0848159 -6.77666e-05 0.00037011 -2.26956e-06 -6.77666e-05 0.00933947 -0.0169992 -6.05452e-05 0.00037011 -0.0169992 0.083804 
0.00931138 -0.017142 -1.72666e-05 -5.21556e-05 -0.017142 0.084678 -6.08222e-05 0.000355043 -1.72666e-05 -6.08222e-05 0.00933443 -0.0170093 -5.21556e-05 0.000355043 -0.0170093 0.0837788 
0.00931231 -0.0171329 -1.66443e-05 -3.35325e-05 -0.0171329 0.0846346 -4.20013e-05 0.000317088 -1.66443e-05 -4.20013e-05 0.00932618 -0.0170177 -3.35325e-05 0.000317088 -0.0170177 0.0838168 
0.00929888 -0.0171232 -1.70618e-05 -3.45667e-05 -0.0171232 0.0845675 -3.85757e-05 0.000295109 -1.70618e-05 -3.85757e-05 0.00932031 -0.0170009 -3.45667e-05 0.000295109 -0.0170009 0.0837729 
0.00930485 -0.017136 -3.35797e-06 -3.6318e-05 -0.017136 0.084653 -3.59974e-05 0.000289173 -3.35797e-06 -3.59974e-05 0.00932149 -0.0170198 -3.6318e-05 0.000289173 -0.0170198 0.0838676 
0.00930884 -0.0171356 7.3192e-06 -5.28686e-05 -0.0171356 0.0846645 -5.00824e-05 0.000308715 7.3192e-06 -5.00824e-05 0.00930578 -0.0170131 -5.28686e-05 0.000308715 -0.0170131 0.0838751 
0.00932176 -0.0171505 9.77077e-06 -6.76333e-05 -0.0171505 0.0847299 -6.60724e-05 0.000346261 9.77077e-06 -6.60724e-05 0.00929504 -0.0170041 -6.76333e-05 0.000346261 -0.0170041 0.0839006 
0.00933113 -0.0171536 1.29642e-05 -6.72838e-05 -0.0171536 0.0847289 -7.00688e-05 0.000363524 1.29642e-05 -7.00688e-05 0.00928573 -0.0169808 -6.72838e-05 0.000363524 -0.0169808 0.0838428 
0.00931257 -0.0171063 5.41433e-06 -6.94987e-05 -0.0171063 0.0844619 -7.25452e-05 0.000368401 5.41433e-06 -7.25452e-05 0.00924435 -0.0169131 -6.94987e-05 0.000368401 -0.0169131 0.0835252 
0.00930019 -0.0171106 3.68422e-06 -6.1113e-05 -0.0171106 0.0844377 -6.09911e-05 0.000354147 3.68422e-06 -6.09911e-05 0.00924125 -0.0168912 -6.1113e-05 0.000354147 -0.0168912 0.0834439 
0.00928301 -0.0171009 7.81967e-06 -5.96331e-05 -0.0171009 0.0844283 -5.56213e-05 0.000337628 7.81967e-06 -5.56213e-05 0.00924606 -0.0168925 -5.96331e-05 0.000337628 -0.0168925 0.0834282 
0.0092462 -0.0170525 2.22783e-05 -6.54187e-05 -0.0170525 0.0842519 -5.87273e-05 0.000337531 2.22783e-05 -5.87273e-05 0.00924991 -0.0168722 -6.54187e-05 0.000337531 -0.0168722 0.0833026 
0.00923038 -0.016985 3.20422e-05 -8.38434e-05 -0.016985 0.0839968 -7.54301e-05 0.000365631 3.20422e-05 -7.54301e-05 0.00922952 -0.0168607 -8.38434e-05 0.000365631 -0.0168607 0.0831675 
0.0092133 -0.0169569 3.92416e-05 -9.92053e-05 -0.0169569 0.0838113 -8.92985e-05 0.000405814 3.92416e-05 -8.92985e-05 0.00921538 -0.0168336 -9.92053e-05 0.000405814 -0.0168336 0.0830478 
0.00918101 -0.0169325 2.85366e-05 -0.000110546 -0.0169325 0.0836825 -0.000100841 0.000443059 2.85366e-05 -0.000100841 0.0092169 -0.0168139 -0.000110546 0.000443059 -0.0168139 0.0829468 
0.00915368 -0.0168765 2.3097e-05 -9.82082e-05 -0.0168765 0.0834843 -9.1231e-05 0.000444199 2.3097e-05 -9.1231e-05 0.00920506 -0.0168051 -9.82082e-05 0.000444199 -0.0168051 0.0828416 
0.00914806 -0.0168561 1.27885e-05 -9.14277e-05 -0.0168561 0.0834097 -8.68619e-05 0.000432944 1.27885e-05 -8.68619e-05 0.00919978 -0.0168125 -9.14277e-05 0.000432944 -0.0168125 0.0828697 
0.00913004 -0.0168387 2.99613e-06 -7.82191e-05 -0.0168387 0.0833187 -7.34092e-05 0.000408798 2.99613e-06 -7.34092e-05 0.00920172 -0.0168001 -7.82191e-05 0.000408798 -0.0168001 0.082836 
0.00911844 -0.0168007 -3.89483e-07 -6.17572e-05 -0.0168007 0.0831646 -6.01887e-05 0.000371418 -3.89483e-07 -6.01887e-05 0.0091864 -0.0167853 -6.17572e-05 0.000371418 -0.0167853 0.0827382 
0.00912025 -0.0168043 1.21138e-06 -5.18986e-05 -0.0168043 0.083161 -5.69128e-05 0.000341809 1.21138e-06 -5.69128e-05 0.0091796 -0.016785 -5.18986e-05 0.000341809 -0.016785 0.0827559 
0.00913662 -0.0168131 -8.31352e-06 -5.00743e-05 -0.0168131 0.0831982 -5.96982e-05 0.000329519 -8.31352e-06 -5.96982e-05 0.00916406 -0.0167826 -5.00743e-05 0.000329519 -0.0167826 0.0827788 
0.00917806 -0.0168936 -1.75756e-05 -3.78695e-05 -0.0168936 0.0835427 -4.45385e-05 0.000303175 -1.75756e-05 -4.45385e-05 0.00918026 -0.0168215 -3.78695e-05 0.000303175 -0.0168215 0.0830479 
0.00918019 -0.0169201 -2.0748e-05 -2.63713e-05 -0.0169201 0.0836559 -2.91316e-05 0.000265271 -2.0748e-05 -2.91316e-05 0.00918723 -0.0168088 -2.63713e-05 0.000265271 -0.0168088 0.0830503 
0.00918121 -0.0169165 -1.2187e-05 -2.11106e-05 -0.0169165 0.0836781 -2.34582e-05 0.000238091 -1.2187e-05 -2.34582e-05 0.00918681 -0.0168069 -2.11106e-05 0.000238091 -0.0168069 0.0830227 
0.00917226 -0.0169171 -1.70412e-06 -3.20794e-05 -0.0169171 0.0836901 -3.44659e-05 0.000245093 -1.70412e-06 -3.44659e-05 0.00919726 -0.0168092 -3.20794e-05 0.000245093 -0.0168092 0.0830279 
0.00914866 -0.016861 4.52999e-06 -4.63639e-05 -0.016861 0.0834563 -4.77277e-05 0.000273138 4.52999e-06 -4.77277e-05 0.00917986 -0.0167753 -4.63639e-05 0.000273138 -0.0167753 0.0828245 
0.00914879 -0.0168292 5.49399e-06 -5.40583e-05 -0.0168292 0.0832915 -5.40538e-05 0.0002952 5.49399e-06 -5.40538e-05 0.00914935 -0.0167527 -5.40583e-05 0.0002952 -0.0167527 0.0826916 
0.00914592 -0.0168409 -9.14439e-07 -5.38063e-05 -0.0168409 0.083271 -5.45199e-05 0.000301188 -9.14439e-07 -5.45199e-05 0.00913222 -0.0167251 -5.38063e-05 0.000301188 -0.0167251 0.0826205 
0.00914506 -0.0168596 -1.00517e-05 -4.42139e-05 -0.0168596 0.0833669 -4.6214e-05 0.000286085 -1.00517e-05 -4.6214e-05 0.00913231 -0.0167239 -4.42139e-05 0.000286085 -0.0167239 0.0826503 
0.00913273 -0.0168816 -1.98069e-06 -3.15757e-05 -0.0168816 0.0835179 -3.41941e-05 0.000255746 -1.98069e-06 -3.41941e-05 0.00916842 -0.0167434 -3.15757e-05 0.000255746 -0.0167434 0.0827662 
0.00910582 -0.0168345 9.17023e-06 -3.94762e-05 -0.0168345 0.0834069 -4.07831e-05 0.000249681 9.17023e-06 -4.07831e-05 0.00918584 -0.0167562 -3.94762e-05 0.000249681 -0.0167562 0.0827399 
0.00909438 -0.016767 1.73673e-05 -5.27662e-05 -0.016767 0.0831444 -5.40983e-05 0.000269996 1.73673e-05 -5.40983e-05 0.00916183 -0.016752 -5.27662e-05 0.000269996 -0.016752 0.0826335 
0.00907732 -0.0167189 1.982e-05 -6.19407e-05 -0.0167189 0.0828464 -6.48808e-05 0.000293656 1.982e-05 -6.48808e-05 0.00912655 -0.0166966 -6.19407e-05 0.000293656 -0.0166966 0.0824019 
0.00905741 -0.0166798 1.56407e-05 -6.31802e-05 -0.0166798 0.0825902 -6.7795e-05 0.00030457 1.56407e-05 -6.7795e-05 0.00908602 -0.0166322 -6.31802e-05 0.00030457 -0.0166322 0.0821172 
0.00903928 -0.0166346 8.87728e-06 -5.64049e-05 -0.0166346 0.0823336 -6.15203e-05 0.000295504 8.87728e-06 -6.15203e-05 0.00904057 -0.0165638 -5.64049e-05 0.000295504 -0.0165638 0.0818108 
0.00902255 -0.0166284 8.02807e-08 -4.68536e-05 -0.0166284 0.0822525 -5.27671e-05 0.000274001 8.02807e-08 -5.27671e-05 0.0090225 -0.0165217 -4.68536e-05 0.000274001 -0.0165217 0.0816512 
0.00899222 -0.016568 -2.74746e-06 -3.41941e-05 -0.016568 0.0819804 -3.92521e-05 0.000241632 -2.74746e-06 -3.92521e-05 0.00899205 -0.0164589 -3.41941e-05 0.000241632 -0.0164589 0.0813409 
0.00896929 -0.0165638 -3.04586e-07 -3.12132e-05 -0.0165638 0.081958 -3.44853e-05 0.000220916 -3.04586e-07 -3.44853e-05 0.00899839 -0.0164572 -3.12132e-05 0.000220916 -0.0164572 0.0813162 
0.00895309 -0.0165271 -1.98413e-06 -3.68671e-05 -0.0165271 0.0818604 -3.73354e-05 0.000221582 -1.98413e-06 -3.73354e-05 0.00899013 -0.01646 -3.68671e-05 0.000221582 -0.01646 0.0812868 
0.00892678 -0.0164843 -9.16036e-06 -3.5473e-05 -0.0164843 0.081677 -3.37795e-05 0.00021906 -9.16036e-06 -3.37795e-05 0.00898574 -0.0164348 -3.5473e-05 0.00021906 -0.0164348 0.0811779 
0.00893013 -0.016473 -1.20863e-05 -2.67051e-05 -0.016473 0.0816557 -2.51141e-05 0.000203245 -1.20863e-05 -2.51141e-05 0.0089933 -0.0164558 -2.67051e-05 0.000203245 -0.0164558 0.0812428 
0.00895792 -0.0164866 -1.33674e-05 -2.35812e-05 -0.0164866 0.0817096 -2.05293e-05 0.000189313 -1.33674e-05 -2.05293e-05 0.00898767 -0.0164843 -2.35812e-05 0.000189313 -0.0164843 0.0813715 
0.00897958 -0.0165252 -1.03953e-05 -2.41201e-05 -0.0165252 0.0818087 -1.81728e-05 0.000183888 -1.03953e-05 -1.81728e-05 0.00897491 -0.0164804 -2.41201e-05 0.000183888 -0.0164804 0.081435 
0.00900775 -0.0166082 1.1151e-07 -2.84678e-05 -0.0166082 0.0821703 -2.02549e-05 0.000187599 1.1151e-07 -2.02549e-05 0.00900083 -0.0165134 -2.84678e-05 0.000187599 -0.0165134 0.0816835 
0.00900604 -0.0166097 -2.12121e-06 -4.17539e-05 -0.0166097 0.0822186 -3.31686e-05 0.000209927 -2.12121e-06 -3.31686e-05 0.00901271 -0.0165054 -4.17539e-05 0.000209927 -0.0165054 0.0816597 
0.00902819 -0.0166487 -1.03121e-05 -4.12796e-05 -0.0166487 0.0824425 -3.52122e-05 0.000227493 -1.03121e-05 -3.52122e-05 0.00904557 -0.0165631 -4.12796e-05 0.000227493 -0.0165631 0.0818915 
0.00903684 -0.0166616 -1.64053e-05 -2.93648e-05 -0.0166616 0.0825208 -2.83478e-05 0.000219622 -1.64053e-05 -2.83478e-05 0.00906425 -0.0165931 -2.93648e-05 0.000219622 -0.0165931 0.0820109 
0.00902878 -0.0166596 -1.28306e-05 -1.98129e-05 -0.0166596 0.0825114 -2.1512e-05 0.000201038 -1.28306e-05 -2.1512e-05 0.00907394 -0.0166034 -1.98129e-05 0.000201038 -0.0166034 0.0820402 
0.0090416 -0.0166614 -9.34474e-06 -2.67332e-05 -0.0166614 0.0825451 -2.80677e-05 0.000207353 -9.34474e-06 -2.80677e-05 0.00907133 -0.0166207 -2.67332e-05 0.000207353 -0.0166207 0.0821044 
0.00906175 -0.0166661 -6.24265e-06 -3.53235e-05 -0.0166661 0.0825347 -3.40018e-05 0.000228274 -6.24265e-06 -3.40018e-05 0.00905467 -0.0166093 -3.53235e-05 0.000228274 -0.0166093 0.0820847 
0.00906332 -0.0166899 -4.99372e-06 -3.96555e-05 -0.0166899 0.0825627 -3.72104e-05 0.000244616 -4.99372e-06 -3.72104e-05 0.00905715 -0.016584 -3.96555e-05 0.000244616 -0.016584 0.0820202 
0.00906083 -0.0167034 -5.94855e-06 -3.82354e-05 -0.0167034 0.0826363 -3.65075e-05 0.000246088 -5.94855e-06 -3.65075e-05 0.0090751 -0.0165975 -3.82354e-05 0.000246088 -0.0165975 0.0820461 
0.00908379 -0.0167322 -5.21199e-06 -3.51311e-05 -0.0167322 0.0828179 -3.45311e-05 0.000239998 -5.21199e-06 -3.45311e-05 0.00909642 -0.0166532 -3.51311e-05 0.000239998 -0.0166532 0.0822602 
0.00909277 -0.0167398 -6.52291e-06 -3.42089e-05 -0.0167398 0.0828402 -3.50324e-05 0.00023462 -6.52291e-06 -3.50324e-05 0.00909522 -0.0166593 -3.42089e-05 0.00023462 -0.0166593 0.0823 
0.00911092 -0.0167574 -1.13925e-05 -3.29383e-05 -0.0167574 0.0828969 -3.4088e-05 0.000231184 -1.13925e-05 -3.4088e-05 0.0090808 -0.0166607 -3.29383e-05 0.000231184 -0.0166607 0.0823277 
0.00910662 -0.0167621 -3.50845e-06 -2.77786e-05 -0.0167621 0.0828675 -2.60151e-05 0.000218801 -3.50845e-06 -2.60151e-05 0.00906807 -0.0166215 -2.77786e-05 0.000218801 -0.0166215 0.0822097 
0.00909331 -0.0167463 -5.8743e-07 -3.80159e-05 -0.0167463 0.0827886 -3.70742e-05 0.000229483 -5.8743e-07 -3.70742e-05 0.00905748 -0.0165888 -3.80159e-05 0.000229483 -0.0165888 0.0820532 
0.00906506 -0.0167276 1.13664e-05 -4.07311e-05 -0.0167276 0.0827121 -4.48386e-05 0.000247071 1.13664e-05 -4.48386e-05 0.00906694 -0.0165735 -4.07311e-05 0.000247071 -0.0165735 0.0819519 
0.00904574 -0.0166851 1.19994e-05 -5.10003e-05 -0.0166851 0.0825783 -6.17796e-05 0.000272941 1.19994e-05 -6.17796e-05 0.00905863 -0.0165744 -5.10003e-05 0.000272941 -0.0165744 0.0818749 
0.00904554 -0.0166729 -2.70811e-06 -4.87581e-05 -0.0166729 0.0825347 -6.16606e-05 0.000279748 -2.70811e-06 -6.16606e-05 0.00905882 -0.0165759 -4.87581e-05 0.000279748 -0.0165759 0.0818848 
0.00905984 -0.0167037 -4.60508e-06 -3.02666e-05 -0.0167037 0.0826692 -4.02369e-05 0.000246446 -4.60508e-06 -4.02369e-05 0.00907343 -0.0166045 -3.02666e-05 0.000246446 -0.0166045 0.0820266 
0.00907889 -0.0167184 2.55451e-07 -2.64237e-05 -0.0167184 0.082746 -3.27834e-05 0.00021442 2.55451e-07 -3.27834e-05 0.00907292 -0.0166187 -2.64237e-05 0.00021442 -0.0166187 0.082099 
0.00909506 -0.0167315 -8.90785e-06 -3.38518e-05 -0.0167315 0.0827664 -3.63964e-05 0.000211269 -8.90785e-06 -3.63964e-05 0.00906378 -0.0166078 -3.38518e-05 0.000211269 -0.0166078 0.0820817 
0.00910768 -0.0167744 -1.52202e-05 -2.57833e-05 -0.0167744 0.0829162 -2.52358e-05 0.000199614 -1.52202e-05 -2.52358e-05 0.00907874 -0.0166149 -2.57833e-05 0.000199614 -0.0166149 0.0821498 
0.00909916 -0.0168031 -2.21061e-05 -1.82701e-05 -0.0168031 0.0830711 -1.66947e-05 0.00018083 -2.21061e-05 -1.66947e-05 0.00911522 -0.016644 -1.82701e-05 0.00018083 -0.016644 0.0822644 
0.00908783 -0.0167817 -1.6496e-05 -1.32195e-05 -0.0167817 0.0830717 -1.20325e-05 0.000169346 -1.6496e-05 -1.20325e-05 0.00914337 -0.016681 -1.32195e-05 0.000169346 -0.016681 0.0823485 
0.00910007 -0.0167871 -1.40253e-05 -2.22007e-05 -0.0167871 0.0831496 -2.17801e-05 0.000184294 -1.40253e-05 -2.17801e-05 0.00916751 -0.0167433 -2.22007e-05 0.000184294 -0.0167433 0.0825717 
0.00911653 -0.0168166 -9.04826e-06 -2.6843e-05 -0.0168166 0.0832864 -2.69822e-05 0.000204598 -9.04826e-06 -2.69822e-05 0.00919474 -0.0167917 -2.6843e-05 0.000204598 -0.0167917 0.0828056 
0.00913562 -0.0168384 -1.1e-05 -3.24257e-05 -0.0168384 0.0833899 -3.45412e-05 0.000223782 -1.1e-05 -3.45412e-05 0.00921031 -0.0168236 -3.24257e-05 0.000223782 -0.0168236 0.0829548 
0.00916458 -0.0168618 -9.76101e-06 -3.13202e-05 -0.0168618 0.0834705 -3.34256e-05 0.000232272 -9.76101e-06 -3.34256e-05 0.00921139 -0.0168358 -3.13202e-05 0.000232272 -0.0168358 0.0830233 
0.00921782 -0.0169689 -1.23034e-06 -3.25721e-05 -0.0169689 0.0839068 -3.32572e-05 0.000234775 -1.23034e-06 -3.32572e-05 0.00923587 -0.016899 -3.25721e-05 0.000234775 -0.016899 0.083368 
0.00923485 -0.0170118 -6.37477e-06 -4.59137e-05 -0.0170118 0.0840953 -4.50669e-05 0.000257269 -6.37477e-06 -4.50669e-05 0.00923427 -0.0169012 -4.59137e-05 0.000257269 -0.0169012 0.0834365 
0.00922352 -0.0169894 -6.49028e-06 -4.22334e-05 -0.0169894 0.0839991 -4.09181e-05 0.000266706 -6.49028e-06 -4.09181e-05 0.00921711 -0.0168561 -4.22334e-05 0.000266706 -0.0168561 0.0832552 
0.00921147 -0.0169397 -7.86906e-06 -4.15132e-05 -0.0169397 0.0837567 -3.98744e-05 0.000265564 -7.86906e-06 -3.98744e-05 0.00918419 -0.0167999 -4.15132e-05 0.000265564 -0.0167999 0.0829726 
0.0092098 -0.0169371 -4.8861e-06 -3.74905e-05 -0.0169371 0.0836779 -3.69513e-05 0.000257596 -4.8861e-06 -3.69513e-05 0.00917735 -0.0167704 -3.74905e-05 0.000257596 -0.0167704 0.0828394 
0.00921436 -0.0169846 -2.68406e-07 -4.20241e-05 -0.0169846 0.0838766 -3.95411e-05 0.000260029 -2.68406e-07 -3.95411e-05 0.00921122 -0.0168068 -4.20241e-05 0.000260029 -0.0168068 0.082987 
0.00922531 -0.0170193 1.94367e-06 -4.92269e-05 -0.0170193 0.0841091 -4.76615e-05 0.000277006 1.94367e-06 -4.76615e-05 0.0092392 -0.016872 -4.92269e-05 0.000277006 -0.016872 0.0832392 
0.00922087 -0.0170021 -9.79169e-06 -4.84687e-05 -0.0170021 0.0840839 -5.1642e-05 0.000286698 -9.79169e-06 -5.1642e-05 0.00923986 -0.0168774 -4.84687e-05 0.000286698 -0.0168774 0.0832672 
0.00918992 -0.0169583 -3.03896e-05 -3.26147e-05 -0.0169583 0.0838761 -3.87575e-05 0.000266967 -3.03896e-05 -3.87575e-05 0.0092357 -0.0168397 -3.26147e-05 0.000266967 -0.0168397 0.0830908 
0.00918586 -0.0169321 -3.54748e-05 -7.53952e-06 -0.0169321 0.0837826 -1.11814e-05 0.000213131 -3.54748e-05 -1.11814e-05 0.00922965 -0.0168448 -7.53952e-06 0.000213131 -0.0168448 0.0830523 
0.00917989 -0.0169265 -3.52316e-05 3.67574e-07 -0.0169265 0.083734 -1.65712e-06 0.000171628 -3.52316e-05 -1.65712e-06 0.00922644 -0.0168408 3.67574e-07 0.000171628 -0.0168408 0.0830368 
0.00918227 -0.0169257 -1.09396e-05 2.3899e-06 -0.0169257 0.0837384 -1.89553e-06 0.000154523 -1.09396e-05 -1.89553e-06 0.00921623 -0.016845 2.3899e-06 0.000154523 -0.016845 0.083058 
0.00916226 -0.0169096 1.28803e-06 -2.25523e-05 -0.0169096 0.0836554 -2.99809e-05 0.000185833 1.28803e-06 -2.99809e-05 0.00921721 -0.0168182 -2.25523e-05 0.000185833 -0.0168182 0.0829737 
0.00914802 -0.0168664 8.03983e-06 -3.76927e-05 -0.0168664 0.0834949 -4.40598e-05 0.00022455 8.03983e-06 -4.40598e-05 0.00920725 -0.0168055 -3.76927e-05 0.00022455 -0.0168055 0.082863 
0.00914528 -0.0168169 5.11146e-06 -4.54498e-05 -0.0168169 0.0832377 -5.00053e-05 0.000246168 5.11146e-06 -5.00053e-05 0.00916017 -0.0167647 -4.54498e-05 0.000246168 -0.0167647 0.082654 
0.00914415 -0.0168192 2.11698e-06 -4.43201e-05 -0.0168192 0.0831401 -4.69422e-05 0.000251231 2.11698e-06 -4.69422e-05 0.00913124 -0.0167107 -4.43201e-05 0.000251231 -0.0167107 0.0824838 
0.00914279 -0.0168483 7.20011e-06 -4.13875e-05 -0.0168483 0.0832377 -4.18973e-05 0.000244198 7.20011e-06 -4.18973e-05 0.00912842 -0.0166973 -4.13875e-05 0.000244198 -0.0166973 0.0824608 
0.00914047 -0.0168792 1.98981e-05 -4.63271e-05 -0.0168792 0.0834331 -4.71348e-05 0.000246391 1.98981e-05 -4.71348e-05 0.00915396 -0.0167224 -4.63271e-05 0.000246391 -0.0167224 0.0825917 
0.00915223 -0.016898 2.667e-05 -6.01261e-05 -0.016898 0.0836259 -6.46409e-05 0.000272545 2.667e-05 -6.46409e-05 0.00916964 -0.0167785 -6.01261e-05 0.000272545 -0.0167785 0.0828257 
0.0091624 -0.0168938 2.15931e-05 -6.79074e-05 -0.0168938 0.0836568 -7.20095e-05 0.000296077 2.15931e-05 -7.20095e-05 0.00916842 -0.0167899 -6.79074e-05 0.000296077 -0.0167899 0.0829231 
0.00914854 -0.016855 1.20273e-05 -6.27341e-05 -0.016855 0.0834549 -6.29133e-05 0.000291836 1.20273e-05 -6.29133e-05 0.00914776 -0.0167448 -6.27341e-05 0.000291836 -0.0167448 0.0827484 
0.0091374 -0.0168237 1.03478e-05 -5.10029e-05 -0.0168237 0.0832741 -4.84428e-05 0.000264102 1.03478e-05 -4.84428e-05 0.00912339 -0.0167051 -5.10029e-05 0.000264102 -0.0167051 0.082562 
0.00911319 -0.0167745 1.10739e-05 -5.03103e-05 -0.0167745 0.0829901 -4.64051e-05 0.00024895 1.10739e-05 -4.64051e-05 0.00909243 -0.0166367 -5.03103e-05 0.00024895 -0.0166367 0.082244 
0.0090991 -0.016745 1.24886e-05 -5.19065e-05 -0.016745 0.0828073 -4.75425e-05 0.000247757 1.24886e-05 -4.75425e-05 0.00907162 -0.0165935 -5.19065e-05 0.000247757 -0.0165935 0.0820168 
0.00908193 -0.0167368 9.9511e-06 -5.14e-05 -0.0167368 0.0827331 -4.92511e-05 0.000248323 9.9511e-06 -4.92511e-05 0.00906619 -0.0165759 -5.14e-05 0.000248323 -0.0165759 0.0819077 
0.00909091 -0.0167487 7.65758e-06 -4.66204e-05 -0.0167487 0.0828214 -4.69843e-05 0.000243087 7.65758e-06 -4.69843e-05 0.00907244 -0.0166005 -4.66204e-05 0.000243087 -0.0166005 0.0820004 
0.00907655 -0.0167396 5.6606e-06 -4.35176e-05 -0.0167396 0.0827763 -4.35498e-05 0.000233265 5.6606e-06 -4.35498e-05 0.0090792 -0.0165914 -4.35176e-05 0.000233265 -0.0165914 0.0819653 
0.00907956 -0.0167395 5.9628e-07 -4.14706e-05 -0.0167395 0.0828172 -3.94041e-05 0.000224342 5.9628e-07 -3.94041e-05 0.00908683 -0.0166189 -4.14706e-05 0.000224342 -0.0166189 0.0820534 
0.00909935 -0.0167325 1.66567e-07 -3.66064e-05 -0.0167325 0.0827936 -3.32662e-05 0.000213463 1.66567e-07 -3.32662e-05 0.00906689 -0.0166254 -3.66064e-05 0.000213463 -0.0166254 0.0820876 
0.00911799 -0.0167826 -3.06815e-06 -3.76517e-05 -0.0167826 0.0829508 -3.37579e-05 0.000211928 -3.06815e-06 -3.37579e-05 0.00907097 -0.0166271 -3.76517e-05 0.000211928 -0.0166271 0.0821923 
0.00912473 -0.0168078 -2.29111e-06 -3.49143e-05 -0.0168078 0.0830647 -3.28045e-05 0.000212846 -2.29111e-06 -3.28045e-05 0.00907423 -0.0166259 -3.49143e-05 0.000212846 -0.0166259 0.0822212 
0.00912013 -0.0168136 -1.71529e-06 -3.40378e-05 -0.0168136 0.0831202 -3.52813e-05 0.000214614 -1.71529e-06 -3.52813e-05 0.00907899 -0.0166304 -3.40378e-05 0.000214614 -0.0166304 0.0822468 
0.00908914 -0.0167789 -5.25598e-06 -3.33053e-05 -0.0167789 0.083 -3.62506e-05 0.000215609 -5.25598e-06 -3.62506e-05 0.00907861 -0.0166133 -3.33053e-05 0.000215609 -0.0166133 0.0821547 
0.00906424 -0.0167188 8.54802e-06 -2.94732e-05 -0.0167188 0.0827799 -3.19778e-05 0.000209877 8.54802e-06 -3.19778e-05 0.00906299 -0.0165937 -2.94732e-05 0.000209877 -0.0165937 0.0820207 
0.0090283 -0.0166359 2.24883e-05 -4.54575e-05 -0.0166359 0.082381 -4.67138e-05 0.000227576 2.24883e-05 -4.67138e-05 0.00902863 -0.016527 -4.54575e-05 0.000227576 -0.016527 0.0816955 
0.0090121 -0.0165941 2.0686e-05 -6.42977e-05 -0.0165941 0.0821465 -6.4767e-05 0.000268333 2.0686e-05 -6.4767e-05 0.00900911 -0.0164891 -6.42977e-05 0.000268333 -0.0164891 0.0814958 
0.00900539 -0.0165787 1.41467e-05 -6.39437e-05 -0.0165787 0.0820311 -6.3688e-05 0.000286355 1.41467e-05 -6.3688e-05 0.00899994 -0.0164701 -6.39437e-05 0.000286355 -0.0164701 0.0813854 
0.00900985 -0.0166145 5.60186e-06 -5.50929e-05 -0.0166145 0.0821786 -5.26917e-05 0.000273432 5.60186e-06 -5.26917e-05 0.00902115 -0.0165025 -5.50929e-05 0.000273432 -0.0165025 0.0815282 
0.00902076 -0.0166161 3.2108e-06 -4.16365e-05 -0.0166161 0.0822304 -3.80621e-05 0.000239464 3.2108e-06 -3.80621e-05 0.00900912 -0.0165234 -4.16365e-05 0.000239464 -0.0165234 0.0816051 
0.00902039 -0.0166294 -9.93308e-06 -3.83777e-05 -0.0166294 0.0822692 -3.36464e-05 0.000216339 -9.93308e-06 -3.36464e-05 0.00901004 -0.0165075 -3.83777e-05 0.000216339 -0.0165075 0.0816139 
0.00902594 -0.016653 -1.68359e-05 -2.42733e-05 -0.016653 0.0824053 -1.85198e-05 0.000187886 -1.68359e-05 -1.85198e-05 0.00903151 -0.0165298 -2.42733e-05 0.000187886 -0.0165298 0.0817231 
0.00902676 -0.0166497 -6.38869e-06 -1.52772e-05 -0.0166497 0.0824308 -1.06337e-05 0.000161367 -6.38869e-06 -1.06337e-05 0.00904338 -0.0165486 -1.52772e-05 0.000161367 -0.0165486 0.0817796 
0.00902564 -0.0166282 2.16929e-06 -2.65192e-05 -0.0166282 0.082337 -2.53457e-05 0.000171806 2.16929e-06 -2.53457e-05 0.00903193 -0.0165437 -2.65192e-05 0.000171806 -0.0165437 0.0817338 
0.00902642 -0.0166367 1.39227e-05 -3.66261e-05 -0.0166367 0.0823427 -3.83057e-05 0.00020017 1.39227e-05 -3.83057e-05 0.00903174 -0.0165405 -3.66261e-05 0.00020017 -0.0165405 0.0817434 
0.00902533 -0.0166528 8.03584e-06 -5.04731e-05 -0.0166528 0.0824228 -5.22308e-05 0.000232984 8.03584e-06 -5.22308e-05 0.00905026 -0.0165542 -5.04731e-05 0.000232984 -0.0165542 0.0818139 
0.00903411 -0.0166691 7.08447e-07 -4.38218e-05 -0.0166691 0.0825424 -4.53897e-05 0.000236601 7.08447e-07 -4.53897e-05 0.00907071 -0.0165918 -4.38218e-05 0.000236601 -0.0165918 0.0819586 
0.00904888 -0.0166818 -1.12722e-05 -3.2939e-05 -0.0166818 0.0826197 -3.43142e-05 0.000214114 -1.12722e-05 -3.43142e-05 0.00907169 -0.0166165 -3.2939e-05 0.000214114 -0.0166165 0.0820652 
0.0090467 -0.0166742 -7.18614e-06 -1.567e-05 -0.0166742 0.0825555 -1.84228e-05 0.000175265 -7.18614e-06 -1.84228e-05 0.00905389 -0.0165887 -1.567e-05 0.000175265 -0.0165887 0.0819756 
0.00904003 -0.0166491 -1.30358e-05 -1.73639e-05 -0.0166491 0.0824098 -2.27793e-05 0.000158978 -1.30358e-05 -2.27793e-05 0.0090258 -0.016539 -1.73639e-05 0.000158978 -0.016539 0.0817655 
0.00901915 -0.0166264 -5.29703e-06 -1.0689e-05 -0.0166264 0.0822561 -1.74102e-05 0.00014763 -5.29703e-06 -1.74102e-05 0.00901182 -0.0164875 -1.0689e-05 0.00014763 -0.0164875 0.081536 
0.00900462 -0.016615 -1.53387e-06 -1.96356e-05 -0.016615 0.0822175 -2.43548e-05 0.000151289 -1.53387e-06 -2.43548e-05 0.00902343 -0.0164873 -1.96356e-05 0.000151289 -0.0164873 0.0814844 
0.00901684 -0.0166347 2.00014e-06 -2.28347e-05 -0.0166347 0.0823523 -2.5877e-05 0.000156833 2.00014e-06 -2.5877e-05 0.00903526 -0.0165399 -2.28347e-05 0.000156833 -0.0165399 0.0816725 
0.00906525 -0.0167225 -8.97334e-06 -2.54481e-05 -0.0167225 0.0827976 -2.85071e-05 0.000158705 -8.97334e-06 -2.85071e-05 0.00907596 -0.0166303 -2.54481e-05 0.000158705 -0.0166303 0.0821526 
0.00908044 -0.0167594 -2.16887e-05 -1.12534e-05 -0.0167594 0.0829861 -1.47748e-05 0.000136207 -2.16887e-05 -1.47748e-05 0.00909988 -0.0166558 -1.12534e-05 0.000136207 -0.0166558 0.0823292 
0.00907622 -0.0167316 -3.79082e-06 4.60989e-06 -0.0167316 0.0828759 1.45381e-06 9.74269e-05 -3.79082e-06 1.45381e-06 0.00908581 -0.0166363 4.60989e-06 9.74269e-05 -0.0166363 0.0822217 
0.00907022 -0.0167061 -1.89838e-06 -1.73315e-05 -0.0167061 0.0827205 -2.10448e-05 0.000114883 -1.89838e-06 -2.10448e-05 0.00906247 -0.016601 -1.73315e-05 0.000114883 -0.016601 0.08206 
0.00905533 -0.0166905 -6.9614e-06 -2.14564e-05 -0.0166905 0.0825962 -2.86999e-05 0.00014361 -6.9614e-06 -2.86999e-05 0.00904886 -0.0165606 -2.14564e-05 0.00014361 -0.0165606 0.0818853 
0.00903671 -0.0166711 -9.94451e-06 -1.37424e-05 -0.0166711 0.0825013 -2.37816e-05 0.000143688 -9.94451e-06 -2.37816e-05 0.009043 -0.0165392 -1.37424e-05 0.000143688 -0.0165392 0.081759 
0.00902714 -0.0166522 -1.87196e-05 -9.70446e-06 -0.0166522 0.0824417 -1.65506e-05 0.00012952 -1.87196e-05 -1.65506e-05 0.00904022 -0.0165391 -9.70446e-06 0.00012952 -0.0165391 0.0817211 
0.00902129 -0.0166422 -1.64157e-05 -1.04642e-06 -0.0166422 0.082404 -3.81015e-06 0.000106156 -1.64157e-05 -3.81015e-06 0.00903936 -0.0165407 -1.04642e-06 0.000106156 -0.0165407 0.0817214 
0.00900502 -0.0166102 -1.68089e-05 -5.68283e-06 -0.0166102 0.0822578 -4.9321e-06 0.000100139 -1.68089e-05 -4.9321e-06 0.00902749 -0.0165193 -5.68283e-06 0.000100139 -0.0165193 0.0816117 
0.00897842 -0.0165891 -7.64235e-06 -6.16761e-06 -0.0165891 0.0821506 -5.86057e-06 0.000103311 -7.64235e-06 -5.86057e-06 0.00903008 -0.0164999 -6.16761e-06 0.000103311 -0.0164999 0.0815176 
0.00898135 -0.0165935 -5.53343e-06 -1.30977e-05 -0.0165935 0.0822349 -1.55972e-05 0.000113362 -5.53343e-06 -1.55972e-05 0.00904723 -0.0165402 -1.30977e-05 0.000113362 -0.0165402 0.0816598 
0.00900903 -0.016605 -1.03589e-05 -1.51002e-05 -0.016605 0.082324 -1.73452e-05 0.000120878 -1.03589e-05 -1.73452e-05 0.00904404 -0.0165766 -1.51002e-05 0.000120878 -0.0165766 0.0818271 
0.00903385 -0.0166686 -2.39328e-05 -6.18584e-06 -0.0166686 0.0825688 -1.12349e-05 0.00010812 -2.39328e-05 -1.12349e-05 0.00906405 -0.0166033 -6.18584e-06 0.00010812 -0.0166033 0.0820483 
0.0090394 -0.0166558 -2.62257e-05 1.33117e-05 -0.0166558 0.0825161 6.1445e-06 6.90327e-05 -2.62257e-05 6.1445e-06 0.00904584 -0.016578 1.33117e-05 6.90327e-05 -0.016578 0.081947 
0.00905802 -0.016696 -1.07848e-05 1.77475e-05 -0.016696 0.0826642 1.39053e-05 3.64215e-05 -1.07848e-05 1.39053e-05 0.00905321 -0.0165862 1.77475e-05 3.64215e-05 -0.0165862 0.0820239 
