0.00615289 0 5.86521e-05 0 0 0.00875317 0 0 5.86521e-05 0 0.00620236 0 0 0 0 0.00875317 
0.00938361 -0.0116456 7.32796e-05 -8.76796e-05 -0.0116456 0.030984 -8.76796e-05 0.00016797 7.32796e-05 -8.76796e-05 0.00948581 -0.0117755 -8.76796e-05 0.00016797 -0.0117755 0.0312331 
0.00966324 -0.0179689 3.51028e-05 -2.6345e-05 -0.0179689 0.0663097 -2.6345e-05 5.90637e-05 3.51028e-05 -2.6345e-05 0.00978096 -0.0182943 -2.6345e-05 5.90637e-05 -0.0182943 0.067389 
0.00910913 -0.017521 3.27886e-06 9.95311e-05 -0.017521 0.0785775 9.54357e-05 -0.000559235 3.27886e-06 9.54357e-05 0.00922044 -0.017945 9.95311e-05 -0.000559235 -0.017945 0.0805969 
0.00882035 -0.0164207 -4.25032e-06 0.000116059 -0.0164207 0.0791327 0.000112464 -0.000812362 -4.25032e-06 0.000112464 0.00890307 -0.0167843 0.000116059 -0.000812362 -0.0167843 0.0812817 
0.00862552 -0.0157659 6.14603e-06 8.41211e-05 -0.0157659 0.0773262 8.67817e-05 -0.000683468 6.14603e-06 8.67817e-05 0.00864325 -0.0160184 8.41211e-05 -0.000683468 -0.0160184 0.0789928 
0.0084064 -0.0153088 1.78334e-06 5.23143e-05 -0.0153088 0.0752846 5.89479e-05 -0.000494255 1.78334e-06 5.89479e-05 0.0083703 -0.0154432 5.23143e-05 -0.000494255 -0.0154432 0.0763989 
0.00819714 -0.0149567 1.10452e-06 4.98824e-05 -0.0149567 0.0736182 5.647e-05 -0.000386184 1.10452e-06 5.647e-05 0.00815093 -0.0150078 4.98824e-05 -0.000386184 -0.0150078 0.0743203 
0.00960397 -0.0175348 -2.35097e-06 6.26653e-05 -0.0175348 0.0864411 6.68833e-05 -0.00041354 -2.35097e-06 6.68833e-05 0.00956782 -0.0175823 6.26653e-05 -0.00041354 -0.0175823 0.0870593 
0.00944068 -0.0172134 -5.1462e-06 7.05309e-05 -0.0172134 0.0849312 7.06506e-05 -0.000406529 -5.1462e-06 7.06506e-05 0.00941284 -0.0172928 7.05309e-05 -0.000406529 -0.0172928 0.0855383 
0.00935507 -0.0170482 -3.53601e-06 7.69063e-05 -0.0170482 0.0840764 7.52011e-05 -0.000418588 -3.53601e-06 7.52011e-05 0.00932908 -0.0171395 7.69063e-05 -0.000418588 -0.0171395 0.084719 
0.00931125 -0.0169787 -2.1135e-06 7.43752e-05 -0.0169787 0.0836849 7.40644e-05 -0.000423055 -2.1135e-06 7.40644e-05 0.00929246 -0.0170733 7.43752e-05 -0.000423055 -0.0170733 0.084347 
0.00926535 -0.0169217 -8.1287e-07 7.05189e-05 -0.0169217 0.0833927 7.20679e-05 -0.000418158 -8.1287e-07 7.20679e-05 0.00926838 -0.017024 7.05189e-05 -0.000418158 -0.017024 0.0840699 
0.0092505 -0.016894 3.4205e-06 6.55104e-05 -0.016894 0.0832947 6.62752e-05 -0.000403531 3.4205e-06 6.62752e-05 0.00925932 -0.0170174 6.55104e-05 -0.000403531 -0.0170174 0.0840023 
0.00926949 -0.0169115 -2.58587e-06 6.0688e-05 -0.0169115 0.0833871 5.84523e-05 -0.000384964 -2.58587e-06 5.84523e-05 0.00924921 -0.017039 6.0688e-05 -0.000384964 -0.017039 0.0841097 
0.00929299 -0.0169532 -1.06798e-05 6.77442e-05 -0.0169532 0.0835508 6.32266e-05 -0.000382048 -1.06798e-05 6.32266e-05 0.00925462 -0.0170421 6.77442e-05 -0.000382048 -0.0170421 0.084211 
0.00930055 -0.0169813 -1.85968e-05 7.8306e-05 -0.0169813 0.0836631 7.31628e-05 -0.000398415 -1.85968e-05 7.31628e-05 0.00926211 -0.0170426 7.8306e-05 -0.000398415 -0.0170426 0.0842373 
0.00930112 -0.0169888 -1.17158e-05 9.09838e-05 -0.0169888 0.0837166 8.22483e-05 -0.000423859 -1.17158e-05 8.22483e-05 0.0092631 -0.0170473 9.09838e-05 -0.000423859 -0.0170473 0.0842465 
0.0092938 -0.0169907 -1.21309e-05 8.49324e-05 -0.0169907 0.083751 7.31028e-05 -0.000423665 -1.21309e-05 7.31028e-05 0.00926649 -0.0170556 8.49324e-05 -0.000423665 -0.0170556 0.0842853 
0.00927674 -0.0169856 -1.40055e-05 8.46087e-05 -0.0169856 0.0837781 7.54213e-05 -0.000420854 -1.40055e-05 7.54213e-05 0.00928205 -0.017071 8.46087e-05 -0.000420854 -0.017071 0.0843602 
0.00924461 -0.0169204 -3.95332e-06 8.29276e-05 -0.0169204 0.0835405 8.04817e-05 -0.000422471 -3.95332e-06 8.04817e-05 0.00927035 -0.0170459 8.29276e-05 -0.000422471 -0.0170459 0.0842102 
0.00923058 -0.0168934 5.3218e-06 6.65716e-05 -0.0168934 0.0834373 6.85506e-05 -0.000399874 5.3218e-06 6.85506e-05 0.00927345 -0.0170478 6.65716e-05 -0.000399874 -0.0170478 0.0841987 
0.00921706 -0.0168621 3.74089e-06 5.11947e-05 -0.0168621 0.0833044 5.44529e-05 -0.000360908 3.74089e-06 5.44529e-05 0.00926485 -0.0170409 5.11947e-05 -0.000360908 -0.0170409 0.0841429 
0.00920209 -0.016818 9.47546e-06 4.90495e-05 -0.016818 0.0830898 5.40597e-05 -0.000337284 9.47546e-06 5.40597e-05 0.00923847 -0.0170081 4.90495e-05 -0.000337284 -0.0170081 0.0839842 
0.00921476 -0.0168358 8.39928e-06 3.93069e-05 -0.0168358 0.0831442 4.47079e-05 -0.000311896 8.39928e-06 4.47079e-05 0.00922938 -0.0170125 3.93069e-05 -0.000311896 -0.0170125 0.08404 
0.00920898 -0.0168267 -5.18603e-06 4.06998e-05 -0.0168267 0.0830678 4.42038e-05 -0.000298613 -5.18603e-06 4.42038e-05 0.00920233 -0.0169704 4.06998e-05 -0.000298613 -0.0169704 0.0839005 
0.00919927 -0.0168037 -1.24917e-05 5.84486e-05 -0.0168037 0.0829371 6.31931e-05 -0.000324367 -1.24917e-05 6.31931e-05 0.00916806 -0.016914 5.84486e-05 -0.000324367 -0.016914 0.0836783 
0.00916249 -0.0167641 -7.21259e-06 6.91947e-05 -0.0167641 0.0827154 7.63151e-05 -0.000360389 -7.21259e-06 7.63151e-05 0.00914725 -0.0168365 6.91947e-05 -0.000360389 -0.0168365 0.0833459 
0.0091418 -0.0167262 -3.27534e-06 6.30192e-05 -0.0167262 0.0825733 7.10256e-05 -0.000367134 -3.27534e-06 7.10256e-05 0.0091368 -0.0168127 6.30192e-05 -0.000367134 -0.0168127 0.0831692 
0.00912324 -0.0167182 -8.2978e-07 5.87177e-05 -0.0167182 0.082547 6.47176e-05 -0.000358271 -8.2978e-07 6.47176e-05 0.0091485 -0.016815 5.87177e-05 -0.000358271 -0.016815 0.0831495 
0.00912454 -0.0167045 -4.54891e-07 5.75643e-05 -0.0167045 0.0825422 6.18327e-05 -0.000352061 -4.54891e-07 6.18327e-05 0.00914751 -0.0168371 5.75643e-05 -0.000352061 -0.0168371 0.0832001 
0.00913501 -0.016713 2.55958e-06 5.70158e-05 -0.016713 0.0825712 6.04986e-05 -0.000348492 2.55958e-06 6.04986e-05 0.00913464 -0.01684 5.70158e-05 -0.000348492 -0.01684 0.0832434 
0.0091052 -0.0166728 3.39665e-06 5.15449e-05 -0.0166728 0.0823428 5.50256e-05 -0.000337066 3.39665e-06 5.50256e-05 0.00910378 -0.0167652 5.15449e-05 -0.000337066 -0.0167652 0.0829484 
0.00907353 -0.0166216 -6.981e-06 4.83172e-05 -0.0166216 0.082104 5.07732e-05 -0.000321974 -6.981e-06 5.07732e-05 0.009075 -0.0167034 4.83172e-05 -0.000321974 -0.0167034 0.0826437 
0.00905645 -0.0166071 -8.29276e-06 6.04491e-05 -0.0166071 0.0820479 5.90191e-05 -0.000327604 -8.29276e-06 5.90191e-05 0.00907164 -0.0166889 6.04491e-05 -0.000327604 -0.0166889 0.0825589 
0.00903797 -0.0165771 -9.56749e-06 6.40017e-05 -0.0165771 0.0819431 6.12243e-05 -0.000337715 -9.56749e-06 6.12243e-05 0.0090679 -0.0166756 6.40017e-05 -0.000337715 -0.0166756 0.0824679 
0.00902989 -0.0165674 -1.31098e-05 6.65952e-05 -0.0165674 0.0819272 6.42205e-05 -0.000345455 -1.31098e-05 6.42205e-05 0.00907095 -0.0166877 6.65952e-05 -0.000345455 -0.0166877 0.0824981 
0.00902917 -0.0165506 -1.70215e-05 6.87664e-05 -0.0165506 0.0818716 7.18714e-05 -0.000356829 -1.70215e-05 7.18714e-05 0.00905635 -0.0166846 6.87664e-05 -0.000356829 -0.0166846 0.0824829 
0.00903626 -0.0165561 -2.07297e-05 7.10634e-05 -0.0165561 0.0818757 8.20607e-05 -0.000373918 -2.07297e-05 8.20607e-05 0.00904721 -0.0166697 7.10634e-05 -0.000373918 -0.0166697 0.0824657 
0.00904956 -0.0165923 -1.68237e-05 7.35299e-05 -0.0165923 0.0820262 8.63083e-05 -0.000385469 -1.68237e-05 8.63083e-05 0.00906433 -0.0166801 7.35299e-05 -0.000385469 -0.0166801 0.0825518 
0.00903786 -0.0165727 -4.05306e-06 6.89906e-05 -0.0165727 0.0819474 7.90554e-05 -0.000379351 -4.05306e-06 7.90554e-05 0.00906269 -0.0166665 6.89906e-05 -0.000379351 -0.0166665 0.0824514 
0.00906292 -0.0166164 7.14326e-06 5.42216e-05 -0.0166164 0.082175 6.07949e-05 -0.000349225 7.14326e-06 6.07949e-05 0.00908561 -0.0167264 5.42216e-05 -0.000349225 -0.0167264 0.0827059 
0.00905003 -0.0165785 1.34617e-05 4.07322e-05 -0.0165785 0.081991 4.56017e-05 -0.00030983 1.34617e-05 4.56017e-05 0.00906708 -0.0166896 4.07322e-05 -0.00030983 -0.0166896 0.0825423 
0.00904823 -0.0165795 1.1666e-05 3.3586e-05 -0.0165795 0.0819636 3.86469e-05 -0.000283929 1.1666e-05 3.86469e-05 0.0090694 -0.0166823 3.3586e-05 -0.000283929 -0.0166823 0.082507 
0.00906325 -0.0166111 3.86944e-06 3.759e-05 -0.0166111 0.0821095 4.3319e-05 -0.000284889 3.86944e-06 4.3319e-05 0.00908364 -0.0167151 3.759e-05 -0.000284889 -0.0167151 0.0826448 
0.00907657 -0.0166348 3.81838e-07 5.10371e-05 -0.0166348 0.0822275 5.37217e-05 -0.000309836 3.81838e-07 5.37217e-05 0.00909707 -0.0167364 5.10371e-05 -0.000309836 -0.0167364 0.0827551 
0.00910145 -0.0166694 -6.10191e-07 6.13317e-05 -0.0166694 0.0823977 5.76385e-05 -0.000338244 -6.10191e-07 5.76385e-05 0.0091066 -0.0167724 6.13317e-05 -0.000338244 -0.0167724 0.0829244 
0.00912641 -0.0167238 -8.18428e-06 6.65662e-05 -0.0167238 0.0826448 5.83228e-05 -0.000356802 -8.18428e-06 5.83228e-05 0.00912646 -0.0168126 6.65662e-05 -0.000356802 -0.0168126 0.083156 
0.00912027 -0.0167107 -1.44038e-05 7.56306e-05 -0.0167107 0.0825896 6.67593e-05 -0.000376259 -1.44038e-05 6.67593e-05 0.00912035 -0.0167911 7.56306e-05 -0.000376259 -0.0167911 0.0830771 
0.00911964 -0.016714 -1.17423e-05 8.2333e-05 -0.016714 0.0826152 7.56458e-05 -0.000397109 -1.17423e-05 7.56458e-05 0.00912955 -0.0167993 8.2333e-05 -0.000397109 -0.0167993 0.0831075 
0.00911068 -0.0167166 -5.65221e-06 7.6861e-05 -0.0167166 0.0826437 7.42556e-05 -0.000401098 -5.65221e-06 7.42556e-05 0.00915065 -0.0168147 7.6861e-05 -0.000401098 -0.0168147 0.0831625 
0.00911473 -0.0166824 -2.93801e-06 6.48746e-05 -0.0166824 0.0825252 6.42627e-05 -0.00037833 -2.93801e-06 6.42627e-05 0.00913643 -0.0168166 6.48746e-05 -0.00037833 -0.0168166 0.0831133 
0.0091383 -0.0167159 9.72466e-06 5.93996e-05 -0.0167159 0.0826161 5.96714e-05 -0.00035811 9.72466e-06 5.96714e-05 0.00913411 -0.0168273 5.93996e-05 -0.00035811 -0.0168273 0.0832033 
0.00914108 -0.0167185 5.61705e-06 4.13176e-05 -0.0167185 0.082575 4.06883e-05 -0.000317258 5.61705e-06 4.06883e-05 0.00911533 -0.016796 4.13176e-05 -0.000317258 -0.016796 0.0830959 
0.0091358 -0.0167223 2.8974e-07 4.48813e-05 -0.0167223 0.0825672 4.14626e-05 -0.000296709 2.8974e-07 4.14626e-05 0.00910874 -0.0167791 4.48813e-05 -0.000296709 -0.0167791 0.0830332 
0.00912923 -0.0167058 5.15194e-06 5.19357e-05 -0.0167058 0.0825025 4.72735e-05 -0.000300568 5.15194e-06 4.72735e-05 0.0090981 -0.0167642 5.19357e-05 -0.000300568 -0.0167642 0.0829573 
0.00911998 -0.0166956 6.97228e-07 4.73317e-05 -0.0166956 0.0824473 4.32108e-05 -0.000298162 6.97228e-07 4.32108e-05 0.0090819 -0.0167509 4.73317e-05 -0.000298162 -0.0167509 0.0829032 
0.00909895 -0.0166236 -4.50871e-06 5.20408e-05 -0.0166236 0.0821004 4.80312e-05 -0.00030137 -4.50871e-06 4.80312e-05 0.00902203 -0.0166657 5.20408e-05 -0.00030137 -0.0166657 0.0825298 
0.00907786 -0.0165861 -2.4361e-06 5.83994e-05 -0.0165861 0.0818369 5.47568e-05 -0.000314456 -2.4361e-06 5.47568e-05 0.00897377 -0.0165724 5.83994e-05 -0.000314456 -0.0165724 0.0821563 
0.0090586 -0.0165995 -4.9918e-06 5.64198e-05 -0.0165995 0.0818643 5.17994e-05 -0.000316366 -4.9918e-06 5.17994e-05 0.00897725 -0.0165447 5.64198e-05 -0.000316366 -0.0165447 0.0820549 
0.00905882 -0.0165879 -3.24887e-06 5.86738e-05 -0.0165879 0.0818946 5.36007e-05 -0.000316743 -3.24887e-06 5.36007e-05 0.00897726 -0.0165586 5.86738e-05 -0.000316743 -0.0165586 0.0820673 
0.00904558 -0.0165815 2.28829e-06 5.5642e-05 -0.0165815 0.0818736 5.42536e-05 -0.000316217 2.28829e-06 5.42536e-05 0.00898402 -0.0165549 5.5642e-05 -0.000316217 -0.0165549 0.0820588 
0.00904051 -0.0165841 8.16882e-06 4.69767e-05 -0.0165841 0.0819307 4.86467e-05 -0.000303942 8.16882e-06 4.86467e-05 0.00899797 -0.0165789 4.69767e-05 -0.000303942 -0.0165789 0.0821479 
0.00899993 -0.0165145 2.54019e-05 3.80621e-05 -0.0165145 0.0816356 3.95582e-05 -0.000280853 2.54019e-05 3.95582e-05 0.00897979 -0.0165305 3.80621e-05 -0.000280853 -0.0165305 0.0818945 
0.00899341 -0.0164904 2.79748e-05 1.79384e-05 -0.0164904 0.081558 1.69757e-05 -0.000237536 2.79748e-05 1.69757e-05 0.00897462 -0.016539 1.79384e-05 -0.000237536 -0.016539 0.0818895 
0.00898752 -0.0164848 1.43846e-05 1.24705e-05 -0.0164848 0.0815209 1.16376e-05 -0.000204831 1.43846e-05 1.16376e-05 0.00897553 -0.0165339 1.24705e-05 -0.000204831 -0.0165339 0.0818852 
0.00899629 -0.0164771 -9.40104e-06 2.81074e-05 -0.0164771 0.0814932 2.75937e-05 -0.00021675 -9.40104e-06 2.75937e-05 0.00896427 -0.0165332 2.81074e-05 -0.00021675 -0.0165332 0.0818739 
0.00901424 -0.0165191 -1.38169e-05 5.6797e-05 -0.0165191 0.0816481 5.64517e-05 -0.000269896 -1.38169e-05 5.64517e-05 0.008972 -0.0165471 5.6797e-05 -0.000269896 -0.0165471 0.0819879 
0.00903248 -0.0165692 -1.38198e-05 6.27068e-05 -0.0165692 0.0818915 6.39458e-05 -0.000306315 -1.38198e-05 6.39458e-05 0.0089977 -0.0165815 6.27068e-05 -0.000306315 -0.0165815 0.0821802 
0.00903258 -0.0165767 -1.10744e-05 6.01519e-05 -0.0165767 0.081968 6.14197e-05 -0.000309426 -1.10744e-05 6.14197e-05 0.00901692 -0.0166011 6.01519e-05 -0.000309426 -0.0166011 0.0822589 
0.00902578 -0.0165742 1.64158e-06 5.69012e-05 -0.0165742 0.0820007 5.27548e-05 -0.000295022 1.64158e-06 5.27548e-05 0.009042 -0.0166333 5.69012e-05 -0.000295022 -0.0166333 0.0823666 
0.00902027 -0.01654 6.60209e-06 4.31559e-05 -0.01654 0.0818814 3.53086e-05 -0.000262997 6.60209e-06 3.53086e-05 0.00903739 -0.0166444 4.31559e-05 -0.000262997 -0.0166444 0.0823625 
0.00900871 -0.0165178 -7.82652e-07 3.61218e-05 -0.0165178 0.081748 2.86785e-05 -0.000235271 -7.82652e-07 2.86785e-05 0.00903509 -0.0166303 3.61218e-05 -0.000235271 -0.0166303 0.0823043 
0.00898511 -0.0164841 -8.48501e-07 4.49346e-05 -0.0164841 0.0815696 3.89971e-05 -0.00024064 -8.48501e-07 3.89971e-05 0.00903633 -0.0166056 4.49346e-05 -0.00024064 -0.0166056 0.0821628 
0.0089654 -0.0164361 -2.44366e-06 4.70123e-05 -0.0164361 0.0813483 4.40551e-05 -0.00025708 -2.44366e-06 4.40551e-05 0.00902661 -0.0165898 4.70123e-05 -0.00025708 -0.0165898 0.0820066 
0.00896639 -0.0164205 4.44851e-06 4.6996e-05 -0.0164205 0.0812494 4.85912e-05 -0.00026722 4.44851e-06 4.85912e-05 0.00901627 -0.0165921 4.6996e-05 -0.00026722 -0.0165921 0.0819754 
0.00896838 -0.0164082 1.64465e-05 3.87178e-05 -0.0164082 0.0811385 4.31227e-05 -0.000262937 1.64465e-05 4.31227e-05 0.00899589 -0.0165697 3.87178e-05 -0.000262937 -0.0165697 0.0818807 
0.00900696 -0.0165101 1.95322e-05 2.40174e-05 -0.0165101 0.0815733 2.99087e-05 -0.000240989 1.95322e-05 2.99087e-05 0.00904521 -0.0166409 2.40174e-05 -0.000240989 -0.0166409 0.0822686 
0.0090246 -0.0165389 1.4025e-05 1.85483e-05 -0.0165389 0.0817494 2.54474e-05 -0.000221755 1.4025e-05 2.54474e-05 0.0090649 -0.0166799 1.85483e-05 -0.000221755 -0.0166799 0.0824311 
0.00902798 -0.0165575 4.08508e-06 2.65694e-05 -0.0165575 0.0818451 3.09212e-05 -0.000227248 4.08508e-06 3.09212e-05 0.00908007 -0.0167016 2.65694e-05 -0.000227248 -0.0167016 0.0825329 
0.00904898 -0.0165871 -7.57103e-06 4.21924e-05 -0.0165871 0.0820188 4.38399e-05 -0.000256837 -7.57103e-06 4.38399e-05 0.00909195 -0.0167444 4.21924e-05 -0.000256837 -0.0167444 0.0827289 
0.00907805 -0.0166196 -2.40208e-06 6.13576e-05 -0.0166196 0.0821768 6.08215e-05 -0.000303714 -2.40208e-06 6.08215e-05 0.0090933 -0.016769 6.13576e-05 -0.000303714 -0.016769 0.0828894 
0.00906633 -0.0166082 3.51807e-06 5.94021e-05 -0.0166082 0.0820782 5.73466e-05 -0.000324638 3.51807e-06 5.73466e-05 0.00907357 -0.0167253 5.94021e-05 -0.000324638 -0.0167253 0.0827399 
0.00905547 -0.0165917 9.60266e-06 5.24012e-05 -0.0165917 0.0820013 4.82646e-05 -0.000316955 9.60266e-06 4.82646e-05 0.00906561 -0.0166952 5.24012e-05 -0.000316955 -0.0166952 0.0826113 
0.00904938 -0.0165927 6.51382e-06 4.51741e-05 -0.0165927 0.0820102 4.12329e-05 -0.000301832 6.51382e-06 4.12329e-05 0.00907399 -0.0166935 4.51741e-05 -0.000301832 -0.0166935 0.0825899 
0.00904995 -0.0165737 4.99404e-08 4.55361e-05 -0.0165737 0.081945 4.64673e-05 -0.000299754 4.99404e-08 4.64673e-05 0.00906386 -0.0166911 4.55361e-05 -0.000299754 -0.0166911 0.0825373 
0.00903302 -0.0165491 -7.43361e-06 5.03087e-05 -0.0165491 0.0817901 5.85276e-05 -0.000314308 -7.43361e-06 5.85276e-05 0.00904338 -0.0166538 5.03087e-05 -0.000314308 -0.0166538 0.0823717 
0.00903064 -0.0165469 -1.26198e-05 5.87182e-05 -0.0165469 0.0817753 7.16944e-05 -0.000341033 -1.26198e-05 7.16944e-05 0.0090346 -0.0166415 5.87182e-05 -0.000341033 -0.0166415 0.0823225 
0.00903757 -0.0165511 -3.40597e-06 6.66622e-05 -0.0165511 0.0817923 8.01692e-05 -0.000367396 -3.40597e-06 8.01692e-05 0.0090262 -0.0166314 6.66622e-05 -0.000367396 -0.0166314 0.0822928 
0.00906264 -0.0165987 3.97719e-06 5.74142e-05 -0.0165987 0.082003 6.94749e-05 -0.000366094 3.97719e-06 6.94749e-05 0.00903649 -0.0166565 5.74142e-05 -0.000366094 -0.0166565 0.0824426 
0.00907409 -0.016639 4.55178e-07 4.7225e-05 -0.016639 0.0821879 5.71809e-05 -0.000342324 4.55178e-07 5.71809e-05 0.00905396 -0.0166696 4.7225e-05 -0.000342324 -0.0166696 0.0825441 
0.00907105 -0.0166397 1.13084e-05 5.01004e-05 -0.0166397 0.0822257 5.96311e-05 -0.000333728 1.13084e-05 5.96311e-05 0.00905993 -0.0166734 5.01004e-05 -0.000333728 -0.0166734 0.0825418 
0.00906542 -0.0166448 1.34982e-05 3.96932e-05 -0.0166448 0.0822827 4.7633e-05 -0.000318257 1.34982e-05 4.7633e-05 0.00907216 -0.0166916 3.96932e-05 -0.000318257 -0.0166916 0.0826094 
0.00904816 -0.0166235 1.11788e-05 3.88582e-05 -0.0166235 0.0822292 4.42462e-05 -0.000306625 1.11788e-05 4.42462e-05 0.00908672 -0.0166928 3.88582e-05 -0.000306625 -0.0166928 0.0825968 
0.00906065 -0.016632 1.0404e-05 4.4085e-05 -0.016632 0.0823252 4.54548e-05 -0.00030976 1.0404e-05 4.54548e-05 0.00910922 -0.0167436 4.4085e-05 -0.00030976 -0.0167436 0.0827795 
0.00907348 -0.0166128 9.53425e-07 4.64278e-05 -0.0166128 0.0822291 4.39933e-05 -0.000312119 9.53425e-07 4.39933e-05 0.00909475 -0.016743 4.64278e-05 -0.000312119 -0.016743 0.0827613 
0.00908937 -0.0166144 -1.05148e-05 5.76401e-05 -0.0166144 0.0821452 5.47291e-05 -0.000328452 -1.05148e-05 5.47291e-05 0.00906557 -0.0167146 5.76401e-05 -0.000328452 -0.0167146 0.0826659 
0.00908379 -0.0166349 -7.38948e-06 7.04559e-05 -0.0166349 0.0821441 6.66807e-05 -0.000353874 -7.38948e-06 6.66807e-05 0.00906758 -0.0166801 7.04559e-05 -0.000353874 -0.0166801 0.0825664 
0.00906781 -0.0166064 -7.60118e-06 7.1113e-05 -0.0166064 0.0820218 6.12468e-05 -0.000362566 -7.60118e-06 6.12468e-05 0.00905699 -0.0166599 7.1113e-05 -0.000362566 -0.0166599 0.0824096 
0.00909047 -0.016632 -4.98975e-06 7.24907e-05 -0.016632 0.082148 5.87967e-05 -0.000361012 -4.98975e-06 5.87967e-05 0.00906661 -0.0166947 7.24907e-05 -0.000361012 -0.0166947 0.0825538 
0.00911532 -0.0166601 -1.13108e-06 6.81138e-05 -0.0166601 0.0822513 5.86059e-05 -0.000358555 -1.13108e-06 5.86059e-05 0.00906121 -0.016711 6.81138e-05 -0.000358555 -0.016711 0.0826551 
0.00912336 -0.0167015 1.3834e-05 5.95082e-05 -0.0167015 0.0823977 5.88727e-05 -0.000351602 1.3834e-05 5.88727e-05 0.00907292 -0.0167144 5.95082e-05 -0.000351602 -0.0167144 0.0827383 
0.00911052 -0.016716 2.40496e-05 3.83733e-05 -0.016716 0.0824995 4.47215e-05 -0.000322952 2.40496e-05 4.47215e-05 0.00909686 -0.0167288 3.83733e-05 -0.000322952 -0.0167288 0.0828027 
0.00912353 -0.0167256 2.62986e-05 2.33476e-05 -0.0167256 0.0826465 3.16747e-05 -0.000285426 2.62986e-05 3.16747e-05 0.00911741 -0.0167852 2.33476e-05 -0.000285426 -0.0167852 0.0830143 
0.00912666 -0.016731 2.80077e-05 2.12541e-05 -0.016731 0.0826939 2.68294e-05 -0.000264679 2.80077e-05 2.68294e-05 0.00913772 -0.0168057 2.12541e-05 -0.000264679 -0.0168057 0.0831288 
0.00912834 -0.0167173 1.90978e-05 2.34326e-05 -0.0167173 0.0826412 2.45465e-05 -0.000260341 1.90978e-05 2.45465e-05 0.0091352 -0.0168122 2.34326e-05 -0.000260341 -0.0168122 0.0831279 
0.00913843 -0.0167301 1.35854e-05 3.73653e-05 -0.0167301 0.0826747 3.58476e-05 -0.000280753 1.35854e-05 3.58476e-05 0.00914081 -0.0168191 3.73653e-05 -0.000280753 -0.0168191 0.0831737 
0.00916843 -0.0167423 5.64974e-06 4.67925e-05 -0.0167423 0.0827123 4.86282e-05 -0.000314539 5.64974e-06 4.86282e-05 0.00912254 -0.0168262 4.67925e-05 -0.000314539 -0.0168262 0.0832036 
0.00915967 -0.0167472 8.32947e-06 5.69227e-05 -0.0167472 0.082629 6.07001e-05 -0.000348835 8.32947e-06 6.07001e-05 0.00911513 -0.0167739 5.69227e-05 -0.000348835 -0.0167739 0.0830306 
0.00915842 -0.0167828 2.09398e-05 5.64419e-05 -0.0167828 0.0828008 5.89896e-05 -0.00036512 2.09398e-05 5.89896e-05 0.00914605 -0.0168105 5.64419e-05 -0.00036512 -0.0168105 0.0831581 
0.00913556 -0.0167471 2.22381e-05 4.44623e-05 -0.0167471 0.0827016 4.24063e-05 -0.000349265 2.22381e-05 4.24063e-05 0.00914857 -0.0168155 4.44623e-05 -0.000349265 -0.0168155 0.0831149 
0.00912513 -0.0167093 9.06511e-06 4.20235e-05 -0.0167093 0.0825573 3.87833e-05 -0.000333938 9.06511e-06 3.87833e-05 0.00913362 -0.0168072 4.20235e-05 -0.000333938 -0.0168072 0.0830472 
0.00910758 -0.0166775 3.87999e-06 5.55924e-05 -0.0166775 0.0823797 5.43034e-05 -0.000350922 3.87999e-06 5.43034e-05 0.00910806 -0.0167687 5.55924e-05 -0.000350922 -0.0167687 0.082888 
0.0091059 -0.0166794 -2.93956e-06 5.92603e-05 -0.0166794 0.0823744 6.23582e-05 -0.000370437 -2.93956e-06 6.23582e-05 0.00909608 -0.0167517 5.92603e-05 -0.000370437 -0.0167517 0.0828424 
0.00911548 -0.0166919 -1.20287e-05 6.55609e-05 -0.0166919 0.08244 7.30457e-05 -0.000389213 -1.20287e-05 7.30457e-05 0.00909412 -0.0167491 6.55609e-05 -0.000389213 -0.0167491 0.0828582 
0.00910712 -0.0166744 -1.76645e-05 7.62385e-05 -0.0166744 0.0823449 8.20249e-05 -0.000410642 -1.76645e-05 8.20249e-05 0.00908099 -0.0167166 7.62385e-05 -0.000410642 -0.0167166 0.0827172 
0.00907043 -0.0166115 -1.02711e-05 8.36436e-05 -0.0166115 0.0820298 8.61906e-05 -0.000426827 -1.02711e-05 8.61906e-05 0.00905432 -0.0166515 8.36436e-05 -0.000426827 -0.0166515 0.0823825 
0.00905925 -0.0165918 -5.85372e-06 7.51776e-05 -0.0165918 0.0819374 7.54511e-05 -0.00041637 -5.85372e-06 7.54511e-05 0.00904118 -0.0166444 7.51776e-05 -0.00041637 -0.0166444 0.0823052 
0.00903241 -0.0165754 2.52363e-07 6.82868e-05 -0.0165754 0.0818567 6.66791e-05 -0.000393693 2.52363e-07 6.66791e-05 0.00903899 -0.0166252 6.82868e-05 -0.000393693 -0.0166252 0.0822298 
0.00903599 -0.0165827 1.1583e-05 5.96186e-05 -0.0165827 0.0819595 5.67927e-05 -0.000367216 1.1583e-05 5.67927e-05 0.00905318 -0.0166553 5.96186e-05 -0.000367216 -0.0166553 0.0823554 
0.00904829 -0.0166248 1.63093e-05 4.11818e-05 -0.0166248 0.0821971 4.22525e-05 -0.000327026 1.63093e-05 4.22525e-05 0.00909185 -0.0167077 4.11818e-05 -0.000327026 -0.0167077 0.0826192 
0.00907954 -0.0166811 2.94759e-05 3.21765e-05 -0.0166811 0.0825405 3.64416e-05 -0.00029518 2.94759e-05 3.64416e-05 0.00913878 -0.0167953 3.21765e-05 -0.00029518 -0.0167953 0.0830148 
0.00912822 -0.0167157 2.38622e-05 1.86647e-05 -0.0167157 0.0827423 2.38129e-05 -0.000266371 2.38622e-05 2.38129e-05 0.00914751 -0.0168496 1.86647e-05 -0.000266371 -0.0168496 0.0832715 
0.00916038 -0.0167756 1.98929e-05 2.78188e-05 -0.0167756 0.082936 3.0952e-05 -0.000268225 1.98929e-05 3.0952e-05 0.00916147 -0.0168633 2.78188e-05 -0.000268225 -0.0168633 0.0834201 
0.00916232 -0.0167711 9.90791e-06 3.77399e-05 -0.0167711 0.08288 3.99768e-05 -0.000293433 9.90791e-06 3.99768e-05 0.00914905 -0.0168394 3.77399e-05 -0.000293433 -0.0168394 0.0833049 
0.0091501 -0.0167263 2.67944e-06 5.46898e-05 -0.0167263 0.0826249 5.4832e-05 -0.000333997 2.67944e-06 5.4832e-05 0.00911266 -0.0167788 5.46898e-05 -0.000333997 -0.0167788 0.0830073 
0.00912258 -0.0166867 -1.89999e-06 6.78981e-05 -0.0166867 0.0823543 6.48206e-05 -0.000374534 -1.89999e-06 6.48206e-05 0.0090838 -0.0167065 6.78981e-05 -0.000374534 -0.0167065 0.0826686 
0.00910463 -0.0166854 -3.31441e-06 7.5643e-05 -0.0166854 0.0823277 6.93479e-05 -0.000402385 -3.31441e-06 6.93479e-05 0.00909764 -0.0166982 7.5643e-05 -0.000402385 -0.0166982 0.0825929 
0.00913384 -0.01672 -5.48461e-06 7.54863e-05 -0.01672 0.0825491 7.05124e-05 -0.00041363 -5.48461e-06 7.05124e-05 0.00912 -0.0167693 7.54863e-05 -0.00041363 -0.0167693 0.0828532 
0.00915079 -0.0167336 -1.08538e-06 7.58988e-05 -0.0167336 0.0825971 7.29806e-05 -0.00041762 -1.08538e-06 7.29806e-05 0.00911976 -0.0167829 7.58988e-05 -0.00041762 -0.0167829 0.0829362 
0.00916781 -0.0167671 -1.62084e-06 6.98268e-05 -0.0167671 0.0827179 6.98227e-05 -0.000412881 -1.62084e-06 6.98227e-05 0.00912072 -0.0167982 6.98268e-05 -0.000412881 -0.0167982 0.0830418 
0.00915808 -0.0167838 -4.71535e-06 6.88117e-05 -0.0167838 0.0827828 7.11881e-05 -0.000408804 -4.71535e-06 7.11881e-05 0.00913633 -0.0167945 6.88117e-05 -0.000408804 -0.0167945 0.0830641 
0.00915936 -0.0167951 -1.24655e-05 7.43511e-05 -0.0167951 0.082908 7.93261e-05 -0.000423071 -1.24655e-05 7.93261e-05 0.00915761 -0.0168366 7.43511e-05 -0.000423071 -0.0168366 0.08322 
0.009143 -0.0167757 -1.67331e-05 8.32619e-05 -0.0167757 0.0828647 8.98042e-05 -0.000446071 -1.67331e-05 8.98042e-05 0.00917771 -0.0168456 8.32619e-05 -0.000446071 -0.0168456 0.0832474 
0.00913805 -0.0167869 -1.20454e-05 8.80952e-05 -0.0167869 0.0829754 9.35701e-05 -0.000462851 -1.20454e-05 9.35701e-05 0.00921743 -0.0169033 8.80952e-05 -0.000462851 -0.0169033 0.0834616 
0.00914415 -0.0167614 -8.79831e-06 8.01389e-05 -0.0167614 0.0829209 8.59606e-05 -0.000454478 -8.79831e-06 8.59606e-05 0.00921279 -0.0169289 8.01389e-05 -0.000454478 -0.0169289 0.0835264 
0.00911994 -0.0167365 -5.9404e-06 7.62618e-05 -0.0167365 0.0827552 8.38936e-05 -0.000444044 -5.9404e-06 8.38936e-05 0.00920344 -0.0168922 7.62618e-05 -0.000444044 -0.0168922 0.0833923 
0.00912544 -0.0167355 -3.93186e-06 7.56184e-05 -0.0167355 0.0827797 8.35197e-05 -0.000444806 -3.93186e-06 8.35197e-05 0.00920101 -0.0169055 7.56184e-05 -0.000444806 -0.0169055 0.0834331 
0.00912064 -0.0167399 -2.39958e-07 7.46866e-05 -0.0167399 0.0827865 7.87324e-05 -0.000441381 -2.39958e-07 7.87324e-05 0.00920206 -0.0168985 7.46866e-05 -0.000441381 -0.0168985 0.08343 
0.00911531 -0.0167007 1.6828e-06 7.20077e-05 -0.0167007 0.0826224 7.11832e-05 -0.000430995 1.6828e-06 7.11832e-05 0.00918114 -0.0168688 7.20077e-05 -0.000430995 -0.0168688 0.0832728 
0.00912072 -0.0166935 1.29115e-05 6.96678e-05 -0.0166935 0.0825396 6.64555e-05 -0.000419522 1.29115e-05 6.64555e-05 0.00917015 -0.0168485 6.96678e-05 -0.000419522 -0.0168485 0.0831826 
0.00915171 -0.0167212 1.53526e-05 5.51574e-05 -0.0167212 0.0826126 5.30935e-05 -0.000393014 1.53526e-05 5.30935e-05 0.00916287 -0.0168553 5.51574e-05 -0.000393014 -0.0168553 0.0832186 
0.00920446 -0.0168171 1.2947e-05 5.15468e-05 -0.0168171 0.0829815 5.16384e-05 -0.000376684 1.2947e-05 5.16384e-05 0.00917666 -0.016901 5.15468e-05 -0.000376684 -0.016901 0.0834913 
0.00925904 -0.0168997 2.00308e-06 5.55671e-05 -0.0168997 0.0833309 5.80674e-05 -0.000384297 2.00308e-06 5.80674e-05 0.00917648 -0.0169297 5.55671e-05 -0.000384297 -0.0169297 0.0837031 
0.00926576 -0.0169505 2.90499e-07 7.103e-05 -0.0169505 0.0835065 7.40835e-05 -0.000416105 2.90499e-07 7.40835e-05 0.00918669 -0.0169072 7.103e-05 -0.000416105 -0.0169072 0.0836982 
0.00924247 -0.0169508 -4.59176e-07 7.62759e-05 -0.0169508 0.0835551 7.82801e-05 -0.000442521 -4.59176e-07 7.82801e-05 0.00921366 -0.0169061 7.62759e-05 -0.000442521 -0.0169061 0.0836584 
0.0092338 -0.0169344 3.23842e-06 7.76936e-05 -0.0169344 0.0835867 7.89827e-05 -0.00045409 3.23842e-06 7.89827e-05 0.00923786 -0.0169502 7.76936e-05 -0.00045409 -0.0169502 0.0837583 
0.00923081 -0.0169168 -3.2357e-06 7.37758e-05 -0.0169168 0.0835523 7.53963e-05 -0.000453867 -3.2357e-06 7.53963e-05 0.00925548 -0.0169779 7.37758e-05 -0.000453867 -0.0169779 0.0838406 
0.00924431 -0.0169234 1.99906e-06 8.12985e-05 -0.0169234 0.0835917 8.32178e-05 -0.000464784 1.99906e-06 8.32178e-05 0.00927245 -0.0170149 8.12985e-05 -0.000464784 -0.0170149 0.0839804 
0.00925643 -0.0169303 5.15492e-06 7.79337e-05 -0.0169303 0.083597 7.94507e-05 -0.000469531 5.15492e-06 7.94507e-05 0.00928103 -0.017032 7.79337e-05 -0.000469531 -0.017032 0.0840455 
