0.00768343 0 7.03736e-06 0 0 0.0109905 0 0 7.03736e-06 0 0.00778166 0 0 0 0 0.0109905 
0.00940339 -0.0116743 -2.00219e-07 1.60742e-06 -0.0116743 0.0310763 1.60742e-06 -2.91809e-06 -2.00219e-07 1.60742e-06 0.00948755 -0.011773 1.60742e-06 -2.91809e-06 -0.011773 0.0312653 
0.00974331 -0.0181794 -1.88358e-05 4.88247e-05 -0.0181794 0.0670654 4.88247e-05 -0.000169146 -1.88358e-05 4.88247e-05 0.00974143 -0.0181291 4.88247e-05 -0.000169146 -0.0181291 0.066854 
0.00921319 -0.0179105 -2.17408e-05 0.000109396 -0.0179105 0.0804509 0.00010513 -0.00050234 -2.17408e-05 0.00010513 0.00916855 -0.0175924 0.000109396 -0.00050234 -0.0175924 0.0788869 
0.00888057 -0.0167804 4.35114e-08 0.000101879 -0.0167804 0.0812681 9.29453e-05 -0.000594413 4.35114e-08 9.29453e-05 0.00887552 -0.0164446 0.000101879 -0.000594413 -0.0164446 0.0791573 
0.0085966 -0.0159259 3.23717e-06 5.35314e-05 -0.0159259 0.0786309 4.83813e-05 -0.000451804 3.23717e-06 4.83813e-05 0.00861715 -0.0157242 5.35314e-05 -0.000451804 -0.0157242 0.0769361 
0.00834524 -0.0153477 1.84443e-06 3.22799e-05 -0.0153477 0.075942 3.37191e-05 -0.000307673 1.84443e-06 3.37191e-05 0.00835767 -0.0152326 3.22799e-05 -0.000307673 -0.0152326 0.0747904 
0.00815769 -0.0149841 8.91651e-06 3.01011e-05 -0.0149841 0.0740687 3.41215e-05 -0.000238223 8.91651e-06 3.41215e-05 0.00815575 -0.0148709 3.01011e-05 -0.000238223 -0.0148709 0.0731909 
0.0112385 -0.0206135 2.12771e-05 3.60339e-05 -0.0206135 0.101808 3.7949e-05 -0.000289263 2.12771e-05 3.7949e-05 0.0111825 -0.020419 3.60339e-05 -0.000289263 -0.020419 0.100651 
0.0110928 -0.0203992 1.64123e-05 3.05784e-05 -0.0203992 0.100615 2.77686e-05 -0.000264526 1.64123e-05 2.77686e-05 0.0110411 -0.0201229 3.05784e-05 -0.000264526 -0.0201229 0.0993249 
0.0109984 -0.0202503 6.49274e-06 3.5201e-05 -0.0202503 0.0999102 3.30332e-05 -0.000263697 6.49274e-06 3.30332e-05 0.010975 -0.0199646 3.5201e-05 -0.000263697 -0.0199646 0.098512 
0.0109592 -0.0201689 -3.05193e-06 4.82824e-05 -0.0201689 0.0995593 4.8788e-05 -0.000293522 -3.05193e-06 4.8788e-05 0.0109413 -0.0199169 4.82824e-05 -0.000293522 -0.0199169 0.0981726 
0.0109383 -0.0201523 -1.13213e-05 6.08595e-05 -0.0201523 0.0994792 6.19327e-05 -0.000331115 -1.13213e-05 6.19327e-05 0.0109425 -0.0199185 6.08595e-05 -0.000331115 -0.0199185 0.0981464 
0.0109046 -0.0200759 -1.36671e-05 7.19589e-05 -0.0200759 0.0991547 7.00044e-05 -0.000359961 -1.36671e-05 7.00044e-05 0.0109011 -0.0198746 7.19589e-05 -0.000359961 -0.0198746 0.0979002 
0.0109149 -0.020065 -3.97821e-06 8.03693e-05 -0.020065 0.0990917 7.16146e-05 -0.000380291 -3.97821e-06 7.16146e-05 0.0108774 -0.0198618 8.03693e-05 -0.000380291 -0.0198618 0.0978811 
0.0108896 -0.0200411 -3.16225e-06 7.55766e-05 -0.0200411 0.0989045 6.04174e-05 -0.000380765 -3.16225e-06 6.04174e-05 0.0108556 -0.0198003 7.55766e-05 -0.000380765 -0.0198003 0.0976582 
0.0108931 -0.0200634 -1.17455e-05 7.71112e-05 -0.0200634 0.0990342 6.07545e-05 -0.000383894 -1.17455e-05 6.07545e-05 0.010872 -0.019827 7.71112e-05 -0.000383894 -0.019827 0.0977712 
0.0108708 -0.0200024 -1.24573e-05 8.69878e-05 -0.0200024 0.0987806 7.40431e-05 -0.000405906 -1.24573e-05 7.40431e-05 0.0108416 -0.0197915 8.69878e-05 -0.000405906 -0.0197915 0.097574 
0.0108296 -0.0199551 -2.65572e-05 8.81236e-05 -0.0199551 0.0985263 7.51674e-05 -0.000420381 -2.65572e-05 7.51674e-05 0.0108206 -0.0197414 8.81236e-05 -0.000420381 -0.0197414 0.0973574 
0.0108164 -0.0199366 -2.66364e-05 0.000101513 -0.0199366 0.0984894 9.02136e-05 -0.000442221 -2.66364e-05 9.02136e-05 0.0108185 -0.0197469 0.000101513 -0.000442221 -0.0197469 0.0973689 
0.0107888 -0.0199004 -2.43913e-05 9.82965e-05 -0.0199004 0.098352 9.24051e-05 -0.00045156 -2.43913e-05 9.24051e-05 0.0108167 -0.0197278 9.82965e-05 -0.00045156 -0.0197278 0.0972868 
0.0107814 -0.0198739 -2.28741e-05 8.98865e-05 -0.0198739 0.0982853 8.88734e-05 -0.000438569 -2.28741e-05 8.88734e-05 0.0108098 -0.0197402 8.98865e-05 -0.000438569 -0.0197402 0.0973124 
0.0107841 -0.0198681 -1.33014e-05 8.21431e-05 -0.0198681 0.0982686 8.56913e-05 -0.000417339 -1.33014e-05 8.56913e-05 0.0107998 -0.0197425 8.21431e-05 -0.000417339 -0.0197425 0.0973611 
0.0107763 -0.0198509 -1.81532e-06 6.57696e-05 -0.0198509 0.0981673 7.24879e-05 -0.000381247 -1.81532e-06 7.24879e-05 0.0107854 -0.0197081 6.57696e-05 -0.000381247 -0.0197081 0.0972579 
0.0107355 -0.0197993 1.15985e-05 4.80293e-05 -0.0197993 0.0979036 5.64294e-05 -0.000332922 1.15985e-05 5.64294e-05 0.010764 -0.0196473 4.80293e-05 -0.000332922 -0.0196473 0.0969733 
0.0107089 -0.0197396 2.17978e-05 2.98716e-05 -0.0197396 0.0976611 3.85779e-05 -0.000282333 2.17978e-05 3.85779e-05 0.0107477 -0.0196139 2.98716e-05 -0.000282333 -0.0196139 0.0967663 
0.010688 -0.019675 1.96654e-05 1.56743e-05 -0.019675 0.0973461 2.45471e-05 -0.000237334 1.96654e-05 2.45471e-05 0.0107168 -0.0195698 1.56743e-05 -0.000237334 -0.0195698 0.096515 
0.0107052 -0.0196824 2.40324e-05 1.83051e-05 -0.0196824 0.0973292 2.48381e-05 -0.000219455 2.40324e-05 2.48381e-05 0.010698 -0.0195721 1.83051e-05 -0.000219455 -0.0195721 0.0965256 
0.0107157 -0.019713 2.5e-05 1.72418e-05 -0.019713 0.0973957 1.68644e-05 -0.000209835 2.5e-05 1.68644e-05 0.0106974 -0.0195585 1.72418e-05 -0.000209835 -0.0195585 0.0965321 
0.0107055 -0.019708 2.58681e-05 2.01885e-05 -0.019708 0.0973505 1.43875e-05 -0.000206845 2.58681e-05 1.43875e-05 0.0106877 -0.0195349 2.01885e-05 -0.000206845 -0.0195349 0.0964203 
0.0106636 -0.0196436 1.58276e-05 1.96518e-05 -0.0196436 0.0970478 1.16153e-05 -0.000202778 1.58276e-05 1.16153e-05 0.0106591 -0.0194712 1.96518e-05 -0.000202778 -0.0194712 0.0960969 
0.0106682 -0.0196532 1.60767e-05 2.94906e-05 -0.0196532 0.0971273 2.38902e-05 -0.000217723 1.60767e-05 2.38902e-05 0.0106564 -0.019499 2.94906e-05 -0.000217723 -0.019499 0.0962018 
0.0106719 -0.0196889 8.37132e-06 2.80769e-05 -0.0196889 0.0973179 2.5788e-05 -0.000226383 8.37132e-06 2.5788e-05 0.0106725 -0.0195248 2.80769e-05 -0.000226383 -0.0195248 0.0963902 
0.0106694 -0.0196848 -9.73055e-06 3.40365e-05 -0.0196848 0.0973789 3.57311e-05 -0.000237932 -9.73055e-06 3.57311e-05 0.0106824 -0.0195404 3.40365e-05 -0.000237932 -0.0195404 0.0964822 
0.0106553 -0.0196567 -4.21991e-06 5.21524e-05 -0.0196567 0.0972863 5.87348e-05 -0.000271723 -4.21991e-06 5.87348e-05 0.0106829 -0.0195316 5.21524e-05 -0.000271723 -0.0195316 0.0964456 
0.0106836 -0.0196856 -4.97493e-06 4.63144e-05 -0.0196856 0.0974514 5.46047e-05 -0.000282194 -4.97493e-06 5.46047e-05 0.0106909 -0.0195763 4.63144e-05 -0.000282194 -0.0195763 0.096656 
0.0106752 -0.0197039 1.06851e-07 4.49473e-05 -0.0197039 0.0974972 5.32109e-05 -0.000275751 1.06851e-07 5.32109e-05 0.0107105 -0.0195636 4.49473e-05 -0.000275751 -0.0195636 0.0966674 
0.0106565 -0.0196945 -3.27225e-06 3.71618e-05 -0.0196945 0.0975073 4.71054e-05 -0.000261205 -3.27225e-06 4.71054e-05 0.0107396 -0.0195802 3.71618e-05 -0.000261205 -0.0195802 0.0966816 
0.0106712 -0.019662 9.88639e-06 3.64259e-05 -0.019662 0.0974316 4.76186e-05 -0.000246794 9.88639e-06 4.76186e-05 0.0107311 -0.0196083 3.64259e-05 -0.000246794 -0.0196083 0.0967098 
0.0106928 -0.0196669 1.9811e-05 2.01197e-05 -0.0196669 0.0973636 3.20647e-05 -0.000217134 1.9811e-05 3.20647e-05 0.0107029 -0.0195902 2.01197e-05 -0.000217134 -0.0195902 0.096663 
0.0107111 -0.0196849 2.51888e-05 8.01045e-06 -0.0196849 0.0973305 1.78032e-05 -0.000179389 2.51888e-05 1.78032e-05 0.0106704 -0.0195413 8.01045e-06 -0.000179389 -0.0195413 0.0965127 
0.0106838 -0.0197091 2.14015e-05 3.16745e-06 -0.0197091 0.0973486 8.62363e-06 -0.000152776 2.14015e-05 8.62363e-06 0.0106852 -0.0194938 3.16745e-06 -0.000152776 -0.0194938 0.0963484 
0.0106687 -0.019717 1.4851e-05 7.38035e-06 -0.019717 0.0974935 1.15522e-05 -0.000148287 1.4851e-05 1.15522e-05 0.0107305 -0.019544 7.38035e-06 -0.000148287 -0.019544 0.0964661 
0.0106654 -0.0196727 1.54731e-05 1.80982e-05 -0.0196727 0.0973967 1.96906e-05 -0.000164701 1.54731e-05 1.96906e-05 0.0107333 -0.0195798 1.80982e-05 -0.000164701 -0.0195798 0.0965104 
0.0106842 -0.0196853 6.78591e-06 2.40794e-05 -0.0196853 0.0974354 2.01225e-05 -0.000183471 6.78591e-06 2.01225e-05 0.0107358 -0.019611 2.40794e-05 -0.000183471 -0.019611 0.0966602 
0.0107257 -0.0197684 -1.00344e-05 3.98453e-05 -0.0197684 0.0977925 3.22705e-05 -0.000216654 -1.00344e-05 3.22705e-05 0.0107592 -0.0196742 3.98453e-05 -0.000216654 -0.0196742 0.0970187 
0.0107304 -0.0197527 -1.32145e-05 6.30864e-05 -0.0197527 0.0977075 5.42664e-05 -0.000269788 -1.32145e-05 5.42664e-05 0.0107372 -0.0196336 6.30864e-05 -0.000269788 -0.0196336 0.0968848 
0.0107586 -0.0197887 -1.71242e-05 6.79701e-05 -0.0197887 0.0978293 5.89401e-05 -0.000304687 -1.71242e-05 5.89401e-05 0.0107316 -0.0196381 6.79701e-05 -0.000304687 -0.0196381 0.0969383 
0.0107552 -0.019787 -1.50368e-05 7.20357e-05 -0.019787 0.0977556 6.36728e-05 -0.000322119 -1.50368e-05 6.36728e-05 0.0107119 -0.0195923 7.20357e-05 -0.000322119 -0.0195923 0.0967663 
0.0107322 -0.0197608 -1.40301e-05 6.687e-05 -0.0197608 0.0976007 6.10723e-05 -0.00032091 -1.40301e-05 6.10723e-05 0.0106969 -0.0195423 6.687e-05 -0.00032091 -0.0195423 0.0965274 
0.0107089 -0.0197403 -1.78636e-05 6.1452e-05 -0.0197403 0.0975168 6.18e-05 -0.000313605 -1.78636e-05 6.18e-05 0.010692 -0.0195288 6.1452e-05 -0.000313605 -0.0195288 0.0964182 
0.0106948 -0.0197205 -1.18864e-05 6.39327e-05 -0.0197205 0.0974754 6.92427e-05 -0.000319373 -1.18864e-05 6.92427e-05 0.0106969 -0.0195347 6.39327e-05 -0.000319373 -0.0195347 0.0964162 
0.0106907 -0.0196934 -1.83756e-05 5.74632e-05 -0.0196934 0.0973866 6.29735e-05 -0.000315153 -1.83756e-05 6.29735e-05 0.0106906 -0.0195395 5.74632e-05 -0.000315153 -0.0195395 0.0964079 
0.0107332 -0.0197199 -1.08979e-05 6.76833e-05 -0.0197199 0.0974974 6.79473e-05 -0.000321832 -1.08979e-05 6.79473e-05 0.0106689 -0.0195655 6.76833e-05 -0.000321832 -0.0195655 0.0965579 
0.0107711 -0.0198139 -8.4022e-06 6.33992e-05 -0.0198139 0.0978368 5.92538e-05 -0.000321427 -8.4022e-06 5.92538e-05 0.0106778 -0.0195791 6.33992e-05 -0.000321427 -0.0195791 0.0967829 
0.010744 -0.0197942 -8.97901e-07 5.81909e-05 -0.0197942 0.0977319 5.29365e-05 -0.000307062 -8.97901e-07 5.29365e-05 0.0106567 -0.0195101 5.81909e-05 -0.000307062 -0.0195101 0.0965222 
0.0107203 -0.0197542 4.16205e-06 4.58837e-05 -0.0197542 0.0975956 4.09322e-05 -0.000278926 4.16205e-06 4.09322e-05 0.0106372 -0.019474 4.58837e-05 -0.000278926 -0.019474 0.096325 
0.0106906 -0.0197001 -8.52831e-07 3.90834e-05 -0.0197001 0.0973692 3.46666e-05 -0.000253402 -8.52831e-07 3.46666e-05 0.0106236 -0.0194328 3.90834e-05 -0.000253402 -0.0194328 0.0961149 
0.0106895 -0.0196911 -1.33174e-05 4.4028e-05 -0.0196911 0.0973497 4.24073e-05 -0.000254069 -1.33174e-05 4.24073e-05 0.0106227 -0.0194469 4.4028e-05 -0.000254069 -0.0194469 0.0961449 
0.0106507 -0.0196445 -1.17677e-05 5.59992e-05 -0.0196445 0.0971215 6.08026e-05 -0.000279648 -1.17677e-05 6.08026e-05 0.0106205 -0.0194059 5.59992e-05 -0.000279648 -0.0194059 0.0959571 
0.0105771 -0.019573 -1.03548e-05 4.93977e-05 -0.019573 0.0968308 5.98742e-05 -0.000282404 -1.03548e-05 5.98742e-05 0.0106376 -0.0193816 4.93977e-05 -0.000282404 -0.0193816 0.0957561 
0.0105385 -0.0194873 1.34015e-06 4.33511e-05 -0.0194873 0.0965925 5.62654e-05 -0.000267972 1.34015e-06 5.62654e-05 0.0106464 -0.01942 4.33511e-05 -0.000267972 -0.01942 0.0957682 
0.010518 -0.019442 2.50535e-06 2.71972e-05 -0.019442 0.096433 3.98813e-05 -0.000233625 2.50535e-06 3.98813e-05 0.0106517 -0.0194495 2.71972e-05 -0.000233625 -0.0194495 0.0958672 
0.0105055 -0.0193872 -1.23724e-05 2.68082e-05 -0.0193872 0.0961838 3.51247e-05 -0.000209627 -1.23724e-05 3.51247e-05 0.0106193 -0.0194278 2.68082e-05 -0.000209627 -0.0194278 0.0957746 
0.010507 -0.0193666 -1.68843e-05 4.73834e-05 -0.0193666 0.0960307 4.7719e-05 -0.000225429 -1.68843e-05 4.7719e-05 0.0105926 -0.0193865 4.73834e-05 -0.000225429 -0.0193865 0.0956506 
0.0104842 -0.0193358 -1.23581e-05 5.90014e-05 -0.0193358 0.0958043 5.04548e-05 -0.00024852 -1.23581e-05 5.04548e-05 0.0105738 -0.0193176 5.90014e-05 -0.00024852 -0.0193176 0.0953625 
0.0104575 -0.01931 -1.59216e-05 5.42822e-05 -0.01931 0.095665 4.48298e-05 -0.000248792 -1.59216e-05 4.48298e-05 0.0105701 -0.0192967 5.42822e-05 -0.000248792 -0.0192967 0.0952014 
0.0105066 -0.0193943 -1.81864e-05 5.49523e-05 -0.0193943 0.0961235 5.1224e-05 -0.000251202 -1.81864e-05 5.1224e-05 0.0106145 -0.0194121 5.49523e-05 -0.000251202 -0.0194121 0.0957094 
0.0105278 -0.0194342 -2.90789e-06 5.40992e-05 -0.0194342 0.0963175 5.80357e-05 -0.000257168 -2.90789e-06 5.80357e-05 0.0106274 -0.0194446 5.40992e-05 -0.000257168 -0.0194446 0.0959204 
0.0105651 -0.0194585 5.21251e-06 3.18059e-05 -0.0194585 0.0964376 4.28278e-05 -0.000231048 5.21251e-06 4.28278e-05 0.0106159 -0.019453 3.18059e-05 -0.000231048 -0.019453 0.0960095 
0.0106131 -0.0195019 3.9935e-06 1.59512e-05 -0.0195019 0.0965487 3.21949e-05 -0.000190793 3.9935e-06 3.21949e-05 0.010585 -0.0194293 1.59512e-05 -0.000190793 -0.0194293 0.0959911 
0.0106417 -0.019531 8.58959e-06 1.45794e-05 -0.019531 0.0965385 3.08735e-05 -0.000167853 8.58959e-06 3.08735e-05 0.0105336 -0.0193535 1.45794e-05 -0.000167853 -0.0193535 0.095744 
0.0106637 -0.0196387 1.01516e-05 1.27463e-05 -0.0196387 0.0969316 2.17736e-05 -0.000152624 1.01516e-05 2.17736e-05 0.0105602 -0.0193487 1.27463e-05 -0.000152624 -0.0193487 0.0958373 
0.0106506 -0.0196351 7.82381e-06 1.42362e-05 -0.0196351 0.096984 1.83579e-05 -0.000143748 7.82381e-06 1.83579e-05 0.0105659 -0.0193376 1.42362e-05 -0.000143748 -0.0193376 0.0957316 
0.0106536 -0.0196236 5.70079e-06 1.92207e-05 -0.0196236 0.0969971 1.93047e-05 -0.000146017 5.70079e-06 1.93047e-05 0.0105685 -0.0193507 1.92207e-05 -0.000146017 -0.0193507 0.0957368 
0.0106462 -0.0196258 -2.16012e-06 2.50881e-05 -0.0196258 0.0969995 2.11895e-05 -0.000155728 -2.16012e-06 2.11895e-05 0.0105814 -0.0193546 2.50881e-05 -0.000155728 -0.0193546 0.0957501 
0.0106338 -0.0196304 -1.57522e-05 3.75014e-05 -0.0196304 0.0970548 3.19672e-05 -0.000180754 -1.57522e-05 3.19672e-05 0.01061 -0.019381 3.75014e-05 -0.000180754 -0.019381 0.0958341 
0.0106379 -0.0196308 -2.00778e-06 5.78935e-05 -0.0196308 0.0971399 4.8336e-05 -0.000223789 -2.00778e-06 4.8336e-05 0.0106341 -0.0194362 5.78935e-05 -0.000223789 -0.0194362 0.0960211 
0.0106588 -0.0196713 1.23201e-05 4.43444e-05 -0.0196713 0.0973677 3.31407e-05 -0.000225254 1.23201e-05 3.31407e-05 0.0106745 -0.0195082 4.43444e-05 -0.000225254 -0.0195082 0.0963544 
0.0106602 -0.0196843 1.63183e-05 2.5672e-05 -0.0196843 0.0974624 1.68297e-05 -0.000193996 1.63183e-05 1.68297e-05 0.0107081 -0.019551 2.5672e-05 -0.000193996 -0.019551 0.0965434 
0.0106903 -0.0197172 1.89423e-05 2.21205e-05 -0.0197172 0.0976737 1.39846e-05 -0.000177467 1.89423e-05 1.39846e-05 0.0107403 -0.0196295 2.21205e-05 -0.000177467 -0.0196295 0.0968717 
0.0107224 -0.0197489 2.53377e-05 2.14457e-05 -0.0197489 0.0978101 1.13918e-05 -0.000173769 2.53377e-05 1.13918e-05 0.0107652 -0.0196698 2.14457e-05 -0.000173769 -0.0196698 0.0970829 
0.0107627 -0.0198085 3.37921e-05 1.57172e-05 -0.0198085 0.0980328 4.89327e-06 -0.000166881 3.37921e-05 4.89327e-06 0.0107899 -0.0197143 1.57172e-05 -0.000166881 -0.0197143 0.0972989 
0.0107953 -0.0198793 2.93684e-05 3.91906e-06 -0.0198793 0.0983068 -5.54986e-06 -0.000146406 2.93684e-05 -5.54986e-06 0.0108209 -0.0197556 3.91906e-06 -0.000146406 -0.0197556 0.0975057 
0.0108127 -0.0199266 1.93757e-05 7.41673e-06 -0.0199266 0.0985214 2.45088e-06 -0.000145684 1.93757e-05 2.45088e-06 0.0108437 -0.0197926 7.41673e-06 -0.000145684 -0.0197926 0.0976587 
0.0108137 -0.0199662 9.30684e-06 1.84607e-05 -0.0199662 0.0987314 1.99825e-05 -0.00017342 9.30684e-06 1.99825e-05 0.0108816 -0.0198317 1.84607e-05 -0.00017342 -0.0198317 0.0978337 
0.0107956 -0.0198761 4.57861e-06 3.15292e-05 -0.0198761 0.0983723 3.75451e-05 -0.000213652 4.57861e-06 3.75451e-05 0.0108318 -0.0197816 3.15292e-05 -0.000213652 -0.0197816 0.0975144 
0.0107838 -0.0198285 2.72797e-06 3.87262e-05 -0.0198285 0.0980447 4.35943e-05 -0.000241577 2.72797e-06 4.35943e-05 0.0107767 -0.0196952 3.87262e-05 -0.000241577 -0.0196952 0.0971501 
0.0107717 -0.0198349 4.26302e-06 3.8455e-05 -0.0198349 0.0979701 4.14145e-05 -0.000246624 4.26302e-06 4.14145e-05 0.0107563 -0.0196389 3.8455e-05 -0.000246624 -0.0196389 0.096934 
0.0107583 -0.019822 -7.57658e-06 3.48378e-05 -0.019822 0.097914 3.7194e-05 -0.000239079 -7.57658e-06 3.7194e-05 0.0107503 -0.0196114 3.48378e-05 -0.000239079 -0.0196114 0.0967835 
0.0107339 -0.0198033 -7.55742e-06 4.5965e-05 -0.0198033 0.0978439 4.86813e-05 -0.000245921 -7.55742e-06 4.86813e-05 0.0107528 -0.0196036 4.5965e-05 -0.000245921 -0.0196036 0.0967004 
0.0107221 -0.0197745 -6.52388e-06 4.50297e-05 -0.0197745 0.097768 5.00662e-05 -0.000252525 -6.52388e-06 5.00662e-05 0.0107465 -0.0196117 4.50297e-05 -0.000252525 -0.0196117 0.0966889 
0.0107142 -0.0197757 -3.00608e-07 4.18639e-05 -0.0197757 0.0977899 5.19823e-05 -0.000252658 -3.00608e-07 5.19823e-05 0.010751 -0.0196248 4.18639e-05 -0.000252658 -0.0196248 0.0967677 
0.0107058 -0.0197305 -9.37502e-07 3.52749e-05 -0.0197305 0.0976168 4.59018e-05 -0.000242358 -9.37502e-07 4.59018e-05 0.0107175 -0.0195973 3.52749e-05 -0.000242358 -0.0195973 0.0966457 
0.0107051 -0.0197424 -1.22883e-05 3.60695e-05 -0.0197424 0.0976349 4.29782e-05 -0.000233671 -1.22883e-05 4.29782e-05 0.0107092 -0.0195796 3.60695e-05 -0.000233671 -0.0195796 0.0966413 
0.0106785 -0.0197024 -1.51828e-05 5.08169e-05 -0.0197024 0.0974556 5.27026e-05 -0.000247194 -1.51828e-05 5.27026e-05 0.010693 -0.0195287 5.08169e-05 -0.000247194 -0.0195287 0.096426 
0.0106468 -0.0196476 -9.82124e-06 5.3805e-05 -0.0196476 0.0972179 5.39213e-05 -0.000256641 -9.82124e-06 5.39213e-05 0.0106763 -0.0194905 5.3805e-05 -0.000256641 -0.0194905 0.0962078 
0.0106529 -0.0196274 6.38105e-06 4.68502e-05 -0.0196274 0.0971506 4.60836e-05 -0.000245117 6.38105e-06 4.60836e-05 0.0106591 -0.0194994 4.68502e-05 -0.000245117 -0.0194994 0.0962134 
0.0106586 -0.019594 9.88128e-06 2.39303e-05 -0.019594 0.0969423 2.38578e-05 -0.000199219 9.88128e-06 2.38578e-05 0.0106074 -0.0194496 2.39303e-05 -0.000199219 -0.0194496 0.0960321 
0.0106388 -0.0195931 1.0721e-06 1.55184e-05 -0.0195931 0.0968182 1.67865e-05 -0.000160497 1.0721e-06 1.67865e-05 0.0105832 -0.0193761 1.55184e-05 -0.000160497 -0.0193761 0.095799 
0.0105909 -0.0195501 -1.21228e-05 2.48629e-05 -0.0195501 0.0966221 2.8072e-05 -0.000160491 -1.21228e-05 2.8072e-05 0.0105783 -0.0193181 2.48629e-05 -0.000160491 -0.0193181 0.0955135 
0.0105595 -0.019499 -7.47475e-06 4.07451e-05 -0.019499 0.0964727 4.57709e-05 -0.000190733 -7.47475e-06 4.57709e-05 0.0105819 -0.0193207 4.07451e-05 -0.000190733 -0.0193207 0.0954214 
0.010559 -0.0195089 -1.30762e-06 3.67946e-05 -0.0195089 0.0965857 4.01484e-05 -0.000199359 -1.30762e-06 4.01484e-05 0.0106115 -0.0193813 3.67946e-05 -0.000199359 -0.0193813 0.0956578 
0.0106049 -0.0195599 -3.43671e-07 2.89074e-05 -0.0195599 0.0969006 3.09228e-05 -0.000184681 -3.43671e-07 3.09228e-05 0.0106529 -0.0194771 2.89074e-05 -0.000184681 -0.0194771 0.096105 
0.010607 -0.0195604 7.8434e-06 2.83308e-05 -0.0195604 0.0968674 3.02137e-05 -0.000177068 7.8434e-06 3.02137e-05 0.010666 -0.0194787 2.83308e-05 -0.000177068 -0.0194787 0.0961379 
0.0106144 -0.0195853 7.13459e-06 2.21953e-05 -0.0195853 0.0969665 2.05956e-05 -0.000166597 7.13459e-06 2.05956e-05 0.0106871 -0.0195114 2.21953e-05 -0.000166597 -0.0195114 0.096261 
0.0106206 -0.0196013 -3.35276e-06 2.67876e-05 -0.0196013 0.0970587 2.09819e-05 -0.00016739 -3.35276e-06 2.09819e-05 0.0107171 -0.0195462 2.67876e-05 -0.00016739 -0.0195462 0.0963961 
0.010657 -0.0196618 -3.95719e-06 4.32705e-05 -0.0196618 0.0973668 3.3575e-05 -0.000195693 -3.95719e-06 3.3575e-05 0.0107478 -0.0196298 4.32705e-05 -0.000195693 -0.0196298 0.0967497 
0.0107032 -0.0196915 4.25588e-06 4.64848e-05 -0.0196915 0.0974976 3.61589e-05 -0.000218095 4.25588e-06 3.61589e-05 0.0107276 -0.019648 4.64848e-05 -0.000218095 -0.019648 0.0968784 
0.010727 -0.0197253 3.03999e-06 3.71309e-05 -0.0197253 0.0975311 3.05008e-05 -0.000217199 3.03999e-06 3.05008e-05 0.0106996 -0.0195951 3.71309e-05 -0.000217199 -0.0195951 0.0967614 
0.0107328 -0.019738 4.15815e-06 3.10987e-05 -0.019738 0.0975024 3.24386e-05 -0.000207118 4.15815e-06 3.24386e-05 0.0106653 -0.01953 3.10987e-05 -0.000207118 -0.01953 0.0965148 
0.0106961 -0.0197032 -2.29549e-06 2.37275e-05 -0.0197032 0.097286 3.39592e-05 -0.000197541 -2.29549e-06 3.39592e-05 0.0106364 -0.0194425 2.37275e-05 -0.000197541 -0.0194425 0.0961224 
0.010666 -0.0196411 1.18172e-06 2.74528e-05 -0.0196411 0.0970227 4.27474e-05 -0.000199932 1.18172e-06 4.27474e-05 0.0105998 -0.0193872 2.74528e-05 -0.000199932 -0.0193872 0.0957969 
0.0106342 -0.0196206 -6.92694e-06 2.566e-05 -0.0196206 0.0969155 3.75741e-05 -0.00019685 -6.92694e-06 3.75741e-05 0.0105952 -0.0193579 2.566e-05 -0.00019685 -0.0193579 0.0956602 
0.0106036 -0.0195555 -5.1555e-06 3.68772e-05 -0.0195555 0.0966787 4.33044e-05 -0.000205113 -5.1555e-06 4.33044e-05 0.0105676 -0.0193287 3.68772e-05 -0.000205113 -0.0193287 0.0954666 
0.0105863 -0.0195192 -1.42619e-05 3.77827e-05 -0.0195192 0.0965235 4.02392e-05 -0.000209584 -1.42619e-05 4.02392e-05 0.010556 -0.0193053 3.77827e-05 -0.000209584 -0.0193053 0.0953696 
0.010595 -0.0195534 -9.53426e-06 4.95708e-05 -0.0195534 0.0967037 4.86113e-05 -0.000223073 -9.53426e-06 4.86113e-05 0.0105879 -0.0193537 4.95708e-05 -0.000223073 -0.0193537 0.0956035 
0.0106124 -0.0195619 -1.17568e-05 4.37766e-05 -0.0195619 0.0968073 4.14157e-05 -0.000219705 -1.17568e-05 4.14157e-05 0.0106065 -0.0194007 4.37766e-05 -0.000219705 -0.0194007 0.0958026 
0.0105893 -0.019528 -1.35472e-05 3.79324e-05 -0.019528 0.0966233 4.08914e-05 -0.000202009 -1.35472e-05 4.08914e-05 0.0106067 -0.0193771 3.79324e-05 -0.000202009 -0.0193771 0.0956944 
0.0106025 -0.019556 -7.24437e-06 3.88224e-05 -0.019556 0.0967756 4.45388e-05 -0.000196458 -7.24437e-06 4.45388e-05 0.0106414 -0.019433 3.88224e-05 -0.000196458 -0.019433 0.0959169 
0.010626 -0.0196059 3.74177e-06 3.52103e-05 -0.0196059 0.0970381 3.7018e-05 -0.000190138 3.74177e-06 3.7018e-05 0.010676 -0.0195096 3.52103e-05 -0.000190138 -0.0195096 0.0962511 
0.0106156 -0.019594 2.78957e-06 2.58273e-05 -0.019594 0.0970019 2.03199e-05 -0.000165889 2.78957e-06 2.03199e-05 0.0106909 -0.0195107 2.58273e-05 -0.000165889 -0.0195107 0.0962651 
0.0106229 -0.019595 -6.3889e-06 2.9301e-05 -0.019595 0.0970275 2.27996e-05 -0.000161576 -6.3889e-06 2.27996e-05 0.0106965 -0.0195343 2.9301e-05 -0.000161576 -0.0195343 0.0963321 
0.0106412 -0.0196193 -3.91536e-06 3.98222e-05 -0.0196193 0.0971284 3.65634e-05 -0.00018476 -3.91536e-06 3.65634e-05 0.0107058 -0.0195553 3.98222e-05 -0.00018476 -0.0195553 0.0964428 
0.0106945 -0.0197158 -3.93441e-06 3.78418e-05 -0.0197158 0.097576 3.75043e-05 -0.000198257 -3.93441e-06 3.75043e-05 0.010742 -0.0196371 3.78418e-05 -0.000198257 -0.0196371 0.0968588 
0.0106897 -0.01971 -3.86275e-06 3.49766e-05 -0.01971 0.0975229 3.47269e-05 -0.000194882 -3.86275e-06 3.47269e-05 0.0107352 -0.0196029 3.49766e-05 -0.000194882 -0.0196029 0.0967376 
0.0106949 -0.0197248 -2.10309e-06 3.22104e-05 -0.0197248 0.0975834 3.26395e-05 -0.000185272 -2.10309e-06 3.26395e-05 0.0107399 -0.0196053 3.22104e-05 -0.000185272 -0.0196053 0.0967332 
0.0107173 -0.0197599 1.11812e-07 2.69085e-05 -0.0197599 0.0977592 2.99113e-05 -0.000171777 1.11812e-07 2.99113e-05 0.0107503 -0.0196362 2.69085e-05 -0.000171777 -0.0196362 0.0968695 
0.0107225 -0.019737 -2.96373e-06 2.36746e-05 -0.019737 0.0976349 2.74361e-05 -0.000160163 -2.96373e-06 2.74361e-05 0.01071 -0.0196003 2.36746e-05 -0.000160163 -0.0196003 0.0967108 
0.010735 -0.0197687 -7.48543e-06 3.01255e-05 -0.0197687 0.097718 3.15869e-05 -0.00016421 -7.48543e-06 3.15869e-05 0.0106909 -0.0195794 3.01255e-05 -0.00016421 -0.0195794 0.0966996 
0.0107414 -0.0197809 -2.40265e-05 3.8616e-05 -0.0197809 0.097762 3.66729e-05 -0.000180511 -2.40265e-05 3.66729e-05 0.010673 -0.0195484 3.8616e-05 -0.000180511 -0.0195484 0.0966263 
0.0107169 -0.0197239 -3.47023e-05 6.02841e-05 -0.0197239 0.0974761 5.64607e-05 -0.000221387 -3.47023e-05 5.64607e-05 0.0106322 -0.0194637 6.02841e-05 -0.000221387 -0.0194637 0.0962531 
0.0106972 -0.0197011 -2.2759e-05 7.7226e-05 -0.0197011 0.0973355 6.97765e-05 -0.000266883 -2.2759e-05 6.97765e-05 0.0106248 -0.0194236 7.7226e-05 -0.000266883 -0.0194236 0.0960563 
0.0106591 -0.0197191 1.6787e-06 6.76142e-05 -0.0197191 0.0974347 5.60651e-05 -0.0002728 1.6787e-06 5.60651e-05 0.0106857 -0.0194533 6.76142e-05 -0.0002728 -0.0194533 0.0961512 
0.0106197 -0.019629 9.40442e-06 3.64036e-05 -0.019629 0.0971919 2.41287e-05 -0.00022027 9.40442e-06 2.41287e-05 0.0106929 -0.0194892 3.64036e-05 -0.00022027 -0.0194892 0.0961155 
0.0106225 -0.0195693 1.6221e-05 2.34704e-05 -0.0195693 0.0969568 1.35727e-05 -0.000173612 1.6221e-05 1.35727e-05 0.0106693 -0.0195018 2.34704e-05 -0.000173612 -0.0195018 0.0961194 
0.0106228 -0.019564 2.23068e-05 1.3247e-05 -0.019564 0.0968229 8.76909e-06 -0.000147496 2.23068e-05 8.76909e-06 0.0106452 -0.0194703 1.3247e-05 -0.000147496 -0.0194703 0.0960473 
0.0106168 -0.0195575 1.70854e-05 2.3613e-06 -0.0195575 0.096728 6.55334e-06 -0.00012877 1.70854e-05 6.55334e-06 0.0106155 -0.0194269 2.3613e-06 -0.00012877 -0.0194269 0.0958936 
0.0105972 -0.0195144 2.59493e-05 3.45797e-06 -0.0195144 0.096496 1.51059e-05 -0.000127119 2.59493e-05 1.51059e-05 0.0105741 -0.0193542 3.45797e-06 -0.000127119 -0.0193542 0.0955871 
0.0105957 -0.0195093 3.28822e-05 -5.18957e-06 -0.0195093 0.0964454 3.73906e-06 -0.000114037 3.28822e-05 3.73906e-06 0.0105618 -0.0193264 -5.18957e-06 -0.000114037 -0.0193264 0.095478 
0.0105937 -0.0195247 3.10861e-05 -1.06166e-05 -0.0195247 0.0965002 -9.80511e-06 -9.04334e-05 3.10861e-05 -9.80511e-06 0.0105633 -0.0193283 -1.06166e-05 -9.04334e-05 -0.0193283 0.0954906 
0.0105875 -0.0195107 6.96801e-06 -4.84746e-06 -0.0195107 0.0964615 -8.44057e-06 -8.70153e-05 6.96801e-06 -8.44057e-06 0.0105578 -0.0193191 -4.84746e-06 -8.70153e-05 -0.0193191 0.0954458 
0.010606 -0.0195446 -8.36357e-06 2.64928e-05 -0.0195446 0.0966377 2.17414e-05 -0.000138292 -8.36357e-06 2.17414e-05 0.0105746 -0.0193566 2.64928e-05 -0.000138292 -0.0193566 0.095632 
0.0106171 -0.0195911 -5.76435e-06 4.95749e-05 -0.0195911 0.0968668 4.71188e-05 -0.000209379 -5.76435e-06 4.71188e-05 0.0106109 -0.0193978 4.95749e-05 -0.000209379 -0.0193978 0.0958549 
0.0105968 -0.0195817 -7.3004e-06 4.82388e-05 -0.0195817 0.0968803 4.65538e-05 -0.000240069 -7.3004e-06 4.65538e-05 0.0106404 -0.0194171 4.82388e-05 -0.000240069 -0.0194171 0.095904 
0.0105969 -0.0195741 -1.45644e-05 4.6184e-05 -0.0195741 0.0969477 4.37802e-05 -0.000238594 -1.45644e-05 4.37802e-05 0.0106721 -0.0194813 4.6184e-05 -0.000238594 -0.0194813 0.0961136 
0.0106206 -0.0195837 -1.38112e-05 5.20498e-05 -0.0195837 0.0970323 5.01278e-05 -0.000241929 -1.38112e-05 5.01278e-05 0.010686 -0.0195355 5.20498e-05 -0.000241929 -0.0195355 0.0963443 
0.0106223 -0.0195935 -5.6105e-06 5.02684e-05 -0.0195935 0.0970265 5.04568e-05 -0.000244263 -5.6105e-06 5.04568e-05 0.0106944 -0.0195323 5.02684e-05 -0.000244263 -0.0195323 0.0963753 
0.0106275 -0.0196063 -2.3037e-06 3.92907e-05 -0.0196063 0.0970799 4.10579e-05 -0.000228286 -2.3037e-06 4.10579e-05 0.010702 -0.0195465 3.92907e-05 -0.000228286 -0.0195465 0.0964241 
0.0105992 -0.0195715 -1.65041e-05 3.28253e-05 -0.0195715 0.0969097 3.6802e-05 -0.000208128 -1.65041e-05 3.6802e-05 0.0106969 -0.0195142 3.28253e-05 -0.000208128 -0.0195142 0.0962559 
