0.00623433 0 2.57173e-05 0 0 0.00876167 0 0 2.57173e-05 0 0.00611294 0 0 0 0 0.00876167 
0.00950249 -0.011791 3.35724e-05 -4.07344e-05 -0.011791 0.0312722 -4.07344e-05 7.8298e-05 3.35724e-05 -4.07344e-05 0.00935796 -0.0116188 -4.07344e-05 7.8298e-05 -0.0116188 0.0309426 
0.00973787 -0.0181184 1.83515e-05 -2.9028e-05 -0.0181184 0.0667791 -2.9028e-05 8.60727e-05 1.83515e-05 -2.9028e-05 0.00969636 -0.0181009 -2.9028e-05 8.60727e-05 -0.0181009 0.0667854 
0.00916972 -0.0176124 -5.25504e-06 2.15014e-05 -0.0176124 0.078932 2.43967e-05 -0.000133431 -5.25504e-06 2.43967e-05 0.00921026 -0.0179182 2.15014e-05 -0.000133431 -0.0179182 0.0805087 
0.00888625 -0.0165212 -1.07281e-05 4.38838e-05 -0.0165212 0.0795275 5.34173e-05 -0.000274096 -1.07281e-05 5.34173e-05 0.0089433 -0.0168861 4.38838e-05 -0.000274096 -0.0168861 0.0818077 
0.00864124 -0.0158228 5.11949e-06 3.84246e-05 -0.0158228 0.0775426 4.93424e-05 -0.000265352 5.11949e-06 4.93424e-05 0.00870779 -0.0161129 3.84246e-05 -0.000265352 -0.0161129 0.0795183 
0.00837 -0.0153075 8.00699e-06 1.36282e-05 -0.0153075 0.0753559 2.18047e-05 -0.000184889 8.00699e-06 2.18047e-05 0.00847109 -0.0155556 1.36282e-05 -0.000184889 -0.0155556 0.0768938 
0.00812422 -0.0148178 9.4813e-06 4.91417e-06 -0.0148178 0.0731727 1.1746e-05 -0.000117946 9.4813e-06 1.1746e-05 0.00820977 -0.0150943 4.91417e-06 -0.000117946 -0.0150943 0.0745143 
0.00953209 -0.017357 1.493e-06 4.18863e-06 -0.017357 0.0857547 1.07628e-05 -0.000106394 1.493e-06 1.07628e-05 0.0096032 -0.0176738 4.18863e-06 -0.000106394 -0.0176738 0.0872637 
0.00941737 -0.0171099 8.68907e-07 1.69554e-05 -0.0171099 0.0844773 2.3275e-05 -0.000114738 8.68907e-07 2.3275e-05 0.00943651 -0.0173896 1.69554e-05 -0.000114738 -0.0173896 0.0858902 
0.00936806 -0.0170381 -1.05086e-05 1.86787e-05 -0.0170381 0.0839832 2.47046e-05 -0.000125878 -1.05086e-05 2.47046e-05 0.0093558 -0.0172469 1.86787e-05 -0.000125878 -0.0172469 0.0852412 
0.00931617 -0.0169785 -2.08736e-05 3.13296e-05 -0.0169785 0.0836386 3.57606e-05 -0.000145305 -2.08736e-05 3.57606e-05 0.00930033 -0.0171385 3.13296e-05 -0.000145305 -0.0171385 0.0847384 
0.00925893 -0.0169183 -1.81532e-05 4.68171e-05 -0.0169183 0.0833767 4.6593e-05 -0.000175274 -1.81532e-05 4.6593e-05 0.00927911 -0.0170675 4.68171e-05 -0.000175274 -0.0170675 0.0843877 
0.00924779 -0.0168958 -2.669e-06 4.73281e-05 -0.0168958 0.0833738 4.26814e-05 -0.000187423 -2.669e-06 4.26814e-05 0.00928694 -0.0170923 4.73281e-05 -0.000187423 -0.0170923 0.0844311 
0.00925845 -0.0168951 1.48413e-05 2.90165e-05 -0.0168951 0.0834096 2.19905e-05 -0.000158745 1.48413e-05 2.19905e-05 0.00928994 -0.0171166 2.90165e-05 -0.000158745 -0.0171166 0.084536 
0.00927435 -0.0168712 2.23019e-05 3.95144e-06 -0.0168712 0.0832661 -3.4011e-06 -9.93148e-05 2.23019e-05 -3.4011e-06 0.00924576 -0.0170826 3.95144e-06 -9.93148e-05 -0.0170826 0.0843991 
0.00926867 -0.0169048 1.87386e-05 -8.99005e-06 -0.0169048 0.0832989 -1.28925e-05 -5.36232e-05 1.87386e-05 -1.28925e-05 0.00924127 -0.0170389 -8.99005e-06 -5.36232e-05 -0.0170389 0.0843008 
0.00926737 -0.0169096 1.10943e-05 -6.1886e-06 -0.0169096 0.0833535 -6.9232e-06 -4.37592e-05 1.10943e-05 -6.9232e-06 0.0092394 -0.0170342 -6.1886e-06 -4.37592e-05 -0.0170342 0.0842572 
0.0092313 -0.0168745 2.45543e-06 5.60962e-06 -0.0168745 0.0832003 4.84886e-06 -6.38761e-05 2.45543e-06 4.84886e-06 0.00923797 -0.0169955 5.60962e-06 -6.38761e-05 -0.0169955 0.0840622 
0.00920236 -0.0168161 -8.58669e-06 1.56371e-05 -0.0168161 0.0829873 1.50584e-05 -8.9207e-05 -8.58669e-06 1.50584e-05 0.00922569 -0.0169776 1.56371e-05 -8.9207e-05 -0.0169776 0.0838927 
0.00921846 -0.0168172 -1.91182e-05 3.04792e-05 -0.0168172 0.0830145 3.06382e-05 -0.000125264 -1.91182e-05 3.06382e-05 0.00921669 -0.017003 3.04792e-05 -0.000125264 -0.017003 0.083989 
0.0092159 -0.0167915 -2.93722e-05 4.19858e-05 -0.0167915 0.0828371 4.50516e-05 -0.000160404 -2.93722e-05 4.50516e-05 0.00917858 -0.0169473 4.19858e-05 -0.000160404 -0.0169473 0.0837906 
0.00923029 -0.0168242 -2.60891e-05 5.32914e-05 -0.0168242 0.0829264 6.05301e-05 -0.000196028 -2.60891e-05 6.05301e-05 0.00917188 -0.016931 5.32914e-05 -0.000196028 -0.016931 0.0837792 
0.00923694 -0.0168564 -1.08289e-05 5.01751e-05 -0.0168564 0.0830593 5.83363e-05 -0.000207889 -1.08289e-05 5.83363e-05 0.00918292 -0.0169325 5.01751e-05 -0.000207889 -0.0169325 0.0838113 
0.00921194 -0.0168535 -9.16162e-06 3.23703e-05 -0.0168535 0.0830734 3.74682e-05 -0.000179444 -9.16162e-06 3.74682e-05 0.00920254 -0.0169338 3.23703e-05 -0.000179444 -0.0169338 0.0837913 
0.00923074 -0.0168499 -1.70232e-05 3.08743e-05 -0.0168499 0.0831642 3.36608e-05 -0.000159173 -1.70232e-05 3.36608e-05 0.00921134 -0.0169872 3.08743e-05 -0.000159173 -0.0169872 0.0839661 
0.00922702 -0.0168376 -1.75774e-05 4.13683e-05 -0.0168376 0.083074 4.41329e-05 -0.000171737 -1.75774e-05 4.41329e-05 0.00920477 -0.0169728 4.13683e-05 -0.000171737 -0.0169728 0.0839319 
0.00924504 -0.0168539 -1.22906e-05 4.34392e-05 -0.0168539 0.0831345 4.63284e-05 -0.000185683 -1.22906e-05 4.63284e-05 0.00919984 -0.0169859 4.34392e-05 -0.000185683 -0.0169859 0.0840029 
0.00926432 -0.0168649 -1.16697e-05 3.88586e-05 -0.0168649 0.0831417 4.00978e-05 -0.000183564 -1.16697e-05 4.00978e-05 0.00918206 -0.016968 3.88586e-05 -0.000183564 -0.016968 0.0839675 
0.00923639 -0.0168709 3.32308e-06 3.92248e-05 -0.0168709 0.0830902 4.07129e-05 -0.000183424 3.32308e-06 4.07129e-05 0.00918245 -0.0169222 3.92248e-05 -0.000183424 -0.0169222 0.0838061 
0.00920836 -0.0168402 6.14217e-06 1.97954e-05 -0.0168402 0.0830206 2.40792e-05 -0.000158866 6.14217e-06 2.40792e-05 0.00918089 -0.0169156 1.97954e-05 -0.000158866 -0.0169156 0.0837082 
0.00919533 -0.0168046 4.17149e-06 1.32385e-05 -0.0168046 0.0829274 1.78004e-05 -0.000131692 4.17149e-06 1.78004e-05 0.00917697 -0.0169173 1.32385e-05 -0.000131692 -0.0169173 0.0836806 
0.00915631 -0.0167598 -1.21976e-05 1.70024e-05 -0.0167598 0.0827255 1.67957e-05 -0.00012332 -1.21976e-05 1.67957e-05 0.00918095 -0.0168912 1.70024e-05 -0.00012332 -0.0168912 0.0835467 
0.00915607 -0.016752 -1.55346e-05 3.97725e-05 -0.016752 0.082762 3.3609e-05 -0.000150824 -1.55346e-05 3.3609e-05 0.00919763 -0.0169372 3.97725e-05 -0.000150824 -0.0169372 0.0836936 
0.00916509 -0.016738 -1.54069e-05 4.6984e-05 -0.016738 0.0827157 3.98912e-05 -0.000179131 -1.54069e-05 3.98912e-05 0.00919238 -0.0169484 4.6984e-05 -0.000179131 -0.0169484 0.0837429 
0.00914911 -0.0167153 -7.39059e-06 4.47756e-05 -0.0167153 0.0825505 3.96751e-05 -0.000184787 -7.39059e-06 3.96751e-05 0.00917584 -0.0169088 4.47756e-05 -0.000184787 -0.0169088 0.0835864 
0.0091552 -0.0167049 1.34793e-07 3.36117e-05 -0.0167049 0.0824898 2.87143e-05 -0.000166238 1.34793e-07 2.87143e-05 0.00915676 -0.0168933 3.36117e-05 -0.000166238 -0.0168933 0.0835069 
0.00917473 -0.0167269 4.16142e-06 2.27201e-05 -0.0167269 0.0825391 1.60985e-05 -0.000134154 4.16142e-06 1.60985e-05 0.00914662 -0.0168806 2.27201e-05 -0.000134154 -0.0168806 0.0834908 
0.00917413 -0.0167313 1.23608e-06 1.609e-05 -0.0167313 0.0824952 1.05869e-05 -0.000109114 1.23608e-06 1.05869e-05 0.00913436 -0.0168426 1.609e-05 -0.000109114 -0.0168426 0.083339 
0.00915608 -0.0167388 -3.33989e-06 1.71602e-05 -0.0167388 0.0825048 1.39873e-05 -0.000101587 -3.33989e-06 1.39873e-05 0.00913641 -0.0168294 1.71602e-05 -0.000101587 -0.0168294 0.0832619 
0.0091578 -0.0167472 7.68354e-06 2.20831e-05 -0.0167472 0.0826214 1.8743e-05 -0.000105833 7.68354e-06 1.8743e-05 0.00914821 -0.0168646 2.20831e-05 -0.000105833 -0.0168646 0.0833898 
0.00915671 -0.0167477 7.93659e-06 8.31992e-06 -0.0167477 0.0826703 4.15013e-06 -8.54337e-05 7.93659e-06 4.15013e-06 0.00915805 -0.0168827 8.31992e-06 -8.54337e-05 -0.0168827 0.0834889 
0.00916275 -0.0167539 8.31303e-06 4.03092e-06 -0.0167539 0.0827337 1.77417e-06 -6.36779e-05 8.31303e-06 1.77417e-06 0.00916357 -0.0169037 4.03092e-06 -6.36779e-05 -0.0169037 0.0835973 
0.00915256 -0.0167516 -8.8994e-07 2.10089e-07 -0.0167516 0.0827316 9.97154e-07 -4.9601e-05 -8.8994e-07 9.97154e-07 0.00917806 -0.0169017 2.10089e-07 -4.9601e-05 -0.0169017 0.0836142 
0.00914909 -0.0167405 -1.00529e-06 8.42754e-06 -0.0167405 0.0827262 1.24336e-05 -5.70428e-05 -1.00529e-06 1.24336e-05 0.00919648 -0.0169231 8.42754e-06 -5.70428e-05 -0.0169231 0.0836667 
0.00912753 -0.0167092 5.87269e-07 9.99839e-06 -0.0167092 0.0825891 1.44183e-05 -6.65246e-05 5.87269e-07 1.44183e-05 0.00920727 -0.0169229 9.99839e-06 -6.65246e-05 -0.0169229 0.0836108 
0.00913052 -0.0166803 -1.35409e-06 1.00555e-05 -0.0166803 0.0824758 1.1842e-05 -6.74022e-05 -1.35409e-06 1.1842e-05 0.00919303 -0.0169352 1.00555e-05 -6.74022e-05 -0.0169352 0.083598 
0.00915212 -0.0167065 -2.33357e-06 1.49849e-05 -0.0167065 0.0825443 1.12081e-05 -7.00036e-05 -2.33357e-06 1.12081e-05 0.00917865 -0.0169457 1.49849e-05 -7.00036e-05 -0.0169457 0.0836952 
0.00916435 -0.0167501 -1.77249e-06 1.96469e-05 -0.0167501 0.0827036 1.12709e-05 -7.671e-05 -1.77249e-06 1.12709e-05 0.00918039 -0.0169431 1.96469e-05 -7.671e-05 -0.0169431 0.083782 
0.00915513 -0.0167292 9.8262e-06 1.92684e-05 -0.0167292 0.0826183 8.76404e-06 -7.73202e-05 9.8262e-06 8.76404e-06 0.00916064 -0.0169023 1.92684e-05 -7.73202e-05 -0.0169023 0.0836199 
0.00914456 -0.016725 2.2346e-05 3.87531e-06 -0.016725 0.0825904 -6.29631e-06 -5.25062e-05 2.2346e-05 -6.29631e-06 0.00916385 -0.0168789 3.87531e-06 -5.25062e-05 -0.0168789 0.0835268 
0.00915205 -0.016724 3.25731e-05 -1.56516e-05 -0.016724 0.0826147 -2.00374e-05 -1.09817e-05 3.25731e-05 -2.00374e-05 0.00915852 -0.0168925 -1.56516e-05 -1.09817e-05 -0.0168925 0.0835434 
0.00913742 -0.0167297 2.84917e-05 -3.09879e-05 -0.0167297 0.0826225 -3.07905e-05 2.6915e-05 2.84917e-05 -3.07905e-05 0.00916876 -0.0168844 -3.09879e-05 2.6915e-05 -0.0168844 0.0835353 
0.00911598 -0.0166935 2.32701e-05 -2.6028e-05 -0.0166935 0.082506 -2.21236e-05 2.8684e-05 2.32701e-05 -2.21236e-05 0.00917775 -0.0168734 -2.6028e-05 2.8684e-05 -0.0168734 0.0834379 
0.00910934 -0.0166439 2.21436e-05 -1.76261e-05 -0.0166439 0.0822998 -1.19166e-05 6.46333e-06 2.21436e-05 -1.19166e-05 0.00916306 -0.0168673 -1.76261e-05 6.46333e-06 -0.0168673 0.0833212 
0.0091497 -0.0166841 1.28231e-05 -1.50012e-05 -0.0166841 0.0824352 -1.09194e-05 -8.09388e-06 1.28231e-05 -1.09194e-05 0.00915694 -0.0169047 -1.50012e-05 -8.09388e-06 -0.0169047 0.083504 
0.00919542 -0.0167433 3.07223e-06 -2.88855e-06 -0.0167433 0.0826208 -1.42734e-06 -2.78978e-05 3.07223e-06 -1.42734e-06 0.00913763 -0.0169036 -2.88855e-06 -2.78978e-05 -0.0169036 0.0836034 
0.00919712 -0.0167919 -1.08659e-05 1.1251e-05 -0.0167919 0.0827479 1.33471e-05 -6.37142e-05 -1.08659e-05 1.33471e-05 0.00913729 -0.0168629 1.1251e-05 -6.37142e-05 -0.0168629 0.0835331 
0.00918469 -0.0167897 -1.09731e-05 2.83943e-05 -0.0167897 0.0827804 3.37617e-05 -0.000110456 -1.09731e-05 3.37617e-05 0.00914585 -0.0168512 2.83943e-05 -0.000110456 -0.0168512 0.0834507 
0.00918841 -0.016811 -4.02982e-06 2.95377e-05 -0.016811 0.0829483 3.94906e-05 -0.000140672 -4.02982e-06 3.94906e-05 0.00917854 -0.0169033 2.95377e-05 -0.000140672 -0.0169033 0.0836407 
0.0091946 -0.0168204 1.14087e-05 2.09102e-05 -0.0168204 0.083056 3.19587e-05 -0.00013915 1.14087e-05 3.19587e-05 0.00920571 -0.0169515 2.09102e-05 -0.00013915 -0.0169515 0.0838322 
0.0091837 -0.0168126 2.60794e-05 3.71727e-06 -0.0168126 0.083048 1.29027e-05 -0.000111103 2.60794e-05 1.29027e-05 0.00921556 -0.0169728 3.71727e-06 -0.000111103 -0.0169728 0.08391 
0.00918187 -0.0168095 2.57326e-05 -1.54353e-05 -0.0168095 0.0830783 -5.57815e-06 -6.68153e-05 2.57326e-05 -5.57815e-06 0.00921882 -0.0169927 -1.54353e-05 -6.68153e-05 -0.0169927 0.0840071 
0.00917391 -0.0167477 2.01822e-05 -1.62411e-05 -0.0167477 0.082801 -5.81454e-06 -4.62478e-05 2.01822e-05 -5.81454e-06 0.00917512 -0.0169376 -1.62411e-05 -4.62478e-05 -0.0169376 0.0837648 
0.00915245 -0.0167008 7.55155e-06 -5.75257e-06 -0.0167008 0.08248 -1.69121e-06 -5.45271e-05 7.55155e-06 -1.69121e-06 0.00912836 -0.0168458 -5.75257e-06 -5.45271e-05 -0.0168458 0.0833837 
0.00911249 -0.016642 -1.44357e-05 1.249e-05 -0.016642 0.0821328 9.42942e-06 -8.16812e-05 -1.44357e-05 9.42942e-06 0.00908822 -0.0167535 1.249e-05 -8.16812e-05 -0.0167535 0.0829449 
0.00908912 -0.0166042 -1.50303e-05 4.09027e-05 -0.0166042 0.0819431 3.62887e-05 -0.000137142 -1.50303e-05 3.62887e-05 0.00906986 -0.0167135 4.09027e-05 -0.000137142 -0.0167135 0.0827137 
0.00909401 -0.0166327 -8.30618e-06 4.21479e-05 -0.0166327 0.0820851 4.16239e-05 -0.00017155 -8.30618e-06 4.16239e-05 0.00908886 -0.016749 4.21479e-05 -0.00017155 -0.016749 0.0828573 
0.0091011 -0.0166325 -3.66192e-06 3.1114e-05 -0.0166325 0.0821264 3.37481e-05 -0.000164955 -3.66192e-06 3.37481e-05 0.00908309 -0.0167682 3.1114e-05 -0.000164955 -0.0167682 0.0829332 
0.00909134 -0.0166135 3.4073e-06 2.53412e-05 -0.0166135 0.0820197 2.67712e-05 -0.000147737 3.4073e-06 2.67712e-05 0.00906217 -0.0167334 2.53412e-05 -0.000147737 -0.0167334 0.08282 
0.00909656 -0.0166645 9.72446e-06 1.90994e-05 -0.0166645 0.0822621 2.02548e-05 -0.0001353 9.72446e-06 2.02548e-05 0.00908961 -0.0167655 1.90994e-05 -0.0001353 -0.0167655 0.083016 
0.00906278 -0.0166333 2.26131e-05 1.07112e-05 -0.0166333 0.0821955 1.29575e-05 -0.000118264 2.26131e-05 1.29575e-05 0.0091019 -0.0167561 1.07112e-05 -0.000118264 -0.0167561 0.0829529 
0.0090307 -0.016591 3.20221e-05 -5.71643e-06 -0.016591 0.0820999 -3.42898e-06 -8.6255e-05 3.20221e-05 -3.42898e-06 0.00912133 -0.0167712 -5.71643e-06 -8.6255e-05 -0.0167712 0.0829538 
0.00901144 -0.0165252 2.97785e-05 -1.92994e-05 -0.0165252 0.0818734 -1.73061e-05 -4.78394e-05 2.97785e-05 -1.73061e-05 0.00911376 -0.0167739 -1.92994e-05 -4.78394e-05 -0.0167739 0.0828862 
0.00900449 -0.0164718 1.18743e-05 -1.86122e-05 -0.0164718 0.0815986 -1.62257e-05 -3.09528e-05 1.18743e-05 -1.62257e-05 0.00908354 -0.0167424 -1.86122e-05 -3.09528e-05 -0.0167424 0.0827214 
0.00901505 -0.0164737 -6.46867e-06 5.25896e-06 -0.0164737 0.0815197 7.65326e-06 -6.65651e-05 -6.46867e-06 7.65326e-06 0.00905801 -0.016718 5.25896e-06 -6.65651e-05 -0.016718 0.0826419 
0.00901801 -0.016476 -5.92731e-06 3.2298e-05 -0.016476 0.081443 3.30814e-05 -0.000130612 -5.92731e-06 3.30814e-05 0.00902886 -0.0166669 3.2298e-05 -0.000130612 -0.0166669 0.0824613 
0.00902867 -0.0165087 -5.41961e-06 3.38779e-05 -0.0165087 0.0815453 3.34714e-05 -0.000162346 -5.41961e-06 3.34714e-05 0.00902435 -0.016652 3.38779e-05 -0.000162346 -0.016652 0.082431 
0.00905385 -0.0165502 1.35147e-06 3.21437e-05 -0.0165502 0.081742 3.00565e-05 -0.000164821 1.35147e-06 3.00565e-05 0.00902032 -0.016669 3.21437e-05 -0.000164821 -0.016669 0.0825274 
0.0090499 -0.0165499 5.61242e-06 2.46502e-05 -0.0165499 0.0817194 2.17347e-05 -0.000152449 5.61242e-06 2.17347e-05 0.00900733 -0.0166306 2.46502e-05 -0.000152449 -0.0166306 0.082404 
0.00902458 -0.0165583 1.14754e-05 1.70109e-05 -0.0165583 0.0817599 1.54914e-05 -0.000133493 1.14754e-05 1.54914e-05 0.00902838 -0.0166209 1.70109e-05 -0.000133493 -0.0166209 0.082363 
0.0089763 -0.0164981 1.55875e-05 7.66671e-06 -0.0164981 0.081582 9.64103e-06 -0.000113982 1.55875e-05 9.64103e-06 0.00904229 -0.016614 7.66671e-06 -0.000113982 -0.016614 0.0822303 
0.00895568 -0.0164116 1.7908e-05 2.35471e-06 -0.0164116 0.0812787 7.93037e-06 -0.000102261 1.7908e-05 7.93037e-06 0.00901527 -0.0166113 2.35471e-06 -0.000102261 -0.0166113 0.0820953 
0.00893615 -0.0163707 1.05541e-05 -5.48375e-07 -0.0163707 0.0810252 9.31509e-06 -9.94192e-05 1.05541e-05 9.31509e-06 0.00898726 -0.0165644 -5.48375e-07 -9.94192e-05 -0.0165644 0.0819119 
0.00894197 -0.0163718 4.86544e-06 8.29887e-06 -0.0163718 0.0809945 1.80136e-05 -0.000113307 4.86544e-06 1.80136e-05 0.00896971 -0.0165439 8.29887e-06 -0.000113307 -0.0165439 0.0818445 
0.0089523 -0.0163905 -3.30277e-06 1.50898e-05 -0.0163905 0.0810448 2.38152e-05 -0.000129903 -3.30277e-06 2.38152e-05 0.00896167 -0.0165288 1.50898e-05 -0.000129903 -0.0165288 0.0818123 
0.00895669 -0.0163982 6.30161e-06 2.56562e-05 -0.0163982 0.0810582 3.25524e-05 -0.000150669 6.30161e-06 3.25524e-05 0.00894264 -0.0165107 2.56562e-05 -0.000150669 -0.0165107 0.0817446 
0.00897083 -0.0164256 1.21688e-05 1.50039e-05 -0.0164256 0.0811754 2.07107e-05 -0.000142622 1.21688e-05 2.07107e-05 0.00893517 -0.0165054 1.50039e-05 -0.000142622 -0.0165054 0.0817735 
0.00897914 -0.0164258 1.57628e-05 9.84182e-06 -0.0164258 0.0811633 1.23424e-05 -0.000125281 1.57628e-05 1.23424e-05 0.00891047 -0.0164726 9.84182e-06 -0.000125281 -0.0164726 0.0816642 
0.00897589 -0.0164339 2.26029e-05 6.63057e-06 -0.0164339 0.0811589 4.09959e-06 -0.000107919 2.26029e-05 4.09959e-06 0.00890149 -0.0164355 6.63057e-06 -0.000107919 -0.0164355 0.0815435 
0.00899043 -0.0164565 1.81361e-05 -3.25616e-06 -0.0164565 0.0812803 -9.00828e-06 -8.01145e-05 1.81361e-05 -9.00828e-06 0.00890022 -0.0164477 -3.25616e-06 -8.01145e-05 -0.0164477 0.0815929 
0.0089723 -0.0164519 1.83399e-05 1.18393e-06 -0.0164519 0.0812515 -6.32985e-06 -6.94717e-05 1.83399e-05 -6.32985e-06 0.00890529 -0.0164253 1.18393e-06 -6.94717e-05 -0.0164253 0.0815128 
0.0089317 -0.0163936 1.88922e-05 5.73091e-07 -0.0163936 0.0810298 -6.62722e-06 -6.56368e-05 1.88922e-05 -6.62722e-06 0.00890663 -0.0163981 5.73091e-07 -6.56368e-05 -0.0163981 0.0813202 
0.00889081 -0.0163265 1.16628e-05 -1.6319e-06 -0.0163265 0.0807727 -7.53483e-06 -5.82615e-05 1.16628e-05 -7.53483e-06 0.00891166 -0.0163936 -1.6319e-06 -5.82615e-05 -0.0163936 0.0811955 
0.00887624 -0.0162871 1.90267e-05 5.76758e-06 -0.0162871 0.0806331 1.93022e-06 -6.72541e-05 1.90267e-05 1.93022e-06 0.00891671 -0.0164181 5.76758e-06 -6.72541e-05 -0.0164181 0.0812291 
0.00889133 -0.0163048 2.60818e-05 -1.87736e-07 -0.0163048 0.0807252 -2.00513e-06 -7.01479e-05 2.60818e-05 -2.00513e-06 0.00892448 -0.0164674 -1.87736e-07 -7.01479e-05 -0.0164674 0.0814535 
0.0089084 -0.0163206 2.06274e-05 -1.0114e-05 -0.0163206 0.0807836 -1.12172e-05 -5.32075e-05 2.06274e-05 -1.12172e-05 0.0089152 -0.0164713 -1.0114e-05 -5.32075e-05 -0.0164713 0.0815385 
0.00893311 -0.0163452 7.65062e-06 -3.75284e-06 -0.0163452 0.0808595 -4.14067e-06 -5.62883e-05 7.65062e-06 -4.14067e-06 0.00889438 -0.0164558 -3.75284e-06 -5.62883e-05 -0.0164558 0.0815442 
0.00892357 -0.0163591 -1.19299e-06 1.15804e-05 -0.0163591 0.0808592 1.24434e-05 -8.57959e-05 -1.19299e-06 1.24434e-05 0.00888555 -0.0164077 1.15804e-05 -8.57959e-05 -0.0164077 0.0814017 
0.00889074 -0.0162879 2.13629e-06 2.22902e-05 -0.0162879 0.0805472 2.49786e-05 -0.000119052 2.13629e-06 2.49786e-05 0.00884904 -0.0163333 2.22902e-05 -0.000119052 -0.0163333 0.0810114 
0.00887113 -0.0162546 6.47071e-06 1.5166e-05 -0.0162546 0.0803709 2.17712e-05 -0.000123326 6.47071e-06 2.17712e-05 0.00883561 -0.0162968 1.5166e-05 -0.000123326 -0.0162968 0.0808112 
0.00886399 -0.0162493 9.04601e-06 7.66234e-06 -0.0162493 0.0803425 1.54264e-05 -0.00010805 9.04601e-06 1.54264e-05 0.00884146 -0.0163003 7.66234e-06 -0.00010805 -0.0163003 0.0807895 
0.00888966 -0.0163043 9.95806e-06 4.0488e-06 -0.0163043 0.080628 9.17453e-06 -9.10385e-05 9.95806e-06 9.17453e-06 0.00887664 -0.0163729 4.0488e-06 -9.10385e-05 -0.0163729 0.0811098 
0.00890747 -0.0163627 8.03063e-06 5.70885e-06 -0.0163627 0.0809451 5.68619e-06 -8.31722e-05 8.03063e-06 5.68619e-06 0.00892292 -0.0164487 5.70885e-06 -8.31722e-05 -0.0164487 0.0814775 
0.00892613 -0.0164 1.15223e-05 9.82425e-06 -0.0164 0.0812081 3.71251e-06 -8.00814e-05 1.15223e-05 3.71251e-06 0.00896688 -0.0165267 9.82425e-06 -8.00814e-05 -0.0165267 0.0818322 
0.00893081 -0.0163945 9.14506e-06 7.70708e-06 -0.0163945 0.0812322 -1.28177e-06 -7.39246e-05 9.14506e-06 -1.28177e-06 0.00898484 -0.0165558 7.70708e-06 -7.39246e-05 -0.0165558 0.0819582 
0.00892843 -0.0163767 -7.00905e-07 9.17584e-06 -0.0163767 0.081143 1.1871e-06 -7.25769e-05 -7.00905e-07 1.1871e-06 0.00899021 -0.0165556 9.17584e-06 -7.25769e-05 -0.0165556 0.0819405 
0.00893849 -0.0163942 -5.45671e-06 2.16555e-05 -0.0163942 0.0812022 1.60361e-05 -9.52035e-05 -5.45671e-06 1.60361e-05 0.00900567 -0.0165825 2.16555e-05 -9.52035e-05 -0.0165825 0.0820421 
0.00892645 -0.0163613 -9.99747e-06 2.98327e-05 -0.0163613 0.0810247 2.63882e-05 -0.000125686 -9.99747e-06 2.63882e-05 0.00899055 -0.0165552 2.98327e-05 -0.000125686 -0.0165552 0.0818875 
0.00891764 -0.0163188 3.07311e-06 3.54217e-05 -0.0163188 0.0807823 3.70254e-05 -0.000154358 3.07311e-06 3.70254e-05 0.00894751 -0.0165109 3.54217e-05 -0.000154358 -0.0165109 0.0816545 
0.00889445 -0.0162993 8.73516e-06 2.0545e-05 -0.0162993 0.0806058 2.73079e-05 -0.000151945 8.73516e-06 2.73079e-05 0.00892129 -0.0164473 2.0545e-05 -0.000151945 -0.0164473 0.0814115 
0.00888948 -0.016323 8.21337e-06 9.96172e-06 -0.016323 0.0807289 2.00025e-05 -0.000132686 8.21337e-06 2.00025e-05 0.00893738 -0.0164612 9.96172e-06 -0.000132686 -0.0164612 0.0814774 
0.00890593 -0.0163448 2.00031e-05 6.38391e-06 -0.0163448 0.0809055 1.70018e-05 -0.00011572 2.00031e-05 1.70018e-05 0.00895253 -0.0165049 6.38391e-06 -0.00011572 -0.0165049 0.0816635 
0.00891515 -0.0163357 3.57522e-05 -7.86865e-06 -0.0163357 0.0808709 -4.03445e-08 -8.4146e-05 3.57522e-05 -4.03445e-08 0.00892726 -0.0164937 -7.86865e-06 -8.4146e-05 -0.0164937 0.0816355 
0.0089233 -0.0163457 2.46206e-05 -2.73271e-05 -0.0163457 0.0808729 -2.24657e-05 -3.40691e-05 2.46206e-05 -2.24657e-05 0.00889893 -0.0164607 -2.73271e-05 -3.40691e-05 -0.0164607 0.0815667 
0.00891568 -0.0163358 7.26359e-06 -1.40921e-05 -0.0163358 0.0807903 -1.20506e-05 -2.77622e-05 7.26359e-06 -1.20506e-05 0.00887962 -0.0163981 -1.40921e-05 -2.77622e-05 -0.0163981 0.0813504 
0.00888108 -0.0163139 -1.07295e-05 1.29766e-05 -0.0163139 0.0806698 1.18996e-05 -7.54898e-05 -1.07295e-05 1.18996e-05 0.00888366 -0.0163546 1.29766e-05 -7.54898e-05 -0.0163546 0.0811309 
0.00886438 -0.0162925 -2.34564e-06 3.91976e-05 -0.0162925 0.0806489 3.80969e-05 -0.000144875 -2.34564e-06 3.80969e-05 0.00889966 -0.0163802 3.91976e-05 -0.000144875 -0.0163802 0.0811453 
0.00884684 -0.016241 8.48554e-06 3.28332e-05 -0.016241 0.0804549 3.20836e-05 -0.000170452 8.48554e-06 3.20836e-05 0.0088841 -0.0163747 3.28332e-05 -0.000170452 -0.0163747 0.0810571 
0.00885718 -0.0162399 3.61214e-06 1.86868e-05 -0.0162399 0.0804353 1.87129e-05 -0.000153802 3.61214e-06 1.87129e-05 0.00887456 -0.016377 1.86868e-05 -0.000153802 -0.016377 0.0810876 
0.00889158 -0.0162573 7.95449e-06 2.14266e-05 -0.0162573 0.0804723 2.33661e-05 -0.000147247 7.95449e-06 2.33661e-05 0.00885145 -0.0163679 2.14266e-05 -0.000147247 -0.0163679 0.0810913 
0.00890761 -0.0162884 3.48994e-06 1.52109e-05 -0.0162884 0.0804983 1.79831e-05 -0.000138666 3.48994e-06 1.79831e-05 0.00882851 -0.0163256 1.52109e-05 -0.000138666 -0.0163256 0.0809799 
0.0089096 -0.0163128 -8.67655e-06 1.90796e-05 -0.0163128 0.0805577 2.12919e-05 -0.000137353 -8.67655e-06 2.12919e-05 0.00882246 -0.0162963 1.90796e-05 -0.000137353 -0.0162963 0.0808816 
0.00889743 -0.0163163 -5.58635e-06 3.42988e-05 -0.0163163 0.0805884 3.57615e-05 -0.000160589 -5.58635e-06 3.57615e-05 0.00883518 -0.0162913 3.42988e-05 -0.000160589 -0.0162913 0.0808384 
0.00889959 -0.0163445 1.80009e-06 3.05555e-05 -0.0163445 0.0807847 3.55278e-05 -0.000171747 1.80009e-06 3.55278e-05 0.00887634 -0.0163507 3.05555e-05 -0.000171747 -0.0163507 0.0810633 
0.00891446 -0.0163842 8.24097e-06 2.18969e-05 -0.0163842 0.0810614 2.72874e-05 -0.000161658 8.24097e-06 2.72874e-05 0.00893141 -0.0164414 2.18969e-05 -0.000161658 -0.0164414 0.0814434 
0.00893116 -0.0163822 1.6054e-05 1.55475e-05 -0.0163822 0.081121 1.87581e-05 -0.000145289 1.6054e-05 1.87581e-05 0.00894541 -0.0164921 1.55475e-05 -0.000145289 -0.0164921 0.081635 
0.00894185 -0.0163867 9.91311e-06 7.14363e-06 -0.0163867 0.081116 7.24633e-06 -0.000123641 9.91311e-06 7.24633e-06 0.00894336 -0.0165031 7.14363e-06 -0.000123641 -0.0165031 0.0817089 
0.00894401 -0.0163761 2.13367e-06 1.50194e-05 -0.0163761 0.0810264 1.46772e-05 -0.000125812 2.13367e-06 1.46772e-05 0.00892225 -0.0164805 1.50194e-05 -0.000125812 -0.0164805 0.0816305 
0.00895198 -0.016382 -5.15871e-06 2.50496e-05 -0.016382 0.0810068 2.73029e-05 -0.000151139 -5.15871e-06 2.73029e-05 0.00890287 -0.0164557 2.50496e-05 -0.000151139 -0.0164557 0.0815623 
0.00893097 -0.0163772 -6.8875e-06 3.40642e-05 -0.0163772 0.0809354 3.85303e-05 -0.000179838 -6.8875e-06 3.85303e-05 0.00889951 -0.0164107 3.40642e-05 -0.000179838 -0.0164107 0.0813961 
0.00890641 -0.0163397 -1.19158e-05 3.74968e-05 -0.0163397 0.0808028 4.2591e-05 -0.000199563 -1.19158e-05 4.2591e-05 0.00889546 -0.0163936 3.74968e-05 -0.000199563 -0.0163936 0.081252 
0.00888615 -0.016294 -6.52486e-06 4.47492e-05 -0.016294 0.0806095 5.04591e-05 -0.000220316 -6.52486e-06 5.04591e-05 0.00887501 -0.0163706 4.47492e-05 -0.000220316 -0.0163706 0.0810966 
0.00887648 -0.016278 -7.48025e-06 3.85691e-05 -0.016278 0.0805221 4.38036e-05 -0.000221227 -7.48025e-06 4.38036e-05 0.00885868 -0.0163509 3.85691e-05 -0.000221227 -0.0163509 0.0810155 
0.00888433 -0.0163087 -5.39083e-06 3.94335e-05 -0.0163087 0.0806684 4.23625e-05 -0.000216089 -5.39083e-06 4.23625e-05 0.00886694 -0.0163641 3.94335e-05 -0.000216089 -0.0163641 0.0811188 
0.00886737 -0.0163088 9.82115e-06 3.61124e-05 -0.0163088 0.0807001 3.8869e-05 -0.000208161 9.82115e-06 3.8869e-05 0.00888338 -0.0163583 3.61124e-05 -0.000208161 -0.0163583 0.0811097 
0.00885034 -0.0162725 1.43266e-05 1.61591e-05 -0.0162725 0.0806074 2.03055e-05 -0.000174263 1.43266e-05 2.03055e-05 0.00888744 -0.0163616 1.61591e-05 -0.000174263 -0.0163616 0.0810583 
0.00883542 -0.0162368 1.19712e-05 5.60674e-06 -0.0162368 0.0804684 1.15992e-05 -0.000136471 1.19712e-05 1.15992e-05 0.00888286 -0.01636 5.60674e-06 -0.000136471 -0.01636 0.0810068 
0.00883306 -0.0162076 2.16931e-05 9.63437e-06 -0.0162076 0.0803317 1.32701e-05 -0.000126126 2.16931e-05 1.32701e-05 0.0088602 -0.0163501 9.63437e-06 -0.000126126 -0.0163501 0.080944 
0.00880638 -0.0161579 1.62624e-05 2.37918e-06 -0.0161579 0.0800366 1.37031e-06 -0.00011319 1.62624e-05 1.37031e-06 0.00882456 -0.0162756 2.37918e-06 -0.00011319 -0.0162756 0.0806376 
0.00877671 -0.016096 8.01161e-06 1.08604e-05 -0.016096 0.0797006 6.10367e-06 -0.000115531 8.01161e-06 6.10367e-06 0.00878017 -0.0161953 1.08604e-05 -0.000115531 -0.0161953 0.0802491 
0.00876629 -0.0160925 -8.37624e-06 2.2768e-05 -0.0160925 0.0796425 1.70225e-05 -0.000139122 -8.37624e-06 1.70225e-05 0.00877055 -0.0161679 2.2768e-05 -0.000139122 -0.0161679 0.080125 
0.00878107 -0.0161005 -1.32636e-05 4.26327e-05 -0.0161005 0.0796904 4.0875e-05 -0.00018598 -1.32636e-05 4.0875e-05 0.00876148 -0.0161733 4.26327e-05 -0.00018598 -0.0161733 0.0801347 
0.00880719 -0.0161661 -2.35289e-06 4.87229e-05 -0.0161661 0.0799707 5.01674e-05 -0.000222754 -2.35289e-06 5.01674e-05 0.00878754 -0.0162118 4.87229e-05 -0.000222754 -0.0162118 0.0803628 
0.00884 -0.0162041 8.82047e-06 3.45244e-05 -0.0162041 0.0801776 3.93375e-05 -0.000217208 8.82047e-06 3.93375e-05 0.00879498 -0.0162483 3.45244e-05 -0.000217208 -0.0162483 0.0805392 
0.00887198 -0.0162428 8.02667e-06 1.79037e-05 -0.0162428 0.0803271 2.47636e-05 -0.000184782 8.02667e-06 2.47636e-05 0.00879496 -0.0162587 1.79037e-05 -0.000184782 -0.0162587 0.0806401 
0.00889326 -0.0163126 -4.60444e-06 1.78574e-05 -0.0163126 0.0806069 2.53074e-05 -0.000169904 -4.60444e-06 2.53074e-05 0.00882353 -0.0162863 1.78574e-05 -0.000169904 -0.0162863 0.0808271 
0.00890978 -0.0163339 -4.40721e-06 3.41816e-05 -0.0163339 0.0807434 4.08194e-05 -0.000192636 -4.40721e-06 4.08194e-05 0.00883327 -0.0163074 3.41816e-05 -0.000192636 -0.0163074 0.080908 
0.00891174 -0.0163479 5.58139e-06 4.03436e-05 -0.0163479 0.0807962 4.23778e-05 -0.000217138 5.58139e-06 4.23778e-05 0.00884254 -0.0163077 4.03436e-05 -0.000217138 -0.0163077 0.0809189 
0.00892961 -0.016363 1.65696e-05 3.04909e-05 -0.016363 0.0808865 2.96514e-05 -0.000210162 1.65696e-05 2.96514e-05 0.00885256 -0.0163301 3.04909e-05 -0.000210162 -0.0163301 0.0809967 
