0.0062082 0 2.35195e-05 0 0 0.0087765 0 0 2.35195e-05 0 0.00614644 0 0 0 0 0.0087765 
0.00946391 -0.0117434 2.74657e-05 -3.27673e-05 -0.0117434 0.0311955 -3.27673e-05 6.27716e-05 2.74657e-05 -3.27673e-05 0.00940626 -0.011678 -3.27673e-05 6.27716e-05 -0.011678 0.0310702 
0.00976947 -0.0181391 1.29339e-05 2.28301e-07 -0.0181391 0.0668997 2.28301e-07 -1.30755e-05 1.29339e-05 2.28301e-07 0.0097617 -0.0182503 2.28301e-07 -1.30755e-05 -0.0182503 0.0673107 
0.00920279 -0.017636 5.67683e-07 5.86614e-05 -0.017636 0.0790053 5.97267e-05 -0.0003311 5.67683e-07 5.97267e-05 0.00922932 -0.017961 5.86614e-05 -0.0003311 -0.017961 0.0807384 
0.0089367 -0.0165382 2.01427e-06 6.32274e-05 -0.0165382 0.079524 6.25999e-05 -0.000450301 2.01427e-06 6.25999e-05 0.00890157 -0.0168518 6.32274e-05 -0.000450301 -0.0168518 0.0816805 
0.00871762 -0.0158896 -1.01057e-05 4.26878e-05 -0.0158896 0.0776633 3.90796e-05 -0.000363972 -1.01057e-05 3.90796e-05 0.0086367 -0.0160438 4.26878e-05 -0.000363972 -0.0160438 0.0793058 
0.00849203 -0.0154575 -8.45227e-06 4.86058e-05 -0.0154575 0.0758239 4.02464e-05 -0.000285834 -8.45227e-06 4.02464e-05 0.00841316 -0.0155071 4.86058e-05 -0.000285834 -0.0155071 0.0768628 
0.00824747 -0.0150527 -1.27238e-05 4.73451e-05 -0.0150527 0.0740186 3.5689e-05 -0.000241135 -1.27238e-05 3.5689e-05 0.00822159 -0.0150933 4.73451e-05 -0.000241135 -0.0150933 0.0747489 
0.00967614 -0.0176216 -2.06637e-05 5.90149e-05 -0.0176216 0.0868787 5.00129e-05 -0.000269852 -2.06637e-05 5.00129e-05 0.00966651 -0.0177561 5.90149e-05 -0.000269852 -0.0177561 0.0877638 
0.00953706 -0.0173551 -1.36086e-05 6.63401e-05 -0.0173551 0.0855807 6.06388e-05 -0.000281453 -1.36086e-05 6.06388e-05 0.00954282 -0.0175353 6.63401e-05 -0.000281453 -0.0175353 0.086595 
0.00946376 -0.0171952 -1.5439e-05 6.19278e-05 -0.0171952 0.0847691 5.52462e-05 -0.000285767 -1.5439e-05 5.52462e-05 0.00944773 -0.0174071 6.19278e-05 -0.000285767 -0.0174071 0.0859063 
0.00942557 -0.0171352 -1.47692e-05 6.07181e-05 -0.0171352 0.0843929 5.53985e-05 -0.000281315 -1.47692e-05 5.53985e-05 0.00940015 -0.0173251 6.07181e-05 -0.000281315 -0.0173251 0.0855579 
0.00938001 -0.0170709 -6.96921e-06 5.57256e-05 -0.0170709 0.0840517 5.36706e-05 -0.000271525 -6.96921e-06 5.36706e-05 0.00937092 -0.0172464 5.57256e-05 -0.000271525 -0.0172464 0.0851924 
0.00935441 -0.0170593 -3.36741e-06 4.21013e-05 -0.0170593 0.0840097 4.21887e-05 -0.000243602 -3.36741e-06 4.21887e-05 0.00937862 -0.0172481 4.21013e-05 -0.000243602 -0.0172481 0.0851546 
0.00936362 -0.0170644 4.55499e-06 3.45811e-05 -0.0170644 0.0841088 3.7214e-05 -0.000217725 4.55499e-06 3.7214e-05 0.00938142 -0.0172893 3.45811e-05 -0.000217725 -0.0172893 0.0853095 
0.00937565 -0.0170561 1.19965e-05 2.49041e-05 -0.0170561 0.0840696 2.8992e-05 -0.000194275 1.19965e-05 2.8992e-05 0.00934971 -0.0172698 2.49041e-05 -0.000194275 -0.0172698 0.0852737 
0.00936827 -0.0170567 1.15104e-05 1.46263e-05 -0.0170567 0.0839991 1.77579e-05 -0.000165244 1.15104e-05 1.77579e-05 0.00931238 -0.0172047 1.46263e-05 -0.000165244 -0.0172047 0.0850751 
0.00934147 -0.0170133 1.11597e-05 1.60524e-05 -0.0170133 0.0837807 1.61432e-05 -0.000151101 1.11597e-05 1.61432e-05 0.00927164 -0.0171145 1.60524e-05 -0.000151101 -0.0171145 0.0847018 
0.00931095 -0.0169445 1.0257e-05 1.71943e-05 -0.0169445 0.0834426 1.48267e-05 -0.000145979 1.0257e-05 1.48267e-05 0.00922196 -0.017021 1.71943e-05 -0.000145979 -0.017021 0.0842504 
0.00930012 -0.0169181 4.77267e-06 1.78937e-05 -0.0169181 0.083276 1.60699e-05 -0.000145116 4.77267e-06 1.60699e-05 0.00918813 -0.0169673 1.78937e-05 -0.000145116 -0.0169673 0.0839946 
0.00929066 -0.016927 3.86314e-06 2.24462e-05 -0.016927 0.0832769 2.25998e-05 -0.000151046 3.86314e-06 2.25998e-05 0.00918588 -0.0169413 2.24462e-05 -0.000151046 -0.0169413 0.083895 
0.00929666 -0.0169709 1.08569e-05 2.33708e-05 -0.0169709 0.0835213 2.49129e-05 -0.00015671 1.08569e-05 2.49129e-05 0.0092247 -0.0169861 2.33708e-05 -0.00015671 -0.0169861 0.0840865 
0.00931033 -0.0170017 1.88466e-05 1.45411e-05 -0.0170017 0.0837552 1.5762e-05 -0.000144566 1.88466e-05 1.5762e-05 0.00926193 -0.0170577 1.45411e-05 -0.000144566 -0.0170577 0.084366 
0.00931332 -0.0170236 1.87138e-05 2.27708e-06 -0.0170236 0.0839213 3.96288e-06 -0.000115354 1.87138e-05 3.96288e-06 0.00929351 -0.0171169 2.27708e-06 -0.000115354 -0.0171169 0.0846275 
0.00930663 -0.0169993 1.77738e-05 -3.25784e-07 -0.0169993 0.0838804 1.72798e-06 -9.54174e-05 1.77738e-05 1.72798e-06 0.0092956 -0.017137 -3.25784e-07 -9.54174e-05 -0.017137 0.0847049 
0.00928736 -0.016954 2.49818e-05 -3.49527e-07 -0.016954 0.0836753 -4.12744e-07 -8.39836e-05 2.49818e-05 -4.12744e-07 0.00927262 -0.0171064 -3.49527e-07 -8.39836e-05 -0.0171064 0.0845794 
0.0092587 -0.0168935 2.07326e-05 -7.30763e-06 -0.0168935 0.083368 -1.1748e-05 -6.4458e-05 2.07326e-05 -1.1748e-05 0.00924594 -0.017038 -7.30763e-06 -6.4458e-05 -0.017038 0.0842828 
0.00924957 -0.0168747 6.18834e-06 -2.74568e-07 -0.0168747 0.0832568 -6.20012e-06 -6.53253e-05 6.18834e-06 -6.20012e-06 0.00923665 -0.0170216 -2.74568e-07 -6.53253e-05 -0.0170216 0.0841751 
0.00922349 -0.0168473 -2.95304e-06 2.04597e-05 -0.0168473 0.0831041 1.73574e-05 -0.000108036 -2.95304e-06 1.73574e-05 0.00923316 -0.0169911 2.04597e-05 -0.000108036 -0.0169911 0.0840154 
0.00921741 -0.016848 -2.36223e-05 3.22419e-05 -0.016848 0.0831409 3.23719e-05 -0.00015304 -2.36223e-05 3.23719e-05 0.00925761 -0.0170173 3.22419e-05 -0.00015304 -0.0170173 0.084084 
0.00921124 -0.0168296 -3.84836e-05 5.9674e-05 -0.0168296 0.0830899 6.096e-05 -0.000217344 -3.84836e-05 6.096e-05 0.00926702 -0.0170391 5.9674e-05 -0.000217344 -0.0170391 0.0841156 
0.00924817 -0.0168734 -3.74701e-05 8.26747e-05 -0.0168734 0.0833153 8.04628e-05 -0.000283793 -3.74701e-05 8.04628e-05 0.00929249 -0.0171124 8.26747e-05 -0.000283793 -0.0171124 0.0844373 
0.00924986 -0.016865 -2.23795e-05 8.42471e-05 -0.016865 0.0832277 7.76683e-05 -0.000311199 -2.23795e-05 7.76683e-05 0.0092778 -0.0170934 8.42471e-05 -0.000311199 -0.0170934 0.0843765 
0.0092629 -0.0168781 -5.25803e-07 6.27726e-05 -0.0168781 0.0832444 5.91e-05 -0.000285886 -5.25803e-07 5.91e-05 0.00927082 -0.0170858 6.27726e-05 -0.000285886 -0.0170858 0.0843668 
0.00924984 -0.016881 9.24887e-06 3.02133e-05 -0.016881 0.0832051 3.18852e-05 -0.000221056 9.24887e-06 3.18852e-05 0.00926739 -0.0170579 3.02133e-05 -0.000221056 -0.0170579 0.0842585 
0.00922809 -0.0168479 1.19239e-05 1.44521e-05 -0.0168479 0.0830705 1.97278e-05 -0.000167383 1.19239e-05 1.97278e-05 0.00925569 -0.0170323 1.44521e-05 -0.000167383 -0.0170323 0.0840986 
0.0092303 -0.0168515 -7.81411e-06 1.12536e-05 -0.0168515 0.0831122 1.77251e-05 -0.000144518 -7.81411e-06 1.77251e-05 0.00926104 -0.0170503 1.12536e-05 -0.000144518 -0.0170503 0.0841632 
0.00924309 -0.0168768 -2.00674e-05 3.65359e-05 -0.0168768 0.0832512 4.08317e-05 -0.00017504 -2.00674e-05 4.08317e-05 0.00927395 -0.0170857 3.65359e-05 -0.00017504 -0.0170857 0.0843389 
0.00926472 -0.0169149 -2.2596e-05 5.54197e-05 -0.0169149 0.083454 5.77933e-05 -0.000224656 -2.2596e-05 5.77933e-05 0.00929527 -0.0171284 5.54197e-05 -0.000224656 -0.0171284 0.0845707 
0.00928317 -0.0169299 -1.28582e-05 6.06168e-05 -0.0169299 0.0835339 6.06947e-05 -0.000251414 -1.28582e-05 6.06947e-05 0.00929811 -0.0171416 6.06168e-05 -0.000251414 -0.0171416 0.0846585 
0.00932699 -0.0169854 -3.76532e-06 4.81312e-05 -0.0169854 0.0837738 4.68768e-05 -0.000238405 -3.76532e-06 4.68768e-05 0.00931145 -0.0171802 4.81312e-05 -0.000238405 -0.0171802 0.0848783 
0.00935125 -0.017027 4.2871e-06 3.41798e-05 -0.017027 0.0839104 3.09816e-05 -0.000201955 4.2871e-06 3.09816e-05 0.00931698 -0.0171836 3.41798e-05 -0.000201955 -0.0171836 0.0849427 
0.0093847 -0.0171097 6.61137e-06 2.20313e-05 -0.0171097 0.0842744 1.68662e-05 -0.000160178 6.61137e-06 1.68662e-05 0.00934718 -0.0172372 2.20313e-05 -0.000160178 -0.0172372 0.0852218 
0.0093924 -0.0171114 -4.72025e-06 2.1052e-05 -0.0171114 0.0843152 1.20227e-05 -0.000137159 -4.72025e-06 1.20227e-05 0.00934216 -0.0172355 2.1052e-05 -0.000137159 -0.0172355 0.0852215 
0.00939475 -0.0171081 -1.67245e-05 3.49711e-05 -0.0171081 0.084291 2.61227e-05 -0.000151649 -1.67245e-05 2.61227e-05 0.0093353 -0.0172225 3.49711e-05 -0.000151649 -0.0172225 0.0851776 
0.00939332 -0.0171006 -3.05357e-05 4.86936e-05 -0.0171006 0.0842356 4.25006e-05 -0.000184812 -3.05357e-05 4.25006e-05 0.00932192 -0.0172034 4.86936e-05 -0.000184812 -0.0172034 0.0850958 
0.00935449 -0.0170669 -3.00306e-05 6.29033e-05 -0.0170669 0.084045 6.05381e-05 -0.000221766 -3.00306e-05 6.05381e-05 0.00931225 -0.0171489 6.29033e-05 -0.000221766 -0.0171489 0.0848538 
0.00932753 -0.0170385 -1.12022e-05 6.10581e-05 -0.0170385 0.0839748 5.889e-05 -0.000232821 -1.12022e-05 5.889e-05 0.00932476 -0.0171527 6.10581e-05 -0.000232821 -0.0171527 0.0848081 
0.00932247 -0.0170004 1.06622e-05 3.85921e-05 -0.0170004 0.0838693 3.30808e-05 -0.000195022 1.06622e-05 3.30808e-05 0.0093212 -0.0171697 3.85921e-05 -0.000195022 -0.0171697 0.0848144 
0.00934248 -0.0169929 1.94254e-05 1.01735e-05 -0.0169929 0.0838059 3.77728e-08 -0.000121963 1.94254e-05 3.77728e-08 0.00929462 -0.0171672 1.01735e-05 -0.000121963 -0.0171672 0.0848176 
0.0093372 -0.0170042 2.16703e-05 -3.93759e-06 -0.0170042 0.0837476 -1.24521e-05 -6.47072e-05 2.16703e-05 -1.24521e-05 0.0092902 -0.0171158 -3.93759e-06 -6.47072e-05 -0.0171158 0.0846738 
0.00938329 -0.0170899 2.21045e-05 -8.53424e-06 -0.0170899 0.0841622 -1.19912e-05 -4.11137e-05 2.21045e-05 -1.19912e-05 0.0093325 -0.0171965 -8.53424e-06 -4.11137e-05 -0.0171965 0.0850232 
0.00940476 -0.0171277 2.35397e-05 -9.70145e-06 -0.0171277 0.0843457 -1.05432e-05 -3.41253e-05 2.35397e-05 -1.05432e-05 0.00934893 -0.0172358 -9.70145e-06 -3.41253e-05 -0.0172358 0.0851982 
0.00940915 -0.0171017 9.94869e-06 -9.50963e-06 -0.0171017 0.0842188 -1.05095e-05 -3.53129e-05 9.94869e-06 -1.05095e-05 0.00933283 -0.0172123 -9.50963e-06 -3.53129e-05 -0.0172123 0.0850851 
0.00941171 -0.0171212 1.55912e-06 8.11122e-06 -0.0171212 0.0842427 6.2479e-06 -6.26774e-05 1.55912e-06 6.2479e-06 0.00934185 -0.0172127 8.11122e-06 -6.26774e-05 -0.0172127 0.0850965 
0.00940692 -0.0171219 1.28396e-05 2.22922e-05 -0.0171219 0.0842454 1.90418e-05 -0.000103037 1.28396e-05 1.90418e-05 0.00934961 -0.0172227 2.22922e-05 -0.000103037 -0.0172227 0.0851077 
0.00936368 -0.0171002 2.59012e-05 8.96421e-06 -0.0171002 0.0841575 5.39108e-06 -9.89084e-05 2.59012e-05 5.39108e-06 0.00937079 -0.0172197 8.96421e-06 -9.89084e-05 -0.0172197 0.0850635 
0.00932945 -0.0170485 2.17973e-05 -9.65769e-06 -0.0170485 0.08404 -1.2771e-05 -6.04001e-05 2.17973e-05 -1.2771e-05 0.00939055 -0.0172473 -9.65769e-06 -6.04001e-05 -0.0172473 0.0850896 
0.00935193 -0.0170508 1.62553e-05 -7.3208e-06 -0.0170508 0.0841446 -1.12905e-05 -4.14173e-05 1.62553e-05 -1.12905e-05 0.00941064 -0.0173253 -7.3208e-06 -4.14173e-05 -0.0173253 0.085396 
0.00937246 -0.0170705 1.47351e-05 -1.40846e-06 -0.0170705 0.0842061 -7.40741e-06 -4.20115e-05 1.47351e-05 -7.40741e-06 0.00941846 -0.0173472 -1.40846e-06 -4.20115e-05 -0.0173472 0.0855524 
0.00938909 -0.0170944 8.65161e-06 -1.14642e-06 -0.0170944 0.0842777 -6.55065e-06 -4.12518e-05 8.65161e-06 -6.55065e-06 0.00941642 -0.0173542 -1.14642e-06 -4.12518e-05 -0.0173542 0.0856213 
0.00940418 -0.0171432 -2.45975e-07 5.39884e-06 -0.0171432 0.0844806 1.95212e-06 -5.16989e-05 -2.45975e-07 1.95212e-06 0.00943929 -0.0173751 5.39884e-06 -5.16989e-05 -0.0173751 0.0857687 
0.00937764 -0.0171255 1.40705e-06 1.67583e-05 -0.0171255 0.084423 1.52902e-05 -7.74015e-05 1.40705e-06 1.52902e-05 0.009453 -0.017363 1.67583e-05 -7.74015e-05 -0.017363 0.0856873 
0.00936466 -0.0171031 4.44374e-06 1.70357e-05 -0.0171031 0.0843977 1.88196e-05 -9.67202e-05 4.44374e-06 1.88196e-05 0.00945763 -0.0173932 1.70357e-05 -9.67202e-05 -0.0173932 0.0857451 
0.00935921 -0.0170298 -4.87008e-07 1.28558e-05 -0.0170298 0.0840857 2.00875e-05 -0.000104344 -4.87008e-07 2.00875e-05 0.00941583 -0.0173505 1.28558e-05 -0.000104344 -0.0173505 0.0855349 
0.00937043 -0.0170247 2.4427e-06 1.75604e-05 -0.0170247 0.0839421 2.73771e-05 -0.00011679 2.4427e-06 2.73771e-05 0.00937615 -0.0172996 1.75604e-05 -0.00011679 -0.0172996 0.0853603 
0.00936083 -0.0170134 4.84347e-06 1.34378e-05 -0.0170134 0.0837709 2.43874e-05 -0.000119118 4.84347e-06 2.43874e-05 0.00933635 -0.0172177 1.34378e-05 -0.000119118 -0.0172177 0.0850414 
0.00934123 -0.0170169 1.50466e-05 1.0463e-05 -0.0170169 0.0837349 2.17349e-05 -0.000115346 1.50466e-05 2.17349e-05 0.00931485 -0.0171744 1.0463e-05 -0.000115346 -0.0171744 0.0848536 
0.00933241 -0.0170001 1.51071e-05 7.79289e-07 -0.0170001 0.0837045 8.23005e-06 -9.77593e-05 1.51071e-05 8.23005e-06 0.00929586 -0.017152 7.79289e-07 -9.77593e-05 -0.017152 0.0847496 
0.00933867 -0.0170253 1.20952e-05 1.20244e-06 -0.0170253 0.0838423 4.41406e-06 -8.53193e-05 1.20952e-05 4.41406e-06 0.00929995 -0.0171615 1.20244e-06 -8.53193e-05 -0.0171615 0.0848369 
0.00933401 -0.0170378 2.56251e-06 3.83397e-06 -0.0170378 0.0839376 4.21236e-06 -8.0302e-05 2.56251e-06 4.21236e-06 0.00931209 -0.0171646 3.83397e-06 -8.0302e-05 -0.0171646 0.084884 
0.00933525 -0.017045 -4.91564e-06 1.464e-05 -0.017045 0.084037 1.35921e-05 -9.17902e-05 -4.91564e-06 1.35921e-05 0.00932639 -0.0171878 1.464e-05 -9.17902e-05 -0.0171878 0.0849816 
0.00931998 -0.0170144 -1.22169e-05 2.38503e-05 -0.0170144 0.0839312 2.32159e-05 -0.000111501 -1.22169e-05 2.32159e-05 0.00932457 -0.0171749 2.38503e-05 -0.000111501 -0.0171749 0.0849074 
0.00930954 -0.0169992 -1.65492e-05 3.37913e-05 -0.0169992 0.0838778 3.32261e-05 -0.000134814 -1.65492e-05 3.32261e-05 0.00932695 -0.0171764 3.37913e-05 -0.000134814 -0.0171764 0.0848923 
0.00928184 -0.0169649 -5.93611e-06 4.08528e-05 -0.0169649 0.0837332 3.80087e-05 -0.000155029 -5.93611e-06 3.80087e-05 0.00932734 -0.017159 4.08528e-05 -0.000155029 -0.017159 0.0847891 
0.009283 -0.0169453 1.18299e-05 2.8989e-05 -0.0169453 0.0836889 2.44508e-05 -0.000143271 1.18299e-05 2.44508e-05 0.00932623 -0.0171756 2.8989e-05 -0.000143271 -0.0171756 0.0848202 
0.0092785 -0.0169178 2.05349e-05 4.25824e-06 -0.0169178 0.0835324 5.58751e-07 -9.35941e-05 2.05349e-05 5.58751e-07 0.00930861 -0.0171502 4.25824e-06 -9.35941e-05 -0.0171502 0.0847083 
0.00929703 -0.0169481 2.49394e-05 -1.0059e-05 -0.0169481 0.0836266 -1.07415e-05 -4.82044e-05 2.49394e-05 -1.07415e-05 0.00930224 -0.0171607 -1.0059e-05 -4.82044e-05 -0.0171607 0.0847825 
0.00929534 -0.0169424 2.29571e-05 -1.50838e-05 -0.0169424 0.0835582 -1.50795e-05 -2.49316e-05 2.29571e-05 -1.50795e-05 0.00927419 -0.0171168 -1.50838e-05 -2.49316e-05 -0.0171168 0.0846301 
0.0092858 -0.0169454 1.98009e-05 -1.21067e-05 -0.0169454 0.0835441 -1.32902e-05 -2.22927e-05 1.98009e-05 -1.32902e-05 0.00925396 -0.0170828 -1.21067e-05 -2.22927e-05 -0.0170828 0.0845126 
0.00926515 -0.016913 5.6949e-06 -7.10407e-06 -0.016913 0.0834094 -1.22185e-05 -2.57296e-05 5.6949e-06 -1.22185e-05 0.00922656 -0.0170295 -7.10407e-06 -2.57296e-05 -0.0170295 0.0842913 
0.00924101 -0.0168548 -1.28992e-05 1.13345e-05 -0.0168548 0.083139 2.21934e-06 -5.00424e-05 -1.28992e-05 2.21934e-06 0.00918604 -0.0169577 1.13345e-05 -5.00424e-05 -0.0169577 0.0839596 
0.00922883 -0.0168305 -9.83501e-06 3.51095e-05 -0.0168305 0.0829951 2.47687e-05 -9.85182e-05 -9.83501e-06 2.47687e-05 0.00916866 -0.0169129 3.51095e-05 -9.85182e-05 -0.0169129 0.0837575 
0.0092305 -0.0168211 6.89945e-06 3.29323e-05 -0.0168211 0.0829287 2.64635e-05 -0.000124409 6.89945e-06 2.64635e-05 0.00915548 -0.016893 3.29323e-05 -0.000124409 -0.016893 0.0836424 
0.00917859 -0.0167552 1.69014e-05 9.58438e-06 -0.0167552 0.0825612 8.93583e-06 -9.85387e-05 1.69014e-05 8.93583e-06 0.00913508 -0.0168087 9.58438e-06 -9.85387e-05 -0.0168087 0.0832262 
0.00915906 -0.0167371 4.74772e-06 -7.84762e-06 -0.0167371 0.0825085 -2.81835e-06 -5.80925e-05 4.74772e-06 -2.81835e-06 0.00914419 -0.0168256 -7.84762e-06 -5.80925e-05 -0.0168256 0.0832021 
0.00914531 -0.0167093 -1.26747e-05 5.56966e-06 -0.0167093 0.0824229 1.30471e-05 -6.47723e-05 -1.26747e-05 1.30471e-05 0.00914263 -0.0168368 5.56966e-06 -6.47723e-05 -0.0168368 0.0832003 
0.00915393 -0.0167221 -1.66386e-05 2.71003e-05 -0.0167221 0.0825012 3.39026e-05 -0.000105929 -1.66386e-05 3.39026e-05 0.00915301 -0.016865 2.71003e-05 -0.000105929 -0.016865 0.0833399 
0.00917478 -0.0167621 -1.13956e-05 3.43043e-05 -0.0167621 0.0826965 3.71699e-05 -0.000133231 -1.13956e-05 3.71699e-05 0.00917102 -0.0169046 3.43043e-05 -0.000133231 -0.0169046 0.0835531 
0.00919877 -0.0167968 -2.32933e-06 2.91389e-05 -0.0167968 0.0828752 2.81056e-05 -0.00012916 -2.32933e-06 2.81056e-05 0.00918488 -0.0169376 2.91389e-05 -0.00012916 -0.0169376 0.0837338 
0.00919682 -0.0168111 8.95238e-06 1.87267e-05 -0.0168111 0.0829358 1.42254e-05 -0.000104046 8.95238e-06 1.42254e-05 0.00919473 -0.0169455 1.87267e-05 -0.000104046 -0.0169455 0.0837921 
0.00918385 -0.016794 9.38789e-06 2.93318e-06 -0.016794 0.0828952 -4.05047e-07 -6.70103e-05 9.38789e-06 -4.05047e-07 0.00919124 -0.016947 2.93318e-06 -6.70103e-05 -0.016947 0.0837839 
0.00915854 -0.0167468 -1.33579e-07 1.87646e-06 -0.0167468 0.0827047 1.40411e-06 -5.22443e-05 -1.33579e-07 1.40411e-06 0.00917471 -0.0169187 1.87646e-06 -5.22443e-05 -0.0169187 0.083651 
0.00912639 -0.0166894 -5.91165e-06 1.46599e-05 -0.0166894 0.0824462 1.26089e-05 -6.82006e-05 -5.91165e-06 1.26089e-05 0.00915752 -0.0168764 1.46599e-05 -6.82006e-05 -0.0168764 0.0834473 
0.00911861 -0.0166936 2.34523e-06 2.22722e-05 -0.0166936 0.0824856 1.82917e-05 -8.78022e-05 2.34523e-06 1.82917e-05 0.0091821 -0.0168994 2.22722e-05 -8.78022e-05 -0.0168994 0.083539 
0.00915367 -0.0167182 1.92897e-05 9.24175e-06 -0.0167182 0.0826622 6.41584e-06 -7.32131e-05 1.92897e-05 6.41584e-06 0.00920374 -0.0169668 9.24175e-06 -7.32131e-05 -0.0169668 0.0838094 
0.0092028 -0.0167696 2.08909e-05 -1.37276e-05 -0.0167696 0.0828526 -1.45754e-05 -2.60683e-05 2.08909e-05 -1.45754e-05 0.00921171 -0.0170023 -1.37276e-05 -2.60683e-05 -0.0170023 0.0840188 
0.00924463 -0.0168171 8.17307e-06 -1.61896e-05 -0.0168171 0.0829682 -1.56427e-05 -1.58547e-06 8.17307e-06 -1.56427e-05 0.00919672 -0.0169905 -1.61896e-05 -1.58547e-06 -0.0169905 0.0840284 
0.00927984 -0.0168945 4.6574e-06 1.62972e-06 -0.0168945 0.0832243 2.07277e-06 -2.63113e-05 4.6574e-06 2.07277e-06 0.00920061 -0.016992 1.62972e-06 -2.63113e-05 -0.016992 0.0841063 
0.0092957 -0.0169285 -1.45695e-06 8.61982e-06 -0.0169285 0.0833513 8.26179e-06 -5.45027e-05 -1.45695e-06 8.26179e-06 0.00920258 -0.01698 8.61982e-06 -5.45027e-05 -0.01698 0.0840722 
0.009305 -0.0169742 5.10206e-06 1.26088e-05 -0.0169742 0.0835622 1.0966e-05 -6.46075e-05 5.10206e-06 1.0966e-05 0.00922827 -0.0170094 1.26088e-05 -6.46075e-05 -0.0170094 0.0841987 
0.00929827 -0.0169834 5.28094e-06 5.81943e-06 -0.0169834 0.0836707 3.50994e-07 -5.27578e-05 5.28094e-06 3.50994e-07 0.00925126 -0.0170504 5.81943e-06 -5.27578e-05 -0.0170504 0.0843443 
0.00926966 -0.0169572 9.28165e-06 5.71357e-06 -0.0169572 0.0836225 -1.30672e-06 -4.12738e-05 9.28165e-06 -1.30672e-06 0.00928445 -0.0170698 5.71357e-06 -4.12738e-05 -0.0170698 0.0844059 
0.0092172 -0.0168914 5.69434e-06 5.33794e-09 -0.0168914 0.0834009 -3.0308e-06 -3.29808e-05 5.69434e-06 -3.0308e-06 0.00931262 -0.017084 5.33794e-09 -3.29808e-05 -0.017084 0.0843639 
0.00919076 -0.0168286 -7.23082e-06 3.83866e-06 -0.0168286 0.0832122 4.28931e-06 -3.94163e-05 -7.23082e-06 4.28931e-06 0.00932219 -0.0171236 3.83866e-06 -3.94163e-05 -0.0171236 0.0844217 
0.00920168 -0.0168047 -1.20167e-05 1.87005e-05 -0.0168047 0.0831307 2.27008e-05 -7.15955e-05 -1.20167e-05 2.27008e-05 0.00931563 -0.0171534 1.87005e-05 -7.15955e-05 -0.0171534 0.0845417 
0.00922523 -0.0168369 3.82088e-06 2.52138e-05 -0.0168369 0.0832164 3.0233e-05 -9.95298e-05 3.82088e-06 3.0233e-05 0.00931475 -0.0171667 2.52138e-05 -9.95298e-05 -0.0171667 0.0846777 
0.00921187 -0.0168292 1.6458e-05 5.75797e-06 -0.0168292 0.0831228 9.78419e-06 -7.78099e-05 1.6458e-05 9.78419e-06 0.00930118 -0.0171234 5.75797e-06 -7.78099e-05 -0.0171234 0.0845283 
0.00921671 -0.0168175 1.10916e-05 -1.23144e-05 -0.0168175 0.0830741 -1.08955e-05 -2.84048e-05 1.10916e-05 -1.08955e-05 0.00928118 -0.0171058 -1.23144e-05 -2.84048e-05 -0.0171058 0.0844356 
0.00921371 -0.0167916 8.05266e-06 -6.83824e-06 -0.0167916 0.082898 -1.08293e-05 -5.58388e-06 8.05266e-06 -1.08293e-05 0.0092399 -0.0170474 -6.83824e-06 -5.58388e-06 -0.0170474 0.0841924 
0.00921453 -0.0167814 -5.88392e-06 -1.20909e-06 -0.0167814 0.0827759 -1.05449e-05 -3.98283e-06 -5.88392e-06 -1.05449e-05 0.00920906 -0.0169874 -1.20909e-06 -3.98283e-06 -0.0169874 0.0839571 
0.0092344 -0.0168154 -2.13232e-05 1.48417e-05 -0.0168154 0.0828796 6.68203e-06 -2.69207e-05 -2.13232e-05 6.68203e-06 0.00920411 -0.0169822 1.48417e-05 -2.69207e-05 -0.0169822 0.0839493 
0.00928303 -0.0169297 -3.06954e-05 3.25698e-05 -0.0169297 0.083398 2.78129e-05 -6.92688e-05 -3.06954e-05 2.78129e-05 0.00924911 -0.0170646 3.25698e-05 -6.92688e-05 -0.0170646 0.0843753 
0.00930758 -0.0169928 -2.65541e-05 4.44299e-05 -0.0169928 0.083735 4.19799e-05 -0.000108375 -2.65541e-05 4.19799e-05 0.00928429 -0.0171163 4.44299e-05 -0.000108375 -0.0171163 0.0846489 
0.0093254 -0.0170106 -2.83704e-05 3.87114e-05 -0.0170106 0.0838755 3.78802e-05 -0.000116461 -2.83704e-05 3.78802e-05 0.00930654 -0.0171457 3.87114e-05 -0.000116461 -0.0171457 0.0847796 
0.0093433 -0.0170308 -2.03321e-05 3.86559e-05 -0.0170308 0.0839735 3.77983e-05 -0.000112459 -2.03321e-05 3.77983e-05 0.00932499 -0.0171765 3.86559e-05 -0.000112459 -0.0171765 0.0848991 
0.00935247 -0.0170608 -1.52652e-05 2.91722e-05 -0.0170608 0.0841011 2.51668e-05 -9.29599e-05 -1.52652e-05 2.51668e-05 0.00934726 -0.017214 2.91722e-05 -9.29599e-05 -0.017214 0.0850576 
0.00936244 -0.0170362 -2.00821e-06 2.31222e-05 -0.0170362 0.084006 1.54093e-05 -6.74223e-05 -2.00821e-06 1.54093e-05 0.00932753 -0.0172091 2.31222e-05 -6.74223e-05 -0.0172091 0.0850108 
0.00933312 -0.0170324 6.32195e-06 7.30944e-06 -0.0170324 0.0839106 -1.77065e-06 -3.14887e-05 6.32195e-06 -1.77065e-06 0.00933313 -0.0171764 7.30944e-06 -3.14887e-05 -0.0171764 0.0849029 
0.00932177 -0.0170149 1.32447e-05 -7.13957e-06 -0.0170149 0.0839037 -1.40666e-05 1.05324e-05 1.32447e-05 -1.40666e-05 0.0093488 -0.0172021 -7.13957e-06 1.05324e-05 -0.0172021 0.0849522 
0.00928835 -0.0169494 2.092e-05 -1.7963e-05 -0.0169494 0.0836237 -2.47269e-05 4.68973e-05 2.092e-05 -2.47269e-05 0.00934497 -0.0171763 -1.7963e-05 4.68973e-05 -0.0171763 0.0847797 
0.00927616 -0.0169228 2.61448e-05 -2.82997e-05 -0.0169228 0.0835051 -3.53792e-05 7.99715e-05 2.61448e-05 -3.53792e-05 0.00934802 -0.0171898 -2.82997e-05 7.99715e-05 -0.0171898 0.0847766 
0.0092983 -0.016942 1.35733e-05 -3.60402e-05 -0.016942 0.0835946 -4.34204e-05 0.000107497 1.35733e-05 -4.34204e-05 0.00935049 -0.0172286 -3.60402e-05 0.000107497 -0.0172286 0.0849478 
0.00931754 -0.0169921 6.46156e-07 -2.22794e-05 -0.0169921 0.0837942 -2.70232e-05 9.6199e-05 6.46156e-07 -2.70232e-05 0.00936581 -0.0172566 -2.22794e-05 9.6199e-05 -0.0172566 0.0851464 
0.00934711 -0.0170315 2.27901e-06 -5.96828e-06 -0.0170315 0.0839985 -6.13779e-06 5.51648e-05 2.27901e-06 -6.13779e-06 0.00937103 -0.017286 -5.96828e-06 5.51648e-05 -0.017286 0.0853196 
0.00937279 -0.017052 7.87934e-06 -7.69931e-06 -0.017052 0.0840668 -1.47838e-06 3.01913e-05 7.87934e-06 -1.47838e-06 0.00936265 -0.0172707 -7.69931e-06 3.01913e-05 -0.0172707 0.0853138 
0.009399 -0.0170923 3.84243e-06 -1.54905e-05 -0.0170923 0.0841903 -6.80595e-06 3.17321e-05 3.84243e-06 -6.80595e-06 0.00936459 -0.0172641 -1.54905e-05 3.17321e-05 -0.0172641 0.0853207 
0.0094067 -0.017126 5.56009e-06 -1.00829e-05 -0.017126 0.0843015 -1.64559e-06 2.62354e-05 5.56009e-06 -1.64559e-06 0.00936991 -0.0172644 -1.00829e-05 2.62354e-05 -0.0172644 0.0853243 
0.00940626 -0.0171372 3.08296e-06 -1.03468e-05 -0.0171372 0.0843775 -2.16482e-06 1.97694e-05 3.08296e-06 -2.16482e-06 0.00938235 -0.0172778 -1.03468e-05 1.97694e-05 -0.0172778 0.0853671 
0.00941081 -0.0171445 1.41736e-05 -5.49306e-06 -0.0171445 0.0844468 3.57023e-06 6.50641e-06 1.41736e-05 3.57023e-06 0.00939699 -0.017305 -5.49306e-06 6.50641e-06 -0.017305 0.0854691 
0.00941954 -0.0171377 8.99787e-06 -1.58311e-05 -0.0171377 0.0844281 -8.31314e-06 1.26508e-05 8.99787e-06 -8.31314e-06 0.00939352 -0.017314 -1.58311e-05 1.26508e-05 -0.017314 0.0854978 
0.00944143 -0.0171648 -6.12521e-06 -6.54271e-06 -0.0171648 0.084523 -9.19456e-07 1.76811e-06 -6.12521e-06 -9.19456e-07 0.00939688 -0.0173302 -6.54271e-06 1.76811e-06 -0.0173302 0.0856007 
0.00943767 -0.0171654 -6.18313e-06 1.46363e-05 -0.0171654 0.0844862 2.15639e-05 -4.47247e-05 -6.18313e-06 2.15639e-05 0.00939275 -0.0173129 1.46363e-05 -4.47247e-05 -0.0173129 0.0855417 
0.00944475 -0.0171772 -2.73418e-06 1.35067e-05 -0.0171772 0.0845425 2.32123e-05 -6.98305e-05 -2.73418e-06 2.32123e-05 0.00939222 -0.0173263 1.35067e-05 -6.98305e-05 -0.0173263 0.0855952 
0.00944625 -0.0171773 -1.71055e-06 8.39259e-06 -0.0171773 0.084531 1.32012e-05 -6.09102e-05 -1.71055e-06 1.32012e-05 0.00938579 -0.0173109 8.39259e-06 -6.09102e-05 -0.0173109 0.085556 
0.00945487 -0.0171768 -1.2019e-05 1.01074e-05 -0.0171768 0.0845166 4.53109e-06 -4.68129e-05 -1.2019e-05 4.53109e-06 0.00936645 -0.0172988 1.01074e-05 -4.68129e-05 -0.0172988 0.0855061 
0.00943924 -0.0171833 -1.23054e-05 2.43203e-05 -0.0171833 0.0845057 1.25868e-05 -5.61752e-05 -1.23054e-05 1.25868e-05 0.00936817 -0.0172701 2.43203e-05 -5.61752e-05 -0.0172701 0.0854243 
0.00942338 -0.0171696 -9.38427e-06 2.3147e-05 -0.0171696 0.0844917 1.36257e-05 -6.16338e-05 -9.38427e-06 1.36257e-05 0.00936712 -0.01727 2.3147e-05 -6.16338e-05 -0.01727 0.0853881 
0.00940279 -0.0171513 -6.09703e-06 1.64738e-05 -0.0171513 0.0844538 1.15498e-05 -5.46028e-05 -6.09703e-06 1.15498e-05 0.00937387 -0.017266 1.64738e-05 -5.46028e-05 -0.017266 0.0853663 
0.00937094 -0.0170953 2.64032e-06 1.19319e-05 -0.0170953 0.0842477 1.05016e-05 -4.71991e-05 2.64032e-06 1.05016e-05 0.00936499 -0.0172418 1.19319e-05 -4.71991e-05 -0.0172418 0.0852117 
0.0093382 -0.017015 -4.32153e-06 2.25616e-06 -0.017015 0.0838928 5.12642e-07 -2.99665e-05 -4.32153e-06 5.12642e-07 0.00932818 -0.0171899 2.25616e-06 -2.99665e-05 -0.0171899 0.0849209 
0.00932812 -0.0170095 -1.53518e-06 8.55147e-06 -0.0170095 0.0838374 6.45787e-06 -2.72961e-05 -1.53518e-06 6.45787e-06 0.00933341 -0.0171768 8.55147e-06 -2.72961e-05 -0.0171768 0.0848785 
0.00932539 -0.0170228 1.65914e-06 7.83581e-06 -0.0170228 0.0839201 6.66139e-06 -3.26166e-05 1.65914e-06 6.66139e-06 0.00935726 -0.0172062 7.83581e-06 -3.26166e-05 -0.0172062 0.0849777 
0.0093184 -0.0170059 3.86071e-06 4.05245e-06 -0.0170059 0.0838909 5.53394e-06 -3.27684e-05 3.86071e-06 5.53394e-06 0.00936494 -0.0172281 4.05245e-06 -3.27684e-05 -0.0172281 0.0850245 
0.00933066 -0.0170219 -5.38589e-06 6.68701e-07 -0.0170219 0.0839926 4.95047e-06 -3.04914e-05 -5.38589e-06 4.95047e-06 0.00938303 -0.0172737 6.68701e-07 -3.04914e-05 -0.0172737 0.0852243 
0.00932287 -0.0169925 1.28041e-06 1.02964e-05 -0.0169925 0.0838545 1.49357e-05 -4.34427e-05 1.28041e-06 1.49357e-05 0.00936831 -0.0172603 1.02964e-05 -4.34427e-05 -0.0172603 0.085162 
0.0093478 -0.0170251 1.30137e-05 1.98348e-06 -0.0170251 0.0839893 5.25782e-06 -3.65191e-05 1.30137e-05 5.25782e-06 0.00936259 -0.0172897 1.98348e-06 -3.65191e-05 -0.0172897 0.0853327 
0.00934641 -0.0170462 2.35868e-05 -1.25766e-05 -0.0170462 0.0840504 -1.14091e-05 -3.50678e-06 2.35868e-05 -1.14091e-05 0.00936773 -0.0172684 -1.25766e-05 -3.50678e-06 -0.0172684 0.085334 
0.00936164 -0.0170596 2.13158e-05 -2.55894e-05 -0.0170596 0.0841435 -2.61508e-05 3.5343e-05 2.13158e-05 -2.61508e-05 0.00936582 -0.0172776 -2.55894e-05 3.5343e-05 -0.0172776 0.085372 
0.00936041 -0.0170321 1.11355e-05 -2.47743e-05 -0.0170321 0.0839881 -2.36783e-05 4.98512e-05 1.11355e-05 -2.36783e-05 0.00933364 -0.0172294 -2.47743e-05 4.98512e-05 -0.0172294 0.0851667 
