0.00619197 0 3.65031e-05 0 0 0.00877824 0 0 3.65031e-05 0 0.0061771 0 0 0 0 0.00877824 
0.00945895 -0.0117408 3.60783e-05 -4.10717e-05 -0.0117408 0.0311899 -4.10717e-05 7.89469e-05 3.60783e-05 -4.10717e-05 0.00942762 -0.0117015 -4.10717e-05 7.89469e-05 -0.0117015 0.0311142 
0.00974537 -0.0181419 5.24113e-06 5.10348e-05 -0.0181419 0.0668854 5.10348e-05 -0.000193326 5.24113e-06 5.10348e-05 0.0096971 -0.0180527 5.10348e-05 -0.000193326 -0.0180527 0.0665903 
0.00921436 -0.0178297 -8.97393e-06 0.000174748 -0.0178297 0.0799603 0.000175369 -0.000921832 -8.97393e-06 0.000175369 0.00917017 -0.0176864 0.000174748 -0.000921832 -0.0176864 0.0793382 
0.00895808 -0.016782 -9.50219e-07 0.000162888 -0.016782 0.0810481 0.000168437 -0.0011585 -9.50219e-07 0.000168437 0.00890239 -0.0166552 0.000162888 -0.0011585 -0.0166552 0.0803451 
0.00871501 -0.0160955 9.80461e-06 0.000103099 -0.0160955 0.0791153 0.000110344 -0.000920747 9.80461e-06 0.000110344 0.00869836 -0.0159737 0.000103099 -0.000920747 -0.0159737 0.0784958 
0.00845717 -0.0155679 1.65387e-05 6.60487e-05 -0.0155679 0.0768425 7.08635e-05 -0.000644849 1.65387e-05 7.08635e-05 0.00847938 -0.0154979 6.60487e-05 -0.000644849 -0.0154979 0.0763806 
0.00822131 -0.0151092 5.63445e-06 5.17303e-05 -0.0151092 0.0747174 5.40578e-05 -0.00047847 5.63445e-06 5.40578e-05 0.00825942 -0.0150867 5.17303e-05 -0.00047847 -0.0150867 0.0744132 
0.009658 -0.0177011 -1.70499e-05 7.96319e-05 -0.0177011 0.0875841 7.99866e-05 -0.000520199 -1.70499e-05 7.99866e-05 0.00968776 -0.0177045 7.96319e-05 -0.000520199 -0.0177045 0.0873546 
0.00952213 -0.0174194 -1.70023e-05 0.000113831 -0.0174194 0.0861016 0.00011158 -0.000562604 -1.70023e-05 0.00011158 0.00952264 -0.0174035 0.000113831 -0.000562604 -0.0174035 0.0858901 
0.00944977 -0.017291 -1.80222e-05 0.000122163 -0.017291 0.0853388 0.000117375 -0.000609027 -1.80222e-05 0.000117375 0.00944295 -0.0172369 0.000122163 -0.000609027 -0.0172369 0.0850599 
0.0094181 -0.0172492 -6.65296e-06 0.000125586 -0.0172492 0.0850585 0.000118569 -0.000632319 -6.65296e-06 0.000118569 0.0094086 -0.0171784 0.000125586 -0.000632319 -0.0171784 0.0847077 
0.00941799 -0.017264 1.63952e-05 0.000112058 -0.017264 0.0851181 0.000104331 -0.000620524 1.63952e-05 0.000104331 0.00941017 -0.0171927 0.000112058 -0.000620524 -0.0171927 0.0847421 
0.0094424 -0.0173152 2.48077e-05 8.37595e-05 -0.0173152 0.0853916 7.75238e-05 -0.000572301 2.48077e-05 7.75238e-05 0.0094357 -0.0172556 8.37595e-05 -0.000572301 -0.0172556 0.0850412 
0.00941433 -0.0172355 2.52557e-05 6.73134e-05 -0.0172355 0.0850229 6.45352e-05 -0.000518475 2.52557e-05 6.45352e-05 0.00939355 -0.0171869 6.73134e-05 -0.000518475 -0.0171869 0.0847205 
0.00942671 -0.0172688 3.43173e-05 6.43117e-05 -0.0172688 0.0851349 6.45893e-05 -0.000496949 3.43173e-05 6.45893e-05 0.00940546 -0.0172069 6.43117e-05 -0.000496949 -0.0172069 0.0848381 
0.00945269 -0.0173386 3.18621e-05 5.49343e-05 -0.0173386 0.0854663 5.76435e-05 -0.000481525 3.18621e-05 5.76435e-05 0.00943916 -0.0172674 5.49343e-05 -0.000481525 -0.0172674 0.0851442 
0.00947388 -0.0173768 1.52047e-05 5.6151e-05 -0.0173768 0.0856839 6.34771e-05 -0.000479893 1.52047e-05 6.34771e-05 0.00945649 -0.0173033 5.6151e-05 -0.000479893 -0.0173033 0.0853339 
0.00946529 -0.0173728 6.82429e-06 7.36484e-05 -0.0173728 0.0856683 8.48447e-05 -0.000510152 6.82429e-06 8.48447e-05 0.00946134 -0.0172852 7.36484e-05 -0.000510152 -0.0172852 0.0852715 
0.00943331 -0.0173306 -4.41105e-06 8.3722e-05 -0.0173306 0.0854885 9.75203e-05 -0.000543684 -4.41105e-06 9.75203e-05 0.00945268 -0.0172537 8.3722e-05 -0.000543684 -0.0172537 0.0850755 
0.00942363 -0.0173072 -1.32058e-05 9.66352e-05 -0.0173072 0.0854277 0.00011016 -0.000574972 -1.32058e-05 0.00011016 0.00944951 -0.0172615 9.66352e-05 -0.000574972 -0.0172615 0.0850583 
0.00938634 -0.0172441 -6.44964e-06 0.000108918 -0.0172441 0.0851307 0.000117336 -0.000600603 -6.44964e-06 0.000117336 0.00942195 -0.0172084 0.000108918 -0.000600603 -0.0172084 0.0848025 
0.00936475 -0.0171821 1.28449e-05 0.00010114 -0.0171821 0.0848496 0.000105737 -0.000593923 1.28449e-05 0.000105737 0.00938984 -0.0171622 0.00010114 -0.000593923 -0.0171622 0.0845629 
0.00934351 -0.0171527 2.77218e-05 7.6168e-05 -0.0171527 0.0846638 7.69787e-05 -0.000541262 2.77218e-05 7.69787e-05 0.00937701 -0.0171187 7.6168e-05 -0.000541262 -0.0171187 0.0843715 
0.00934625 -0.0171448 3.41543e-05 5.40527e-05 -0.0171448 0.0846285 5.26167e-05 -0.000472581 3.41543e-05 5.26167e-05 0.00936697 -0.0171209 5.40527e-05 -0.000472581 -0.0171209 0.0843418 
0.00935179 -0.0171595 2.57614e-05 4.39158e-05 -0.0171595 0.0846706 4.10886e-05 -0.000423197 2.57614e-05 4.10886e-05 0.00936425 -0.017123 4.39158e-05 -0.000423197 -0.017123 0.0843745 
0.00935793 -0.0171817 2.63876e-06 5.22144e-05 -0.0171817 0.0847794 4.92645e-05 -0.000414768 2.63876e-06 4.92645e-05 0.00937873 -0.0171376 5.22144e-05 -0.000414768 -0.0171376 0.0844671 
0.00936865 -0.0172036 -1.65775e-05 8.1157e-05 -0.0172036 0.0849035 8.06059e-05 -0.000463076 -1.65775e-05 8.06059e-05 0.00939 -0.0171634 8.1157e-05 -0.000463076 -0.0171634 0.0845837 
0.00936896 -0.0171867 -1.90439e-05 0.00010644 -0.0171867 0.0848291 0.000107213 -0.000529678 -1.90439e-05 0.000107213 0.00937675 -0.0171444 0.00010644 -0.000529678 -0.0171444 0.0845015 
0.00936235 -0.0171946 -2.75708e-05 0.000112616 -0.0171946 0.0848285 0.000114233 -0.000572132 -2.75708e-05 0.000114233 0.00937716 -0.0171313 0.000112616 -0.000572132 -0.0171313 0.0844575 
0.00938554 -0.0172451 -3.23487e-05 0.000122846 -0.0172451 0.0850989 0.000126356 -0.000604029 -3.23487e-05 0.000126356 0.0094017 -0.0171829 0.000122846 -0.000604029 -0.0171829 0.084695 
0.00938165 -0.0172502 -2.13926e-05 0.000127014 -0.0172502 0.0851535 0.000132763 -0.00062499 -2.13926e-05 0.000132763 0.00941242 -0.0171913 0.000127014 -0.00062499 -0.0171913 0.0847455 
0.00939032 -0.0172678 -9.62279e-06 0.000111008 -0.0172678 0.0852827 0.00012121 -0.000610976 -9.62279e-06 0.00012121 0.00943231 -0.0172257 0.000111008 -0.000610976 -0.0172257 0.0848968 
0.00938678 -0.0172394 -2.29038e-07 9.39023e-05 -0.0172394 0.0851647 0.000106052 -0.00057302 -2.29038e-07 0.000106052 0.00942135 -0.0172081 9.39023e-05 -0.00057302 -0.0172081 0.084804 
0.00939036 -0.0172389 7.19314e-06 8.24132e-05 -0.0172389 0.0851236 9.2635e-05 -0.000535492 7.19314e-06 9.2635e-05 0.00940776 -0.0171955 8.24132e-05 -0.000535492 -0.0171955 0.0847481 
0.00939963 -0.017238 1.28464e-05 7.51637e-05 -0.017238 0.0850872 8.16163e-05 -0.000507311 1.28464e-05 8.16163e-05 0.00938305 -0.0171711 7.51637e-05 -0.000507311 -0.0171711 0.0846596 
0.00939941 -0.0172361 1.53887e-05 6.95088e-05 -0.0172361 0.0850202 7.20007e-05 -0.00048434 1.53887e-05 7.20007e-05 0.00935595 -0.0171245 6.95088e-05 -0.00048434 -0.0171245 0.0844932 
0.00938153 -0.0171995 1.13908e-05 6.87384e-05 -0.0171995 0.0848102 6.68495e-05 -0.000469111 1.13908e-05 6.68495e-05 0.00931573 -0.0170555 6.87384e-05 -0.000469111 -0.0170555 0.0841879 
0.00934057 -0.0171274 -2.84017e-06 7.44226e-05 -0.0171274 0.0844286 6.93144e-05 -0.000469121 -2.84017e-06 6.93144e-05 0.00926722 -0.0169589 7.44226e-05 -0.000469121 -0.0169589 0.083737 
0.00931855 -0.0171008 -1.56329e-05 9.33792e-05 -0.0171008 0.0842819 8.65218e-05 -0.000500183 -1.56329e-05 8.65218e-05 0.00925323 -0.0169185 9.33792e-05 -0.000500183 -0.0169185 0.0835383 
0.00931897 -0.0171204 -1.67289e-05 0.000112782 -0.0171204 0.0843955 0.000104672 -0.000548844 -1.67289e-05 0.000104672 0.00927152 -0.016947 0.000112782 -0.000548844 -0.016947 0.0836446 
0.00931039 -0.0171084 -1.14916e-05 0.000112536 -0.0171084 0.084384 0.000107805 -0.000571189 -1.14916e-05 0.000107805 0.00927414 -0.0169608 0.000112536 -0.000571189 -0.0169608 0.083681 
0.00930722 -0.017119 -5.97547e-06 0.000101729 -0.017119 0.0844661 0.000102129 -0.000562307 -5.97547e-06 0.000102129 0.00930132 -0.0169873 0.000101729 -0.000562307 -0.0169873 0.0838152 
0.00930929 -0.017128 3.30721e-06 9.20172e-05 -0.017128 0.0845652 9.67044e-05 -0.000543758 3.30721e-06 9.67044e-05 0.00932412 -0.0170363 9.20172e-05 -0.000543758 -0.0170363 0.0839992 
0.00932598 -0.0171037 3.63395e-06 7.99939e-05 -0.0171037 0.0844931 8.48373e-05 -0.000516161 3.63395e-06 8.48373e-05 0.009297 -0.0170462 7.99939e-05 -0.000516161 -0.0170462 0.0840314 
0.00933282 -0.0171285 5.22563e-07 7.60719e-05 -0.0171285 0.0845184 8.0442e-05 -0.000492023 5.22563e-07 8.0442e-05 0.00929141 -0.0170182 7.60719e-05 -0.000492023 -0.0170182 0.0840213 
0.00932043 -0.0171461 -3.58266e-06 7.67996e-05 -0.0171461 0.0845941 7.95643e-05 -0.000478741 -3.58266e-06 7.95643e-05 0.00930758 -0.0170144 7.67996e-05 -0.000478741 -0.0170144 0.084024 
0.00931544 -0.0171539 -1.08551e-05 8.0993e-05 -0.0171539 0.0847246 8.10208e-05 -0.000474966 -1.08551e-05 8.10208e-05 0.0093388 -0.0170634 8.0993e-05 -0.000474966 -0.0170634 0.0841992 
0.00928769 -0.0170976 -5.67389e-06 9.02252e-05 -0.0170976 0.0845384 9.01869e-05 -0.000485943 -5.67389e-06 9.01869e-05 0.00933608 -0.0170633 9.02252e-05 -0.000485943 -0.0170633 0.0841478 
0.00926165 -0.0170452 -1.32225e-05 8.61337e-05 -0.0170452 0.0843188 8.72223e-05 -0.000489861 -1.32225e-05 8.72223e-05 0.00931577 -0.0170452 8.61337e-05 -0.000489861 -0.0170452 0.0840462 
0.00922027 -0.0169648 -1.26222e-05 9.48641e-05 -0.0169648 0.0839388 9.28339e-05 -0.000497197 -1.26222e-05 9.28339e-05 0.00927598 -0.0169736 9.48641e-05 -0.000497197 -0.0169736 0.0837267 
0.00918153 -0.016874 -3.61032e-06 9.46122e-05 -0.016874 0.0834959 8.90363e-05 -0.000496802 -3.61032e-06 8.90363e-05 0.00922324 -0.0168869 9.46122e-05 -0.000496802 -0.0168869 0.0833131 
0.00915752 -0.0168175 -1.14393e-05 8.15316e-05 -0.0168175 0.0831724 7.62281e-05 -0.000471851 -1.14393e-05 7.62281e-05 0.00917703 -0.016811 8.15316e-05 -0.000471851 -0.016811 0.0829689 
0.00914676 -0.0167966 -1.00269e-05 8.78969e-05 -0.0167966 0.0830166 8.45324e-05 -0.000467408 -1.00269e-05 8.45324e-05 0.00914314 -0.0167599 8.78969e-05 -0.000467408 -0.0167599 0.0827489 
0.00913774 -0.0167705 3.4855e-06 8.55171e-05 -0.0167705 0.0828524 8.11399e-05 -0.00046167 3.4855e-06 8.11399e-05 0.00910615 -0.0167015 8.55171e-05 -0.00046167 -0.0167015 0.0825014 
0.0091238 -0.0167771 1.38581e-05 6.7166e-05 -0.0167771 0.0828375 6.26923e-05 -0.000426691 1.38581e-05 6.26923e-05 0.00911067 -0.0166708 6.7166e-05 -0.000426691 -0.0166708 0.0823909 
0.00911445 -0.0167756 2.21348e-05 5.01798e-05 -0.0167756 0.0828717 4.85951e-05 -0.000380859 2.21348e-05 4.85951e-05 0.00912902 -0.0166884 5.01798e-05 -0.000380859 -0.0166884 0.082409 
0.0091191 -0.0167779 5.02843e-06 3.6036e-05 -0.0167779 0.0829336 3.91477e-05 -0.000341341 5.02843e-06 3.91477e-05 0.00914099 -0.016731 3.6036e-05 -0.000341341 -0.016731 0.0825466 
0.00913057 -0.0167895 -9.69582e-06 5.33935e-05 -0.0167895 0.0829971 6.01733e-05 -0.000352561 -9.69582e-06 6.01733e-05 0.00913536 -0.0167521 5.33935e-05 -0.000352561 -0.0167521 0.0826631 
0.00910349 -0.0167376 -6.54097e-06 7.347e-05 -0.0167376 0.0827242 8.03204e-05 -0.000395057 -6.54097e-06 8.03204e-05 0.00910014 -0.0166773 7.347e-05 -0.000395057 -0.0166773 0.0823678 
0.00908051 -0.0167116 -3.58046e-06 7.02855e-05 -0.0167116 0.0825789 7.58275e-05 -0.00040739 -3.58046e-06 7.58275e-05 0.00908157 -0.0166342 7.02855e-05 -0.00040739 -0.0166342 0.08217 
0.00906847 -0.0167077 5.18194e-06 6.32426e-05 -0.0167077 0.0825821 6.9555e-05 -0.000393619 5.18194e-06 6.9555e-05 0.0090869 -0.016629 6.32426e-05 -0.000393619 -0.016629 0.0821387 
0.00907238 -0.0167084 8.67513e-06 5.01894e-05 -0.0167084 0.082637 6.05742e-05 -0.000369054 8.67513e-06 6.05742e-05 0.00908748 -0.0166522 5.01894e-05 -0.000369054 -0.0166522 0.0822152 
0.00907978 -0.0167307 3.55624e-06 4.25892e-05 -0.0167307 0.08276 5.49246e-05 -0.000344285 3.55624e-06 5.49246e-05 0.00909247 -0.0166725 4.25892e-05 -0.000344285 -0.0166725 0.0823498 
0.00906564 -0.0167173 -4.84196e-06 5.03418e-05 -0.0167173 0.0827298 5.81459e-05 -0.000340893 -4.84196e-06 5.81459e-05 0.00909118 -0.0166597 5.03418e-05 -0.000340893 -0.0166597 0.0823254 
0.00906638 -0.0167027 -5.07501e-06 6.66449e-05 -0.0167027 0.0827092 6.59541e-05 -0.000362006 -5.07501e-06 6.59541e-05 0.00909142 -0.016662 6.66449e-05 -0.000362006 -0.016662 0.0823357 
0.00907366 -0.0166916 -8.02986e-06 6.87458e-05 -0.0166916 0.0826476 6.29861e-05 -0.000370918 -8.02986e-06 6.29861e-05 0.00908253 -0.0166526 6.87458e-05 -0.000370918 -0.0166526 0.0822983 
0.00908435 -0.016714 -2.32182e-07 7.14547e-05 -0.016714 0.0827035 6.65834e-05 -0.000376713 -2.32182e-07 6.65834e-05 0.00908883 -0.0166556 7.14547e-05 -0.000376713 -0.0166556 0.0823342 
0.00908855 -0.0167316 1.11393e-05 6.04176e-05 -0.0167316 0.0827697 5.91399e-05 -0.000365368 1.11393e-05 5.91399e-05 0.00909268 -0.0166631 6.04176e-05 -0.000365368 -0.0166631 0.0823665 
0.00907725 -0.0166903 1.57216e-05 4.44393e-05 -0.0166903 0.0825774 4.48419e-05 -0.000332979 1.57216e-05 4.48419e-05 0.00906161 -0.0166225 4.44393e-05 -0.000332979 -0.0166225 0.0821649 
0.00907056 -0.0166787 1.72004e-05 3.72114e-05 -0.0166787 0.0824826 3.64924e-05 -0.000303315 1.72004e-05 3.64924e-05 0.00904548 -0.0165927 3.72114e-05 -0.000303315 -0.0165927 0.0820476 
0.00906999 -0.0166846 1.81472e-05 3.45559e-05 -0.0166846 0.0825019 3.46355e-05 -0.000288372 1.81472e-05 3.46355e-05 0.0090448 -0.0165917 3.45559e-05 -0.000288372 -0.0165917 0.0820501 
0.00907094 -0.0166899 2.19793e-05 3.09215e-05 -0.0166899 0.082539 3.52762e-05 -0.000280388 2.19793e-05 3.52762e-05 0.00904676 -0.0165996 3.09215e-05 -0.000280388 -0.0165996 0.0820919 
0.009057 -0.016674 1.88754e-05 2.5763e-05 -0.016674 0.0824688 3.28359e-05 -0.000272581 1.88754e-05 3.28359e-05 0.00904177 -0.0165817 2.5763e-05 -0.000272581 -0.0165817 0.0820191 
0.00903493 -0.0166428 1.52177e-05 3.08071e-05 -0.0166428 0.0823407 3.38424e-05 -0.000272442 1.52177e-05 3.38424e-05 0.00903608 -0.016561 3.08071e-05 -0.000272442 -0.016561 0.0819054 
0.00902959 -0.0165969 2.36135e-06 3.89557e-05 -0.0165969 0.0821534 3.25521e-05 -0.000277054 2.36135e-06 3.25521e-05 0.00900702 -0.0165404 3.89557e-05 -0.000277054 -0.0165404 0.0817702 
0.00899701 -0.0165401 -8.89963e-06 5.60555e-05 -0.0165401 0.0818067 4.46648e-05 -0.000298724 -8.89963e-06 4.46648e-05 0.00895932 -0.0164544 5.60555e-05 -0.000298724 -0.0164544 0.081406 
0.00893034 -0.0164342 -8.43165e-06 7.1123e-05 -0.0164342 0.0812604 5.96454e-05 -0.000334267 -8.43165e-06 5.96454e-05 0.00890523 -0.0163274 7.1123e-05 -0.000334267 -0.0163274 0.0808072 
0.00891631 -0.0163959 -1.50938e-05 7.01415e-05 -0.0163959 0.0810933 6.40701e-05 -0.000354453 -1.50938e-05 6.40701e-05 0.0088724 -0.0163045 7.01415e-05 -0.000354453 -0.0163045 0.0806411 
0.00890509 -0.0163671 -1.16915e-05 7.39958e-05 -0.0163671 0.0809279 7.364e-05 -0.000368893 -1.16915e-05 7.364e-05 0.00884439 -0.0162576 7.39958e-05 -0.000368893 -0.0162576 0.0804634 
0.00892345 -0.0163925 1.49522e-06 6.78112e-05 -0.0163925 0.0810192 6.85456e-05 -0.00036487 1.49522e-06 6.85456e-05 0.00883664 -0.0162586 6.78112e-05 -0.00036487 -0.0162586 0.0805042 
0.00893337 -0.0164461 2.04849e-05 4.97293e-05 -0.0164461 0.081241 4.9547e-05 -0.000328714 2.04849e-05 4.9547e-05 0.00886155 -0.0162764 4.97293e-05 -0.000328714 -0.0162764 0.0806452 
0.0089248 -0.0164468 2.07712e-05 2.37884e-05 -0.0164468 0.0813077 2.56862e-05 -0.000269888 2.07712e-05 2.56862e-05 0.00887928 -0.0162982 2.37884e-05 -0.000269888 -0.0162982 0.080712 
0.00892675 -0.0164795 1.33795e-05 1.95906e-05 -0.0164795 0.0815399 2.60342e-05 -0.000239656 1.33795e-05 2.60342e-05 0.00892902 -0.0163703 1.95906e-05 -0.000239656 -0.0163703 0.0810239 
0.0089448 -0.0164874 6.65997e-06 2.83871e-05 -0.0164874 0.0816913 3.60652e-05 -0.000246068 6.65997e-06 3.60652e-05 0.00895551 -0.0164478 2.83871e-05 -0.000246068 -0.0164478 0.0813347 
0.00893775 -0.0164609 1.90312e-06 3.89013e-05 -0.0164609 0.0815666 4.34931e-05 -0.000265689 1.90312e-06 4.34931e-05 0.00895271 -0.0164383 3.89013e-05 -0.000265689 -0.0164383 0.0813192 
0.0089132 -0.0164047 2.03157e-06 4.79477e-05 -0.0164047 0.0812655 4.63992e-05 -0.000282663 2.03157e-06 4.63992e-05 0.00892022 -0.0163825 4.79477e-05 -0.000282663 -0.0163825 0.0810489 
0.00890425 -0.0163988 1.78624e-07 5.07549e-05 -0.0163988 0.0812006 4.30265e-05 -0.000288749 1.78624e-07 4.30265e-05 0.00891397 -0.0163618 5.07549e-05 -0.000288749 -0.0163618 0.080963 
0.00890099 -0.0163832 8.33823e-06 5.2413e-05 -0.0163832 0.0811314 4.35597e-05 -0.000290037 8.33823e-06 4.35597e-05 0.00889982 -0.0163491 5.2413e-05 -0.000290037 -0.0163491 0.0808849 
0.0089267 -0.0164217 1.34281e-05 4.18449e-05 -0.0164217 0.0812977 3.5749e-05 -0.000278064 1.34281e-05 3.5749e-05 0.00890563 -0.0163719 4.18449e-05 -0.000278064 -0.0163719 0.0810237 
0.00893563 -0.0164577 1.70001e-05 3.27053e-05 -0.0164577 0.0814416 3.10797e-05 -0.000259581 1.70001e-05 3.10797e-05 0.00891629 -0.0163787 3.27053e-05 -0.000259581 -0.0163787 0.0811004 
0.00892892 -0.0164622 1.43577e-06 2.46436e-05 -0.0164622 0.0814815 2.68977e-05 -0.000240192 1.43577e-06 2.68977e-05 0.00892004 -0.0163736 2.46436e-05 -0.000240192 -0.0163736 0.08108 
0.00893914 -0.0165011 -9.96157e-06 4.03631e-05 -0.0165011 0.0817156 4.6745e-05 -0.000257259 -9.96157e-06 4.6745e-05 0.00895309 -0.0164224 4.03631e-05 -0.000257259 -0.0164224 0.0813029 
0.00894716 -0.0164807 -1.62278e-05 5.52399e-05 -0.0164807 0.0816835 6.30148e-05 -0.000293825 -1.62278e-05 6.30148e-05 0.00894531 -0.0164306 5.52399e-05 -0.000293825 -0.0164306 0.081312 
0.00894389 -0.0164987 -8.93471e-06 6.31078e-05 -0.0164987 0.0817322 7.16431e-05 -0.00032265 -8.93471e-06 7.16431e-05 0.00895878 -0.016433 6.31078e-05 -0.00032265 -0.016433 0.0813615 
0.00892065 -0.0164464 -7.94645e-07 5.39458e-05 -0.0164464 0.081519 6.11865e-05 -0.000316129 -7.94645e-07 6.11865e-05 0.00894475 -0.0164036 5.39458e-05 -0.000316129 -0.0164036 0.0811785 
0.00892665 -0.0164068 7.00709e-06 4.40875e-05 -0.0164068 0.0813333 4.72618e-05 -0.000288435 7.00709e-06 4.72618e-05 0.00890657 -0.0163848 4.40875e-05 -0.000288435 -0.0163848 0.0810554 
0.00893812 -0.0164122 1.44144e-05 3.52462e-05 -0.0164122 0.0812553 3.3617e-05 -0.000257008 1.44144e-05 3.3617e-05 0.00887535 -0.0163429 3.52462e-05 -0.000257008 -0.0163429 0.0809419 
0.00892131 -0.016416 1.86799e-05 2.63736e-05 -0.016416 0.0811894 2.50016e-05 -0.000231154 1.86799e-05 2.50016e-05 0.00887045 -0.0162908 2.63736e-05 -0.000231154 -0.0162908 0.0807597 
0.00891586 -0.0164349 3.26527e-05 2.05548e-05 -0.0164349 0.0813111 2.17656e-05 -0.000214837 3.26527e-05 2.17656e-05 0.00890097 -0.0163176 2.05548e-05 -0.000214837 -0.0163176 0.0808341 
0.0089304 -0.0164467 3.76653e-05 6.16571e-06 -0.0164467 0.0814407 7.13697e-06 -0.000190354 3.76653e-05 7.13697e-06 0.00893043 -0.0163763 6.16571e-06 -0.000190354 -0.0163763 0.0810316 
0.00895274 -0.0164789 3.20994e-05 2.77051e-07 -0.0164789 0.0815928 9.92025e-07 -0.000170031 3.20994e-05 9.92025e-07 0.00896191 -0.0164277 2.77051e-07 -0.000170031 -0.0164277 0.0812514 
0.00896428 -0.0165055 2.21955e-05 8.31137e-06 -0.0165055 0.0816956 9.87456e-06 -0.000178343 2.21955e-05 9.87456e-06 0.00898541 -0.0164613 8.31137e-06 -0.000178343 -0.0164613 0.0813838 
0.00896975 -0.0165293 8.58745e-07 2.11139e-05 -0.0165293 0.0818035 2.55053e-05 -0.000210871 8.58745e-07 2.55053e-05 0.00900457 -0.0164919 2.11139e-05 -0.000210871 -0.0164919 0.0814992 
0.00897461 -0.0165372 -1.47802e-05 4.97627e-05 -0.0165372 0.0818619 5.41955e-05 -0.000273494 -1.47802e-05 5.41955e-05 0.00900502 -0.0165114 4.97627e-05 -0.000273494 -0.0165114 0.0815685 
0.00897748 -0.0165334 -1.51919e-05 7.15818e-05 -0.0165334 0.0818485 7.46318e-05 -0.000337903 -1.51919e-05 7.46318e-05 0.00899367 -0.0165018 7.15818e-05 -0.000337903 -0.0165018 0.0815489 
0.00899796 -0.0165589 -4.72113e-06 7.3344e-05 -0.0165589 0.0819566 7.56709e-05 -0.00036735 -4.72113e-06 7.56709e-05 0.00898652 -0.0165074 7.3344e-05 -0.00036735 -0.0165074 0.0816167 
0.0090062 -0.0165749 9.34191e-08 5.92333e-05 -0.0165749 0.082005 6.00351e-05 -0.000350108 9.34191e-08 6.00351e-05 0.00897594 -0.0164906 5.92333e-05 -0.000350108 -0.0164906 0.081594 
0.00901408 -0.0165641 1.47974e-06 5.22402e-05 -0.0165641 0.0819426 5.31542e-05 -0.000326484 1.47974e-06 5.31542e-05 0.00895075 -0.0164563 5.22402e-05 -0.000326484 -0.0164563 0.0814617 
0.00905783 -0.016633 -7.09513e-07 5.15611e-05 -0.016633 0.0822191 5.06763e-05 -0.000316173 -7.09513e-07 5.06763e-05 0.00896194 -0.0164821 5.15611e-05 -0.000316173 -0.0164821 0.0816412 
0.00904076 -0.0166478 1.1929e-07 5.73954e-05 -0.0166478 0.0822309 5.20376e-05 -0.000319742 1.1929e-07 5.20376e-05 0.0089719 -0.0164507 5.73954e-05 -0.000319742 -0.0164507 0.0815308 
0.00901598 -0.0166249 -4.89915e-06 5.5927e-05 -0.0166249 0.0821897 5.00927e-05 -0.000317882 -4.89915e-06 5.00927e-05 0.00899213 -0.0164569 5.5927e-05 -0.000317882 -0.0164569 0.0814761 
0.00899113 -0.0165788 -8.95776e-06 6.01555e-05 -0.0165788 0.0820464 5.62371e-05 -0.000323477 -8.95776e-06 5.62371e-05 0.0090033 -0.0164742 6.01555e-05 -0.000323477 -0.0164742 0.0814507 
0.00898182 -0.0165636 -3.30096e-06 6.5297e-05 -0.0165636 0.0820163 6.27816e-05 -0.000337273 -3.30096e-06 6.27816e-05 0.00902758 -0.0165126 6.5297e-05 -0.000337273 -0.0165126 0.0815725 
0.00898282 -0.0165118 -4.03787e-06 5.99584e-05 -0.0165118 0.0817945 5.81941e-05 -0.000337458 -4.03787e-06 5.81941e-05 0.0089944 -0.0165091 5.99584e-05 -0.000337458 -0.0165091 0.0814947 
0.00901702 -0.016603 4.96275e-06 5.86446e-05 -0.016603 0.0821401 5.83521e-05 -0.000334775 4.96275e-06 5.83521e-05 0.00902169 -0.0165586 5.86446e-05 -0.000334775 -0.0165586 0.0818358 
0.00902948 -0.0166512 8.72577e-06 4.66637e-05 -0.0166512 0.0823933 4.71261e-05 -0.000315427 8.72577e-06 4.71261e-05 0.00904535 -0.0165897 4.66637e-05 -0.000315427 -0.0165897 0.0820319 
0.00904985 -0.0166633 1.63384e-05 4.27421e-05 -0.0166633 0.0825248 4.15788e-05 -0.00029816 1.63384e-05 4.15788e-05 0.00904744 -0.0166209 4.27421e-05 -0.00029816 -0.0166209 0.0821782 
0.00904588 -0.0166223 1.29094e-05 3.55585e-05 -0.0166223 0.0823043 3.1245e-05 -0.000278956 1.29094e-05 3.1245e-05 0.0090121 -0.0165622 3.55585e-05 -0.000278956 -0.0165622 0.0819522 
0.00903688 -0.0166126 7.3449e-06 3.99857e-05 -0.0166126 0.0821752 3.45518e-05 -0.00027691 7.3449e-06 3.45518e-05 0.0089955 -0.0165124 3.99857e-05 -0.00027691 -0.0165124 0.0817543 
0.00903546 -0.0165952 -1.18045e-06 4.59579e-05 -0.0165952 0.0820651 4.20322e-05 -0.000288594 -1.18045e-06 4.20322e-05 0.00897033 -0.0164824 4.59579e-05 -0.000288594 -0.0164824 0.0815885 
0.00902307 -0.0165768 -2.26518e-06 5.51674e-05 -0.0165768 0.0819159 5.23459e-05 -0.000308612 -2.26518e-06 5.23459e-05 0.00894553 -0.0164282 5.51674e-05 -0.000308612 -0.0164282 0.0813589 
0.00899799 -0.0165754 1.76311e-06 5.59785e-05 -0.0165754 0.0818835 5.45005e-05 -0.000319433 1.76311e-06 5.45005e-05 0.0089485 -0.0164067 5.59785e-05 -0.000319433 -0.0164067 0.0812529 
0.00899669 -0.0165698 4.17825e-06 5.03103e-05 -0.0165698 0.0819443 4.89907e-05 -0.000313239 4.17825e-06 4.89907e-05 0.00895475 -0.0164393 5.03103e-05 -0.000313239 -0.0164393 0.0813471 
0.00899734 -0.0165402 8.75942e-06 4.60232e-05 -0.0165402 0.0818362 4.39087e-05 -0.000298319 8.75942e-06 4.39087e-05 0.00892855 -0.0164285 4.60232e-05 -0.000298319 -0.0164285 0.0813063 
0.0089829 -0.0165339 1.63606e-05 4.08972e-05 -0.0165339 0.0817601 4.0507e-05 -0.000286824 1.63606e-05 4.0507e-05 0.00891934 -0.0163929 4.08972e-05 -0.000286824 -0.0163929 0.0812168 
0.00897011 -0.0165514 2.09371e-05 2.98617e-05 -0.0165514 0.081875 3.14952e-05 -0.000266796 2.09371e-05 3.14952e-05 0.00894632 -0.0164124 2.98617e-05 -0.000266796 -0.0164124 0.0813133 
0.0089369 -0.0164783 2.74419e-05 2.24687e-05 -0.0164783 0.0816231 2.45563e-05 -0.000243117 2.74419e-05 2.45563e-05 0.0089303 -0.0163907 2.24687e-05 -0.000243117 -0.0163907 0.0811422 
0.00889659 -0.0164249 1.23936e-05 1.47408e-05 -0.0164249 0.0813855 1.61931e-05 -0.000220625 1.23936e-05 1.61931e-05 0.00892821 -0.016361 1.47408e-05 -0.000220625 -0.016361 0.0809879 
0.00886074 -0.0163318 2.17507e-06 3.11064e-05 -0.0163318 0.0809945 3.23128e-05 -0.000231115 2.17507e-06 3.23128e-05 0.00890011 -0.0163184 3.11064e-05 -0.000231115 -0.0163184 0.0807093 
0.00883462 -0.0162788 -1.44272e-08 4.30871e-05 -0.0162788 0.0807079 4.33072e-05 -0.000256443 -1.44272e-08 4.33072e-05 0.0088798 -0.0162807 4.30871e-05 -0.000256443 -0.0162807 0.0805045 
0.00884517 -0.0162943 1.1129e-06 4.49986e-05 -0.0162943 0.0807616 4.52814e-05 -0.000268796 1.1129e-06 4.52814e-05 0.00888812 -0.0163027 4.49986e-05 -0.000268796 -0.0163027 0.0805955 
0.00888685 -0.0163442 -3.98885e-06 4.23558e-05 -0.0163442 0.0809838 4.29039e-05 -0.000266069 -3.98885e-06 4.29039e-05 0.00889074 -0.0163476 4.23558e-05 -0.000266069 -0.0163476 0.0808205 
0.00889066 -0.0163615 -1.06143e-05 4.78695e-05 -0.0163615 0.0809987 4.85827e-05 -0.000271198 -1.06143e-05 4.85827e-05 0.0088885 -0.016321 4.78695e-05 -0.000271198 -0.016321 0.0807726 
0.00891534 -0.0163867 -9.46557e-06 5.64998e-05 -0.0163867 0.0811083 5.80701e-05 -0.000289342 -9.46557e-06 5.80701e-05 0.00888333 -0.0163334 5.64998e-05 -0.000289342 -0.0163334 0.0808225 
0.00894328 -0.0164534 5.01526e-06 5.57243e-05 -0.0164534 0.0813782 5.84547e-05 -0.000299663 5.01526e-06 5.84547e-05 0.00890146 -0.0163625 5.57243e-05 -0.000299663 -0.0163625 0.0810153 
0.00896192 -0.0164987 1.76942e-05 3.87935e-05 -0.0164987 0.0816023 4.17838e-05 -0.000278017 1.76942e-05 4.17838e-05 0.00891693 -0.0163897 3.87935e-05 -0.000278017 -0.0163897 0.0811668 
0.00896019 -0.0164923 8.42353e-06 2.08551e-05 -0.0164923 0.0815913 2.76158e-05 -0.000240118 8.42353e-06 2.76158e-05 0.00890595 -0.0163763 2.08551e-05 -0.000240118 -0.0163763 0.081113 
0.00894126 -0.0164862 1.18515e-06 3.02959e-05 -0.0164862 0.081562 4.00215e-05 -0.000240698 1.18515e-06 4.00215e-05 0.00891309 -0.0163556 3.02959e-05 -0.000240698 -0.0163556 0.0810406 
0.00890936 -0.0164234 -3.77292e-06 4.23626e-05 -0.0164234 0.0813174 4.9799e-05 -0.000266065 -3.77292e-06 4.9799e-05 0.0088981 -0.0163217 4.23626e-05 -0.000266065 -0.0163217 0.0808148 
0.00889995 -0.0164043 -3.04926e-06 5.38474e-05 -0.0164043 0.0812508 5.65496e-05 -0.000295084 -3.04926e-06 5.65496e-05 0.008901 -0.0163314 5.38474e-05 -0.000295084 -0.0163314 0.0808178 
0.00887526 -0.0163644 5.39998e-06 5.40372e-05 -0.0163644 0.0810627 5.25055e-05 -0.000302602 5.39998e-06 5.25055e-05 0.00889123 -0.0163063 5.40372e-05 -0.000302602 -0.0163063 0.0806829 
0.0088678 -0.0163404 1.92083e-05 4.15754e-05 -0.0163404 0.0809604 3.74838e-05 -0.00027798 1.92083e-05 3.74838e-05 0.00888105 -0.0162973 4.15754e-05 -0.00027798 -0.0162973 0.0806178 
0.00884879 -0.0163405 2.11976e-05 1.99787e-05 -0.0163405 0.080944 1.68526e-05 -0.000227007 2.11976e-05 1.68526e-05 0.00889603 -0.0162939 1.99787e-05 -0.000227007 -0.0162939 0.0806106 
0.00887414 -0.0163365 1.8066e-05 1.33005e-05 -0.0163365 0.081002 1.30098e-05 -0.000190939 1.8066e-05 1.30098e-05 0.00888795 -0.0163348 1.33005e-05 -0.000190939 -0.0163348 0.0807407 
0.00889722 -0.0163879 1.72997e-05 1.4652e-05 -0.0163879 0.0811773 1.7913e-05 -0.000182707 1.72997e-05 1.7913e-05 0.00889511 -0.01635 1.4652e-05 -0.000182707 -0.01635 0.0809067 
0.00890681 -0.0163989 9.87452e-06 1.55307e-05 -0.0163989 0.0812149 2.03213e-05 -0.000184379 9.87452e-06 2.03213e-05 0.00888519 -0.0163319 1.55307e-05 -0.000184379 -0.0163319 0.0808684 
0.00889442 -0.01643 5.1795e-06 2.37753e-05 -0.01643 0.0813454 2.81707e-05 -0.000195956 5.1795e-06 2.81707e-05 0.00891876 -0.0163385 2.37753e-05 -0.000195956 -0.0163385 0.080928 
0.00886756 -0.0163917 1.97842e-06 3.16663e-05 -0.0163917 0.0812669 3.4678e-05 -0.000213854 1.97842e-06 3.4678e-05 0.00893613 -0.0163556 3.16663e-05 -0.000213854 -0.0163556 0.0809037 
0.00884088 -0.0163123 1.15241e-05 3.55665e-05 -0.0163123 0.080956 3.79461e-05 -0.000225729 1.15241e-05 3.79461e-05 0.00891494 -0.0163404 3.55665e-05 -0.000225729 -0.0163404 0.0807425 
