0.00624207 0 -1.24774e-05 0 0 0.00876384 0 0 -1.24774e-05 0 0.00612013 0 0 0 0 0.00876384 
0.00951197 -0.0118025 -9.71503e-06 1.06088e-05 -0.0118025 0.0312942 1.06088e-05 -2.02202e-05 -9.71503e-06 1.06088e-05 0.00936533 -0.0116285 1.06088e-05 -2.02202e-05 -0.0116285 0.0309602 
0.00971904 -0.0180578 -6.61023e-06 -3.83542e-05 -0.0180578 0.0665471 -3.83542e-05 0.000136306 -6.61023e-06 -3.83542e-05 0.00965445 -0.0180405 -3.83542e-05 0.000136306 -0.0180405 0.0665522 
0.00914601 -0.0175749 -1.38031e-05 -7.74813e-05 -0.0175749 0.078706 -7.43908e-05 0.000441774 -1.38031e-05 -7.43908e-05 0.00916926 -0.0178461 -7.74813e-05 0.000441774 -0.0178461 0.0802067 
0.00885697 -0.0164573 -2.39147e-05 -5.15213e-05 -0.0164573 0.0791965 -4.63872e-05 0.000484557 -2.39147e-05 -4.63872e-05 0.00888389 -0.0167835 -5.15213e-05 0.000484557 -0.0167835 0.0813284 
0.00864644 -0.0158055 -2.52403e-05 -1.61851e-05 -0.0158055 0.0774086 -1.02926e-05 0.000332741 -2.52403e-05 -1.02926e-05 0.00865247 -0.0160454 -1.61851e-05 0.000332741 -0.0160454 0.079211 
0.00843567 -0.0153793 -2.33053e-05 -4.0436e-06 -0.0153793 0.0756087 9.78119e-07 0.000203902 -2.33053e-05 9.78119e-07 0.00842573 -0.015542 -4.0436e-06 0.000203902 -0.015542 0.0769182 
0.0082269 -0.0149922 -6.5508e-06 -5.98915e-06 -0.0149922 0.0738519 -4.19348e-07 0.00014725 -6.5508e-06 -4.19348e-07 0.0081979 -0.0151137 -5.98915e-06 0.00014725 -0.0151137 0.0748219 
0.0096434 -0.0175894 -5.46883e-06 -3.42648e-05 -0.0175894 0.0867343 -2.67254e-05 0.000194881 -5.46883e-06 -2.67254e-05 0.00963441 -0.0177066 -3.42648e-05 0.000194881 -0.0177066 0.0876817 
0.00949163 -0.0172935 -1.8228e-06 -4.14177e-05 -0.0172935 0.0853416 -3.82776e-05 0.000231691 -1.8228e-06 -3.82776e-05 0.0094985 -0.0174445 -4.14177e-05 0.000231691 -0.0174445 0.086266 
0.00943084 -0.0171576 -9.84174e-06 -4.51231e-05 -0.0171576 0.0846432 -4.85579e-05 0.000260901 -9.84174e-06 -4.85579e-05 0.00943384 -0.0173358 -4.51231e-05 0.000260901 -0.0173358 0.0856309 
0.00939136 -0.0170966 -1.66531e-06 -3.43107e-05 -0.0170966 0.084262 -4.26616e-05 0.000263562 -1.66531e-06 -4.26616e-05 0.0093985 -0.0172751 -3.43107e-05 0.000263562 -0.0172751 0.0852872 
0.0093674 -0.0170451 3.72104e-06 -4.16014e-05 -0.0170451 0.0839869 -4.9846e-05 0.000269289 3.72104e-06 -4.9846e-05 0.00936629 -0.0172307 -4.16014e-05 0.000269289 -0.0172307 0.0850376 
0.00935701 -0.0170185 1.42114e-05 -4.78176e-05 -0.0170185 0.0838161 -5.27793e-05 0.000279452 1.42114e-05 -5.27793e-05 0.00933428 -0.017194 -4.78176e-05 0.000279452 -0.017194 0.0848614 
0.00934557 -0.0170166 8.83837e-06 -6.07658e-05 -0.0170166 0.0837622 -6.45055e-05 0.000300887 8.83837e-06 -6.45055e-05 0.00931238 -0.0171646 -6.07658e-05 0.000300887 -0.0171646 0.0847573 
0.00934454 -0.017065 1.55602e-07 -5.5281e-05 -0.017065 0.0840098 -5.98895e-05 0.000305561 1.55602e-07 -5.98895e-05 0.00933272 -0.0171933 -5.5281e-05 0.000305561 -0.0171933 0.084942 
0.00932225 -0.0170325 -5.40882e-07 -4.40482e-05 -0.0170325 0.0839616 -4.8477e-05 0.00028529 -5.40882e-07 -4.8477e-05 0.00933319 -0.0171827 -4.40482e-05 0.00028529 -0.0171827 0.0848916 
0.00931826 -0.0169986 -9.56705e-06 -4.33994e-05 -0.0169986 0.0838658 -4.43263e-05 0.000270291 -9.56705e-06 -4.43263e-05 0.00931789 -0.0171775 -4.33994e-05 0.000270291 -0.0171775 0.0848463 
0.00930556 -0.0169462 -1.82925e-05 -3.31175e-05 -0.0169462 0.0835817 -3.00086e-05 0.000245211 -1.82925e-05 -3.00086e-05 0.00927525 -0.0171092 -3.31175e-05 0.000245211 -0.0171092 0.084558 
0.0093067 -0.0169631 -2.74131e-05 -2.19611e-05 -0.0169631 0.0835811 -1.81192e-05 0.000214202 -2.74131e-05 -1.81192e-05 0.00926524 -0.0170795 -2.19611e-05 0.000214202 -0.0170795 0.0844632 
0.00931011 -0.0169595 -3.1625e-05 -9.35151e-06 -0.0169595 0.0835511 -8.16188e-06 0.000182692 -3.1625e-05 -8.16188e-06 0.00924765 -0.0170536 -9.35151e-06 0.000182692 -0.0170536 0.0843379 
0.00930058 -0.0169392 -1.10159e-05 -5.30826e-06 -0.0169392 0.0834202 -3.87857e-06 0.000164678 -1.10159e-05 -3.87857e-06 0.00922456 -0.0170082 -5.30826e-06 0.000164678 -0.0170082 0.0841301 
0.00930182 -0.016937 7.44068e-06 -3.09497e-05 -0.016937 0.0833839 -2.6167e-05 0.000193988 7.44068e-06 -2.6167e-05 0.00921541 -0.0169901 -3.09497e-05 0.000193988 -0.0169901 0.0840384 
0.00930218 -0.0170058 3.06882e-05 -5.63198e-05 -0.0170058 0.0836948 -4.8356e-05 0.000250342 3.06882e-05 -4.8356e-05 0.00926307 -0.0170463 -5.63198e-05 0.000250342 -0.0170463 0.0843122 
0.00927312 -0.0169384 3.08672e-05 -8.44183e-05 -0.0169384 0.0835014 -7.5633e-05 0.000313656 3.08672e-05 -7.5633e-05 0.00925732 -0.0170366 -8.44183e-05 0.000313656 -0.0170366 0.0841914 
0.00925971 -0.016871 2.35503e-05 -8.15588e-05 -0.016871 0.083203 -7.47582e-05 0.000334225 2.35503e-05 -7.47582e-05 0.00921969 -0.0170041 -8.15588e-05 0.000334225 -0.0170041 0.0839992 
0.00924842 -0.0168558 1.75233e-06 -7.01212e-05 -0.0168558 0.0830529 -6.53486e-05 0.000318258 1.75233e-06 -6.53486e-05 0.00919689 -0.0169614 -7.01212e-05 0.000318258 -0.0169614 0.0838507 
0.00926147 -0.0168873 4.76572e-07 -4.17642e-05 -0.0168873 0.0831859 -3.72679e-05 0.000262238 4.76572e-07 -3.72679e-05 0.00920474 -0.0169753 -4.17642e-05 0.000262238 -0.0169753 0.0839412 
0.00925551 -0.0169102 1.21353e-06 -3.75893e-05 -0.0169102 0.0833046 -2.99779e-05 0.000221856 1.21353e-06 -2.99779e-05 0.00922773 -0.0169926 -3.75893e-05 0.000221856 -0.0169926 0.0840354 
0.00924113 -0.0168626 -2.22922e-07 -3.67862e-05 -0.0168626 0.0831517 -2.80521e-05 0.000202579 -2.22922e-07 -2.80521e-05 0.00922459 -0.016984 -3.67862e-05 0.000202579 -0.016984 0.083938 
0.00926259 -0.0168689 2.72163e-06 -3.39502e-05 -0.0168689 0.0831758 -2.78677e-05 0.000192611 2.72163e-06 -2.78677e-05 0.00922185 -0.0170117 -3.39502e-05 0.000192611 -0.0170117 0.08404 
0.00927328 -0.0168713 2.9413e-06 -3.62734e-05 -0.0168713 0.0831106 -3.08868e-05 0.000190807 2.9413e-06 -3.08868e-05 0.00919948 -0.0169819 -3.62734e-05 0.000190807 -0.0169819 0.0839517 
0.00925885 -0.0168884 -7.52919e-06 -3.7086e-05 -0.0168884 0.0831162 -3.04459e-05 0.000190992 -7.52919e-06 -3.04459e-05 0.0092115 -0.0169508 -3.7086e-05 0.000190992 -0.0169508 0.0838516 
0.00927362 -0.0169263 -1.01495e-05 -2.56307e-05 -0.0169263 0.0833621 -1.66886e-05 0.000171407 -1.01495e-05 -1.66886e-05 0.00925294 -0.0170202 -2.56307e-05 0.000171407 -0.0170202 0.0840975 
0.00928746 -0.0169714 -8.38705e-06 -2.03264e-05 -0.0169714 0.0836308 -1.26973e-05 0.000150596 -8.38705e-06 -1.26973e-05 0.00930994 -0.0171035 -2.03264e-05 0.000150596 -0.0171035 0.0844486 
0.00929957 -0.0170039 -7.16973e-06 -2.09852e-05 -0.0170039 0.0838675 -1.66819e-05 0.000146533 -7.16973e-06 -1.66819e-05 0.00935965 -0.017198 -2.09852e-05 0.000146533 -0.017198 0.0848305 
0.0093344 -0.0170665 -8.75289e-06 -1.9311e-05 -0.0170665 0.0842443 -1.94758e-05 0.000146108 -8.75289e-06 -1.94758e-05 0.00941474 -0.0173169 -1.9311e-05 0.000146108 -0.0173169 0.0853761 
0.00937149 -0.0171101 3.42941e-06 -1.67926e-05 -0.0171101 0.0845058 -1.85439e-05 0.00014349 3.42941e-06 -1.85439e-05 0.00944656 -0.0173964 -1.67926e-05 0.00014349 -0.0173964 0.0857781 
0.00938297 -0.0170843 1.05433e-05 -3.00273e-05 -0.0170843 0.0843681 -3.10426e-05 0.000158037 1.05433e-05 -3.10426e-05 0.00941854 -0.0173755 -3.00273e-05 0.000158037 -0.0173755 0.0857178 
0.00938548 -0.0170931 1.73544e-05 -4.30848e-05 -0.0170931 0.0843115 -4.02505e-05 0.000186261 1.73544e-05 -4.02505e-05 0.00941407 -0.0173389 -4.30848e-05 0.000186261 -0.0173389 0.0856247 
0.00936752 -0.0170595 1.22923e-05 -5.52866e-05 -0.0170595 0.0841074 -5.02773e-05 0.000218695 1.22923e-05 -5.02773e-05 0.0093948 -0.0172896 -5.52866e-05 0.000218695 -0.0172896 0.085365 
0.00935758 -0.0170219 -3.69485e-06 -5.10429e-05 -0.0170219 0.0838974 -4.85433e-05 0.000232456 -3.69485e-06 -4.85433e-05 0.00936886 -0.017249 -5.10429e-05 0.000232456 -0.017249 0.0851301 
0.00936962 -0.0170655 -8.73687e-06 -2.96923e-05 -0.0170655 0.0840477 -3.36646e-05 0.000210674 -8.73687e-06 -3.36646e-05 0.00937861 -0.0172717 -2.96923e-05 0.000210674 -0.0172717 0.0852427 
0.009371 -0.0171068 -1.49556e-05 -1.96185e-05 -0.0171068 0.0842616 -3.05374e-05 0.000189497 -1.49556e-05 -3.05374e-05 0.00940818 -0.0173066 -1.96185e-05 0.000189497 -0.0173066 0.0854244 
0.00935865 -0.0170854 -2.36259e-05 -1.07465e-05 -0.0170854 0.0842447 -2.43946e-05 0.00017172 -2.36259e-05 -2.43946e-05 0.009414 -0.0173167 -1.07465e-05 0.00017172 -0.0173167 0.0854378 
0.009351 -0.0170404 -2.41201e-05 -2.35e-06 -0.0170404 0.0840696 -1.36906e-05 0.000152194 -2.41201e-05 -1.36906e-05 0.00939313 -0.0172973 -2.35e-06 0.000152194 -0.0172973 0.0853254 
0.00934933 -0.0170406 -1.24607e-05 -4.51893e-06 -0.0170406 0.0840274 -1.3144e-05 0.000146873 -1.24607e-05 -1.3144e-05 0.00938297 -0.0172851 -4.51893e-06 0.000146873 -0.0172851 0.0852956 
0.00935627 -0.0170218 -6.60897e-06 -2.03237e-05 -0.0170218 0.0839277 -2.74137e-05 0.000171805 -6.60897e-06 -2.74137e-05 0.00935048 -0.0172563 -2.03237e-05 0.000171805 -0.0172563 0.0851769 
0.00935733 -0.0170412 1.0748e-06 -3.01303e-05 -0.0170412 0.0839426 -3.72772e-05 0.000203969 1.0748e-06 -3.72772e-05 0.00933736 -0.0172225 -3.01303e-05 0.000203969 -0.0172225 0.0850963 
0.00934569 -0.0170434 2.02572e-07 -3.97961e-05 -0.0170434 0.083954 -4.69615e-05 0.000233199 2.02572e-07 -4.69615e-05 0.00932995 -0.0172022 -3.97961e-05 0.000233199 -0.0172022 0.0850169 
0.00931022 -0.0169859 4.21878e-06 -3.83919e-05 -0.0169859 0.0837144 -4.51059e-05 0.000241615 4.21878e-06 -4.51059e-05 0.0093075 -0.0171425 -3.83919e-05 0.000241615 -0.0171425 0.0847301 
0.00931437 -0.0169912 1.39941e-05 -4.48817e-05 -0.0169912 0.0837686 -4.93187e-05 0.000252789 1.39941e-05 -4.93187e-05 0.00931285 -0.0171574 -4.48817e-05 0.000252789 -0.0171574 0.0847758 
0.00930768 -0.0169875 3.58102e-05 -5.94999e-05 -0.0169875 0.0837597 -5.91462e-05 0.000276764 3.58102e-05 -5.91462e-05 0.0093151 -0.0171556 -5.94999e-05 0.000276764 -0.0171556 0.0847673 
0.00927739 -0.0169521 4.13997e-05 -8.55401e-05 -0.0169521 0.0836097 -8.30448e-05 0.000323754 4.13997e-05 -8.30448e-05 0.00931657 -0.0171276 -8.55401e-05 0.000323754 -0.0171276 0.0846189 
0.00929724 -0.0169818 2.74328e-05 -9.26732e-05 -0.0169818 0.0838112 -9.12412e-05 0.000358417 2.74328e-05 -9.12412e-05 0.00934208 -0.017195 -9.26732e-05 0.000358417 -0.017195 0.0848798 
0.00932969 -0.0169986 3.97892e-06 -7.34626e-05 -0.0169986 0.0839051 -7.27633e-05 0.0003378 3.97892e-06 -7.27633e-05 0.00933772 -0.0172212 -7.34626e-05 0.0003378 -0.0172212 0.0850211 
0.00936589 -0.0170503 -5.6799e-06 -4.29299e-05 -0.0170503 0.0840766 -3.97775e-05 0.000270435 -5.6799e-06 -3.97775e-05 0.00933253 -0.0172306 -4.29299e-05 0.000270435 -0.0172306 0.0851454 
0.00935705 -0.0170678 -1.35337e-05 -2.80131e-05 -0.0170678 0.0840949 -2.14365e-05 0.000206884 -1.35337e-05 -2.14365e-05 0.00933064 -0.0171952 -2.80131e-05 0.000206884 -0.0171952 0.0850472 
0.00932615 -0.017024 -8.19526e-06 -1.60264e-05 -0.017024 0.083922 -8.3132e-06 0.000158013 -8.19526e-06 -8.3132e-06 0.00932563 -0.0171578 -1.60264e-05 0.000158013 -0.0171578 0.0848312 
0.00929992 -0.0169746 9.94002e-06 -2.08592e-05 -0.0169746 0.0837252 -1.33388e-05 0.000145021 9.94002e-06 -1.33388e-05 0.0093149 -0.0171443 -2.08592e-05 0.000145021 -0.0171443 0.0846889 
0.00928112 -0.0169541 2.8998e-05 -4.41722e-05 -0.0169541 0.0836402 -3.75444e-05 0.000180454 2.8998e-05 -3.75444e-05 0.00931739 -0.017145 -4.41722e-05 0.000180454 -0.017145 0.084672 
0.00926533 -0.0169482 1.99127e-05 -6.93736e-05 -0.0169482 0.0836487 -6.35018e-05 0.000240623 1.99127e-05 -6.35018e-05 0.00933895 -0.0171629 -6.93736e-05 0.000240623 -0.0171629 0.0847412 
0.0092672 -0.0169519 1.45507e-05 -6.01981e-05 -0.0169519 0.083736 -5.34338e-05 0.000253712 1.45507e-05 -5.34338e-05 0.00935827 -0.0172108 -6.01981e-05 0.000253712 -0.0172108 0.0849189 
0.00929734 -0.0169671 1.64836e-05 -5.2396e-05 -0.0169671 0.0838494 -4.79763e-05 0.000241501 1.64836e-05 -4.79763e-05 0.0093608 -0.0172508 -5.2396e-05 0.000241501 -0.0172508 0.085116 
0.00931755 -0.0169766 1.11506e-05 -5.17945e-05 -0.0169766 0.0838306 -5.34961e-05 0.000240653 1.11506e-05 -5.34961e-05 0.00934486 -0.0172268 -5.17945e-05 0.000240653 -0.0172268 0.0850749 
0.00934156 -0.0170131 7.18404e-06 -4.51733e-05 -0.0170131 0.0839266 -5.1938e-05 0.000239707 7.18404e-06 -5.1938e-05 0.00934071 -0.0172198 -4.51733e-05 0.000239707 -0.0172198 0.0850841 
0.00936643 -0.0170602 -4.95448e-06 -3.91066e-05 -0.0170602 0.0840987 -4.78613e-05 0.00023102 -4.95448e-06 -4.78613e-05 0.00934779 -0.0172292 -3.91066e-05 0.00023102 -0.0172292 0.0851566 
0.00938073 -0.0170832 -1.8338e-05 -2.60941e-05 -0.0170832 0.0841838 -3.39453e-05 0.000209186 -1.8338e-05 -3.39453e-05 0.00934803 -0.0172307 -2.60941e-05 0.000209186 -0.0172307 0.0851688 
0.00939873 -0.0171131 -2.43156e-05 -1.27324e-05 -0.0171131 0.0843024 -1.74294e-05 0.000178324 -2.43156e-05 -1.74294e-05 0.00935762 -0.0172401 -1.27324e-05 0.000178324 -0.0172401 0.0852258 
0.00940823 -0.017113 -2.30913e-05 -7.14668e-06 -0.017113 0.084279 -8.31207e-06 0.000154065 -2.30913e-05 -8.31207e-06 0.00934678 -0.0172299 -7.14668e-06 0.000154065 -0.0172299 0.0851618 
0.00941876 -0.017124 -4.61319e-06 -9.66394e-06 -0.017124 0.0842826 -9.54838e-06 0.000150726 -4.61319e-06 -9.54838e-06 0.00933323 -0.017219 -9.66394e-06 0.000150726 -0.017219 0.0851199 
0.00940683 -0.0171198 -1.76352e-06 -3.35143e-05 -0.0171198 0.0842188 -3.13452e-05 0.000186303 -1.76352e-06 -3.13452e-05 0.00932059 -0.0171872 -3.35143e-05 0.000186303 -0.0171872 0.0849953 
0.00940289 -0.0171404 -5.5134e-06 -3.98858e-05 -0.0171404 0.0843361 -3.77595e-05 0.000218869 -5.5134e-06 -3.77595e-05 0.00933894 -0.0172043 -3.98858e-05 0.000218869 -0.0172043 0.0850776 
0.00937372 -0.0170965 2.22815e-06 -3.56288e-05 -0.0170965 0.0841896 -3.45617e-05 0.000225167 2.22815e-06 -3.45617e-05 0.00934442 -0.0171913 -3.56288e-05 0.000225167 -0.0171913 0.0849734 
0.00934294 -0.017065 1.88104e-05 -4.25367e-05 -0.017065 0.084085 -4.17887e-05 0.000234066 1.88104e-05 -4.17887e-05 0.00937784 -0.0172026 -4.25367e-05 0.000234066 -0.0172026 0.0849607 
0.00931162 -0.0170134 1.84667e-05 -6.28985e-05 -0.0170134 0.0839155 -6.18046e-05 0.000270527 1.84667e-05 -6.18046e-05 0.00938782 -0.0172336 -6.28985e-05 0.000270527 -0.0172336 0.0849648 
0.00933588 -0.0170173 1.25053e-05 -6.23202e-05 -0.0170173 0.0839881 -6.01542e-05 0.000285766 1.25053e-05 -6.01542e-05 0.00938664 -0.017294 -6.23202e-05 0.000285766 -0.017294 0.0852134 
0.00935976 -0.0170456 1.6861e-05 -5.33448e-05 -0.0170456 0.0840652 -5.02444e-05 0.000269434 1.6861e-05 -5.02444e-05 0.00936905 -0.0172916 -5.33448e-05 0.000269434 -0.0172916 0.0853138 
0.00936702 -0.0170616 2.98866e-05 -5.60741e-05 -0.0170616 0.0840905 -5.3359e-05 0.000261356 2.98866e-05 -5.3359e-05 0.00934457 -0.017257 -5.60741e-05 0.000261356 -0.017257 0.0852533 
0.00936799 -0.0170741 2.39087e-05 -7.11521e-05 -0.0170741 0.0841291 -7.09031e-05 0.000285734 2.39087e-05 -7.09031e-05 0.00933833 -0.0172223 -7.11521e-05 0.000285734 -0.0172223 0.0851674 
0.00935217 -0.0170407 1.32828e-05 -6.41982e-05 -0.0170407 0.0839722 -6.298e-05 0.000286636 1.32828e-05 -6.298e-05 0.00931598 -0.0171717 -6.41982e-05 0.000286636 -0.0171717 0.0849206 
0.00932933 -0.0170083 8.2267e-06 -5.00329e-05 -0.0170083 0.0837999 -4.61084e-05 0.00025416 8.2267e-06 -4.61084e-05 0.00929911 -0.0171268 -5.00329e-05 0.00025416 -0.0171268 0.0846906 
0.00933203 -0.0170097 -5.50894e-06 -4.30638e-05 -0.0170097 0.08382 -3.53652e-05 0.000221292 -5.50894e-06 -3.53652e-05 0.009304 -0.0171354 -4.30638e-05 0.000221292 -0.0171354 0.0846986 
0.00934741 -0.0170501 -8.95959e-06 -2.71929e-05 -0.0170501 0.0840151 -1.90389e-05 0.000184663 -8.95959e-06 -1.90389e-05 0.00932996 -0.0171806 -2.71929e-05 0.000184663 -0.0171806 0.0849026 
0.00935837 -0.0170789 -2.71164e-07 -2.18041e-05 -0.0170789 0.0841869 -1.78729e-05 0.00016324 -2.71164e-07 -1.78729e-05 0.00935728 -0.0172279 -2.18041e-05 0.00016324 -0.0172279 0.0851144 
0.00936664 -0.0170728 1.18492e-05 -3.2561e-05 -0.0170728 0.0841962 -3.16055e-05 0.000177155 1.18492e-05 -3.16055e-05 0.00936042 -0.017248 -3.2561e-05 0.000177155 -0.017248 0.085191 
0.00936277 -0.0170766 1.04222e-05 -4.80109e-05 -0.0170766 0.0841904 -4.74011e-05 0.000211919 1.04222e-05 -4.74011e-05 0.00937262 -0.0172509 -4.80109e-05 0.000211919 -0.0172509 0.0852221 
0.00935876 -0.0170617 1.76764e-05 -4.49149e-05 -0.0170617 0.0841377 -4.39497e-05 0.000220256 1.76764e-05 -4.39497e-05 0.00937534 -0.0172593 -4.49149e-05 0.000220256 -0.0172593 0.0852207 
0.00935407 -0.0170552 2.75191e-05 -5.25975e-05 -0.0170552 0.0841006 -4.95537e-05 0.000226606 2.75191e-05 -4.95537e-05 0.00938629 -0.0172668 -5.25975e-05 0.000226606 -0.0172668 0.0852407 
0.00933909 -0.0170501 3.25814e-05 -6.50134e-05 -0.0170501 0.0840813 -5.99231e-05 0.000246207 3.25814e-05 -5.99231e-05 0.0094018 -0.0172835 -6.50134e-05 0.000246207 -0.0172835 0.0852817 
0.00933675 -0.0170342 3.27063e-05 -6.9667e-05 -0.0170342 0.0840576 -6.73093e-05 0.000264083 3.27063e-05 -6.73093e-05 0.00940637 -0.0173081 -6.9667e-05 0.000264083 -0.0173081 0.0853519 
0.00934222 -0.0170406 2.59194e-05 -6.94229e-05 -0.0170406 0.0840911 -7.10434e-05 0.000274394 2.59194e-05 -7.10434e-05 0.009409 -0.0173279 -6.94229e-05 0.000274394 -0.0173279 0.0854568 
0.00934274 -0.017029 1.00412e-05 -6.06787e-05 -0.017029 0.0840246 -6.42962e-05 0.000266692 1.00412e-05 -6.42962e-05 0.00939339 -0.0173074 -6.06787e-05 0.000266692 -0.0173074 0.0853952 
0.00933511 -0.0170091 -3.57195e-06 -4.00014e-05 -0.0170091 0.0838914 -4.61924e-05 0.00023278 -3.57195e-06 -4.61924e-05 0.00936168 -0.017258 -4.00014e-05 0.00023278 -0.017258 0.0851995 
0.00933124 -0.0169965 -1.58454e-05 -2.32496e-05 -0.0169965 0.0837995 -3.1567e-05 0.000193894 -1.58454e-05 -3.1567e-05 0.00933631 -0.0172138 -2.32496e-05 0.000193894 -0.0172138 0.0850232 
0.00934393 -0.0169752 -1.55973e-05 -8.40336e-06 -0.0169752 0.0836633 -1.60079e-05 0.000156019 -1.55973e-05 -1.60079e-05 0.00929381 -0.0171618 -8.40336e-06 0.000156019 -0.0171618 0.0847967 
0.00938024 -0.0170411 2.92383e-07 -1.08261e-05 -0.0170411 0.0838644 -1.5975e-05 0.000144775 2.92383e-07 -1.5975e-05 0.00929543 -0.0171552 -1.08261e-05 0.000144775 -0.0171552 0.0848443 
0.00941155 -0.0171292 1.37326e-05 -3.65418e-05 -0.0171292 0.0842281 -4.02186e-05 0.000189393 1.37326e-05 -4.02186e-05 0.00932169 -0.0171895 -3.65418e-05 0.000189393 -0.0171895 0.0850376 
0.00940216 -0.0171527 2.80182e-05 -5.70633e-05 -0.0171527 0.0843702 -6.19437e-05 0.000252128 2.80182e-05 -6.19437e-05 0.0093458 -0.0172026 -5.70633e-05 0.000252128 -0.0172026 0.0850879 
0.0093759 -0.0171145 2.67324e-05 -7.50724e-05 -0.0171145 0.0842847 -8.12321e-05 0.000310272 2.67324e-05 -8.12321e-05 0.00935099 -0.0172093 -7.50724e-05 0.000310272 -0.0172093 0.0850446 
0.00936151 -0.0170681 2.63808e-05 -7.32848e-05 -0.0170681 0.0841278 -7.87539e-05 0.000330289 2.63808e-05 -7.87539e-05 0.0093429 -0.0172079 -7.32848e-05 0.000330289 -0.0172079 0.0849953 
0.00933942 -0.0170499 2.46187e-05 -7.00472e-05 -0.0170499 0.0840325 -7.27495e-05 0.000321592 2.46187e-05 -7.27495e-05 0.00934172 -0.0172016 -7.00472e-05 0.000321592 -0.0172016 0.0849699 
0.00931341 -0.0170159 1.29705e-05 -6.52093e-05 -0.0170159 0.0839171 -6.59761e-05 0.000302833 1.29705e-05 -6.59761e-05 0.00933775 -0.0171892 -6.52093e-05 0.000302833 -0.0171892 0.0849051 
0.00927826 -0.0169519 3.6887e-06 -5.11509e-05 -0.0169519 0.0836572 -4.93399e-05 0.000268021 3.6887e-06 -4.93399e-05 0.00932169 -0.01715 -5.11509e-05 0.000268021 -0.01715 0.0847019 
0.00925377 -0.0168986 -1.49962e-05 -3.91957e-05 -0.0168986 0.0834202 -3.69705e-05 0.000231696 -1.49962e-05 -3.69705e-05 0.00930297 -0.0171174 -3.91957e-05 0.000231696 -0.0171174 0.0845177 
0.00924197 -0.0168447 -3.23744e-05 -1.57541e-05 -0.0168447 0.0831485 -1.50526e-05 0.000181967 -3.23744e-05 -1.50526e-05 0.00926481 -0.0170689 -1.57541e-05 0.000181967 -0.0170689 0.0842696 
0.00923762 -0.0168483 -3.43651e-05 6.96677e-06 -0.0168483 0.083087 8.76437e-06 0.000122092 -3.43651e-05 8.76437e-06 0.00925376 -0.0170383 6.96677e-06 0.000122092 -0.0170383 0.0841605 
0.00923642 -0.0168625 -1.58747e-05 1.18445e-05 -0.0168625 0.0831387 1.46251e-05 8.54558e-05 -1.58747e-05 1.46251e-05 0.00925414 -0.0170361 1.18445e-05 8.54558e-05 -0.0170361 0.0841476 
0.00923294 -0.0168649 5.87183e-06 -1.0339e-05 -0.0168649 0.0831799 -1.02342e-05 0.000110186 5.87183e-06 -1.02342e-05 0.00924281 -0.0170452 -1.0339e-05 0.000110186 -0.0170452 0.0841773 
0.00921871 -0.0168234 1.94689e-05 -3.79282e-05 -0.0168234 0.0830091 -3.78563e-05 0.000169133 1.94689e-05 -3.78563e-05 0.00920755 -0.0169991 -3.79282e-05 0.000169133 -0.0169991 0.0840052 
0.00919617 -0.016829 2.5846e-05 -5.71492e-05 -0.016829 0.0830196 -5.59033e-05 0.000226288 2.5846e-05 -5.59033e-05 0.00921829 -0.0169792 -5.71492e-05 0.000226288 -0.0169792 0.0839764 
0.00918177 -0.0168053 2.18128e-05 -6.57915e-05 -0.0168053 0.0829986 -6.25885e-05 0.000259015 2.18128e-05 -6.25885e-05 0.0092283 -0.0169881 -6.57915e-05 0.000259015 -0.0169881 0.0839743 
0.00918357 -0.0167885 6.46538e-06 -6.00653e-05 -0.0167885 0.0829666 -5.63967e-05 0.000259756 6.46538e-06 -5.63967e-05 0.00923191 -0.0170018 -6.00653e-05 0.000259756 -0.0170018 0.0840059 
0.00920144 -0.0168108 1.36259e-05 -4.0007e-05 -0.0168108 0.083061 -3.54387e-05 0.000222792 1.36259e-05 -3.54387e-05 0.00924198 -0.0170276 -4.0007e-05 0.000222792 -0.0170276 0.0841341 
0.00919866 -0.0168134 2.48327e-05 -4.62589e-05 -0.0168134 0.0830483 -4.11942e-05 0.000210615 2.48327e-05 -4.11942e-05 0.00924047 -0.01702 -4.62589e-05 0.000210615 -0.01702 0.0841121 
0.00921872 -0.0168277 3.17346e-05 -6.01114e-05 -0.0168277 0.083123 -5.74035e-05 0.000234153 3.17346e-05 -5.74035e-05 0.00923684 -0.0170328 -6.01114e-05 0.000234153 -0.0170328 0.0841752 
0.00923594 -0.0168539 2.56266e-05 -6.68759e-05 -0.0168539 0.0831991 -6.85326e-05 0.00026105 2.56266e-05 -6.85326e-05 0.00923737 -0.0170268 -6.68759e-05 0.00026105 -0.0170268 0.0841938 
0.00922581 -0.0168459 8.21945e-06 -5.92538e-05 -0.0168459 0.0831213 -6.35302e-05 0.000262346 8.21945e-06 -6.35302e-05 0.00922884 -0.0169943 -5.92538e-05 0.000262346 -0.0169943 0.0840426 
0.00924358 -0.0168654 -1.46812e-05 -4.00664e-05 -0.0168654 0.0832155 -4.48857e-05 0.000233805 -1.46812e-05 -4.48857e-05 0.00923609 -0.0170131 -4.00664e-05 0.000233805 -0.0170131 0.0841023 
0.00923319 -0.0168607 -1.5089e-05 -1.23613e-05 -0.0168607 0.0831621 -2.07728e-05 0.000181976 -1.5089e-05 -2.07728e-05 0.00923889 -0.017 -1.23613e-05 0.000181976 -0.017 0.0840305 
0.00923769 -0.0168692 -8.89262e-06 -1.00072e-05 -0.0168692 0.0832212 -2.10034e-05 0.000158456 -8.89262e-06 -2.10034e-05 0.00925656 -0.0170275 -1.00072e-05 0.000158456 -0.0170275 0.0841153 
0.0092502 -0.0168821 -1.17758e-05 -2.15175e-05 -0.0168821 0.083293 -2.88148e-05 0.000172076 -1.17758e-05 -2.88148e-05 0.00927304 -0.0170618 -2.15175e-05 0.000172076 -0.0170618 0.084244 
0.0092673 -0.016902 -1.52538e-05 -2.11518e-05 -0.016902 0.0833729 -2.53164e-05 0.000179726 -1.52538e-05 -2.53164e-05 0.00928464 -0.0170904 -2.11518e-05 0.000179726 -0.0170904 0.0843672 
0.00928443 -0.0169221 -1.56544e-05 -1.75923e-05 -0.0169221 0.08344 -2.02234e-05 0.000175767 -1.56544e-05 -2.02234e-05 0.00929087 -0.0171069 -1.75923e-05 0.000175767 -0.0171069 0.0844481 
0.00929546 -0.0169567 -5.85744e-06 -1.68097e-05 -0.0169567 0.0835728 -1.67692e-05 0.000168102 -5.85744e-06 -1.67692e-05 0.00931125 -0.017132 -1.68097e-05 0.000168102 -0.017132 0.0845764 
0.00933091 -0.0170225 2.67319e-06 -2.9998e-05 -0.0170225 0.0839144 -2.74591e-05 0.000184343 2.67319e-06 -2.74591e-05 0.00934909 -0.0172135 -2.9998e-05 0.000184343 -0.0172135 0.0849475 
0.00934486 -0.0170367 1.12045e-05 -4.29091e-05 -0.0170367 0.0839988 -4.04928e-05 0.000215577 1.12045e-05 -4.04928e-05 0.00936135 -0.0172392 -4.29091e-05 0.000215577 -0.0172392 0.0850789 
0.0093957 -0.0171159 2.27003e-05 -5.46509e-05 -0.0171159 0.0843773 -5.1202e-05 0.00024787 2.27003e-05 -5.1202e-05 0.00939933 -0.017321 -5.46509e-05 0.00024787 -0.017321 0.0854893 
0.00938713 -0.0171337 2.14433e-05 -7.06769e-05 -0.0171337 0.0844338 -6.65557e-05 0.000287099 2.14433e-05 -6.65557e-05 0.00941302 -0.0173248 -7.06769e-05 0.000287099 -0.0173248 0.0855397 
0.00936487 -0.017083 1.86218e-05 -6.90098e-05 -0.017083 0.084247 -6.72004e-05 0.000305795 1.86218e-05 -6.72004e-05 0.00940049 -0.0172971 -6.90098e-05 0.000305795 -0.0172971 0.0853771 
0.00937049 -0.0171098 9.69208e-06 -6.56039e-05 -0.0171098 0.0843869 -6.4397e-05 0.000306028 9.69208e-06 -6.4397e-05 0.00942557 -0.0173393 -6.56039e-05 0.000306028 -0.0173393 0.0855658 
0.0093745 -0.0171222 4.72282e-07 -5.57998e-05 -0.0171222 0.0844917 -5.4666e-05 0.000293347 4.72282e-07 -5.4666e-05 0.00944569 -0.0173752 -5.57998e-05 0.000293347 -0.0173752 0.0857263 
0.00935404 -0.0170581 -2.35615e-06 -4.28967e-05 -0.0170581 0.0842119 -4.58555e-05 0.00027016 -2.35615e-06 -4.58555e-05 0.00942102 -0.01733 -4.28967e-05 0.00027016 -0.01733 0.0854963 
0.00936327 -0.0170645 -1.92826e-06 -3.76533e-05 -0.0170645 0.0842055 -4.44421e-05 0.000256215 -1.92826e-06 -4.44421e-05 0.00941223 -0.0173325 -3.76533e-05 0.000256215 -0.0173325 0.0855056 
0.00935525 -0.0170508 -2.27528e-06 -3.955e-05 -0.0170508 0.0840985 -4.53942e-05 0.000256122 -2.27528e-06 -4.53942e-05 0.0094012 -0.0172955 -3.955e-05 0.000256122 -0.0172955 0.0853625 
0.00933137 -0.0170451 -4.59986e-06 -4.2099e-05 -0.0170451 0.0840513 -4.61782e-05 0.000262961 -4.59986e-06 -4.61782e-05 0.00941486 -0.0172836 -4.2099e-05 0.000262961 -0.0172836 0.0852844 
0.00933158 -0.0170228 -2.00977e-05 -3.90168e-05 -0.0170228 0.0840136 -4.18231e-05 0.000259833 -2.00977e-05 -4.18231e-05 0.00941762 -0.0173084 -3.90168e-05 0.000259833 -0.0173084 0.0853106 
0.00932377 -0.0169993 -2.26969e-05 -2.04316e-05 -0.0169993 0.0838836 -2.41111e-05 0.000230268 -2.26969e-05 -2.41111e-05 0.00939971 -0.0172979 -2.04316e-05 0.000230268 -0.0172979 0.0852484 
0.00932128 -0.0170165 -1.76317e-05 -1.45938e-05 -0.0170165 0.0839434 -2.0099e-05 0.000207192 -1.76317e-05 -2.0099e-05 0.00939872 -0.017305 -1.45938e-05 0.000207192 -0.017305 0.0853219 
0.00932946 -0.0170272 -1.61813e-05 -1.94983e-05 -0.0170272 0.0840271 -2.71086e-05 0.000209035 -1.61813e-05 -2.71086e-05 0.00938685 -0.0173089 -1.94983e-05 0.000209035 -0.0173089 0.0853857 
0.00932097 -0.0169875 -2.88205e-05 -2.23446e-05 -0.0169875 0.0838286 -2.86536e-05 0.000215942 -2.88205e-05 -2.86536e-05 0.00933635 -0.0172333 -2.23446e-05 0.000215942 -0.0172333 0.085104 
0.0093006 -0.0169519 -1.40202e-05 -9.03641e-06 -0.0169519 0.0835928 -1.3467e-05 0.000197548 -1.40202e-05 -1.3467e-05 0.00929711 -0.017135 -9.03641e-06 0.000197548 -0.017135 0.0847134 
0.00930913 -0.0169519 1.60736e-05 -2.84452e-05 -0.0169519 0.0835673 -2.98869e-05 0.00021433 1.60736e-05 -2.98869e-05 0.00927796 -0.0171057 -2.84452e-05 0.00021433 -0.0171057 0.0845615 
0.00929335 -0.0169597 2.81946e-05 -6.97018e-05 -0.0169597 0.0835444 -6.98983e-05 0.000294155 2.81946e-05 -6.98983e-05 0.0092736 -0.0170723 -6.97018e-05 0.000294155 -0.0170723 0.0844194 
0.0093043 -0.0169821 1.73274e-05 -8.7538e-05 -0.0169821 0.0837018 -9.11813e-05 0.000369461 1.73274e-05 -9.11813e-05 0.00928355 -0.0171041 -8.7538e-05 0.000369461 -0.0171041 0.0845332 
0.00933362 -0.0170145 6.31341e-06 -7.22662e-05 -0.0170145 0.0838847 -8.01936e-05 0.000378207 6.31341e-06 -8.01936e-05 0.00928305 -0.0171368 -7.22662e-05 0.000378207 -0.0171368 0.0847085 
0.00933364 -0.0169989 -2.40031e-06 -5.54985e-05 -0.0169989 0.0837708 -6.25816e-05 0.000343438 -2.40031e-06 -6.25816e-05 0.00925655 -0.017085 -5.54985e-05 0.000343438 -0.017085 0.0845327 
0.00934004 -0.0170471 -9.64861e-06 -4.42633e-05 -0.0170471 0.0839596 -4.66378e-05 0.000302236 -9.64861e-06 -4.66378e-05 0.00928251 -0.0170999 -4.42633e-05 0.000302236 -0.0170999 0.0846378 
0.00935488 -0.01705 -1.56225e-05 -3.43327e-05 -0.01705 0.0840344 -3.56757e-05 0.000266985 -1.56225e-05 -3.56757e-05 0.00929396 -0.017127 -3.43327e-05 0.000266985 -0.017127 0.0847139 
0.00935353 -0.0170449 -8.92682e-06 -2.54253e-05 -0.0170449 0.0839795 -2.80366e-05 0.000238597 -8.92682e-06 -2.80366e-05 0.00929674 -0.0171206 -2.54253e-05 0.000238597 -0.0171206 0.0846729 
