0.00624929 0 1.7087e-05 0 0 0.00878378 0 0 1.7087e-05 0 0.00612878 0 0 0 0 0.00878378 
0.00953279 -0.0118304 6.74632e-06 -4.91366e-06 -0.0118304 0.0313656 -4.91366e-06 9.88077e-06 6.74632e-06 -4.91366e-06 0.00936408 -0.0116246 -4.91366e-06 9.88077e-06 -0.0116246 0.0309709 
0.00976982 -0.0182111 -2.38829e-05 0.000103054 -0.0182111 0.067096 0.000103054 -0.000359098 -2.38829e-05 0.000103054 0.00966846 -0.0180046 0.000103054 -0.000359098 -0.0180046 0.066456 
0.00915649 -0.0176902 -1.0122e-05 0.000210633 -0.0176902 0.0793306 0.000212992 -0.00105798 -1.0122e-05 0.000212992 0.00915144 -0.0176741 0.000210633 -0.00105798 -0.0176741 0.0793448 
0.00886363 -0.0165489 1.56023e-05 0.000163122 -0.0165489 0.0798579 0.00016477 -0.0011976 1.56023e-05 0.00016477 0.00887691 -0.0166524 0.000163122 -0.0011976 -0.0166524 0.0804133 
0.00862315 -0.0158313 3.11558e-05 8.10382e-05 -0.0158313 0.0777358 7.65456e-05 -0.000869723 3.11558e-05 7.65456e-05 0.0086391 -0.0159366 8.10382e-05 -0.000869723 -0.0159366 0.0783756 
0.00836974 -0.0153268 2.51e-05 3.69697e-05 -0.0153268 0.0755124 2.83916e-05 -0.000546765 2.51e-05 2.83916e-05 0.00840313 -0.0154184 3.69697e-05 -0.000546765 -0.0154184 0.0760638 
0.00811728 -0.014853 1.46721e-05 3.78655e-05 -0.014853 0.0733196 2.85277e-05 -0.000391086 1.46721e-05 2.85277e-05 0.00816303 -0.0149608 3.78655e-05 -0.000391086 -0.0149608 0.0738318 
0.00954074 -0.0174277 1.28957e-06 6.45195e-05 -0.0174277 0.0860983 5.3873e-05 -0.000435593 1.28957e-06 5.3873e-05 0.00959581 -0.017576 6.45195e-05 -0.000435593 -0.017576 0.0867289 
0.00944015 -0.0172241 -1.26671e-05 9.08786e-05 -0.0172241 0.0850431 8.57259e-05 -0.000487438 -1.26671e-05 8.57259e-05 0.0094842 -0.017372 9.08786e-05 -0.000487438 -0.017372 0.0856826 
0.00940292 -0.0171439 -1.43958e-05 0.000109467 -0.0171439 0.0845543 0.00011305 -0.000559396 -1.43958e-05 0.00011305 0.00941954 -0.0172728 0.000109467 -0.000559396 -0.0172728 0.0851617 
0.00939388 -0.0171313 -2.77478e-06 0.000111072 -0.0171313 0.0844034 0.000119453 -0.000601058 -2.77478e-06 0.000119453 0.00937622 -0.0172228 0.000111072 -0.000601058 -0.0172228 0.0849301 
0.0093554 -0.0171011 -1.10512e-05 9.33841e-05 -0.0171011 0.0842049 0.000104694 -0.000586613 -1.10512e-05 0.000104694 0.00934366 -0.0171442 9.33841e-05 -0.000586613 -0.0171442 0.0846099 
0.00932354 -0.0171028 -1.46885e-05 0.000101652 -0.0171028 0.0842646 0.000113462 -0.000586754 -1.46885e-05 0.000113462 0.00936678 -0.0171456 0.000101652 -0.000586754 -0.0171456 0.0846052 
0.00930147 -0.0170639 -1.37652e-05 0.000106895 -0.0170639 0.0842233 0.00011842 -0.000599039 -1.37652e-05 0.00011842 0.00937284 -0.0171738 0.000106895 -0.000599039 -0.0171738 0.0846463 
0.00929479 -0.0170308 -1.7282e-05 0.000104485 -0.0170308 0.0841362 0.000114893 -0.000597956 -1.7282e-05 0.000114893 0.00936233 -0.0171814 0.000104485 -0.000597956 -0.0171814 0.0846754 
0.00928426 -0.0170042 -2.03548e-05 0.000107676 -0.0170042 0.0840018 0.000116072 -0.000594978 -2.03548e-05 0.000116072 0.0093432 -0.0171511 0.000107676 -0.000594978 -0.0171511 0.0845799 
0.00929188 -0.0170227 -1.17634e-05 0.000109247 -0.0170227 0.0840737 0.000116635 -0.000591786 -1.17634e-05 0.000116635 0.00934241 -0.0171494 0.000109247 -0.000591786 -0.0171494 0.0846142 
0.00930639 -0.0170358 -1.26648e-05 9.94649e-05 -0.0170358 0.0841403 0.000105319 -0.000572514 -1.26648e-05 0.000105319 0.00933431 -0.0171468 9.94649e-05 -0.000572514 -0.0171468 0.0846271 
0.00932679 -0.0170455 -5.82073e-06 9.98299e-05 -0.0170455 0.084156 0.00010266 -0.000557139 -5.82073e-06 0.00010266 0.00930919 -0.0171247 9.98299e-05 -0.000557139 -0.0171247 0.0845663 
0.00930037 -0.0170047 -3.40699e-06 9.03807e-05 -0.0170047 0.0838708 9.06962e-05 -0.000530842 -3.40699e-06 9.06962e-05 0.00927713 -0.0170207 9.03807e-05 -0.000530842 -0.0170207 0.0841371 
0.00932623 -0.0170403 -2.13402e-06 8.95752e-05 -0.0170403 0.08402 8.60878e-05 -0.000515915 -2.13402e-06 8.60878e-05 0.00927231 -0.0170436 8.95752e-05 -0.000515915 -0.0170436 0.0841922 
0.009338 -0.0170663 2.49001e-06 9.32337e-05 -0.0170663 0.0841048 8.5264e-05 -0.000516983 2.49001e-06 8.5264e-05 0.00926416 -0.0170378 9.32337e-05 -0.000516983 -0.0170378 0.0842049 
0.00934942 -0.0171094 7.6144e-06 8.8269e-05 -0.0171094 0.0843075 7.95326e-05 -0.000510679 7.6144e-06 7.95326e-05 0.00927527 -0.0170595 8.8269e-05 -0.000510679 -0.0170595 0.084347 
0.00932759 -0.0170845 1.50162e-05 7.85541e-05 -0.0170845 0.0842301 7.49626e-05 -0.00049425 1.50162e-05 7.49626e-05 0.00927362 -0.017036 7.85541e-05 -0.00049425 -0.017036 0.08425 
0.00928277 -0.0170519 1.3419e-05 6.44172e-05 -0.0170519 0.0841268 6.88158e-05 -0.000470652 1.3419e-05 6.88158e-05 0.00929738 -0.0170313 6.44172e-05 -0.000470652 -0.0170313 0.0841924 
0.00923595 -0.0169512 6.82616e-06 6.38293e-05 -0.0169512 0.0837685 7.0835e-05 -0.000458662 6.82616e-06 7.0835e-05 0.00928376 -0.0170137 6.38293e-05 -0.000458662 -0.0170137 0.0839856 
0.00923926 -0.016903 6.71201e-06 7.24586e-05 -0.016903 0.0835695 7.34667e-05 -0.00046168 6.71201e-06 7.34667e-05 0.00925668 -0.017016 7.24586e-05 -0.00046168 -0.017016 0.0839504 
0.00924436 -0.0168687 8.71914e-06 7.33741e-05 -0.0168687 0.0833072 6.76418e-05 -0.000456413 8.71914e-06 6.76418e-05 0.00920164 -0.0169502 7.33741e-05 -0.000456413 -0.0169502 0.0837086 
0.00925329 -0.0168844 1.40257e-05 6.8649e-05 -0.0168844 0.0832446 6.25678e-05 -0.000440431 1.40257e-05 6.25678e-05 0.00917404 -0.016889 6.8649e-05 -0.000440431 -0.016889 0.0835181 
0.00922457 -0.0168821 1.55246e-05 5.89859e-05 -0.0168821 0.0831569 5.52289e-05 -0.000416021 1.55246e-05 5.52289e-05 0.00916733 -0.016832 5.89859e-05 -0.000416021 -0.016832 0.0832703 
0.00920965 -0.0168884 2.19893e-05 5.70042e-05 -0.0168884 0.0832509 5.52011e-05 -0.000404102 2.19893e-05 5.52011e-05 0.00918476 -0.0168601 5.70042e-05 -0.000404102 -0.0168601 0.0833299 
0.00920656 -0.0168795 2.51287e-05 5.27543e-05 -0.0168795 0.083307 4.78063e-05 -0.000394657 2.51287e-05 4.78063e-05 0.00920232 -0.0168993 5.27543e-05 -0.000394657 -0.0168993 0.0834725 
0.00921489 -0.0168825 2.05941e-05 5.25632e-05 -0.0168825 0.083365 4.27087e-05 -0.000387461 2.05941e-05 4.27087e-05 0.00921039 -0.0169339 5.25632e-05 -0.000387461 -0.0169339 0.0836306 
0.00920819 -0.0168899 9.97599e-06 5.92484e-05 -0.0168899 0.0834033 4.85072e-05 -0.000395664 9.97599e-06 4.85072e-05 0.00922012 -0.0169445 5.92484e-05 -0.000395664 -0.0169445 0.0837181 
0.00920571 -0.0168815 -1.31004e-06 6.92015e-05 -0.0168815 0.0834139 6.22914e-05 -0.0004182 -1.31004e-06 6.22914e-05 0.0092219 -0.0169547 6.92015e-05 -0.0004182 -0.0169547 0.0837705 
0.00919578 -0.0168439 -1.18485e-05 7.99461e-05 -0.0168439 0.0832484 7.61586e-05 -0.000444264 -1.18485e-05 7.61586e-05 0.00920814 -0.0169241 7.99461e-05 -0.000444264 -0.0169241 0.0836391 
0.00918814 -0.0168018 -1.73713e-05 9.18325e-05 -0.0168018 0.0830147 8.7521e-05 -0.000470585 -1.73713e-05 8.7521e-05 0.00917193 -0.0168801 9.18325e-05 -0.000470585 -0.0168801 0.0834183 
0.00918737 -0.0168099 -8.04585e-06 9.64163e-05 -0.0168099 0.082984 9.28783e-05 -0.000486168 -8.04585e-06 9.28783e-05 0.0091552 -0.0168555 9.64163e-05 -0.000486168 -0.0168555 0.0833449 
0.00920229 -0.0168494 1.29225e-05 8.27895e-05 -0.0168494 0.0831633 8.19038e-05 -0.00047111 1.29225e-05 8.19038e-05 0.00916538 -0.0168705 8.27895e-05 -0.00047111 -0.0168705 0.0834576 
0.0091842 -0.016831 2.53515e-05 5.4507e-05 -0.016831 0.0830903 5.63721e-05 -0.000416731 2.53515e-05 5.63721e-05 0.00916734 -0.0168465 5.4507e-05 -0.000416731 -0.0168465 0.0833488 
0.00916041 -0.0167988 2.78988e-05 3.71916e-05 -0.0167988 0.0829728 3.96642e-05 -0.00036252 2.78988e-05 3.96642e-05 0.00917412 -0.016839 3.71916e-05 -0.00036252 -0.016839 0.0832573 
0.009154 -0.0167814 2.40186e-05 3.3074e-05 -0.0167814 0.0829311 3.79124e-05 -0.000338257 2.40186e-05 3.79124e-05 0.00918129 -0.0168625 3.3074e-05 -0.000338257 -0.0168625 0.0833003 
0.00916102 -0.0168091 1.63448e-05 3.80957e-05 -0.0168091 0.0830738 4.60853e-05 -0.000344207 1.63448e-05 4.60853e-05 0.00921243 -0.0169068 3.80957e-05 -0.000344207 -0.0169068 0.0835078 
0.00917733 -0.0168252 1.52866e-05 4.71385e-05 -0.0168252 0.0831872 5.55688e-05 -0.000363796 1.52866e-05 5.55688e-05 0.00922968 -0.0169463 4.71385e-05 -0.000363796 -0.0169463 0.0836707 
0.00917163 -0.0167969 9.97519e-06 4.89817e-05 -0.0167969 0.0830251 5.60026e-05 -0.000373687 9.97519e-06 5.60026e-05 0.00920569 -0.0169116 4.89817e-05 -0.000373687 -0.0169116 0.0835085 
0.00917726 -0.0168277 8.72386e-06 5.71932e-05 -0.0168277 0.0831216 6.19374e-05 -0.000388125 8.72386e-06 6.19374e-05 0.00920892 -0.0169127 5.71932e-05 -0.000388125 -0.0169127 0.0835422 
0.00918347 -0.0168403 1.35479e-05 6.06319e-05 -0.0168403 0.0831978 6.38022e-05 -0.00040001 1.35479e-05 6.38022e-05 0.00921096 -0.0169145 6.06319e-05 -0.00040001 -0.0169145 0.083558 
0.00917497 -0.0168275 3.37702e-05 5.7746e-05 -0.0168275 0.0831405 5.82592e-05 -0.000400806 3.37702e-05 5.82592e-05 0.0092121 -0.0168956 5.7746e-05 -0.000400806 -0.0168956 0.0834658 
0.0091925 -0.016869 2.31964e-05 3.68555e-05 -0.016869 0.0833533 3.50044e-05 -0.000370317 2.31964e-05 3.50044e-05 0.00924679 -0.0169503 3.68555e-05 -0.000370317 -0.0169503 0.0836868 
0.00920922 -0.0168909 1.71423e-05 4.53069e-05 -0.0168909 0.0834908 4.56289e-05 -0.000364771 1.71423e-05 4.56289e-05 0.00926577 -0.0169995 4.53069e-05 -0.000364771 -0.0169995 0.0838814 
0.00918536 -0.0168492 7.77667e-06 5.37274e-05 -0.0168492 0.0832844 5.8485e-05 -0.000387998 7.77667e-06 5.8485e-05 0.0092472 -0.0169663 5.37274e-05 -0.000387998 -0.0169663 0.0837212 
0.00917016 -0.0168126 2.90253e-06 6.39642e-05 -0.0168126 0.0831129 7.29339e-05 -0.000419315 2.90253e-06 7.29339e-05 0.00922464 -0.016938 6.39642e-05 -0.000419315 -0.016938 0.0835808 
0.00916518 -0.0168023 1.76383e-06 6.99795e-05 -0.0168023 0.0830487 8.21448e-05 -0.000446675 1.76383e-06 8.21448e-05 0.00921176 -0.0169202 6.99795e-05 -0.000446675 -0.0169202 0.0835186 
0.00917808 -0.0168104 6.22916e-06 7.30964e-05 -0.0168104 0.0830787 8.35544e-05 -0.000462104 6.22916e-06 8.35544e-05 0.00920527 -0.0169162 7.30964e-05 -0.000462104 -0.0169162 0.0835237 
0.00918164 -0.0168138 -7.86182e-07 7.08924e-05 -0.0168138 0.0830566 7.31074e-05 -0.00045608 -7.86182e-07 7.31074e-05 0.00918931 -0.0168953 7.08924e-05 -0.00045608 -0.0168953 0.0834518 
0.00916706 -0.0167919 -8.80324e-06 8.01125e-05 -0.0167919 0.082923 7.77118e-05 -0.000459821 -8.80324e-06 7.77118e-05 0.00916963 -0.0168482 8.01125e-05 -0.000459821 -0.0168482 0.0832546 
0.00917265 -0.0167786 -1.02309e-05 8.87054e-05 -0.0167786 0.0828487 8.77841e-05 -0.000477022 -1.02309e-05 8.77841e-05 0.00914458 -0.0168229 8.87054e-05 -0.000477022 -0.0168229 0.0831284 
0.00918141 -0.0168012 -1.85236e-05 8.78721e-05 -0.0168012 0.0828872 9.26085e-05 -0.000488342 -1.85236e-05 9.26085e-05 0.00912631 -0.0167979 8.78721e-05 -0.000488342 -0.0167979 0.0830627 
0.00919348 -0.0168449 -1.74273e-05 9.39631e-05 -0.0168449 0.083076 0.000102433 -0.000501479 -1.74273e-05 0.000102433 0.00913517 -0.0167994 9.39631e-05 -0.000501479 -0.0167994 0.0831228 
0.00915947 -0.0168081 -1.85591e-05 9.55412e-05 -0.0168081 0.0829261 0.000101593 -0.000510053 -1.85591e-05 0.000101593 0.00912946 -0.0167552 9.55412e-05 -0.000510053 -0.0167552 0.0829004 
0.0091286 -0.0167819 -1.33087e-05 9.6596e-05 -0.0167819 0.0828719 9.84357e-05 -0.000508176 -1.33087e-05 9.84357e-05 0.00914756 -0.0167698 9.6596e-05 -0.000508176 -0.0167698 0.0828934 
0.00910903 -0.0167344 -7.7671e-06 8.75762e-05 -0.0167344 0.0827422 8.99182e-05 -0.000489346 -7.7671e-06 8.99182e-05 0.00914886 -0.0167878 8.75762e-05 -0.000489346 -0.0167878 0.0829014 
0.00910862 -0.0167186 4.2003e-06 7.70962e-05 -0.0167186 0.0826916 8.32014e-05 -0.000463776 4.2003e-06 8.32014e-05 0.0091495 -0.0168018 7.70962e-05 -0.000463776 -0.0168018 0.0829654 
0.0090868 -0.0166657 2.13779e-05 6.12588e-05 -0.0166657 0.0824162 6.91479e-05 -0.000428327 2.13779e-05 6.91479e-05 0.00911247 -0.0167494 6.12588e-05 -0.000428327 -0.0167494 0.0827287 
0.00909169 -0.0166604 2.30454e-05 3.9711e-05 -0.0166604 0.0823547 4.65666e-05 -0.000377601 2.30454e-05 4.65666e-05 0.00909005 -0.0167199 3.9711e-05 -0.000377601 -0.0167199 0.0826298 
0.00910693 -0.0166891 1.57067e-05 3.79675e-05 -0.0166891 0.0824437 4.28916e-05 -0.000350095 1.57067e-05 4.28916e-05 0.00907667 -0.0167077 3.79675e-05 -0.000350095 -0.0167077 0.0826229 
0.00910115 -0.0166801 5.7651e-06 4.84458e-05 -0.0166801 0.0823663 4.99067e-05 -0.000355183 5.7651e-06 4.99067e-05 0.00905272 -0.0166545 4.84458e-05 -0.000355183 -0.0166545 0.082421 
0.00908246 -0.0166863 -2.07482e-06 6.30516e-05 -0.0166863 0.0823782 5.98316e-05 -0.000378904 -2.07482e-06 5.98316e-05 0.00905658 -0.016631 6.30516e-05 -0.000378904 -0.016631 0.0823233 
0.00905238 -0.0166371 -1.18353e-05 7.41429e-05 -0.0166371 0.0822169 6.85511e-05 -0.000404636 -1.18353e-05 6.85511e-05 0.00903922 -0.0166104 7.41429e-05 -0.000404636 -0.0166104 0.0821627 
0.00904655 -0.0166043 -1.44616e-05 8.5097e-05 -0.0166043 0.0821084 7.9252e-05 -0.00043024 -1.44616e-05 7.9252e-05 0.0090266 -0.0166007 8.5097e-05 -0.00043024 -0.0166007 0.0821108 
0.0090144 -0.0165629 -1.74494e-06 8.52783e-05 -0.0165629 0.0818827 8.26986e-05 -0.000440754 -1.74494e-06 8.26986e-05 0.00901465 -0.0165534 8.52783e-05 -0.000440754 -0.0165534 0.0819046 
0.00899919 -0.0165432 1.30576e-05 6.648e-05 -0.0165432 0.0818153 6.98711e-05 -0.000418495 1.30576e-05 6.98711e-05 0.00902126 -0.0165551 6.648e-05 -0.000418495 -0.0165551 0.0818676 
0.00900437 -0.0165305 1.65457e-05 4.48287e-05 -0.0165305 0.0817906 5.0828e-05 -0.000370532 1.65457e-05 5.0828e-05 0.00901304 -0.0165767 4.48287e-05 -0.000370532 -0.0165767 0.0819207 
0.00901347 -0.0165538 1.70265e-05 3.96949e-05 -0.0165538 0.0818726 4.41276e-05 -0.000338255 1.70265e-05 4.41276e-05 0.00901535 -0.0165846 3.96949e-05 -0.000338255 -0.0165846 0.0820158 
0.00900542 -0.0165368 1.63599e-05 4.12117e-05 -0.0165368 0.0817857 4.48389e-05 -0.000330039 1.63599e-05 4.48389e-05 0.00900387 -0.0165534 4.12117e-05 -0.000330039 -0.0165534 0.0818973 
0.00900067 -0.0165589 1.032e-05 4.27694e-05 -0.0165589 0.0818911 4.58051e-05 -0.00033194 1.032e-05 4.58051e-05 0.00902807 -0.016571 4.27694e-05 -0.00033194 -0.016571 0.0819799 
0.00899347 -0.0165705 5.47539e-06 4.98546e-05 -0.0165705 0.0820106 5.36071e-05 -0.000344024 5.47539e-06 5.36071e-05 0.00906193 -0.0166132 4.98546e-05 -0.000344024 -0.0166132 0.0821321 
0.00899784 -0.0165282 -9.70672e-07 5.67327e-05 -0.0165282 0.0818874 5.96372e-05 -0.000360696 -9.70672e-07 5.96372e-05 0.00904336 -0.0166226 5.67327e-05 -0.000360696 -0.0166226 0.0821096 
0.00900041 -0.0165224 -5.91398e-06 6.45677e-05 -0.0165224 0.081791 6.55015e-05 -0.000376927 -5.91398e-06 6.55015e-05 0.00902353 -0.0165936 6.45677e-05 -0.000376927 -0.0165936 0.0820305 
0.00902467 -0.0165377 -3.70795e-06 6.94409e-05 -0.0165377 0.0818128 6.97246e-05 -0.000388128 -3.70795e-06 6.97246e-05 0.00900006 -0.0165754 6.94409e-05 -0.000388128 -0.0165754 0.0819852 
0.0090543 -0.0165982 6.24734e-06 6.73041e-05 -0.0165982 0.0820167 6.74693e-05 -0.000389647 6.24734e-06 6.74693e-05 0.00899893 -0.0165724 6.73041e-05 -0.000389647 -0.0165724 0.0820536 
0.00907931 -0.0166299 1.77152e-05 5.41968e-05 -0.0166299 0.0821373 5.50736e-05 -0.000368034 1.77152e-05 5.50736e-05 0.0089863 -0.0165601 5.41968e-05 -0.000368034 -0.0165601 0.0820344 
0.00910065 -0.0166893 1.3005e-05 3.83401e-05 -0.0166893 0.0823779 4.33385e-05 -0.000336349 1.3005e-05 4.33385e-05 0.00900183 -0.0165738 3.83401e-05 -0.000336349 -0.0165738 0.0821489 
0.00909963 -0.0167057 9.39526e-06 4.23508e-05 -0.0167057 0.0824728 5.08198e-05 -0.000331272 9.39526e-06 5.08198e-05 0.0090208 -0.0165783 4.23508e-05 -0.000331272 -0.0165783 0.0821674 
0.00908144 -0.0167164 9.50209e-06 4.83483e-05 -0.0167164 0.0825704 5.54656e-05 -0.000343766 9.50209e-06 5.54656e-05 0.00905819 -0.0166138 4.83483e-05 -0.000343766 -0.0166138 0.0822778 
0.0090632 -0.0166867 1.06222e-05 5.19438e-05 -0.0166867 0.0825484 5.41081e-05 -0.000352324 1.06222e-05 5.41081e-05 0.0090893 -0.0166581 5.19438e-05 -0.000352324 -0.0166581 0.0823884 
0.00904778 -0.0166548 1.97869e-05 5.27698e-05 -0.0166548 0.0824645 4.84316e-05 -0.000350392 1.97869e-05 4.84316e-05 0.0091033 -0.0166954 5.27698e-05 -0.000350392 -0.0166954 0.082488 
0.00903248 -0.0165998 1.74365e-05 4.52089e-05 -0.0165998 0.0822298 3.60029e-05 -0.000334529 1.74365e-05 3.60029e-05 0.00908354 -0.0166832 4.52089e-05 -0.000334529 -0.0166832 0.0824056 
0.00900937 -0.0165499 1.99226e-05 4.76705e-05 -0.0165499 0.0819486 3.81085e-05 -0.000329487 1.99226e-05 3.81085e-05 0.00905382 -0.0166305 4.76705e-05 -0.000329487 -0.0166305 0.0821829 
0.00898964 -0.0164973 1.62421e-05 4.32185e-05 -0.0164973 0.0816594 3.82044e-05 -0.000327455 1.62421e-05 3.82044e-05 0.00901142 -0.0165683 4.32185e-05 -0.000327455 -0.0165683 0.0818919 
0.00901973 -0.0165431 4.67817e-06 4.52374e-05 -0.0165431 0.081829 4.39517e-05 -0.00033162 4.67817e-06 4.39517e-05 0.00900799 -0.016583 4.52374e-05 -0.00033162 -0.016583 0.0820069 
0.00903569 -0.0165646 1.22088e-05 5.55709e-05 -0.0165646 0.0818803 5.90751e-05 -0.000351241 1.22088e-05 5.90751e-05 0.0089915 -0.0165558 5.55709e-05 -0.000351241 -0.0165558 0.081947 
0.00904244 -0.0166005 1.17786e-05 4.52082e-05 -0.0166005 0.0820067 5.20217e-05 -0.000348858 1.17786e-05 5.20217e-05 0.00899983 -0.0165467 4.52082e-05 -0.000348858 -0.0165467 0.081947 
0.00904899 -0.0166418 1.51304e-05 4.53224e-05 -0.0166418 0.0822307 5.31019e-05 -0.000344316 1.51304e-05 5.31019e-05 0.00903459 -0.0165825 4.53224e-05 -0.000344316 -0.0165825 0.0820992 
0.00905278 -0.016652 1.21527e-05 4.1514e-05 -0.016652 0.0823469 4.90259e-05 -0.000337405 1.21527e-05 4.90259e-05 0.00905974 -0.0166224 4.1514e-05 -0.000337405 -0.0166224 0.0822319 
0.00903667 -0.0166036 1.27146e-05 4.49137e-05 -0.0166036 0.0821428 5.05409e-05 -0.000335674 1.27146e-05 5.05409e-05 0.009041 -0.0165986 4.49137e-05 -0.000335674 -0.0165986 0.0820759 
0.00902119 -0.0165935 2.86491e-05 4.52857e-05 -0.0165935 0.0820681 4.89738e-05 -0.000335897 2.86491e-05 4.89738e-05 0.00904319 -0.0165863 4.52857e-05 -0.000335897 -0.0165863 0.0820173 
0.00899374 -0.0165465 3.16104e-05 2.63833e-05 -0.0165465 0.0818718 2.78395e-05 -0.000303493 3.16104e-05 2.78395e-05 0.00903718 -0.0165633 2.63833e-05 -0.000303493 -0.0165633 0.0818601 
0.0089836 -0.016555 6.27451e-06 2.19581e-05 -0.016555 0.081945 2.09086e-05 -0.000276598 6.27451e-06 2.09086e-05 0.00906422 -0.0166073 2.19581e-05 -0.000276598 -0.0166073 0.0820199 
0.00898825 -0.0165408 4.63428e-06 5.45878e-05 -0.0165408 0.0819597 5.29485e-05 -0.000318579 4.63428e-06 5.29485e-05 0.00907458 -0.0166491 5.45878e-05 -0.000318579 -0.0166491 0.0821731 
0.00898261 -0.0165057 3.27896e-06 6.14553e-05 -0.0165057 0.0817822 5.80061e-05 -0.000357396 3.27896e-06 5.80061e-05 0.00905429 -0.0166301 6.14553e-05 -0.000357396 -0.0166301 0.0820976 
0.00900755 -0.0165187 6.87509e-06 6.12435e-05 -0.0165187 0.0817933 5.90874e-05 -0.000368952 6.87509e-06 5.90874e-05 0.00903251 -0.0166247 6.12435e-05 -0.000368952 -0.0166247 0.0821155 
0.00901344 -0.0165469 -1.32449e-06 5.53537e-05 -0.0165469 0.0818269 5.80098e-05 -0.000367432 -1.32449e-06 5.80098e-05 0.00901461 -0.0165855 5.53537e-05 -0.000367432 -0.0165855 0.0820293 
0.00902018 -0.0165772 -1.22055e-05 6.22596e-05 -0.0165772 0.0819546 7.17728e-05 -0.000382063 -1.22055e-05 7.17728e-05 0.00901094 -0.0165712 6.22596e-05 -0.000382063 -0.0165712 0.0820069 
0.00901204 -0.0165858 -1.79209e-05 7.27565e-05 -0.0165858 0.0820161 8.72014e-05 -0.000410309 -1.79209e-05 8.72014e-05 0.00902258 -0.0165568 7.27565e-05 -0.000410309 -0.0165568 0.081958 
0.00901199 -0.0165868 -1.65629e-05 8.08156e-05 -0.0165868 0.082077 9.33693e-05 -0.000434029 -1.65629e-05 9.33693e-05 0.00903815 -0.0165766 8.08156e-05 -0.000434029 -0.0165766 0.0819953 
0.00902802 -0.0165676 -1.07659e-05 8.04908e-05 -0.0165676 0.0820151 8.65874e-05 -0.000434071 -1.07659e-05 8.65874e-05 0.00901757 -0.0165822 8.04908e-05 -0.000434071 -0.0165822 0.0819741 
0.00902103 -0.0165752 -7.69909e-06 7.40946e-05 -0.0165752 0.0819581 7.27071e-05 -0.00041291 -7.69909e-06 7.27071e-05 0.00900095 -0.0165461 7.40946e-05 -0.00041291 -0.0165461 0.0818704 
0.00901728 -0.0165958 -1.10037e-05 7.06877e-05 -0.0165958 0.0820653 6.44517e-05 -0.000390045 -1.10037e-05 6.44517e-05 0.00901245 -0.0165518 7.06877e-05 -0.000390045 -0.0165518 0.0819181 
0.00899684 -0.0165436 -2.10791e-05 7.22714e-05 -0.0165436 0.0818703 6.77023e-05 -0.000381905 -2.10791e-05 6.77023e-05 0.00898873 -0.0165186 7.22714e-05 -0.000381905 -0.0165186 0.0817304 
0.00896467 -0.0164867 -3.21228e-05 8.37225e-05 -0.0164867 0.0815836 8.14102e-05 -0.000399352 -3.21228e-05 8.14102e-05 0.00895679 -0.0164572 8.37225e-05 -0.000399352 -0.0164572 0.0814467 
0.00892421 -0.0164426 -1.66249e-05 9.78219e-05 -0.0164426 0.0813665 9.53866e-05 -0.000430535 -1.66249e-05 9.53866e-05 0.00895139 -0.0164101 9.78219e-05 -0.000430535 -0.0164101 0.0812187 
0.00891174 -0.0164283 -5.49395e-06 8.19285e-05 -0.0164283 0.0813687 7.87485e-05 -0.000422411 -5.49395e-06 7.87485e-05 0.00896399 -0.0164441 8.19285e-05 -0.000422411 -0.0164441 0.0812972 
0.00891046 -0.0164048 5.64647e-06 6.44524e-05 -0.0164048 0.0813194 6.34595e-05 -0.000384097 5.64647e-06 6.34595e-05 0.00895758 -0.0164665 6.44524e-05 -0.000384097 -0.0164665 0.0813797 
0.00891258 -0.0163913 1.40264e-05 4.82933e-05 -0.0163913 0.0812463 4.91784e-05 -0.000342001 1.40264e-05 4.91784e-05 0.00894753 -0.0164552 4.82933e-05 -0.000342001 -0.0164552 0.0813801 
0.00890796 -0.0163709 1.7268e-05 3.62944e-05 -0.0163709 0.0811132 3.57404e-05 -0.000300757 1.7268e-05 3.57404e-05 0.00892753 -0.0164234 3.62944e-05 -0.000300757 -0.0164234 0.0812576 
0.00891022 -0.0163723 8.1236e-06 3.2334e-05 -0.0163723 0.0810802 2.79213e-05 -0.000272816 8.1236e-06 2.79213e-05 0.00892194 -0.0164048 3.2334e-05 -0.000272816 -0.0164048 0.0811952 
0.00891784 -0.0163671 1.14728e-05 4.58142e-05 -0.0163671 0.0810269 3.38026e-05 -0.000274994 1.14728e-05 3.38026e-05 0.00891223 -0.0163896 4.58142e-05 -0.000274994 -0.0163896 0.0811135 
0.00893497 -0.0164003 8.32749e-06 4.67657e-05 -0.0164003 0.0811249 2.9773e-05 -0.000279715 8.32749e-06 2.9773e-05 0.00892139 -0.0163982 4.67657e-05 -0.000279715 -0.0163982 0.0811609 
0.00895528 -0.0164471 -6.85521e-07 5.10295e-05 -0.0164471 0.0813203 3.80307e-05 -0.00029273 -6.85521e-07 3.80307e-05 0.00894412 -0.0164312 5.10295e-05 -0.00029273 -0.0164312 0.081308 
0.00900489 -0.0165499 -8.30672e-06 6.19002e-05 -0.0165499 0.0818224 5.68445e-05 -0.00032831 -8.30672e-06 5.68445e-05 0.00898843 -0.0165346 6.19002e-05 -0.00032831 -0.0165346 0.0817908 
0.00903146 -0.0166073 3.81959e-06 7.29645e-05 -0.0166073 0.0821316 7.22683e-05 -0.000371422 3.81959e-06 7.22683e-05 0.00901175 -0.0165898 7.29645e-05 -0.000371422 -0.0165898 0.0820967 
0.00905223 -0.0166559 6.35049e-06 6.00814e-05 -0.0166559 0.0824081 5.99024e-05 -0.000374312 6.35049e-06 5.99024e-05 0.00904074 -0.0166361 6.00814e-05 -0.000374312 -0.0166361 0.0823713 
0.00903504 -0.0166199 6.60273e-06 5.27613e-05 -0.0166199 0.082283 5.38381e-05 -0.000355025 6.60273e-06 5.38381e-05 0.00904539 -0.0166135 5.27613e-05 -0.000355025 -0.0166135 0.0822701 
0.00899994 -0.0165479 2.09522e-05 4.88723e-05 -0.0165479 0.0819463 5.50513e-05 -0.000343811 2.09522e-05 5.50513e-05 0.0090336 -0.0165693 4.88723e-05 -0.000343811 -0.0165693 0.0819921 
0.0089936 -0.0165039 2.13551e-05 3.13327e-05 -0.0165039 0.0817248 4.25883e-05 -0.00032121 2.13551e-05 4.25883e-05 0.00900827 -0.0165557 3.13327e-05 -0.00032121 -0.0165557 0.0818458 
0.00898796 -0.0165117 1.80351e-05 2.69149e-05 -0.0165117 0.0816903 4.05903e-05 -0.000302003 1.80351e-05 4.05903e-05 0.0090009 -0.0165441 2.69149e-05 -0.000302003 -0.0165441 0.0818191 
0.00899926 -0.016545 -4.51291e-06 3.3385e-05 -0.016545 0.0818567 4.4471e-05 -0.000305809 -4.51291e-06 4.4471e-05 0.00901677 -0.0165684 3.3385e-05 -0.000305809 -0.0165684 0.0819548 
0.00897934 -0.0165152 -1.31444e-05 6.28701e-05 -0.0165152 0.0817359 6.98669e-05 -0.000351 -1.31444e-05 6.98669e-05 0.00900801 -0.0165447 6.28701e-05 -0.000351 -0.0165447 0.0818319 
0.00896156 -0.0164916 -9.84679e-06 7.74456e-05 -0.0164916 0.0816488 8.10198e-05 -0.00039634 -9.84679e-06 8.10198e-05 0.00900219 -0.0165377 7.74456e-05 -0.00039634 -0.0165377 0.081776 
0.00891741 -0.0164097 -2.82773e-06 7.3867e-05 -0.0164097 0.0812797 7.35982e-05 -0.000402218 -2.82773e-06 7.35982e-05 0.00896913 -0.0164716 7.3867e-05 -0.000402218 -0.0164716 0.0814493 
0.00889109 -0.0163627 -1.06855e-05 6.50769e-05 -0.0163627 0.0810595 6.0944e-05 -0.000380834 -1.06855e-05 6.0944e-05 0.00895007 -0.0164361 6.50769e-05 -0.000380834 -0.0164361 0.081263 
0.00887684 -0.0163214 -1.80243e-05 7.40991e-05 -0.0163214 0.0808687 6.43771e-05 -0.000374767 -1.80243e-05 6.43771e-05 0.00892649 -0.016407 7.40991e-05 -0.000374767 -0.016407 0.0811065 
0.0088785 -0.016329 -1.46576e-05 8.47698e-05 -0.016329 0.0808787 7.18053e-05 -0.000388378 -1.46576e-05 7.18053e-05 0.00892271 -0.0164039 8.47698e-05 -0.000388378 -0.0164039 0.0811157 
0.00889583 -0.016365 -8.69187e-06 8.16179e-05 -0.016365 0.0810517 6.95818e-05 -0.00039244 -8.69187e-06 6.95818e-05 0.0089353 -0.0164302 8.16179e-05 -0.00039244 -0.0164302 0.0812663 
0.00890678 -0.0163831 -3.83781e-06 7.16938e-05 -0.0163831 0.0811437 6.22604e-05 -0.000376369 -3.83781e-06 6.22604e-05 0.00893745 -0.016438 7.16938e-05 -0.000376369 -0.016438 0.0813284 
0.00891965 -0.0164009 -5.47598e-06 5.99886e-05 -0.0164009 0.0812249 5.42711e-05 -0.000347344 -5.47598e-06 5.42711e-05 0.00894469 -0.0164409 5.99886e-05 -0.000347344 -0.0164409 0.0813681 
0.00891993 -0.0163774 -2.93019e-06 5.87556e-05 -0.0163774 0.0810912 5.79949e-05 -0.000334941 -2.93019e-06 5.79949e-05 0.00891865 -0.0164085 5.87556e-05 -0.000334941 -0.0164085 0.0811998 
0.00894027 -0.0163905 8.7239e-07 5.63294e-05 -0.0163905 0.0810917 5.81438e-05 -0.000333057 8.7239e-07 5.81438e-05 0.00889573 -0.01639 5.63294e-05 -0.000333057 -0.01639 0.0811383 
0.0089451 -0.0164373 1.72979e-06 5.44369e-05 -0.0164373 0.0812354 5.6797e-05 -0.000333929 1.72979e-06 5.6797e-05 0.00890426 -0.016382 5.44369e-05 -0.000333929 -0.016382 0.0811656 
0.00893894 -0.0164206 1.5508e-06 5.09137e-05 -0.0164206 0.0811896 5.67029e-05 -0.000331368 1.5508e-06 5.67029e-05 0.00889852 -0.0163646 5.09137e-05 -0.000331368 -0.0163646 0.0810595 
0.00892093 -0.0164083 1.57699e-05 4.71389e-05 -0.0164083 0.0811272 5.92539e-05 -0.000328696 1.57699e-05 5.92539e-05 0.00890042 -0.0163534 4.71389e-05 -0.000328696 -0.0163534 0.0809847 
0.00890362 -0.0164025 1.66197e-05 2.84393e-05 -0.0164025 0.0811376 4.34295e-05 -0.000301732 1.66197e-05 4.34295e-05 0.0089174 -0.0163679 2.84393e-05 -0.000301732 -0.0163679 0.0810165 
0.00888744 -0.016367 9.80892e-06 2.87547e-05 -0.016367 0.0810425 3.86193e-05 -0.000282002 9.80892e-06 3.86193e-05 0.00891856 -0.0163765 2.87547e-05 -0.000282002 -0.0163765 0.0810007 
0.00888113 -0.0163396 -1.23724e-05 3.96997e-05 -0.0163396 0.080936 4.46067e-05 -0.000289315 -1.23724e-05 4.46067e-05 0.00890926 -0.0163747 3.96997e-05 -0.000289315 -0.0163747 0.0809745 
0.00888938 -0.0163659 -1.98071e-05 6.86938e-05 -0.0163659 0.0810486 7.13081e-05 -0.000339301 -1.98071e-05 7.13081e-05 0.00892581 -0.0163991 6.86938e-05 -0.000339301 -0.0163991 0.0811172 
0.00890832 -0.0163806 -1.60096e-05 7.9444e-05 -0.0163806 0.081138 8.0638e-05 -0.000379843 -1.60096e-05 8.0638e-05 0.00892361 -0.0164191 7.9444e-05 -0.000379843 -0.0164191 0.081214 
0.0089418 -0.016468 -2.66159e-06 7.29829e-05 -0.016468 0.0815344 7.42957e-05 -0.000382197 -2.66159e-06 7.42957e-05 0.00895782 -0.0164794 7.29829e-05 -0.000382197 -0.0164794 0.0815703 
0.00893643 -0.0164627 1.32433e-05 5.58898e-05 -0.0164627 0.081556 5.43562e-05 -0.000346281 1.32433e-05 5.43562e-05 0.00895847 -0.0164732 5.58898e-05 -0.000346281 -0.0164732 0.0815639 
