0.00623214 0 7.21938e-06 0 0 0.00882202 0 0 7.21938e-06 0 0.00619524 0 0 0 0 0.00882202 
0.00949109 -0.0117778 7.43952e-07 8.4983e-07 -0.0117778 0.0312958 8.4983e-07 -1.50777e-06 7.43952e-07 8.4983e-07 0.00946654 -0.0117522 8.4983e-07 -1.50777e-06 -0.0117522 0.0312469 
0.00968336 -0.0179822 -1.71968e-05 5.54175e-05 -0.0179822 0.0663254 5.54175e-05 -0.000192085 -1.71968e-05 5.54175e-05 0.00970657 -0.0181088 5.54175e-05 -0.000192085 -0.0181088 0.0667756 
0.00911015 -0.017474 -2.89647e-05 0.000120363 -0.017474 0.0782857 0.000121692 -0.000584899 -2.89647e-05 0.000121692 0.0091611 -0.0177987 0.000120363 -0.000584899 -0.0177987 0.0799113 
0.00883369 -0.0163929 -7.91839e-06 0.000117851 -0.0163929 0.0788566 0.000119114 -0.000705782 -7.91839e-06 0.000119114 0.00886162 -0.0167202 0.000117851 -0.000705782 -0.0167202 0.0809172 
0.008606 -0.0157685 1.16109e-05 6.88599e-05 -0.0157685 0.0771708 6.65276e-05 -0.000546093 1.16109e-05 6.65276e-05 0.00864961 -0.0159902 6.88599e-05 -0.000546093 -0.0159902 0.0788531 
0.00836109 -0.015273 1.66093e-05 2.94907e-05 -0.015273 0.0751367 2.56918e-05 -0.000346281 1.66093e-05 2.56918e-05 0.00840921 -0.0154749 2.94907e-05 -0.000346281 -0.0154749 0.0764328 
0.0081659 -0.0149021 7.91563e-06 1.82799e-05 -0.0149021 0.0734999 1.5368e-05 -0.000231914 7.91563e-06 1.5368e-05 0.00820763 -0.0151077 1.82799e-05 -0.000231914 -0.0151077 0.0746165 
0.00960287 -0.017499 5.32973e-06 3.53627e-05 -0.017499 0.0863988 3.20777e-05 -0.000248801 5.32973e-06 3.20777e-05 0.0096369 -0.017738 3.53627e-05 -0.000248801 -0.017738 0.0876418 
0.00950028 -0.0172766 3.10046e-06 4.32207e-05 -0.0172766 0.0852789 4.22038e-05 -0.000262491 3.10046e-06 4.22038e-05 0.00949504 -0.0174967 4.32207e-05 -0.000262491 -0.0174967 0.0864596 
0.00944528 -0.0172056 -1.99677e-06 4.75186e-05 -0.0172056 0.0848242 4.78475e-05 -0.000281433 -1.99677e-06 4.78475e-05 0.00944897 -0.0173772 4.75186e-05 -0.000281433 -0.0173772 0.0859089 
0.00939912 -0.0171437 -2.3205e-05 5.55716e-05 -0.0171437 0.0845253 5.4343e-05 -0.000301657 -2.3205e-05 5.4343e-05 0.00942792 -0.0173255 5.55716e-05 -0.000301657 -0.0173255 0.0855821 
0.00935913 -0.0170879 -3.66675e-05 8.26472e-05 -0.0170879 0.0842868 7.84482e-05 -0.000350798 -3.66675e-05 7.84482e-05 0.00941104 -0.0172996 8.26472e-05 -0.000350798 -0.0172996 0.0853911 
0.00931072 -0.0170326 -1.02324e-05 9.85544e-05 -0.0170326 0.0840594 9.38914e-05 -0.000396867 -1.02324e-05 9.38914e-05 0.00940859 -0.0172693 9.85544e-05 -0.000396867 -0.0172693 0.0852231 
0.00925584 -0.0169182 -1.89731e-06 6.30759e-05 -0.0169182 0.0835882 6.33997e-05 -0.000361805 -1.89731e-06 6.33997e-05 0.00937258 -0.0172099 6.30759e-05 -0.000361805 -0.0172099 0.0848546 
0.00924235 -0.0168457 5.76534e-06 4.46424e-05 -0.0168457 0.0832378 4.81575e-05 -0.000302152 5.76534e-06 4.81575e-05 0.00932497 -0.017161 4.46424e-05 -0.000302152 -0.017161 0.0845867 
0.00922971 -0.0168414 1.89779e-05 3.4214e-05 -0.0168414 0.0831068 3.54414e-05 -0.000257958 1.89779e-05 3.54414e-05 0.00929882 -0.0171101 3.4214e-05 -0.000257958 -0.0171101 0.0844055 
0.00923153 -0.0168334 1.80375e-05 1.77468e-05 -0.0168334 0.083054 1.60544e-05 -0.000211098 1.80375e-05 1.60544e-05 0.0092671 -0.0170791 1.77468e-05 -0.000211098 -0.0170791 0.0842711 
0.00924903 -0.0168571 1.14896e-06 1.8192e-05 -0.0168571 0.0831301 1.49059e-05 -0.000187538 1.14896e-06 1.49059e-05 0.00924518 -0.0170604 1.8192e-05 -0.000187538 -0.0170604 0.0842481 
0.00924178 -0.0168687 -1.78681e-05 4.00931e-05 -0.0168687 0.0831413 3.32715e-05 -0.000211012 -1.78681e-05 3.32715e-05 0.00923371 -0.0170171 4.00931e-05 -0.000211012 -0.0170171 0.0841209 
0.00923352 -0.0168659 -1.8324e-05 6.49386e-05 -0.0168659 0.0831542 5.59581e-05 -0.00026192 -1.8324e-05 5.59581e-05 0.00924123 -0.0170027 6.49386e-05 -0.00026192 -0.0170027 0.0840455 
0.00925804 -0.0168528 -1.35574e-05 6.75214e-05 -0.0168528 0.0831288 5.85121e-05 -0.00028917 -1.35574e-05 5.85121e-05 0.00922175 -0.0170132 6.75214e-05 -0.00028917 -0.0170132 0.084032 
0.00925997 -0.0168896 -1.11462e-06 6.26399e-05 -0.0168896 0.083201 5.67778e-05 -0.000293685 -1.11462e-06 5.67778e-05 0.00923513 -0.017005 6.26399e-05 -0.000293685 -0.017005 0.0840592 
0.00926748 -0.0169216 4.26492e-06 4.67172e-05 -0.0169216 0.0833821 4.64991e-05 -0.000276628 4.26492e-06 4.64991e-05 0.00926328 -0.0170477 4.67172e-05 -0.000276628 -0.0170477 0.0842233 
0.00927193 -0.0169118 1.06621e-05 3.8802e-05 -0.0169118 0.083384 4.38591e-05 -0.000261408 1.06621e-05 4.38591e-05 0.00926014 -0.0170667 3.8802e-05 -0.000261408 -0.0170667 0.084277 
0.00928885 -0.0169371 1.23318e-05 2.93628e-05 -0.0169371 0.0834885 3.91949e-05 -0.000247902 1.23318e-05 3.91949e-05 0.00925825 -0.0170821 2.93628e-05 -0.000247902 -0.0170821 0.0843936 
0.0092972 -0.0169335 1.61991e-05 2.64245e-05 -0.0169335 0.0834448 3.96228e-05 -0.000242292 1.61991e-05 3.96228e-05 0.00924579 -0.0170466 2.64245e-05 -0.000242292 -0.0170466 0.0842863 
0.00933309 -0.0170253 6.38374e-06 2.11041e-05 -0.0170253 0.0838357 3.71979e-05 -0.000238109 6.38374e-06 3.71979e-05 0.00927812 -0.0171041 2.11041e-05 -0.000238109 -0.0171041 0.0845834 
0.00934938 -0.0170679 8.66634e-06 3.11243e-05 -0.0170679 0.0840704 4.90945e-05 -0.000252448 8.66634e-06 4.90945e-05 0.00929853 -0.0171352 3.11243e-05 -0.000252448 -0.0171352 0.0847474 
0.00935953 -0.0170613 7.58229e-06 3.36463e-05 -0.0170613 0.0840809 4.87194e-05 -0.000268862 7.58229e-06 4.87194e-05 0.00928399 -0.0171333 3.36463e-05 -0.000268862 -0.0171333 0.084736 
0.00934483 -0.0170451 5.91069e-06 3.80482e-05 -0.0170451 0.0839643 4.91332e-05 -0.000279704 5.91069e-06 4.91332e-05 0.00926798 -0.0170863 3.80482e-05 -0.000279704 -0.0170863 0.0845632 
0.00931611 -0.0170254 1.40872e-05 4.39172e-05 -0.0170254 0.0838822 4.95075e-05 -0.00029141 1.40872e-05 4.95075e-05 0.00927516 -0.0170656 4.39172e-05 -0.00029141 -0.0170656 0.0844488 
0.0092996 -0.0169962 2.60217e-05 3.93095e-05 -0.0169962 0.0838179 4.04173e-05 -0.000290824 2.60217e-05 4.04173e-05 0.00928885 -0.017082 3.93095e-05 -0.000290824 -0.017082 0.0844495 
0.00926685 -0.0169428 1.76067e-05 2.74271e-05 -0.0169428 0.0835937 2.69299e-05 -0.000272099 1.76067e-05 2.69299e-05 0.00929421 -0.0170695 2.74271e-05 -0.000272099 -0.0170695 0.0843293 
0.00923213 -0.0168762 5.87222e-07 3.54524e-05 -0.0168762 0.0832979 3.63449e-05 -0.000275269 5.87222e-07 3.63449e-05 0.00928394 -0.0170482 3.54524e-05 -0.000275269 -0.0170482 0.0841445 
0.00924228 -0.0168846 -4.14446e-06 5.476e-05 -0.0168846 0.0833542 5.49638e-05 -0.000308137 -4.14446e-06 5.49638e-05 0.00929126 -0.0170919 5.476e-05 -0.000308137 -0.0170919 0.0843059 
0.00923866 -0.0168688 -7.43133e-06 6.1038e-05 -0.0168688 0.0832648 6.10103e-05 -0.000333631 -7.43133e-06 6.10103e-05 0.00928167 -0.0170771 6.1038e-05 -0.000333631 -0.0170771 0.0842651 
0.00925962 -0.0168954 -3.15246e-06 6.42116e-05 -0.0168954 0.0833761 6.61821e-05 -0.000348192 -3.15246e-06 6.61821e-05 0.00928627 -0.0171011 6.42116e-05 -0.000348192 -0.0171011 0.0843936 
0.00925554 -0.0169096 -1.84171e-06 6.04278e-05 -0.0169096 0.0834085 6.41947e-05 -0.000352027 -1.84171e-06 6.41947e-05 0.00928972 -0.0170951 6.04278e-05 -0.000352027 -0.0170951 0.0844008 
0.00922834 -0.016856 1.02803e-05 6.00932e-05 -0.016856 0.0831659 6.37225e-05 -0.000352826 1.02803e-05 6.37225e-05 0.00926208 -0.0170403 6.00932e-05 -0.000352826 -0.0170403 0.0841289 
0.00925008 -0.016884 1.53099e-05 4.63835e-05 -0.016884 0.0832968 5.08615e-05 -0.00033691 1.53099e-05 5.08615e-05 0.00925778 -0.0170629 4.63835e-05 -0.00033691 -0.0170629 0.0842379 
0.00925983 -0.0169127 4.35354e-06 3.7592e-05 -0.0169127 0.0834064 4.14461e-05 -0.000310675 4.35354e-06 4.14461e-05 0.00925087 -0.0170555 3.7592e-05 -0.000310675 -0.0170555 0.0842737 
0.00927337 -0.0169153 -1.23178e-06 4.91896e-05 -0.0169153 0.0834271 5.25464e-05 -0.000314276 -1.23178e-06 5.25464e-05 0.0092335 -0.0170317 4.91896e-05 -0.000314276 -0.0170317 0.0842076 
0.00925144 -0.0168799 -1.15936e-05 5.76796e-05 -0.0168799 0.0831999 6.04568e-05 -0.000333958 -1.15936e-05 6.04568e-05 0.00919879 -0.0169514 5.76796e-05 -0.000333958 -0.0169514 0.0838655 
0.0092337 -0.0168867 -1.03759e-05 7.07683e-05 -0.0168867 0.0832151 7.24841e-05 -0.00036152 -1.03759e-05 7.24841e-05 0.00920436 -0.0169364 7.07683e-05 -0.00036152 -0.0169364 0.0837866 
0.00923458 -0.0168924 5.8891e-06 6.97455e-05 -0.0168924 0.083319 7.18158e-05 -0.000373378 5.8891e-06 7.18158e-05 0.00921866 -0.0169678 6.97455e-05 -0.000373378 -0.0169678 0.0838879 
0.00920931 -0.0168744 4.26248e-06 4.89912e-05 -0.0168744 0.0832772 5.24783e-05 -0.000344843 4.26248e-06 5.24783e-05 0.00922687 -0.0169717 4.89912e-05 -0.000344843 -0.0169717 0.0838945 
0.00920716 -0.0168535 -4.29141e-06 4.74192e-05 -0.0168535 0.0832613 5.20794e-05 -0.000323644 -4.29141e-06 5.20794e-05 0.00923205 -0.0169911 4.74192e-05 -0.000323644 -0.0169911 0.0839608 
0.00919617 -0.0168114 -1.17534e-05 5.95232e-05 -0.0168114 0.083062 6.504e-05 -0.000339753 -1.17534e-05 6.504e-05 0.00921623 -0.0169599 5.95232e-05 -0.000339753 -0.0169599 0.0838154 
0.009202 -0.0168214 -1.03464e-05 7.27367e-05 -0.0168214 0.0830719 8.02737e-05 -0.000378306 -1.03464e-05 8.02737e-05 0.0092199 -0.0169657 7.27367e-05 -0.000378306 -0.0169657 0.0838377 
0.00920812 -0.0168411 -3.13939e-06 7.11255e-05 -0.0168411 0.0831497 8.28272e-05 -0.000399598 -3.13939e-06 8.28272e-05 0.00922285 -0.016982 7.11255e-05 -0.000399598 -0.016982 0.0839114 
0.00920204 -0.0168594 1.81302e-06 6.14287e-05 -0.0168594 0.0832457 7.2753e-05 -0.000389624 1.81302e-06 7.2753e-05 0.00924845 -0.0169937 6.14287e-05 -0.000389624 -0.0169937 0.0839931 
0.0092065 -0.0168223 2.85345e-06 5.46643e-05 -0.0168223 0.083129 6.1922e-05 -0.000366684 2.85345e-06 6.1922e-05 0.00922989 -0.0169912 5.46643e-05 -0.000366684 -0.0169912 0.0839152 
0.00923429 -0.0168489 1.23773e-06 5.43757e-05 -0.0168489 0.0831869 5.55348e-05 -0.000349654 1.23773e-06 5.55348e-05 0.00922583 -0.0169917 5.43757e-05 -0.000349654 -0.0169917 0.0839597 
0.00925098 -0.0168779 -1.03061e-06 5.93892e-05 -0.0168779 0.0832471 5.47104e-05 -0.000346833 -1.03061e-06 5.47104e-05 0.00921392 -0.0169838 5.93892e-05 -0.000346833 -0.0169838 0.0839482 
0.00925237 -0.0169136 -5.0826e-06 6.40385e-05 -0.0169136 0.0833784 5.47007e-05 -0.000348693 -5.0826e-06 5.47007e-05 0.00922765 -0.0169844 6.40385e-05 -0.000348693 -0.0169844 0.0839939 
0.0092646 -0.0169189 -1.66343e-05 6.87438e-05 -0.0169189 0.0834533 6.03418e-05 -0.000357996 -1.66343e-05 6.03418e-05 0.00923011 -0.0170027 6.87438e-05 -0.000357996 -0.0170027 0.0840517 
0.00925321 -0.016916 -1.14583e-05 8.1714e-05 -0.016916 0.0834248 7.53531e-05 -0.000383385 -1.14583e-05 7.53531e-05 0.00923472 -0.0169937 8.1714e-05 -0.000383385 -0.0169937 0.0840235 
0.00926441 -0.0169251 -5.04724e-06 7.63856e-05 -0.0169251 0.0835043 7.21188e-05 -0.000391754 -5.04724e-06 7.21188e-05 0.00923785 -0.0170212 7.63856e-05 -0.000391754 -0.0170212 0.0841277 
0.00926752 -0.016936 1.94691e-06 6.59175e-05 -0.016936 0.0835482 6.46329e-05 -0.000376248 1.94691e-06 6.46329e-05 0.00923515 -0.0170235 6.59175e-05 -0.000376248 -0.0170235 0.0841763 
0.00924743 -0.0168964 1.7963e-05 5.47248e-05 -0.0168964 0.083365 5.23987e-05 -0.00034577 1.7963e-05 5.23987e-05 0.00921529 -0.0169764 5.47248e-05 -0.00034577 -0.0169764 0.0839773 
0.00923281 -0.0168729 1.40138e-05 3.54077e-05 -0.0168729 0.0832468 3.11882e-05 -0.000300713 1.40138e-05 3.11882e-05 0.00920329 -0.0169513 3.54077e-05 -0.000300713 -0.0169513 0.0838498 
0.00921549 -0.0168419 1.21633e-05 3.69441e-05 -0.0168419 0.083102 3.26988e-05 -0.000277114 1.21633e-05 3.26988e-05 0.00918451 -0.0169241 3.69441e-05 -0.000277114 -0.0169241 0.0837071 
0.00921332 -0.0168569 1.50789e-05 4.04988e-05 -0.0168569 0.0831808 3.34293e-05 -0.000274055 1.50789e-05 3.34293e-05 0.00919427 -0.0169377 4.04988e-05 -0.000274055 -0.0169377 0.0837886 
0.0092087 -0.0168365 1.63499e-06 3.84373e-05 -0.0168365 0.0831289 2.88057e-05 -0.000268101 1.63499e-06 2.88057e-05 0.00918803 -0.0169345 3.84373e-05 -0.000268101 -0.0169345 0.0837665 
0.00919719 -0.016831 -2.93074e-07 5.37177e-05 -0.016831 0.0831037 4.50493e-05 -0.000286947 -2.93074e-07 4.50493e-05 0.00919695 -0.0169326 5.37177e-05 -0.000286947 -0.0169326 0.0837703 
0.00918609 -0.0167922 -1.25834e-06 5.7044e-05 -0.0167922 0.0829511 5.09097e-05 -0.000307559 -1.25834e-06 5.09097e-05 0.00918688 -0.0169184 5.7044e-05 -0.000307559 -0.0169184 0.0836664 
0.00915493 -0.0167611 -1.23862e-06 5.37809e-05 -0.0167611 0.0827799 5.12555e-05 -0.000308394 -1.23862e-06 5.12555e-05 0.00918689 -0.0168953 5.37809e-05 -0.000308394 -0.0168953 0.0835423 
0.00911377 -0.0166943 1.45715e-06 4.80252e-05 -0.0166943 0.0824999 4.87791e-05 -0.000294514 1.45715e-06 4.87791e-05 0.00917786 -0.0168644 4.80252e-05 -0.000294514 -0.0168644 0.0833296 
0.00912643 -0.0166816 -3.49289e-06 4.38947e-05 -0.0166816 0.0824823 4.31905e-05 -0.000278565 -3.49289e-06 4.31905e-05 0.00916355 -0.0168976 4.38947e-05 -0.000278565 -0.0168976 0.0834264 
0.0091485 -0.0166996 -1.08825e-05 5.07253e-05 -0.0166996 0.0825093 4.68282e-05 -0.000277217 -1.08825e-05 4.68282e-05 0.00914014 -0.0168834 5.07253e-05 -0.000277217 -0.0168834 0.0834559 
0.00913854 -0.0166756 -2.0402e-05 5.9937e-05 -0.0166756 0.0823063 5.398e-05 -0.000290659 -2.0402e-05 5.398e-05 0.00908544 -0.0167905 5.9937e-05 -0.000290659 -0.0167905 0.0831149 
0.00912549 -0.0166611 -1.71473e-05 6.85344e-05 -0.0166611 0.0821683 6.62664e-05 -0.000310478 -1.71473e-05 6.62664e-05 0.00904619 -0.0167042 6.85344e-05 -0.000310478 -0.0167042 0.0827778 
0.00909522 -0.0166308 -1.80021e-05 6.22977e-05 -0.0166308 0.0819961 6.59826e-05 -0.000314683 -1.80021e-05 6.59826e-05 0.00901978 -0.0166301 6.22977e-05 -0.000314683 -0.0166301 0.0824341 
0.00909251 -0.0166056 -8.02458e-06 6.21453e-05 -0.0166056 0.0819078 6.81769e-05 -0.000314836 -8.02458e-06 6.81769e-05 0.0089899 -0.0166058 6.21453e-05 -0.000314836 -0.0166058 0.0822733 
0.00905764 -0.0166068 -2.5265e-06 5.13631e-05 -0.0166068 0.0818787 5.51017e-05 -0.00029824 -2.5265e-06 5.51017e-05 0.00899913 -0.0165739 5.13631e-05 -0.00029824 -0.0165739 0.0821708 
0.00903219 -0.0165611 3.82273e-06 4.51175e-05 -0.0165611 0.0817809 4.49533e-05 -0.00027367 3.82273e-06 4.49533e-05 0.0090033 -0.0165772 4.51175e-05 -0.00027367 -0.0165772 0.0821037 
0.00901375 -0.0164926 2.48957e-07 3.79085e-05 -0.0164926 0.0815056 3.47693e-05 -0.000248377 2.48957e-07 3.47693e-05 0.00897167 -0.0165537 3.79085e-05 -0.000248377 -0.0165537 0.0819358 
0.0090018 -0.0164701 -3.80627e-06 4.12751e-05 -0.0164701 0.0813514 3.72864e-05 -0.000240627 -3.80627e-06 3.72864e-05 0.00894923 -0.0165188 4.12751e-05 -0.000240627 -0.0165188 0.0818132 
0.00899718 -0.0164706 -1.20494e-05 4.56384e-05 -0.0164706 0.0813346 4.12642e-05 -0.000244523 -1.20494e-05 4.12642e-05 0.00893901 -0.0165015 4.56384e-05 -0.000244523 -0.0165015 0.0817636 
0.00897348 -0.016452 -1.27071e-05 5.25276e-05 -0.016452 0.0812505 5.31124e-05 -0.000259366 -1.27071e-05 5.31124e-05 0.00893067 -0.0164727 5.25276e-05 -0.000259366 -0.0164727 0.0816443 
0.00895708 -0.01643 -1.37797e-06 4.96153e-05 -0.01643 0.0812001 5.83231e-05 -0.000268477 -1.37797e-06 5.83231e-05 0.00893801 -0.0164668 4.96153e-05 -0.000268477 -0.0164668 0.0815986 
0.00894897 -0.0163993 -4.70557e-07 3.49494e-05 -0.0163993 0.0810957 4.5815e-05 -0.000248569 -4.70557e-07 4.5815e-05 0.00893216 -0.0164678 3.49494e-05 -0.000248569 -0.0164678 0.0815514 
0.00895825 -0.0164161 6.35807e-06 3.20806e-05 -0.0164161 0.0811699 3.98282e-05 -0.000226593 6.35807e-06 3.98282e-05 0.00894367 -0.0164938 3.20806e-05 -0.000226593 -0.0164938 0.0816776 
0.00896249 -0.0164381 3.17053e-06 2.58165e-05 -0.0164381 0.0812784 2.68408e-05 -0.000202269 3.17053e-06 2.68408e-05 0.00896281 -0.0165186 2.58165e-05 -0.000202269 -0.0165186 0.0818081 
0.00895119 -0.0164344 2.43764e-06 3.3229e-05 -0.0164344 0.0812922 2.6003e-05 -0.000194734 2.43764e-06 2.6003e-05 0.00898475 -0.0165327 3.3229e-05 -0.000194734 -0.0165327 0.0818551 
0.00893463 -0.0164319 1.02008e-05 3.71347e-05 -0.0164319 0.081342 2.34761e-05 -0.000194458 1.02008e-05 2.34761e-05 0.00901047 -0.0165777 3.71347e-05 -0.000194458 -0.0165777 0.0820034 
0.00891054 -0.0163589 1.34824e-05 2.57087e-05 -0.0163589 0.0810824 9.49313e-06 -0.000170308 1.34824e-05 9.49313e-06 0.00898458 -0.0165646 2.57087e-05 -0.000170308 -0.0165646 0.0818934 
0.0089057 -0.0163202 2.44434e-06 1.80924e-05 -0.0163202 0.0808773 4.88982e-06 -0.000144904 2.44434e-06 4.88982e-06 0.00894938 -0.0165258 1.80924e-05 -0.000144904 -0.0165258 0.0817591 
0.00889751 -0.0162961 -1.07497e-05 2.64814e-05 -0.0162961 0.0806883 1.90991e-05 -0.000148425 -1.07497e-05 1.90991e-05 0.00891467 -0.0164591 2.64814e-05 -0.000148425 -0.0164591 0.081515 
0.00888178 -0.0162823 -8.87888e-06 4.04509e-05 -0.0162823 0.080564 3.86822e-05 -0.000179799 -8.87888e-06 3.86822e-05 0.00889455 -0.0164028 4.04509e-05 -0.000179799 -0.0164028 0.0812795 
0.00886643 -0.0162543 -6.11445e-06 3.84895e-05 -0.0162543 0.0804272 3.99414e-05 -0.000195333 -6.11445e-06 3.99414e-05 0.00887512 -0.0163656 3.84895e-05 -0.000195333 -0.0163656 0.0810754 
0.00888228 -0.0162596 -4.68084e-06 3.27417e-05 -0.0162596 0.0804462 3.69899e-05 -0.000190221 -4.68084e-06 3.69899e-05 0.0088607 -0.0163643 3.27417e-05 -0.000190221 -0.0163643 0.0810593 
0.00891858 -0.0163332 -9.33145e-07 3.04396e-05 -0.0163332 0.0807444 3.72275e-05 -0.000186889 -9.33145e-07 3.72275e-05 0.0088728 -0.0163963 3.04396e-05 -0.000186889 -0.0163963 0.0812754 
0.00891795 -0.0163489 1.97526e-05 2.7641e-05 -0.0163489 0.0808003 3.48872e-05 -0.000184184 1.97526e-05 3.48872e-05 0.00887279 -0.0163727 2.7641e-05 -0.000184184 -0.0163727 0.0812139 
0.00890096 -0.0163483 2.97047e-05 4.63176e-06 -0.0163483 0.0808168 1.14409e-05 -0.000150803 2.97047e-05 1.14409e-05 0.0088886 -0.0163669 4.63176e-06 -0.000150803 -0.0163669 0.0811639 
0.00887499 -0.0162826 2.37332e-05 -9.26557e-06 -0.0162826 0.0805714 -3.38189e-06 -0.000109103 2.37332e-05 -3.38189e-06 0.00886839 -0.0163438 -9.26557e-06 -0.000109103 -0.0163438 0.0809633 
0.0088542 -0.0162504 6.77992e-06 -1.99607e-06 -0.0162504 0.0804088 2.81908e-06 -0.000103042 6.77992e-06 2.81908e-06 0.00885872 -0.0163261 -1.99607e-06 -0.000103042 -0.0163261 0.080861 
0.00886873 -0.0162951 2.82717e-06 2.05058e-05 -0.0162951 0.0806436 2.20248e-05 -0.000137874 2.82717e-06 2.20248e-05 0.00888702 -0.0163852 2.05058e-05 -0.000137874 -0.0163852 0.0811405 
0.00886424 -0.0162833 -9.38182e-06 2.9737e-05 -0.0162833 0.0806343 2.9045e-05 -0.00017215 -9.38182e-06 2.9045e-05 0.00888601 -0.0163899 2.9737e-05 -0.00017215 -0.0163899 0.0811734 
0.00885451 -0.0162924 -1.05308e-05 4.6647e-05 -0.0162924 0.0806943 4.56593e-05 -0.000211652 -1.05308e-05 4.56593e-05 0.00890585 -0.0163994 4.6647e-05 -0.000211652 -0.0163994 0.0812466 
0.00882936 -0.0162397 -2.12891e-06 5.03203e-05 -0.0162397 0.0805081 4.92225e-05 -0.000237704 -2.12891e-06 4.92225e-05 0.0088987 -0.0163821 5.03203e-05 -0.000237704 -0.0163821 0.0811149 
0.00882538 -0.0162016 -2.54128e-06 3.98411e-05 -0.0162016 0.0803418 3.98565e-05 -0.000231357 -2.54128e-06 3.98565e-05 0.00887485 -0.0163664 3.98411e-05 -0.000231357 -0.0163664 0.0810101 
0.00883889 -0.0162087 4.48883e-06 3.45984e-05 -0.0162087 0.0803208 3.89159e-05 -0.000217301 4.48883e-06 3.89159e-05 0.00885341 -0.0163496 3.45984e-05 -0.000217301 -0.0163496 0.0809766 
0.00884265 -0.0162036 1.25447e-05 2.222e-05 -0.0162036 0.0802302 2.93316e-05 -0.000192269 1.25447e-05 2.93316e-05 0.0088245 -0.0162973 2.222e-05 -0.000192269 -0.0162973 0.0807917 
0.0088286 -0.0161885 1.31477e-05 1.01474e-05 -0.0161885 0.080091 1.83414e-05 -0.000159577 1.31477e-05 1.83414e-05 0.0088049 -0.0162339 1.01474e-05 -0.000159577 -0.0162339 0.0805207 
0.00884105 -0.0162052 5.62806e-06 1.03963e-05 -0.0162052 0.0801621 1.70764e-05 -0.000145279 5.62806e-06 1.70764e-05 0.00881049 -0.0162429 1.03963e-05 -0.000145279 -0.0162429 0.0805221 
0.00886191 -0.0162535 2.00524e-06 2.23348e-05 -0.0162535 0.0803719 2.46119e-05 -0.000156651 2.00524e-06 2.46119e-05 0.00883258 -0.0162838 2.23348e-05 -0.000156651 -0.0162838 0.0807011 
0.00889967 -0.0163224 4.8562e-06 3.10723e-05 -0.0163224 0.0807182 2.87461e-05 -0.000177303 4.8562e-06 2.87461e-05 0.00886896 -0.0163564 3.10723e-05 -0.000177303 -0.0163564 0.0810448 
0.00894084 -0.0163968 4.16668e-06 2.80357e-05 -0.0163968 0.0810866 2.66947e-05 -0.000183629 4.16668e-06 2.66947e-05 0.00891281 -0.0164334 2.80357e-05 -0.000183629 -0.0164334 0.0814264 
0.00892951 -0.0164246 -5.66917e-07 2.53385e-05 -0.0164246 0.0812242 2.9442e-05 -0.000183869 -5.66917e-07 2.9442e-05 0.00895323 -0.0164674 2.53385e-05 -0.000183869 -0.0164674 0.081584 
0.00891164 -0.0163689 4.64934e-06 3.13226e-05 -0.0163689 0.0810639 3.64927e-05 -0.000194538 4.64934e-06 3.64927e-05 0.00894877 -0.0164776 3.13226e-05 -0.000194538 -0.0164776 0.081536 
0.00893168 -0.0163786 2.14601e-06 3.08438e-05 -0.0163786 0.0811232 2.8996e-05 -0.000198795 2.14601e-06 2.8996e-05 0.00895253 -0.0165152 3.08438e-05 -0.000198795 -0.0165152 0.0817112 
0.00893544 -0.0163861 1.92891e-06 3.79069e-05 -0.0163861 0.0811092 3.03443e-05 -0.000206507 1.92891e-06 3.03443e-05 0.00895705 -0.0165023 3.79069e-05 -0.000206507 -0.0165023 0.081711 
0.00895367 -0.0164141 -5.25574e-06 4.03855e-05 -0.0164141 0.0812263 3.36349e-05 -0.000219826 -5.25574e-06 3.36349e-05 0.00896985 -0.0165261 4.03855e-05 -0.000219826 -0.0165261 0.0818122 
0.0089516 -0.0164315 -7.27092e-06 4.85972e-05 -0.0164315 0.0812862 4.3698e-05 -0.000240202 -7.27092e-06 4.3698e-05 0.0089845 -0.0165349 4.85972e-05 -0.000240202 -0.0165349 0.0818515 
0.00895722 -0.0164398 -5.01721e-06 4.78965e-05 -0.0164398 0.0813638 4.46128e-05 -0.000247931 -5.01721e-06 4.46128e-05 0.00899603 -0.0165638 4.78965e-05 -0.000247931 -0.0165638 0.0819508 
0.0089695 -0.016424 -4.19278e-06 4.39052e-05 -0.016424 0.0812997 4.20626e-05 -0.000242484 -4.19278e-06 4.20626e-05 0.0089743 -0.01656 4.39052e-05 -0.000242484 -0.01656 0.0819259 
0.00897974 -0.0164173 -4.91473e-06 4.12942e-05 -0.0164173 0.0811916 3.94114e-05 -0.0002323 -4.91473e-06 3.94114e-05 0.00893998 -0.0165168 4.12942e-05 -0.0002323 -0.0165168 0.0817858 
0.00898789 -0.0164177 1.53529e-05 4.21078e-05 -0.0164177 0.0811019 3.91385e-05 -0.000227985 1.53529e-05 3.91385e-05 0.00891108 -0.0164629 4.21078e-05 -0.000227985 -0.0164629 0.0815931 
0.00899456 -0.0164507 1.4193e-05 1.71702e-05 -0.0164507 0.0811816 1.7046e-05 -0.000192212 1.4193e-05 1.7046e-05 0.0089155 -0.0164444 1.71702e-05 -0.000192212 -0.0164444 0.0815396 
0.00900989 -0.016484 1.04322e-05 1.60885e-05 -0.016484 0.0813426 1.84253e-05 -0.000171317 1.04322e-05 1.84253e-05 0.00892661 -0.0164705 1.60885e-05 -0.000171317 -0.0164705 0.08163 
0.00904432 -0.0165508 1.02365e-05 2.53119e-05 -0.0165508 0.0816731 2.52393e-05 -0.000183719 1.02365e-05 2.52393e-05 0.00894953 -0.0165319 2.53119e-05 -0.000183719 -0.0165319 0.0819321 
0.00904341 -0.0165818 1.78977e-05 2.8119e-05 -0.0165818 0.0818334 2.69097e-05 -0.000198324 1.78977e-05 2.69097e-05 0.00897333 -0.0165494 2.8119e-05 -0.000198324 -0.0165494 0.0820633 
0.00903242 -0.0165565 2.15048e-05 1.99456e-05 -0.0165565 0.0817919 1.87666e-05 -0.000193061 2.15048e-05 1.87666e-05 0.00897441 -0.0165561 1.99456e-05 -0.000193061 -0.0165561 0.0820579 
0.00901976 -0.0165117 1.70679e-05 1.42178e-05 -0.0165117 0.081603 1.3162e-05 -0.000178492 1.70679e-05 1.3162e-05 0.00895069 -0.0165297 1.42178e-05 -0.000178492 -0.0165297 0.0819247 
0.00898008 -0.0164588 7.87149e-06 1.77876e-05 -0.0164588 0.0813143 1.45762e-05 -0.000171795 7.87149e-06 1.45762e-05 0.00893701 -0.0164652 1.77876e-05 -0.000171795 -0.0164652 0.081643 
0.00893331 -0.0163981 3.06338e-06 2.79038e-05 -0.0163981 0.0810514 2.55925e-05 -0.0001854 3.06338e-06 2.55925e-05 0.00893988 -0.0164362 2.79038e-05 -0.0001854 -0.0164362 0.0814244 
0.0089207 -0.0163699 9.71797e-07 3.12758e-05 -0.0163699 0.0809855 3.19943e-05 -0.000199091 9.71797e-07 3.19943e-05 0.00895384 -0.0164726 3.12758e-05 -0.000199091 -0.0164726 0.081489 
0.00892702 -0.0163688 -6.97211e-06 3.28133e-05 -0.0163688 0.0810053 3.55221e-05 -0.000206436 -6.97211e-06 3.55221e-05 0.00895871 -0.0165111 3.28133e-05 -0.000206436 -0.0165111 0.0816412 
0.00893375 -0.0163657 -1.36327e-05 4.21589e-05 -0.0163657 0.0809799 4.30464e-05 -0.000218889 -1.36327e-05 4.30464e-05 0.00894943 -0.0165102 4.21589e-05 -0.000218889 -0.0165102 0.0816754 
0.0089413 -0.0163516 -1.16702e-05 5.09823e-05 -0.0163516 0.0808699 4.8192e-05 -0.000233348 -1.16702e-05 4.8192e-05 0.00892018 -0.0164723 5.09823e-05 -0.000233348 -0.0164723 0.0815406 
0.00895992 -0.0163709 -1.76199e-06 4.97649e-05 -0.0163709 0.0808804 4.40717e-05 -0.000234189 -1.76199e-06 4.40717e-05 0.00889975 -0.0164423 4.97649e-05 -0.000234189 -0.0164423 0.0814525 
0.00898843 -0.0164345 -2.765e-06 3.65552e-05 -0.0164345 0.0811146 2.87172e-05 -0.000208093 -2.765e-06 2.87172e-05 0.0089002 -0.0164519 3.65552e-05 -0.000208093 -0.0164519 0.0815506 
0.009001 -0.0165044 -8.33188e-06 3.56325e-05 -0.0165044 0.0814393 2.70704e-05 -0.000189207 -8.33188e-06 2.70704e-05 0.00894271 -0.0164828 3.56325e-05 -0.000189207 -0.0164828 0.0817524 
0.00899105 -0.0164744 -4.19011e-06 4.15186e-05 -0.0164744 0.081389 3.47037e-05 -0.000192883 -4.19011e-06 3.47037e-05 0.00894904 -0.0164933 4.15186e-05 -0.000192883 -0.0164933 0.0817206 
0.00897351 -0.0164329 3.3521e-06 3.66575e-05 -0.0164329 0.0812035 3.03719e-05 -0.000189454 3.3521e-06 3.03719e-05 0.00893825 -0.0164801 3.66575e-05 -0.000189454 -0.0164801 0.0816146 
0.00896633 -0.01643 7.4184e-06 2.82172e-05 -0.01643 0.0811805 1.75434e-05 -0.000167745 7.4184e-06 1.75434e-05 0.00894774 -0.0164881 2.82172e-05 -0.000167745 -0.0164881 0.0816456 
0.00895946 -0.0164454 8.19932e-06 2.25866e-05 -0.0164454 0.0812796 9.78003e-06 -0.000143959 8.19932e-06 9.78003e-06 0.00897772 -0.0165259 2.25866e-05 -0.000143959 -0.0165259 0.0818009 
0.00896482 -0.0164481 3.27654e-07 2.0072e-05 -0.0164481 0.0813712 1.13618e-05 -0.000134516 3.27654e-07 1.13618e-05 0.00900269 -0.0165775 2.0072e-05 -0.000134516 -0.0165775 0.0819985 
0.00898121 -0.0164177 3.23328e-06 2.75703e-05 -0.0164177 0.0812484 2.17586e-05 -0.000144552 3.23328e-06 2.17586e-05 0.00897763 -0.0165779 2.75703e-05 -0.000144552 -0.0165779 0.0819819 
0.00899288 -0.0164509 1.0812e-05 2.21379e-05 -0.0164509 0.0812935 2.02547e-05 -0.000144369 1.0812e-05 2.02547e-05 0.00897105 -0.0165619 2.21379e-05 -0.000144369 -0.0165619 0.0819979 
0.00899358 -0.0164613 1.94318e-05 1.12734e-05 -0.0164613 0.0813148 1.26305e-05 -0.000126786 1.94318e-05 1.26305e-05 0.00897171 -0.016542 1.12734e-05 -0.000126786 -0.016542 0.0819344 
0.00900817 -0.0165033 1.8939e-05 5.95296e-07 -0.0165033 0.081523 3.99285e-06 -0.000105681 1.8939e-05 3.99285e-06 0.00899805 -0.0165809 5.95296e-07 -0.000105681 -0.0165809 0.0821013 
0.00900245 -0.0165103 1.34189e-05 1.3038e-06 -0.0165103 0.0815881 6.92412e-06 -0.000101097 1.34189e-05 6.92412e-06 0.00902062 -0.016603 1.3038e-06 -0.000101097 -0.016603 0.0821798 
0.00902514 -0.0165213 1.30223e-05 8.75316e-06 -0.0165213 0.0817019 1.58889e-05 -0.000116337 1.30223e-05 1.58889e-05 0.00903838 -0.016656 8.75316e-06 -0.000116337 -0.016656 0.0823774 
0.00904713 -0.0165559 1.39233e-05 1.0664e-05 -0.0165559 0.0818376 1.68499e-05 -0.000128136 1.39233e-05 1.68499e-05 0.00905354 -0.0166944 1.0664e-05 -0.000128136 -0.0166944 0.0825746 
0.00907819 -0.0165928 8.86387e-06 9.94852e-06 -0.0165928 0.0819987 1.32684e-05 -0.000127288 8.86387e-06 1.32684e-05 0.00906252 -0.0167252 9.94852e-06 -0.000127288 -0.0167252 0.0827479 
0.00911154 -0.0166396 1.32941e-05 1.51572e-05 -0.0166396 0.0821733 1.99799e-05 -0.000134785 1.32941e-05 1.99799e-05 0.00906176 -0.0167444 1.51572e-05 -0.000134785 -0.0167444 0.082885 
0.00913422 -0.016681 2.13632e-05 1.20136e-05 -0.016681 0.0823199 1.98738e-05 -0.000141946 2.13632e-05 1.98738e-05 0.00906256 -0.0167417 1.20136e-05 -0.000141946 -0.0167417 0.0829407 
