0.00616995 0 -2.60689e-05 0 0 0.00872012 0 0 -2.60689e-05 0 0.00613469 0 0 0 0 0.00872012 
0.00941586 -0.0116846 -2.96593e-05 3.49397e-05 -0.0116846 0.0310342 3.49397e-05 -6.71231e-05 -2.96593e-05 3.49397e-05 0.00939419 -0.0116628 3.49397e-05 -6.71231e-05 -0.0116628 0.0309923 
0.00969476 -0.018016 -5.40434e-06 -8.97935e-06 -0.018016 0.0664359 -8.97935e-06 4.41178e-05 -5.40434e-06 -8.97935e-06 0.00970766 -0.0181504 -8.97935e-06 4.41178e-05 -0.0181504 0.0669121 
0.00915796 -0.0175688 7.1602e-06 -8.89704e-05 -0.0175688 0.0787273 -8.25616e-05 0.000436632 7.1602e-06 -8.25616e-05 0.00917898 -0.0178963 -8.89704e-05 0.000436632 -0.0178963 0.0804107 
0.00888614 -0.016499 9.59852e-06 -9.41743e-05 -0.016499 0.0793787 -8.74797e-05 0.000592845 9.59852e-06 -8.74797e-05 0.00888734 -0.0167981 -9.41743e-05 0.000592845 -0.0167981 0.0814418 
0.00867572 -0.0158612 3.26554e-06 -6.70911e-05 -0.0158612 0.0776558 -6.67774e-05 0.000493884 3.26554e-06 -6.67774e-05 0.00865481 -0.0160575 -6.70911e-05 0.000493884 -0.0160575 0.0793078 
0.00841969 -0.0153781 -5.35604e-06 -4.52233e-05 -0.0153781 0.0755921 -4.94448e-05 0.000362411 -5.35604e-06 -4.94448e-05 0.00842468 -0.0155006 -4.52233e-05 0.000362411 -0.0155006 0.0767528 
0.00817105 -0.0149172 -1.59361e-05 -3.1484e-05 -0.0149172 0.0735303 -3.70938e-05 0.000274045 -1.59361e-05 -3.70938e-05 0.00819395 -0.0150512 -3.1484e-05 0.000274045 -0.0150512 0.074448 
0.00959979 -0.0175066 -2.25702e-05 -2.25654e-05 -0.0175066 0.0864143 -2.98193e-05 0.000263581 -2.25702e-05 -2.98193e-05 0.0096384 -0.0177004 -2.25654e-05 0.000263581 -0.0177004 0.0874683 
0.00945606 -0.0172378 -1.62177e-05 -2.06224e-05 -0.0172378 0.0850952 -2.51097e-05 0.000235572 -1.62177e-05 -2.51097e-05 0.00950563 -0.0174554 -2.06224e-05 0.000235572 -0.0174554 0.0861893 
0.00937702 -0.0170843 -5.47881e-06 -3.0683e-05 -0.0170843 0.0843157 -3.19802e-05 0.000242782 -5.47881e-06 -3.19802e-05 0.00942256 -0.0173215 -3.0683e-05 0.000242782 -0.0173215 0.0854705 
0.00931075 -0.0169456 -3.65587e-07 -4.79387e-05 -0.0169456 0.0835881 -4.81727e-05 0.000278858 -3.65587e-07 -4.81727e-05 0.0093355 -0.0171791 -4.79387e-05 0.000278858 -0.0171791 0.084766 
0.00927287 -0.016893 1.1591e-05 -5.65815e-05 -0.016893 0.0832489 -5.57107e-05 0.000311544 1.1591e-05 -5.57107e-05 0.00927948 -0.0170928 -5.65815e-05 0.000311544 -0.0170928 0.0843711 
0.00926664 -0.0169013 2.42953e-05 -6.99222e-05 -0.0169013 0.0832708 -6.74789e-05 0.000340371 2.42953e-05 -6.74789e-05 0.00926488 -0.0170661 -6.99222e-05 0.000340371 -0.0170661 0.0842922 
0.00925975 -0.0169061 1.81156e-05 -8.29238e-05 -0.0169061 0.0833129 -8.03088e-05 0.00036851 1.81156e-05 -8.03088e-05 0.00925808 -0.0170507 -8.29238e-05 0.00036851 -0.0170507 0.0842437 
0.00925122 -0.0168883 9.36924e-06 -7.26049e-05 -0.0168883 0.0832678 -7.11118e-05 0.000361365 9.36924e-06 -7.11118e-05 0.00925362 -0.0170321 -7.26049e-05 0.000361365 -0.0170321 0.0841581 
0.00927194 -0.0169103 6.46471e-06 -5.81263e-05 -0.0169103 0.0833893 -5.73722e-05 0.000326764 6.46471e-06 -5.73722e-05 0.0092662 -0.0170619 -5.81263e-05 0.000326764 -0.0170619 0.0842802 
0.00929418 -0.01694 7.06935e-06 -5.30168e-05 -0.01694 0.0835096 -5.22367e-05 0.000300171 7.06935e-06 -5.22367e-05 0.00927556 -0.0170877 -5.30168e-05 0.000300171 -0.0170877 0.0844045 
0.0093071 -0.0169961 1.49873e-05 -5.44807e-05 -0.0169961 0.0837549 -5.37097e-05 0.00029327 1.49873e-05 -5.37097e-05 0.00930607 -0.0171327 -5.44807e-05 0.00029327 -0.0171327 0.0846385 
0.00932185 -0.0170395 1.26568e-05 -6.61985e-05 -0.0170395 0.0840269 -6.47206e-05 0.000311068 1.26568e-05 -6.47206e-05 0.00934582 -0.0171981 -6.61985e-05 0.000311068 -0.0171981 0.0849412 
0.00933441 -0.017064 9.50871e-06 -6.44965e-05 -0.017064 0.0842137 -6.17355e-05 0.000318675 9.50871e-06 -6.17355e-05 0.00938228 -0.0172547 -6.44965e-05 0.000318675 -0.0172547 0.0851982 
0.00934179 -0.0170577 1.77385e-05 -5.89866e-05 -0.0170577 0.0842263 -5.60052e-05 0.000308785 1.77385e-05 -5.60052e-05 0.00939523 -0.0172831 -5.89866e-05 0.000308785 -0.0172831 0.0853033 
0.00935129 -0.0170233 2.17232e-05 -6.82669e-05 -0.0170233 0.0840412 -6.56977e-05 0.000318057 2.17232e-05 -6.56977e-05 0.00936304 -0.0172584 -6.82669e-05 0.000318057 -0.0172584 0.0851755 
0.00935167 -0.01703 1.41547e-05 -7.55879e-05 -0.01703 0.0839562 -7.18877e-05 0.000337116 1.41547e-05 -7.18877e-05 0.00934884 -0.0172158 -7.55879e-05 0.000337116 -0.0172158 0.0850375 
0.00938509 -0.0170772 -2.16346e-06 -6.5981e-05 -0.0170772 0.0841441 -6.38209e-05 0.000332993 -2.16346e-06 -6.38209e-05 0.00935919 -0.0172403 -6.5981e-05 0.000332993 -0.0172403 0.0851524 
0.00941886 -0.0171383 -1.46173e-05 -4.36676e-05 -0.0171383 0.0843863 -4.40961e-05 0.000294854 -1.46173e-05 -4.40961e-05 0.00937341 -0.017273 -4.36676e-05 0.000294854 -0.017273 0.0853249 
0.00941245 -0.0171515 -5.23098e-06 -2.6574e-05 -0.0171515 0.0844217 -2.86231e-05 0.00024893 -5.23098e-06 -2.86231e-05 0.00937903 -0.0172637 -2.6574e-05 0.00024893 -0.0172637 0.0852982 
0.0093959 -0.0171397 9.82887e-06 -3.82528e-05 -0.0171397 0.0843961 -4.08091e-05 0.000249573 9.82887e-06 -4.08091e-05 0.00939642 -0.0172617 -3.82528e-05 0.000249573 -0.0172617 0.0852571 
0.00940951 -0.0171293 7.82516e-06 -6.2598e-05 -0.0171293 0.084398 -6.42718e-05 0.000299247 7.82516e-06 -6.42718e-05 0.00939688 -0.0172938 -6.2598e-05 0.000299247 -0.0172938 0.0853258 
0.00942501 -0.0171335 -3.44039e-07 -6.53899e-05 -0.0171335 0.0843628 -6.38632e-05 0.000329528 -3.44039e-07 -6.38632e-05 0.00937932 -0.0172846 -6.53899e-05 0.000329528 -0.0172846 0.085309 
0.00944577 -0.0171612 -6.08783e-06 -5.53564e-05 -0.0171612 0.08442 -5.2191e-05 0.000321331 -6.08783e-06 -5.2191e-05 0.00936549 -0.0172698 -5.53564e-05 0.000321331 -0.0172698 0.0852961 
0.00942613 -0.0171837 -1.77529e-05 -4.55895e-05 -0.0171837 0.0844707 -4.41469e-05 0.00029928 -1.77529e-05 -4.41469e-05 0.00937064 -0.0172495 -4.55895e-05 0.00029928 -0.0172495 0.0852452 
0.00939116 -0.0171692 -2.12194e-05 -2.90482e-05 -0.0171692 0.0844964 -3.10971e-05 0.000267204 -2.12194e-05 -3.10971e-05 0.00939224 -0.0172616 -2.90482e-05 0.000267204 -0.0172616 0.0852654 
0.00936348 -0.0170915 -1.08954e-05 -2.12269e-05 -0.0170915 0.0842694 -2.90713e-05 0.000244389 -1.08954e-05 -2.90713e-05 0.00937178 -0.0172572 -2.12269e-05 0.000244389 -0.0172572 0.0851655 
0.00935145 -0.0170512 5.51018e-06 -3.27521e-05 -0.0170512 0.0840894 -4.21671e-05 0.000255171 5.51018e-06 -4.21671e-05 0.00935507 -0.0172325 -3.27521e-05 0.000255171 -0.0172325 0.0850814 
0.00935278 -0.0170495 1.1721e-05 -5.61885e-05 -0.0170495 0.0840551 -6.30395e-05 0.000300609 1.1721e-05 -6.30395e-05 0.0093547 -0.0172215 -5.61885e-05 0.000300609 -0.0172215 0.0850584 
0.00934268 -0.0170776 5.95094e-06 -6.78548e-05 -0.0170776 0.084169 -7.25843e-05 0.000342073 5.95094e-06 -7.25843e-05 0.00939183 -0.0172407 -6.78548e-05 0.000342073 -0.0172407 0.0851488 
0.00936304 -0.0170951 4.28159e-06 -6.24101e-05 -0.0170951 0.0843496 -6.6194e-05 0.000350076 4.28159e-06 -6.6194e-05 0.00941398 -0.0173152 -6.24101e-05 0.000350076 -0.0173152 0.0854021 
0.00939797 -0.0171105 7.81685e-06 -6.14065e-05 -0.0171105 0.0844282 -6.43522e-05 0.000349201 7.81685e-06 -6.43522e-05 0.00939852 -0.0173398 -6.14065e-05 0.000349201 -0.0173398 0.0855453 
0.00941924 -0.0171571 -3.53429e-06 -6.61489e-05 -0.0171571 0.0845552 -6.83153e-05 0.00035648 -3.53429e-06 -6.83153e-05 0.00939882 -0.0173241 -6.61489e-05 0.00035648 -0.0173241 0.0855943 
0.00943578 -0.0171861 -4.75703e-06 -5.24311e-05 -0.0171861 0.0846698 -5.62237e-05 0.000342794 -4.75703e-06 -5.62237e-05 0.00939781 -0.01732 -5.24311e-05 0.000342794 -0.01732 0.0856002 
0.00942756 -0.017185 -3.09435e-06 -4.79596e-05 -0.017185 0.0846438 -5.60192e-05 0.00033011 -3.09435e-06 -5.60192e-05 0.00940022 -0.0172951 -4.79596e-05 0.00033011 -0.0172951 0.0854921 
0.00940057 -0.0171486 2.79755e-06 -4.9821e-05 -0.0171486 0.0844812 -6.05662e-05 0.000332826 2.79755e-06 -6.05662e-05 0.00939141 -0.0172685 -4.9821e-05 0.000332826 -0.0172685 0.0853095 
0.00937592 -0.0171092 2.7548e-06 -5.75845e-05 -0.0171092 0.0843215 -6.81743e-05 0.000348437 2.7548e-06 -6.81743e-05 0.00939371 -0.0172533 -5.75845e-05 0.000348437 -0.0172533 0.0851866 
0.00936238 -0.0170924 -1.41627e-05 -5.89215e-05 -0.0170924 0.0842662 -6.72059e-05 0.000357791 -1.41627e-05 -6.72059e-05 0.00941457 -0.017271 -5.89215e-05 0.000357791 -0.017271 0.0852041 
0.00937399 -0.0171003 -6.79748e-06 -4.17907e-05 -0.0171003 0.0843305 -4.86164e-05 0.000337151 -6.79748e-06 -4.86164e-05 0.00941505 -0.017319 -4.17907e-05 0.000337151 -0.017319 0.0853604 
0.00935773 -0.0170871 1.73553e-06 -5.20612e-05 -0.0170871 0.0842439 -5.55536e-05 0.000336762 1.73553e-06 -5.55536e-05 0.00939445 -0.0172888 -5.20612e-05 0.000336762 -0.0172888 0.0852802 
0.00933072 -0.0170356 6.8398e-06 -6.34957e-05 -0.0170356 0.0840222 -6.25904e-05 0.000355287 6.8398e-06 -6.25904e-05 0.00935616 -0.0172304 -6.34957e-05 0.000355287 -0.0172304 0.0850339 
0.00933988 -0.017059 3.27995e-06 -6.95954e-05 -0.017059 0.0841457 -6.49659e-05 0.000367726 3.27995e-06 -6.49659e-05 0.00936868 -0.0172385 -6.95954e-05 0.000367726 -0.0172385 0.0851231 
0.00933274 -0.0170424 -8.29435e-06 -6.38709e-05 -0.0170424 0.0840819 -5.57051e-05 0.000354899 -8.29435e-06 -5.57051e-05 0.00936867 -0.0172218 -6.38709e-05 0.000354899 -0.0172218 0.0850376 
0.00930878 -0.0169951 -1.006e-05 -4.90225e-05 -0.0169951 0.0838531 -3.822e-05 0.00031812 -1.006e-05 -3.822e-05 0.00934717 -0.0171844 -4.90225e-05 0.00031812 -0.0171844 0.0848176 
0.00929986 -0.0169788 -1.88759e-05 -4.72236e-05 -0.0169788 0.0837721 -3.48187e-05 0.000295774 -1.88759e-05 -3.48187e-05 0.00933574 -0.0171778 -4.72236e-05 0.000295774 -0.0171778 0.0847677 
0.00928807 -0.0169557 -2.35106e-05 -3.47719e-05 -0.0169557 0.0836579 -2.60475e-05 0.000272298 -2.35106e-05 -2.60475e-05 0.00931826 -0.0171531 -3.47719e-05 0.000272298 -0.0171531 0.0846669 
0.00928919 -0.0169373 -1.54094e-05 -2.43786e-05 -0.0169373 0.0835614 -2.08693e-05 0.00024705 -1.54094e-05 -2.08693e-05 0.00928806 -0.0171263 -2.43786e-05 0.00024705 -0.0171263 0.0845603 
0.00928619 -0.0169607 -5.32492e-06 -3.34398e-05 -0.0169607 0.0836222 -3.1843e-05 0.000252479 -5.32492e-06 -3.1843e-05 0.00928356 -0.0171059 -3.34398e-05 0.000252479 -0.0171059 0.0845423 
0.00929335 -0.016987 5.03675e-06 -4.64102e-05 -0.016987 0.0837882 -4.72627e-05 0.000281838 5.03675e-06 -4.72627e-05 0.00929127 -0.0171237 -4.64102e-05 0.000281838 -0.0171237 0.0846462 
0.00929316 -0.01699 1.06277e-05 -5.88748e-05 -0.01699 0.0838494 -6.27719e-05 0.000318603 1.06277e-05 -6.27719e-05 0.00929387 -0.0171282 -5.88748e-05 0.000318603 -0.0171282 0.0846906 
0.00926791 -0.0169311 1.13793e-05 -6.61223e-05 -0.0169311 0.0835911 -7.08355e-05 0.000346925 1.13793e-05 -7.08355e-05 0.00926268 -0.0170715 -6.61223e-05 0.000346925 -0.0170715 0.0844268 
0.0092441 -0.0168721 4.5051e-06 -6.51616e-05 -0.0168721 0.0832869 -7.01809e-05 0.000353373 4.5051e-06 -7.01809e-05 0.00922765 -0.0169998 -6.51616e-05 0.000353373 -0.0169998 0.0840918 
0.00922531 -0.0168548 -7.15233e-06 -5.34778e-05 -0.0168548 0.0831576 -5.72895e-05 0.000329996 -7.15233e-06 -5.72895e-05 0.00921177 -0.0169641 -5.34778e-05 0.000329996 -0.0169641 0.0839121 
0.00918363 -0.0168064 -2.13864e-05 -3.63081e-05 -0.0168064 0.0829346 -3.79847e-05 0.000283678 -2.13864e-05 -3.79847e-05 0.00920204 -0.016917 -3.63081e-05 0.000283678 -0.016917 0.0836623 
0.00915727 -0.0167442 -2.98039e-05 -1.81512e-05 -0.0167442 0.0826959 -1.79752e-05 0.000230264 -2.98039e-05 -1.79752e-05 0.00918014 -0.0168965 -1.81512e-05 0.000230264 -0.0168965 0.0834829 
0.00914771 -0.016674 -3.28664e-05 -9.09181e-06 -0.016674 0.0823481 -8.97241e-06 0.000194979 -3.28664e-05 -8.97241e-06 0.00912762 -0.0168367 -9.09181e-06 0.000194979 -0.0168367 0.0831896 
0.00916856 -0.0166969 -3.11344e-05 -5.31859e-06 -0.0166969 0.0823327 -6.48621e-06 0.000178491 -3.11344e-05 -6.48621e-06 0.00909868 -0.0168014 -5.31859e-06 0.000178491 -0.0168014 0.0830981 
0.00921702 -0.0167897 -1.93302e-05 -5.7473e-06 -0.0167897 0.0826836 -8.59017e-06 0.000175381 -1.93302e-05 -8.59017e-06 0.00909558 -0.0168203 -5.7473e-06 0.000175381 -0.0168203 0.0832732 
0.0092524 -0.0168716 -9.29483e-06 -1.91884e-05 -0.0168716 0.0830377 -2.54576e-05 0.000198375 -9.29483e-06 -2.54576e-05 0.00910352 -0.016832 -1.91884e-05 0.000198375 -0.016832 0.0834297 
0.00928563 -0.0169691 4.01136e-06 -3.344e-05 -0.0169691 0.0835291 -4.00765e-05 0.000235851 4.01136e-06 -4.00765e-05 0.00915022 -0.0168934 -3.344e-05 0.000235851 -0.0168934 0.0837802 
0.00929406 -0.0169926 1.15824e-05 -5.1762e-05 -0.0169926 0.0837321 -5.42546e-05 0.000276136 1.15824e-05 -5.42546e-05 0.00918789 -0.016935 -5.1762e-05 0.000276136 -0.016935 0.083961 
0.00927847 -0.0169569 -4.00095e-06 -6.30833e-05 -0.0169569 0.0836203 -5.999e-05 0.000305251 -4.00095e-06 -5.999e-05 0.00919817 -0.0169396 -6.30833e-05 0.000305251 -0.0169396 0.083918 
0.00929608 -0.0169532 -1.3897e-05 -4.5907e-05 -0.0169532 0.0836281 -3.8716e-05 0.000286067 -1.3897e-05 -3.8716e-05 0.00920228 -0.0169763 -4.5907e-05 0.000286067 -0.0169763 0.0840337 
0.0092639 -0.0169253 -1.23578e-05 -3.05085e-05 -0.0169253 0.0834297 -2.11455e-05 0.000240449 -1.23578e-05 -2.11455e-05 0.00919766 -0.0169361 -3.05085e-05 0.000240449 -0.0169361 0.0838665 
0.00920543 -0.0168729 -2.2239e-05 -3.05794e-05 -0.0168729 0.0832095 -2.33246e-05 0.000221987 -2.2239e-05 -2.33246e-05 0.00921903 -0.0169115 -3.05794e-05 0.000221987 -0.0169115 0.0836865 
0.00916769 -0.0168178 -2.65092e-05 -1.97647e-05 -0.0168178 0.0830802 -1.50757e-05 0.00020731 -2.65092e-05 -1.50757e-05 0.00924111 -0.0169586 -1.97647e-05 0.00020731 -0.0169586 0.0837434 
0.00914877 -0.0167599 -2.36029e-05 -1.33894e-05 -0.0167599 0.0828934 -1.33376e-05 0.000195174 -2.36029e-05 -1.33376e-05 0.00923824 -0.0169835 -1.33894e-05 0.000195174 -0.0169835 0.0837908 
0.00915263 -0.0167239 -9.20052e-06 -1.61111e-05 -0.0167239 0.0827198 -2.06577e-05 0.000200431 -9.20052e-06 -2.06577e-05 0.00920642 -0.0169739 -1.61111e-05 0.000200431 -0.0169739 0.0837612 
0.00913173 -0.0167151 8.5588e-06 -3.43905e-05 -0.0167151 0.0825886 -3.82122e-05 0.000232868 8.5588e-06 -3.82122e-05 0.00919472 -0.0169198 -3.43905e-05 0.000232868 -0.0169198 0.0836052 
0.00914577 -0.0167207 2.30399e-05 -5.80861e-05 -0.0167207 0.0826404 -5.959e-05 0.000284952 2.30399e-05 -5.959e-05 0.0091909 -0.0169274 -5.80861e-05 0.000284952 -0.0169274 0.083622 
0.0091297 -0.016683 2.46852e-05 -7.56331e-05 -0.016683 0.0824168 -7.51211e-05 0.000330429 2.46852e-05 -7.51211e-05 0.00915381 -0.0168688 -7.56331e-05 0.000330429 -0.0168688 0.0833589 
0.00912364 -0.0167105 1.8657e-05 -7.52964e-05 -0.0167105 0.082512 -7.64983e-05 0.000346354 1.8657e-05 -7.64983e-05 0.00915674 -0.016866 -7.52964e-05 0.000346354 -0.016866 0.0833845 
0.00911154 -0.0166874 2.51411e-05 -6.581e-05 -0.0166874 0.0824588 -6.94752e-05 0.000334531 2.51411e-05 -6.94752e-05 0.00914523 -0.0168474 -6.581e-05 0.000334531 -0.0168474 0.0832971 
0.0090889 -0.016621 2.71987e-05 -7.17565e-05 -0.016621 0.0821555 -7.61728e-05 0.000333987 2.71987e-05 -7.61728e-05 0.00909913 -0.0167803 -7.17565e-05 0.000333987 -0.0167803 0.0829797 
0.00906493 -0.0165814 2.08579e-05 -7.61377e-05 -0.0165814 0.0819138 -8.0193e-05 0.000345116 2.08579e-05 -8.0193e-05 0.00906857 -0.0167092 -7.61377e-05 0.000345116 -0.0167092 0.0826804 
0.00906028 -0.0165781 2.70636e-06 -6.7819e-05 -0.0165781 0.0818838 -7.21428e-05 0.000336802 2.70636e-06 -7.21428e-05 0.0090566 -0.0166942 -6.7819e-05 0.000336802 -0.0166942 0.0825964 
0.00906092 -0.0165758 -9.81885e-06 -4.49031e-05 -0.0165758 0.0818757 -4.8429e-05 0.000293646 -9.81885e-06 -4.8429e-05 0.00904155 -0.0166845 -4.49031e-05 0.000293646 -0.0166845 0.0825585 
0.00905631 -0.0165888 -1.14955e-05 -2.95586e-05 -0.0165888 0.0819284 -3.08823e-05 0.00024585 -1.14955e-05 -3.08823e-05 0.00904139 -0.0166747 -2.95586e-05 0.00024585 -0.0166747 0.0825609 
0.00903984 -0.0165632 -1.04433e-05 -2.72597e-05 -0.0165632 0.0818404 -2.74768e-05 0.000221256 -1.04433e-05 -2.74768e-05 0.00903287 -0.016647 -2.72597e-05 0.000221256 -0.016647 0.0824337 
0.0090526 -0.0165716 -1.62964e-05 -2.94481e-05 -0.0165716 0.0819058 -2.82353e-05 0.000216945 -1.62964e-05 -2.82353e-05 0.009034 -0.01666 -2.94481e-05 0.000216945 -0.01666 0.0824842 
0.0090828 -0.0165877 -1.37765e-05 -2.13078e-05 -0.0165877 0.0819648 -2.2094e-05 0.00020591 -1.37765e-05 -2.2094e-05 0.00901828 -0.0166624 -2.13078e-05 0.00020591 -0.0166624 0.082516 
0.00907316 -0.0166021 -8.72283e-06 -2.20497e-05 -0.0166021 0.0819405 -2.50313e-05 0.000200521 -8.72283e-06 -2.50313e-05 0.00901678 -0.0166207 -2.20497e-05 0.000200521 -0.0166207 0.0823897 
0.00901056 -0.0165345 -5.12034e-06 -2.85973e-05 -0.0165345 0.0816304 -3.12825e-05 0.000209699 -5.12034e-06 -3.12825e-05 0.00900892 -0.0165564 -2.85973e-05 0.000209699 -0.0165564 0.0820237 
0.00897491 -0.0164834 5.44158e-07 -3.35404e-05 -0.0164834 0.0814862 -3.67895e-05 0.000223816 5.44158e-07 -3.67895e-05 0.00901763 -0.0165706 -3.35404e-05 0.000223816 -0.0165706 0.0819633 
0.00895977 -0.0164373 -3.42024e-07 -4.07599e-05 -0.0164373 0.0813406 -4.34737e-05 0.000240138 -3.42024e-07 -4.34737e-05 0.00900489 -0.0165861 -4.07599e-05 0.000240138 -0.0165861 0.0819682 
0.00897562 -0.0164694 9.54853e-06 -4.26354e-05 -0.0164694 0.0814978 -4.29817e-05 0.000251553 9.54853e-06 -4.29817e-05 0.00901604 -0.0166224 -4.26354e-05 0.000251553 -0.0166224 0.0821983 
0.00897699 -0.0164755 1.24529e-05 -5.54268e-05 -0.0164755 0.081536 -5.44895e-05 0.000274029 1.24529e-05 -5.44895e-05 0.00900763 -0.0166146 -5.54268e-05 0.000274029 -0.0166146 0.082222 
0.00895905 -0.0164784 2.97084e-06 -5.87999e-05 -0.0164784 0.08157 -5.90533e-05 0.000291814 2.97084e-06 -5.90533e-05 0.00902202 -0.0166042 -5.87999e-05 0.000291814 -0.0166042 0.0822197 
0.0089329 -0.0164322 -5.62304e-06 -4.58706e-05 -0.0164322 0.0814347 -4.77733e-05 0.00027883 -5.62304e-06 -4.77733e-05 0.00902581 -0.0165933 -4.58706e-05 0.00027883 -0.0165933 0.0821154 
0.00891397 -0.0163742 -1.60094e-05 -3.10225e-05 -0.0163742 0.0812011 -3.46605e-05 0.000243662 -1.60094e-05 -3.46605e-05 0.00900952 -0.0165761 -3.10225e-05 0.000243662 -0.0165761 0.0819711 
0.00892468 -0.0163469 -6.58801e-06 -1.72547e-05 -0.0163469 0.0810417 -1.9817e-05 0.000204428 -6.58801e-06 -1.9817e-05 0.00897317 -0.0165528 -1.72547e-05 0.000204428 -0.0165528 0.0818578 
0.00892249 -0.0163629 -3.49317e-06 -2.73047e-05 -0.0163629 0.0810026 -2.70956e-05 0.000196436 -3.49317e-06 -2.70956e-05 0.00895441 -0.0165063 -2.73047e-05 0.000196436 -0.0165063 0.0817278 
0.00892217 -0.0163584 -6.89982e-06 -3.36973e-05 -0.0163584 0.0809646 -3.10385e-05 0.000207636 -6.89982e-06 -3.10385e-05 0.00893289 -0.0164731 -3.36973e-05 0.000207636 -0.0164731 0.0815827 
0.00892218 -0.0163301 -2.23202e-05 -3.03767e-05 -0.0163301 0.0808022 -2.90886e-05 0.000208746 -2.23202e-05 -2.90886e-05 0.00888901 -0.0164183 -3.03767e-05 0.000208746 -0.0164183 0.0813384 
0.00891827 -0.0163158 -2.64783e-05 -9.43915e-06 -0.0163158 0.080654 -1.25338e-05 0.00017854 -2.64783e-05 -1.25338e-05 0.00884773 -0.0163518 -9.43915e-06 0.00017854 -0.0163518 0.0810782 
0.00893894 -0.0163361 -2.67804e-05 -3.0146e-07 -0.0163361 0.0806978 -2.57026e-06 0.00014287 -2.67804e-05 -2.57026e-06 0.00881539 -0.0163247 -3.0146e-07 0.00014287 -0.0163247 0.0809974 
0.00894979 -0.0163826 -2.78065e-05 1.32551e-06 -0.0163826 0.0808497 -9.69081e-08 0.000123425 -2.78065e-05 -9.69081e-08 0.00881561 -0.0163 1.32551e-06 0.000123425 -0.0163 0.0809814 
0.00891059 -0.0163513 -9.57402e-06 2.09901e-06 -0.0163513 0.0807148 1.05938e-06 0.000113754 -9.57402e-06 1.05938e-06 0.00880949 -0.0162512 2.09901e-06 0.000113754 -0.0162512 0.0807389 
0.00886838 -0.0163032 -2.51633e-06 -1.95469e-05 -0.0163032 0.0805687 -1.88944e-05 0.000140071 -2.51633e-06 -1.88944e-05 0.00881878 -0.0162409 -1.95469e-05 0.000140071 -0.0162409 0.0806115 
0.00883451 -0.0162352 -3.55991e-06 -3.0059e-05 -0.0162352 0.0803433 -2.62382e-05 0.000168932 -3.55991e-06 -2.62382e-05 0.00882257 -0.0162412 -3.0059e-05 0.000168932 -0.0162412 0.0805161 
0.00882827 -0.0162163 -1.41338e-05 -2.69397e-05 -0.0162163 0.0802923 -2.51055e-05 0.000174532 -1.41338e-05 -2.51055e-05 0.0088354 -0.0162748 -2.69397e-05 0.000174532 -0.0162748 0.0806149 
0.00883169 -0.0162172 -7.86095e-07 -1.18551e-05 -0.0162172 0.0803047 -1.16319e-05 0.000150364 -7.86095e-07 -1.16319e-05 0.00884185 -0.0162998 -1.18551e-05 0.000150364 -0.0162998 0.080725 
0.00882859 -0.016218 7.70041e-06 -2.48985e-05 -0.016218 0.080305 -2.5476e-05 0.000153686 7.70041e-06 -2.5476e-05 0.00884496 -0.016305 -2.48985e-05 0.000153686 -0.016305 0.0807665 
0.00880712 -0.0161637 1.44871e-05 -3.57477e-05 -0.0161637 0.0800511 -3.81668e-05 0.000178661 1.44871e-05 -3.81668e-05 0.00881287 -0.0162576 -3.57477e-05 0.000178661 -0.0162576 0.0805344 
0.00878698 -0.0161372 1.86615e-05 -4.62481e-05 -0.0161372 0.0798947 -4.81071e-05 0.000207692 1.86615e-05 -4.81071e-05 0.00879634 -0.0162191 -4.62481e-05 0.000207692 -0.0162191 0.0803694 
0.00878311 -0.0161242 1.78331e-05 -5.34845e-05 -0.0161242 0.0798403 -5.12511e-05 0.000227384 1.78331e-05 -5.12511e-05 0.00878355 -0.0162079 -5.34845e-05 0.000227384 -0.0162079 0.0803085 
0.00878769 -0.0161246 1.25801e-05 -5.47468e-05 -0.0161246 0.0798289 -4.833e-05 0.000232906 1.25801e-05 -4.833e-05 0.00877353 -0.0161944 -5.47468e-05 0.000232906 -0.0161944 0.0802712 
0.00877935 -0.016114 9.23942e-07 -4.71486e-05 -0.016114 0.0797482 -4.17606e-05 0.000221834 9.23942e-07 -4.17606e-05 0.00875742 -0.0161617 -4.71486e-05 0.000221834 -0.0161617 0.0801377 
0.00878633 -0.0161249 -7.26283e-07 -2.96872e-05 -0.0161249 0.0797997 -2.5789e-05 0.00018671 -7.26283e-07 -2.5789e-05 0.0087523 -0.0161619 -2.96872e-05 0.00018671 -0.0161619 0.0801461 
0.00879443 -0.0161747 8.65815e-06 -2.64009e-05 -0.0161747 0.0800359 -2.20532e-05 0.000161954 8.65815e-06 -2.20532e-05 0.00878541 -0.0161937 -2.64009e-05 0.000161954 -0.0161937 0.0803338 
0.00878542 -0.0161558 1.14052e-05 -3.8335e-05 -0.0161558 0.0800188 -3.33486e-05 0.00017224 1.14052e-05 -3.33486e-05 0.00879195 -0.0162058 -3.8335e-05 0.00017224 -0.0162058 0.0803422 
0.00880862 -0.0161571 1.63712e-05 -4.23419e-05 -0.0161571 0.0800609 -3.80766e-05 0.000187293 1.63712e-05 -3.80766e-05 0.00878473 -0.0162325 -4.23419e-05 0.000187293 -0.0162325 0.0804501 
0.00881939 -0.0161588 2.21123e-05 -4.72585e-05 -0.0161588 0.0799987 -4.41935e-05 0.000200247 2.21123e-05 -4.41935e-05 0.00875581 -0.0162005 -4.72585e-05 0.000200247 -0.0162005 0.0803693 
0.00883647 -0.0161861 2.00404e-05 -5.32988e-05 -0.0161861 0.0800666 -4.99498e-05 0.000212922 2.00404e-05 -4.99498e-05 0.00874474 -0.0161783 -5.32988e-05 0.000212922 -0.0161783 0.0803406 
0.00885188 -0.0162327 1.09309e-05 -5.12997e-05 -0.0162327 0.0802504 -4.47103e-05 0.000211329 1.09309e-05 -4.47103e-05 0.00875857 -0.0161829 -5.12997e-05 0.000211329 -0.0161829 0.0804064 
0.00884842 -0.0162157 5.75083e-06 -3.94784e-05 -0.0162157 0.0801797 -3.19101e-05 0.000187566 5.75083e-06 -3.19101e-05 0.00874848 -0.0161605 -3.94784e-05 0.000187566 -0.0161605 0.0802767 
0.00884573 -0.0162073 -4.21706e-06 -2.99296e-05 -0.0162073 0.0801176 -2.21069e-05 0.000155917 -4.21706e-06 -2.21069e-05 0.00874057 -0.0161458 -2.99296e-05 0.000155917 -0.0161458 0.0801905 
0.00883815 -0.0162318 -6.4831e-06 -1.35743e-05 -0.0162318 0.0802155 -9.78892e-06 0.00011748 -6.4831e-06 -9.78892e-06 0.00877203 -0.0161615 -1.35743e-05 0.00011748 -0.0161615 0.0802625 
0.00884184 -0.0162468 -8.12329e-06 -8.35435e-06 -0.0162468 0.0803654 -9.66216e-06 9.6627e-05 -8.12329e-06 -9.66216e-06 0.00881369 -0.0162286 -8.35435e-06 9.6627e-05 -0.0162286 0.0804873 
0.00884729 -0.0162487 -1.23724e-05 -7.50169e-06 -0.0162487 0.0804361 -1.08271e-05 9.28278e-05 -1.23724e-05 -1.08271e-05 0.00883753 -0.0162906 -7.50169e-06 9.28278e-05 -0.0162906 0.0807112 
0.00888259 -0.0163199 -1.80746e-05 -3.98379e-06 -0.0163199 0.0808069 -7.02768e-06 8.8535e-05 -1.80746e-05 -7.02768e-06 0.00888484 -0.0163943 -3.98379e-06 8.8535e-05 -0.0163943 0.0812162 
0.00890584 -0.0163441 -3.97205e-05 1.02355e-06 -0.0163441 0.0809596 1.97568e-07 7.75755e-05 -3.97205e-05 1.97568e-07 0.00889744 -0.0164369 1.02355e-06 7.75755e-05 -0.0164369 0.0814537 
0.00890391 -0.0163527 -3.89602e-05 2.5869e-05 -0.0163527 0.0809839 2.69465e-05 3.41384e-05 -3.89602e-05 2.69465e-05 0.00890777 -0.0164334 2.5869e-05 3.41384e-05 -0.0164334 0.0814943 
0.00888226 -0.0162997 -1.86959e-05 2.72011e-05 -0.0162997 0.0807449 3.1082e-05 3.38345e-06 -1.86959e-05 3.1082e-05 0.00889586 -0.0163907 2.72011e-05 3.38345e-06 -0.0163907 0.081266 
0.00888381 -0.0162743 -7.27126e-06 4.06538e-06 -0.0162743 0.080598 8.15654e-06 2.74451e-05 -7.27126e-06 8.15654e-06 0.00887623 -0.0163762 4.06538e-06 2.74451e-05 -0.0163762 0.081144 
0.00889086 -0.0162896 -1.31658e-06 -1.10361e-05 -0.0162896 0.080604 -6.90104e-06 6.71328e-05 -1.31658e-06 -6.90104e-06 0.00887202 -0.0163712 -1.10361e-05 6.71328e-05 -0.0163712 0.0811381 
0.00889247 -0.0162879 7.70066e-06 -1.85854e-05 -0.0162879 0.0805636 -1.2823e-05 9.13274e-05 7.70066e-06 -1.2823e-05 0.00885836 -0.0163531 -1.85854e-05 9.13274e-05 -0.0163531 0.0810593 
0.00889587 -0.0162848 -1.17009e-06 -3.11791e-05 -0.0162848 0.0805208 -2.31033e-05 0.000116493 -1.17009e-06 -2.31033e-05 0.00884428 -0.016334 -3.11791e-05 0.000116493 -0.016334 0.0809805 
0.00887392 -0.0162712 -5.33845e-06 -2.0218e-05 -0.0162712 0.0804172 -1.31353e-05 0.000112249 -5.33845e-06 -1.31353e-05 0.00884197 -0.0163008 -2.0218e-05 0.000112249 -0.0163008 0.0808354 
0.00887147 -0.0162418 -1.4628e-05 -1.38942e-05 -0.0162418 0.080313 -9.14308e-06 9.72166e-05 -1.4628e-05 -9.14308e-06 0.00883022 -0.0162973 -1.38942e-05 9.72166e-05 -0.0162973 0.0807547 
0.00889169 -0.0162794 -8.16504e-06 -1.70817e-06 -0.0162794 0.0804614 2.68705e-06 7.30359e-05 -8.16504e-06 2.68705e-06 0.00883702 -0.0163313 -1.70817e-06 7.30359e-05 -0.0163313 0.0809269 
0.0088998 -0.0163031 -6.77322e-06 -6.93112e-06 -0.0163031 0.0805631 -3.17843e-06 6.72919e-05 -6.77322e-06 -3.17843e-06 0.00884777 -0.0163396 -6.93112e-06 6.72919e-05 -0.0163396 0.0810132 
0.00891268 -0.0163478 -3.44054e-07 -8.47449e-06 -0.0163478 0.0807907 -6.3911e-06 7.22143e-05 -3.44054e-07 -6.3911e-06 0.00888128 -0.0163824 -8.47449e-06 7.22143e-05 -0.0163824 0.0812245 
0.00890013 -0.0163278 9.94736e-06 -1.72881e-05 -0.0163278 0.0807439 -1.74814e-05 9.19314e-05 9.94736e-06 -1.74814e-05 0.00889043 -0.0163876 -1.72881e-05 9.19314e-05 -0.0163876 0.0812102 
0.00890036 -0.0163321 6.79293e-06 -2.90576e-05 -0.0163321 0.0808009 -3.16165e-05 0.000122361 6.79293e-06 -3.16165e-05 0.00891246 -0.0164245 -2.90576e-05 0.000122361 -0.0164245 0.0813437 
0.00888727 -0.0163227 7.23216e-06 -2.75517e-05 -0.0163227 0.080789 -3.06356e-05 0.000137347 7.23216e-06 -3.06356e-05 0.00893695 -0.0164495 -2.75517e-05 0.000137347 -0.0164495 0.0814286 
0.00888438 -0.0163274 9.62773e-06 -2.72391e-05 -0.0163274 0.0808633 -2.91699e-05 0.000137882 9.62773e-06 -2.91699e-05 0.00896927 -0.0165018 -2.72391e-05 0.000137882 -0.0165018 0.0816221 
0.00891797 -0.0163767 8.37386e-06 -3.14282e-05 -0.0163767 0.0811628 -3.13431e-05 0.000142984 8.37386e-06 -3.13431e-05 0.00901389 -0.0166022 -3.14282e-05 0.000142984 -0.0166022 0.0820636 
0.00891056 -0.0163769 1.89299e-06 -3.03133e-05 -0.0163769 0.0811718 -2.81187e-05 0.000141957 1.89299e-06 -2.81187e-05 0.0090385 -0.0166227 -3.03133e-05 0.000141957 -0.0166227 0.082173 
0.00893343 -0.0163619 -4.19733e-07 -2.21764e-05 -0.0163619 0.0811374 -1.93196e-05 0.000126297 -4.19733e-07 -1.93196e-05 0.00902429 -0.0166445 -2.21764e-05 0.000126297 -0.0166445 0.0822293 
0.00898966 -0.0164524 -5.14617e-06 -1.75857e-05 -0.0164524 0.0814798 -1.33532e-05 0.000106849 -5.14617e-06 -1.33532e-05 0.00903407 -0.0166942 -1.75857e-05 0.000106849 -0.0166942 0.0825578 
0.00900759 -0.0164628 -2.64527e-06 -1.11683e-05 -0.0164628 0.0814556 -5.50504e-06 8.63439e-05 -2.64527e-06 -5.50504e-06 0.00899363 -0.0166409 -1.11683e-05 8.63439e-05 -0.0166409 0.0824049 
0.00898398 -0.0164299 -3.5707e-06 -1.51421e-05 -0.0164299 0.0812061 -8.58931e-06 8.34134e-05 -3.5707e-06 -8.58931e-06 0.00895129 -0.016532 -1.51421e-05 8.34134e-05 -0.016532 0.0819735 
