0.00775471 0 5.82213e-05 0 0 0.010949 0 0 5.82213e-05 0 0.00769252 0 0 0 0 0.010949 
0.00945581 -0.0117336 6.07521e-05 -7.28214e-05 -0.0117336 0.0311586 -7.28214e-05 0.000139842 6.07521e-05 -7.28214e-05 0.00941726 -0.011692 -7.28214e-05 0.000139842 -0.011692 0.0310789 
0.0097208 -0.018035 3.54043e-05 -3.57465e-05 -0.018035 0.066505 -3.57465e-05 9.67708e-05 3.54043e-05 -3.57465e-05 0.00971133 -0.0181818 -3.57465e-05 9.67708e-05 -0.0181818 0.0670302 
0.0091085 -0.0174777 5.52633e-06 4.50813e-05 -0.0174777 0.078252 4.44868e-05 -0.000297617 5.52633e-06 4.44868e-05 0.00914989 -0.0178101 4.50813e-05 -0.000297617 -0.0178101 0.0800808 
0.00884239 -0.0164371 2.37906e-06 5.98822e-05 -0.0164371 0.0790437 6.06208e-05 -0.000453548 2.37906e-06 6.06208e-05 0.0088874 -0.0167716 5.98822e-05 -0.000453548 -0.0167716 0.0812872 
0.0086543 -0.0158266 5.82027e-06 3.69278e-05 -0.0158266 0.0774972 4.23572e-05 -0.000370048 5.82027e-06 4.23572e-05 0.00867208 -0.0160745 3.69278e-05 -0.000370048 -0.0160745 0.0793275 
0.00842121 -0.0153603 1.75265e-06 2.21456e-05 -0.0153603 0.0755155 2.76297e-05 -0.000257639 1.75265e-06 2.76297e-05 0.00842503 -0.0155307 2.21456e-05 -0.000257639 -0.0155307 0.0768362 
0.0081604 -0.0148881 -6.17538e-06 2.59004e-05 -0.0148881 0.0733543 2.96152e-05 -0.000203094 -6.17538e-06 2.96152e-05 0.00817205 -0.0150285 2.59004e-05 -0.000203094 -0.0150285 0.074359 
0.0111562 -0.0203372 -1.381e-05 5.41449e-05 -0.0203372 0.100353 5.40587e-05 -0.000282067 -1.381e-05 5.40587e-05 0.0111934 -0.0205554 5.41449e-05 -0.000282067 -0.0205554 0.101624 
0.0109807 -0.0199596 -9.72684e-06 6.76336e-05 -0.0199596 0.0985091 6.24341e-05 -0.000307711 -9.72684e-06 6.24341e-05 0.0109938 -0.0202128 6.76336e-05 -0.000307711 -0.0202128 0.099811 
0.010888 -0.0197926 -9.92947e-06 6.30787e-05 -0.0197926 0.0975466 5.77851e-05 -0.000313152 -9.92947e-06 5.77851e-05 0.0108931 -0.0200252 6.30787e-05 -0.000313152 -0.0200252 0.0988568 
0.0108563 -0.0197681 3.86159e-06 6.00002e-05 -0.0197681 0.0973427 5.85797e-05 -0.000311038 3.86159e-06 5.85797e-05 0.0108668 -0.0199874 6.00002e-05 -0.000311038 -0.0199874 0.0986278 
0.0108553 -0.0197983 1.16123e-05 4.23649e-05 -0.0197983 0.0975081 4.5922e-05 -0.000289739 1.16123e-05 4.5922e-05 0.0108878 -0.0200251 4.23649e-05 -0.000289739 -0.0200251 0.098798 
0.0108772 -0.0198429 1.71598e-06 3.25059e-05 -0.0198429 0.0977958 3.87259e-05 -0.000265995 1.71598e-06 3.87259e-05 0.0109163 -0.0200986 3.25059e-05 -0.000265995 -0.0200986 0.0991368 
0.0108697 -0.0198392 -1.75701e-05 4.7281e-05 -0.0198392 0.0978192 5.46738e-05 -0.000286248 -1.75701e-05 5.46738e-05 0.0109163 -0.020107 4.7281e-05 -0.000286248 -0.020107 0.0992081 
0.0108651 -0.0198118 -2.4787e-05 7.32192e-05 -0.0198118 0.097725 8.18845e-05 -0.000344421 -2.4787e-05 8.18845e-05 0.0109031 -0.0200834 7.32192e-05 -0.000344421 -0.0200834 0.0991266 
0.0108691 -0.0198236 -1.33084e-05 8.47916e-05 -0.0198236 0.0977529 9.40402e-05 -0.000393795 -1.33084e-05 9.40402e-05 0.0109036 -0.0200738 8.47916e-05 -0.000393795 -0.0200738 0.0991101 
0.0108812 -0.0198454 1.36292e-05 7.0011e-05 -0.0198454 0.0978533 8.06054e-05 -0.000391112 1.36292e-05 8.06054e-05 0.0109058 -0.0200829 7.0011e-05 -0.000391112 -0.0200829 0.0991535 
0.0108894 -0.0198585 2.58472e-05 3.46892e-05 -0.0198585 0.0979098 4.38519e-05 -0.000325921 2.58472e-05 4.38519e-05 0.0109078 -0.0200782 3.46892e-05 -0.000325921 -0.0200782 0.0991498 
0.0109139 -0.0198773 2.46699e-05 1.69775e-05 -0.0198773 0.0979941 2.08887e-05 -0.000256429 2.46699e-05 2.08887e-05 0.0109123 -0.0200877 1.69775e-05 -0.000256429 -0.0200877 0.0991893 
0.0109026 -0.0198992 7.66834e-06 2.01223e-05 -0.0198992 0.0980405 1.76308e-05 -0.00022786 7.66834e-06 1.76308e-05 0.0109303 -0.0200889 2.01223e-05 -0.00022786 -0.0200889 0.099192 
0.0109396 -0.0199337 -1.3355e-05 4.28921e-05 -0.0199337 0.0982714 3.60203e-05 -0.000252199 -1.3355e-05 3.60203e-05 0.0109434 -0.0201547 4.28921e-05 -0.000252199 -0.0201547 0.0994461 
0.0109631 -0.0199704 -1.78077e-05 7.23718e-05 -0.0199704 0.0984002 6.21186e-05 -0.000310721 -1.78077e-05 6.21186e-05 0.0109451 -0.0201631 7.23718e-05 -0.000310721 -0.0201631 0.0995527 
0.0109602 -0.0199838 -1.38189e-05 7.82256e-05 -0.0199838 0.0984339 6.82936e-05 -0.000346049 -1.38189e-05 6.82936e-05 0.0109497 -0.0201506 7.82256e-05 -0.000346049 -0.0201506 0.0995281 
0.0109723 -0.0200081 4.81971e-06 7.27462e-05 -0.0200081 0.0985851 6.59823e-05 -0.000351339 4.81971e-06 6.59823e-05 0.010972 -0.0201878 7.27462e-05 -0.000351339 -0.0201878 0.0996814 
0.0109834 -0.0200059 1.68326e-05 4.8599e-05 -0.0200059 0.0985984 4.01665e-05 -0.000308823 1.68326e-05 4.01665e-05 0.0109778 -0.0202075 4.8599e-05 -0.000308823 -0.0202075 0.09975 
0.0110136 -0.0200541 2.03112e-05 3.10837e-05 -0.0200541 0.0988097 2.00299e-05 -0.00025331 2.03112e-05 2.00299e-05 0.0110007 -0.0202629 3.10837e-05 -0.00025331 -0.0202629 0.10002 
0.0110282 -0.0200757 1.49445e-05 2.53962e-05 -0.0200757 0.0988942 1.30314e-05 -0.000217996 1.49445e-05 1.30314e-05 0.0110183 -0.0202818 2.53962e-05 -0.000217996 -0.0202818 0.100133 
0.0110314 -0.0201241 -7.63928e-06 3.185e-05 -0.0201241 0.0991137 2.18622e-05 -0.000218202 -7.63928e-06 2.18622e-05 0.0110664 -0.0203348 3.185e-05 -0.000218202 -0.0203348 0.100374 
0.0110267 -0.0200915 -1.50239e-05 5.95031e-05 -0.0200915 0.0990448 5.4177e-05 -0.000270212 -1.50239e-05 5.4177e-05 0.0110581 -0.0203617 5.95031e-05 -0.000270212 -0.0203617 0.100414 
0.0109949 -0.0199801 7.5599e-07 6.88686e-05 -0.0199801 0.0984901 6.89277e-05 -0.00031822 7.5599e-07 6.89277e-05 0.0109785 -0.0202531 6.88686e-05 -0.00031822 -0.0202531 0.0999272 
0.010982 -0.0199797 3.1536e-06 5.13818e-05 -0.0199797 0.0983643 5.3617e-05 -0.000313438 3.1536e-06 5.3617e-05 0.010952 -0.0201912 5.13818e-05 -0.000313438 -0.0201912 0.0997255 
0.0109511 -0.0199155 -9.39569e-06 4.48675e-05 -0.0199155 0.0980399 4.63365e-05 -0.000290855 -9.39569e-06 4.63365e-05 0.0109049 -0.020102 4.48675e-05 -0.000290855 -0.020102 0.0993037 
0.0109405 -0.0199269 -1.25469e-05 5.918e-05 -0.0199269 0.0980604 5.76767e-05 -0.000298797 -1.25469e-05 5.76767e-05 0.010901 -0.0200857 5.918e-05 -0.000298797 -0.0200857 0.099238 
0.0109592 -0.0199761 -3.36953e-06 6.26678e-05 -0.0199761 0.0983396 6.02494e-05 -0.000309811 -3.36953e-06 6.02494e-05 0.0109189 -0.0201309 6.26678e-05 -0.000309811 -0.0201309 0.0994617 
0.0109037 -0.0199076 -6.4905e-06 5.00321e-05 -0.0199076 0.0980539 4.77101e-05 -0.000289736 -6.4905e-06 4.77101e-05 0.0108957 -0.0200615 5.00321e-05 -0.000289736 -0.0200615 0.0991504 
0.0108844 -0.0198401 -1.61631e-05 5.34653e-05 -0.0198401 0.097821 5.22872e-05 -0.000283298 -1.61631e-05 5.22872e-05 0.010864 -0.0200326 5.34653e-05 -0.000283298 -0.0200326 0.0989653 
0.0108827 -0.0198288 -2.49367e-05 6.4402e-05 -0.0198288 0.097738 6.50345e-05 -0.000301754 -2.49367e-05 6.50345e-05 0.0108469 -0.0200075 6.4402e-05 -0.000301754 -0.0200075 0.0988904 
0.0108549 -0.0198099 -1.29081e-05 7.17143e-05 -0.0198099 0.0976138 7.30055e-05 -0.000319803 -1.29081e-05 7.30055e-05 0.0108366 -0.0199618 7.17143e-05 -0.000319803 -0.0199618 0.0987065 
0.0108465 -0.0197665 9.76986e-07 5.45271e-05 -0.0197665 0.0974493 5.66768e-05 -0.000298357 9.76986e-07 5.66768e-05 0.0107988 -0.0199279 5.45271e-05 -0.000298357 -0.0199279 0.0985104 
0.0108478 -0.0197357 1.15112e-05 3.20811e-05 -0.0197357 0.0972497 3.58976e-05 -0.000243933 1.15112e-05 3.58976e-05 0.0107392 -0.0198541 3.20811e-05 -0.000243933 -0.0198541 0.0982249 
0.0108342 -0.019754 1.60488e-05 1.81911e-05 -0.019754 0.0972325 2.03666e-05 -0.000193649 1.60488e-05 2.03666e-05 0.010723 -0.0197836 1.81911e-05 -0.000193649 -0.0197836 0.0980052 
0.0108333 -0.0197837 1.30673e-05 1.24209e-05 -0.0197837 0.0974195 1.4533e-05 -0.000165248 1.30673e-05 1.4533e-05 0.0107505 -0.0198002 1.24209e-05 -0.000165248 -0.0198002 0.0980613 
0.0107755 -0.0197206 1.34993e-05 1.75566e-05 -0.0197206 0.0971907 1.89943e-05 -0.000163857 1.34993e-05 1.89943e-05 0.0107741 -0.0197731 1.75566e-05 -0.000163857 -0.0197731 0.0978448 
0.0107615 -0.0196794 1.04571e-05 2.01055e-05 -0.0196794 0.097127 2.02181e-05 -0.000172359 1.04571e-05 2.02181e-05 0.0107933 -0.0198419 2.01055e-05 -0.000172359 -0.0198419 0.0979808 
0.0107451 -0.0196363 9.57419e-06 2.3812e-05 -0.0196363 0.0969515 2.2321e-05 -0.000178108 9.57419e-06 2.2321e-05 0.0107786 -0.0198542 2.3812e-05 -0.000178108 -0.0198542 0.0980079 
0.0107264 -0.0195971 4.05526e-06 2.48848e-05 -0.0195971 0.0967563 2.04009e-05 -0.000177211 4.05526e-06 2.04009e-05 0.0107481 -0.0198205 2.48848e-05 -0.000177211 -0.0198205 0.097901 
0.0107289 -0.0196079 -2.60267e-06 3.00548e-05 -0.0196079 0.0968066 2.22561e-05 -0.000177531 -2.60267e-06 2.22561e-05 0.0107568 -0.01982 3.00548e-05 -0.000177531 -0.01982 0.0979635 
0.0107354 -0.0196489 -9.55251e-06 3.7075e-05 -0.0196489 0.0970245 2.591e-05 -0.000181979 -9.55251e-06 2.591e-05 0.0108027 -0.0198683 3.7075e-05 -0.000181979 -0.0198683 0.0981952 
0.0107483 -0.0196521 -1.44704e-06 4.54869e-05 -0.0196521 0.0971214 3.3566e-05 -0.000194254 -1.44704e-06 3.3566e-05 0.0108254 -0.0199247 4.54869e-05 -0.000194254 -0.0199247 0.0983892 
0.0107631 -0.0196436 2.30537e-06 3.56807e-05 -0.0196436 0.0970753 2.77104e-05 -0.000188652 2.30537e-06 2.77104e-05 0.0108285 -0.0199336 3.56807e-05 -0.000188652 -0.0199336 0.0984256 
0.0107928 -0.019678 -6.4275e-06 2.90722e-05 -0.019678 0.097172 2.85429e-05 -0.000180949 -6.4275e-06 2.85429e-05 0.010829 -0.0199587 2.90722e-05 -0.000180949 -0.0199587 0.0985451 
0.0108148 -0.0197491 -1.10902e-05 3.58788e-05 -0.0197491 0.0974469 4.42537e-05 -0.000196531 -1.10902e-05 4.42537e-05 0.0108588 -0.0199978 3.58788e-05 -0.000196531 -0.0199978 0.0987824 
0.0108342 -0.0198085 -1.77862e-06 4.17737e-05 -0.0198085 0.097771 5.34844e-05 -0.000220609 -1.77862e-06 5.34844e-05 0.0108908 -0.0200623 4.17737e-05 -0.000220609 -0.0200623 0.0990914 
0.0108179 -0.0197671 1.65798e-06 3.03645e-05 -0.0197671 0.0976297 3.94271e-05 -0.000209727 1.65798e-06 3.94271e-05 0.0108781 -0.020034 3.03645e-05 -0.000209727 -0.020034 0.0989655 
0.0107891 -0.0197019 1.13731e-06 2.70189e-05 -0.0197019 0.0973107 2.90177e-05 -0.000187655 1.13731e-06 2.90177e-05 0.0108544 -0.0199701 2.70189e-05 -0.000187655 -0.0199701 0.0986536 
0.0107824 -0.019682 3.4317e-06 3.07828e-05 -0.019682 0.0971905 2.47823e-05 -0.000176997 3.4317e-06 2.47823e-05 0.0108407 -0.0199586 3.07828e-05 -0.000176997 -0.0199586 0.0985503 
0.0107876 -0.0196874 2.38301e-05 2.98943e-05 -0.0196874 0.0971867 1.9828e-05 -0.000169089 2.38301e-05 1.9828e-05 0.0108334 -0.0199548 2.98943e-05 -0.000169089 -0.0199548 0.098539 
0.0108029 -0.0196922 1.97096e-05 3.4794e-06 -0.0196922 0.0971843 -4.5079e-06 -0.000126023 1.97096e-05 -4.5079e-06 0.0108168 -0.0199413 3.4794e-06 -0.000126023 -0.0199413 0.0984982 
0.0108018 -0.019708 5.54027e-06 5.06806e-06 -0.019708 0.0971943 2.9199e-06 -0.000109172 5.54027e-06 2.9199e-06 0.0108129 -0.0199171 5.06806e-06 -0.000109172 -0.0199171 0.0984259 
0.0108084 -0.0197164 -3.75234e-06 2.46796e-05 -0.0197164 0.0972478 2.68322e-05 -0.000146548 -3.75234e-06 2.68322e-05 0.0108093 -0.0199265 2.46796e-05 -0.000146548 -0.0199265 0.0984483 
0.0107995 -0.0197135 -2.2176e-05 3.80124e-05 -0.0197135 0.0972263 4.28874e-05 -0.000194305 -2.2176e-05 4.28874e-05 0.0108033 -0.0199129 3.80124e-05 -0.000194305 -0.0199129 0.0984093 
0.0107903 -0.019701 -3.37495e-05 6.13881e-05 -0.019701 0.0971886 6.85758e-05 -0.000253084 -3.37495e-05 6.85758e-05 0.0107958 -0.019901 6.13881e-05 -0.000253084 -0.019901 0.0983621 
0.0107875 -0.0196689 -2.77446e-05 7.81391e-05 -0.0196689 0.0970486 8.51616e-05 -0.000309617 -2.77446e-05 8.51616e-05 0.0107635 -0.0198699 7.81391e-05 -0.000309617 -0.0198699 0.098221 
0.010782 -0.0196881 -8.87821e-06 7.15915e-05 -0.0196881 0.0970804 7.76701e-05 -0.000322508 -8.87821e-06 7.76701e-05 0.0107578 -0.0198419 7.15915e-05 -0.000322508 -0.0198419 0.0981657 
0.010755 -0.0196602 -6.26203e-06 4.6122e-05 -0.0196602 0.096982 4.83437e-05 -0.000275945 -6.26203e-06 4.83437e-05 0.0107517 -0.0198064 4.6122e-05 -0.000275945 -0.0198064 0.0979957 
0.0107162 -0.0196115 -1.01781e-05 4.06505e-05 -0.0196115 0.0968031 4.16038e-05 -0.000238029 -1.01781e-05 4.16038e-05 0.0107453 -0.0197798 4.06505e-05 -0.000238029 -0.0197798 0.0978206 
0.0106942 -0.0195246 -5.44374e-06 4.30779e-05 -0.0195246 0.0964533 4.58119e-05 -0.000229337 -5.44374e-06 4.58119e-05 0.0107056 -0.019734 4.30779e-05 -0.000229337 -0.019734 0.097541 
0.0107109 -0.0195431 -3.04848e-06 3.81436e-05 -0.0195431 0.0964801 4.08188e-05 -0.000221148 -3.04848e-06 4.08188e-05 0.0106945 -0.0197352 3.81436e-05 -0.000221148 -0.0197352 0.0975796 
0.0107159 -0.0195673 3.09975e-06 3.38843e-05 -0.0195673 0.0965417 3.4001e-05 -0.000205027 3.09975e-06 3.4001e-05 0.0106908 -0.0197191 3.38843e-05 -0.000205027 -0.0197191 0.0975639 
0.0107197 -0.0195619 1.47413e-05 2.65102e-05 -0.0195619 0.0965127 2.55814e-05 -0.000185217 1.47413e-05 2.55814e-05 0.010673 -0.0196917 2.65102e-05 -0.000185217 -0.0196917 0.0974451 
0.0107161 -0.0195423 1.9513e-05 1.40389e-05 -0.0195423 0.0963769 1.09823e-05 -0.000154823 1.9513e-05 1.09823e-05 0.0106428 -0.0196412 1.40389e-05 -0.000154823 -0.0196412 0.0972212 
0.0107452 -0.0195776 2.92257e-05 7.94137e-06 -0.0195776 0.0965003 3.98056e-06 -0.000130162 2.92257e-05 3.98056e-06 0.0106358 -0.0196431 7.94137e-06 -0.000130162 -0.0196431 0.0972542 
0.0107875 -0.0196543 1.6089e-05 -5.6225e-06 -0.0196543 0.0968107 -1.05311e-05 -9.69332e-05 1.6089e-05 -1.05311e-05 0.0106472 -0.0196762 -5.6225e-06 -9.69332e-05 -0.0196762 0.0974611 
0.01079 -0.0196949 -9.55908e-06 8.57343e-06 -0.0196949 0.0969658 1.98255e-06 -9.80854e-05 -9.55908e-06 1.98255e-06 0.0106562 -0.019671 8.57343e-06 -9.80854e-05 -0.019671 0.0974927 
0.0108017 -0.019698 -3.20182e-05 4.04751e-05 -0.019698 0.0970454 3.42323e-05 -0.000152252 -3.20182e-05 3.42323e-05 0.0106573 -0.0196871 4.04751e-05 -0.000152252 -0.0196871 0.0975446 
0.0107702 -0.0196774 -3.16259e-05 7.01107e-05 -0.0196774 0.0969379 6.25399e-05 -0.000224894 -3.16259e-05 6.25399e-05 0.0106745 -0.0196633 7.01107e-05 -0.000224894 -0.0196633 0.0974443 
0.0107202 -0.0196191 -2.662e-05 7.05498e-05 -0.0196191 0.0967342 6.28496e-05 -0.00025573 -2.662e-05 6.28496e-05 0.010703 -0.0196658 7.05498e-05 -0.00025573 -0.0196658 0.0973381 
0.010719 -0.0196013 -8.15488e-06 6.09285e-05 -0.0196013 0.0967616 5.27223e-05 -0.000241574 -8.15488e-06 5.27223e-05 0.0107443 -0.0197522 6.09285e-05 -0.000241574 -0.0197522 0.0975912 
0.0107364 -0.0196098 1.10709e-05 3.69587e-05 -0.0196098 0.0968337 2.8279e-05 -0.000192394 1.10709e-05 2.8279e-05 0.0107673 -0.0198272 3.69587e-05 -0.000192394 -0.0198272 0.0978883 
0.0107446 -0.0196049 1.71933e-05 8.58972e-06 -0.0196049 0.0967822 4.09334e-06 -0.000124216 1.71933e-05 4.09334e-06 0.0107682 -0.0198364 8.58972e-06 -0.000124216 -0.0198364 0.097954 
0.0107544 -0.019617 2.7726e-05 -3.46767e-06 -0.019617 0.0967945 -2.28746e-06 -7.83572e-05 2.7726e-05 -2.28746e-06 0.0107751 -0.0198442 -3.46767e-06 -7.83572e-05 -0.0198442 0.0980053 
0.0108193 -0.0197134 2.34426e-05 -1.64901e-05 -0.0197134 0.0972389 -1.26513e-05 -4.70827e-05 2.34426e-05 -1.26513e-05 0.0108082 -0.0199426 -1.64901e-05 -4.70827e-05 -0.0199426 0.0984767 
0.010838 -0.0197959 7.75878e-06 -9.66752e-06 -0.0197959 0.0975778 -5.34769e-06 -4.72423e-05 7.75878e-06 -5.34769e-06 0.0108505 -0.0199866 -9.66752e-06 -4.72423e-05 -0.0199866 0.0987733 
0.0108327 -0.0197827 -6.45839e-06 1.42637e-05 -0.0197827 0.0975898 1.72756e-05 -9.33304e-05 -6.45839e-06 1.72756e-05 0.0108605 -0.0199959 1.42637e-05 -9.33304e-05 -0.0199959 0.0987846 
0.0108664 -0.0198123 -1.49526e-05 3.8382e-05 -0.0198123 0.0977619 4.11292e-05 -0.000162052 -1.49526e-05 4.11292e-05 0.0108747 -0.0200469 3.8382e-05 -0.000162052 -0.0200469 0.0990061 
0.0108822 -0.019806 -9.50568e-06 5.54787e-05 -0.019806 0.0976782 5.76628e-05 -0.000226753 -9.50568e-06 5.76628e-05 0.0108534 -0.0200201 5.54787e-05 -0.000226753 -0.0200201 0.0989159 
0.0108944 -0.0198442 -1.5322e-05 5.04304e-05 -0.0198442 0.0977699 5.44611e-05 -0.000250893 -1.5322e-05 5.44611e-05 0.0108562 -0.020017 5.04304e-05 -0.000250893 -0.020017 0.0989398 
0.010903 -0.0198845 -1.37904e-05 5.57596e-05 -0.0198845 0.0979598 6.04648e-05 -0.000264684 -1.37904e-05 6.04648e-05 0.010879 -0.0200472 5.57596e-05 -0.000264684 -0.0200472 0.0990853 
0.0109047 -0.0199177 -1.55501e-05 5.33938e-05 -0.0199177 0.0981722 5.73498e-05 -0.000267115 -1.55501e-05 5.73498e-05 0.0109085 -0.0200994 5.33938e-05 -0.000267115 -0.0200994 0.0993201 
0.0108813 -0.0198796 -9.98197e-06 5.02446e-05 -0.0198796 0.0980779 5.41991e-05 -0.00025482 -9.98197e-06 5.41991e-05 0.0109159 -0.0200982 5.02446e-05 -0.00025482 -0.0200982 0.099303 
0.0108683 -0.0198075 -3.03457e-06 3.88799e-05 -0.0198075 0.0977841 4.16656e-05 -0.000223748 -3.03457e-06 4.16656e-05 0.0108912 -0.0200675 3.88799e-05 -0.000223748 -0.0200675 0.0991117 
0.0108629 -0.0197896 8.48543e-06 2.7645e-05 -0.0197896 0.0976222 2.89842e-05 -0.000183878 8.48543e-06 2.89842e-05 0.0108781 -0.0200362 2.7645e-05 -0.000183878 -0.0200362 0.098975 
0.0108532 -0.0197987 1.22948e-05 1.40404e-05 -0.0197987 0.0976141 1.41236e-05 -0.000143665 1.22948e-05 1.41236e-05 0.0108876 -0.0200309 1.40404e-05 -0.000143665 -0.0200309 0.0989382 
0.010858 -0.0198031 9.63981e-06 9.76995e-06 -0.0198031 0.0976673 8.47802e-06 -0.000118312 9.63981e-06 8.47802e-06 0.0108946 -0.0200587 9.76995e-06 -0.000118312 -0.0200587 0.0990134 
0.0108355 -0.0197671 1.05943e-05 1.60844e-05 -0.0197671 0.0974916 1.455e-05 -0.000122966 1.05943e-05 1.455e-05 0.0108833 -0.0200296 1.60844e-05 -0.000122966 -0.0200296 0.0988698 
0.0108569 -0.0198042 1.16383e-05 1.69885e-05 -0.0198042 0.097685 1.59777e-05 -0.00013375 1.16383e-05 1.59777e-05 0.0108974 -0.0200797 1.69885e-05 -0.00013375 -0.0200797 0.0990969 
0.0108879 -0.0198675 1.71183e-05 1.45767e-05 -0.0198675 0.097993 1.20897e-05 -0.00013193 1.71183e-05 1.20897e-05 0.0109266 -0.0201298 1.45767e-05 -0.00013193 -0.0201298 0.0993939 
0.0109107 -0.0198998 1.23759e-05 8.28453e-06 -0.0198998 0.0981654 4.22223e-06 -0.000118818 1.23759e-05 4.22223e-06 0.0109419 -0.0201548 8.28453e-06 -0.000118818 -0.0201548 0.0995375 
0.0109444 -0.0199286 5.27069e-06 1.41911e-05 -0.0199286 0.0982929 1.11062e-05 -0.000121878 5.27069e-06 1.11062e-05 0.0109299 -0.0201708 1.41911e-05 -0.000121878 -0.0201708 0.0996283 
0.0109458 -0.0199889 -6.84037e-07 2.28289e-05 -0.0199889 0.0985081 2.41762e-05 -0.000145435 -6.84037e-07 2.41762e-05 0.0109467 -0.0201718 2.28289e-05 -0.000145435 -0.0201718 0.0997314 
0.0109257 -0.0199554 -1.37222e-06 3.31605e-05 -0.0199554 0.0984368 3.63392e-05 -0.00017928 -1.37222e-06 3.63392e-05 0.0109447 -0.0201506 3.31605e-05 -0.00017928 -0.0201506 0.099614 
0.0109008 -0.0199077 -2.30988e-06 3.43788e-05 -0.0199077 0.0982602 3.71235e-05 -0.00019674 -2.30988e-06 3.71235e-05 0.0109404 -0.0201324 3.43788e-05 -0.00019674 -0.0201324 0.0994833 
0.0108784 -0.0198612 1.46151e-06 3.64789e-05 -0.0198612 0.0980619 3.56893e-05 -0.000200949 1.46151e-06 3.56893e-05 0.0109469 -0.0201184 3.64789e-05 -0.000200949 -0.0201184 0.0993667 
0.0108656 -0.0197822 4.1445e-06 3.42682e-05 -0.0197822 0.0976796 2.66167e-05 -0.000191951 4.1445e-06 2.66167e-05 0.0109095 -0.0200795 3.42682e-05 -0.000191951 -0.0200795 0.0990877 
0.0108775 -0.0197944 7.60118e-06 3.07173e-05 -0.0197944 0.0976168 1.91336e-05 -0.000176427 7.60118e-06 1.91336e-05 0.0108995 -0.0200674 3.07173e-05 -0.000176427 -0.0200674 0.0990423 
0.0109 -0.0198595 1.01691e-05 2.42777e-05 -0.0198595 0.0978552 1.41163e-05 -0.000158282 1.01691e-05 1.41163e-05 0.0109224 -0.0201043 2.42777e-05 -0.000158282 -0.0201043 0.0992339 
0.0108997 -0.0198929 1.09628e-05 1.65848e-05 -0.0198929 0.0980273 1.27034e-05 -0.000140979 1.09628e-05 1.27034e-05 0.0109549 -0.0201358 1.65848e-05 -0.000140979 -0.0201358 0.0993773 
0.0109018 -0.0199107 -5.62814e-06 1.09307e-05 -0.0199107 0.0981883 1.47498e-05 -0.000129474 -5.62814e-06 1.47498e-05 0.0109919 -0.0201954 1.09307e-05 -0.000129474 -0.0201954 0.0996002 
0.010914 -0.019925 -1.39737e-05 2.96111e-05 -0.019925 0.0983218 3.85724e-05 -0.000158728 -1.39737e-05 3.85724e-05 0.0110189 -0.0202563 2.96111e-05 -0.000158728 -0.0202563 0.0998468 
0.0109154 -0.0199117 -1.35451e-05 4.30835e-05 -0.0199117 0.098279 5.04608e-05 -0.000197373 -1.35451e-05 5.04608e-05 0.0110184 -0.0202692 4.30835e-05 -0.000197373 -0.0202692 0.0999025 
0.0109306 -0.0199025 -1.19392e-05 4.59771e-05 -0.0199025 0.0982195 4.73371e-05 -0.000212949 -1.19392e-05 4.73371e-05 0.0109893 -0.0202651 4.59771e-05 -0.000212949 -0.0202651 0.0998986 
0.0109585 -0.0199467 -2.05492e-05 4.73511e-05 -0.0199467 0.0983566 4.0921e-05 -0.000212134 -2.05492e-05 4.0921e-05 0.0109771 -0.0202621 4.73511e-05 -0.000212134 -0.0202621 0.0999946 
0.0109635 -0.0199777 -2.09403e-05 5.98741e-05 -0.0199777 0.098459 4.80096e-05 -0.000224696 -2.09403e-05 4.80096e-05 0.0109774 -0.0202398 5.98741e-05 -0.000224696 -0.0202398 0.0999839 
0.010946 -0.0199514 -2.51669e-05 6.1666e-05 -0.0199514 0.0983521 4.94858e-05 -0.000235358 -2.51669e-05 4.94858e-05 0.0109587 -0.0202011 6.1666e-05 -0.000235358 -0.0202011 0.0998006 
0.0108807 -0.0198123 -2.36673e-05 6.21706e-05 -0.0198123 0.0976793 5.46022e-05 -0.000239677 -2.36673e-05 5.46022e-05 0.01088 -0.0200501 6.21706e-05 -0.000239677 -0.0200501 0.0990688 
0.0108414 -0.0197607 -1.96172e-05 5.66319e-05 -0.0197607 0.0973804 5.21819e-05 -0.00023192 -1.96172e-05 5.21819e-05 0.0108474 -0.0199749 5.66319e-05 -0.00023192 -0.0199749 0.0987003 
0.0108424 -0.0197434 -1.57384e-05 4.73931e-05 -0.0197434 0.0973138 4.28363e-05 -0.00020743 -1.57384e-05 4.28363e-05 0.0108286 -0.0199625 4.73931e-05 -0.00020743 -0.0199625 0.0986024 
0.0108897 -0.0197966 -8.47312e-06 3.88566e-05 -0.0197966 0.0975325 3.44877e-05 -0.0001763 -8.47312e-06 3.44877e-05 0.0108189 -0.0199915 3.88566e-05 -0.0001763 -0.0199915 0.0987779 
0.0109459 -0.0198992 4.78098e-06 2.76233e-05 -0.0198992 0.097937 2.41342e-05 -0.000143492 4.78098e-06 2.41342e-05 0.0108269 -0.0200199 2.76233e-05 -0.000143492 -0.0200199 0.0990405 
0.0109771 -0.0199574 1.93186e-05 1.11057e-05 -0.0199574 0.0981735 8.16827e-06 -0.000102383 1.93186e-05 8.16827e-06 0.0108302 -0.0200114 1.11057e-05 -0.000102383 -0.0200114 0.0990908 
0.010969 -0.0200067 1.57273e-05 -8.04988e-06 -0.0200067 0.0983923 -7.90438e-06 -5.69891e-05 1.57273e-05 -7.90438e-06 0.0108745 -0.0200246 -8.04988e-06 -5.69891e-05 -0.0200246 0.0991758 
0.0109767 -0.0200361 -2.43788e-06 -5.52851e-06 -0.0200361 0.0986697 -4.20257e-06 -4.01644e-05 -2.43788e-06 -4.20257e-06 0.0109326 -0.0201213 -5.52851e-06 -4.01644e-05 -0.0201213 0.0995117 
0.0109312 -0.0199651 -3.62415e-05 1.9632e-05 -0.0199651 0.098416 1.69502e-05 -7.44381e-05 -3.62415e-05 1.69502e-05 0.0109387 -0.0201175 1.9632e-05 -7.44381e-05 -0.0201175 0.0994123 
0.0108978 -0.0198767 -2.60121e-05 6.58911e-05 -0.0198767 0.0980587 5.82242e-05 -0.000163662 -2.60121e-05 5.82242e-05 0.0109109 -0.0200946 6.58911e-05 -0.000163662 -0.0200946 0.0992255 
0.0109057 -0.0198597 1.30034e-05 5.31852e-05 -0.0198597 0.0979611 4.48387e-05 -0.000184265 1.30034e-05 4.48387e-05 0.0108928 -0.020092 5.31852e-05 -0.000184265 -0.020092 0.0992288 
0.0109112 -0.0198457 2.42602e-05 -1.5629e-06 -0.0198457 0.097828 -8.08905e-06 -9.03245e-05 2.42602e-05 -8.08905e-06 0.0108613 -0.0200532 -1.5629e-06 -9.03245e-05 -0.0200532 0.0990986 
0.0109006 -0.0198731 2.46306e-05 -2.01888e-05 -0.0198731 0.0978819 -2.86617e-05 -3.50298e-06 2.46306e-05 -2.86617e-05 0.0108718 -0.0200361 -2.01888e-05 -3.50298e-06 -0.0200361 0.0990806 
0.0108804 -0.0198507 1.25572e-05 -1.79203e-05 -0.0198507 0.0978312 -2.7563e-05 2.19567e-05 1.25572e-05 -2.7563e-05 0.0108769 -0.0200307 -1.79203e-05 2.19567e-05 -0.0200307 0.0990118 
0.0108332 -0.0197906 3.77749e-06 -3.3787e-06 -0.0197906 0.0975857 -9.57047e-06 5.91592e-07 3.77749e-06 -9.57047e-06 0.0108758 -0.0199984 -3.3787e-06 5.91592e-07 -0.0199984 0.0988094 
0.0108194 -0.0197807 -8.74571e-06 8.12999e-06 -0.0197807 0.0976169 4.82058e-06 -3.39065e-05 -8.74571e-06 4.82058e-06 0.010898 -0.0200431 8.12999e-06 -3.39065e-05 -0.0200431 0.0989427 
0.0108226 -0.0197643 -1.58347e-05 2.22348e-05 -0.0197643 0.0976088 2.29842e-05 -7.38204e-05 -1.58347e-05 2.29842e-05 0.0108971 -0.020071 2.22348e-05 -7.38204e-05 -0.020071 0.099048 
0.0108511 -0.0197443 -2.36668e-05 3.02644e-05 -0.0197443 0.0975043 3.28002e-05 -0.000104816 -2.36668e-05 3.28002e-05 0.0108519 -0.0200516 3.02644e-05 -0.000104816 -0.0200516 0.0989948 
0.0108646 -0.0197625 -1.91311e-05 3.95658e-05 -0.0197625 0.0974307 4.19109e-05 -0.000129927 -1.91311e-05 4.19109e-05 0.0108156 -0.019975 3.95658e-05 -0.000129927 -0.019975 0.0987807 
0.0108543 -0.0197791 -6.9533e-06 3.45365e-05 -0.0197791 0.097418 4.01851e-05 -0.000137178 -6.9533e-06 4.01851e-05 0.0107978 -0.019918 3.45365e-05 -0.000137178 -0.019918 0.0985616 
0.0108205 -0.0197304 -1.23965e-06 1.67484e-05 -0.0197304 0.097197 2.87039e-05 -0.000116933 -1.23965e-06 2.87039e-05 0.0107677 -0.0198484 1.67484e-05 -0.000116933 -0.0198484 0.0982074 
0.0108133 -0.0197204 6.06054e-06 8.06675e-06 -0.0197204 0.0971719 2.27093e-05 -9.51586e-05 6.06054e-06 2.27093e-05 0.0107572 -0.0198383 8.06675e-06 -9.51586e-05 -0.0198383 0.0981313 
0.0108228 -0.019745 8.50703e-06 2.11615e-06 -0.019745 0.0973076 1.53115e-05 -8.11695e-05 8.50703e-06 1.53115e-05 0.0107719 -0.0198604 2.11615e-06 -8.11695e-05 -0.0198604 0.0982463 
0.0108432 -0.0197668 6.24882e-06 4.56774e-06 -0.0197668 0.0974384 1.3658e-05 -8.18138e-05 6.24882e-06 1.3658e-05 0.0107848 -0.0198887 4.56774e-06 -8.18138e-05 -0.0198887 0.0983773 
0.0108424 -0.0197323 1.33131e-05 1.11672e-05 -0.0197323 0.0972477 1.74396e-05 -9.54333e-05 1.33131e-05 1.74396e-05 0.0107488 -0.0198497 1.11672e-05 -9.54333e-05 -0.0198497 0.098186 
0.0108722 -0.0198023 9.37594e-06 7.23371e-06 -0.0198023 0.0975099 1.01254e-05 -9.85786e-05 9.37594e-06 1.01254e-05 0.0107596 -0.0198783 7.23371e-06 -9.85786e-05 -0.0198783 0.0983863 
0.0108653 -0.019813 4.49892e-06 9.87895e-06 -0.019813 0.0975598 1.31538e-05 -0.000100343 4.49892e-06 1.31538e-05 0.0107668 -0.0198631 9.87895e-06 -0.000100343 -0.0198631 0.098357 
0.0108361 -0.0197894 2.56236e-06 1.5669e-05 -0.0197894 0.0974937 2.08616e-05 -0.000114739 2.56236e-06 2.08616e-05 0.0107957 -0.0198592 1.5669e-05 -0.000114739 -0.0198592 0.0982941 
0.0108547 -0.0198003 7.84275e-06 1.74381e-05 -0.0198003 0.0976373 2.44085e-05 -0.000127657 7.84275e-06 2.44085e-05 0.0108292 -0.0199442 1.74381e-05 -0.000127657 -0.0199442 0.0985686 
0.0108756 -0.0198207 8.56691e-06 1.18929e-05 -0.0198207 0.0977316 1.73405e-05 -0.000122467 8.56691e-06 1.73405e-05 0.0108486 -0.0199901 1.18929e-05 -0.000122467 -0.0199901 0.0987782 
0.0108781 -0.0198473 1.07949e-05 1.13968e-05 -0.0198473 0.0978243 1.27931e-05 -0.000112991 1.07949e-05 1.27931e-05 0.0108706 -0.020015 1.13968e-05 -0.000112991 -0.020015 0.0989097 
0.0108712 -0.0198623 9.12662e-06 1.03458e-05 -0.0198623 0.0979335 1.02303e-05 -0.000107684 9.12662e-06 1.02303e-05 0.0109012 -0.0200535 1.03458e-05 -0.000107684 -0.0200535 0.0990627 
0.01086 -0.0198153 -1.14852e-06 1.3031e-05 -0.0198153 0.0977803 1.53422e-05 -0.000114777 -1.14852e-06 1.53422e-05 0.0109027 -0.0200529 1.3031e-05 -0.000114777 -0.0200529 0.0990034 
0.010854 -0.0198089 -7.93737e-06 2.72101e-05 -0.0198089 0.0977348 3.19917e-05 -0.000146556 -7.93737e-06 3.19917e-05 0.0109134 -0.0200723 2.72101e-05 -0.000146556 -0.0200723 0.0990554 
0.0108726 -0.0198534 -1.42595e-05 3.72969e-05 -0.0198534 0.0979654 4.26487e-05 -0.000182071 -1.42595e-05 4.26487e-05 0.0109477 -0.0201439 3.72969e-05 -0.000182071 -0.0201439 0.0993764 
