0.00614435 0 -2.06857e-05 0 0 0.00874665 0 0 -2.06857e-05 0 0.00618184 0 0 0 0 0.00874665 
0.00938936 -0.011654 -1.14572e-05 1.10786e-05 -0.011654 0.0309989 1.10786e-05 -2.08318e-05 -1.14572e-05 1.10786e-05 0.00944654 -0.0117251 1.10786e-05 -2.08318e-05 -0.0117251 0.0311346 
0.00970131 -0.018028 2.91429e-05 -9.64437e-05 -0.018028 0.0665042 -9.64437e-05 0.000340017 2.91429e-05 -9.64437e-05 0.00970512 -0.0181255 -9.64437e-05 0.000340017 -0.0181255 0.0668178 
0.00916474 -0.0176724 3.32372e-05 -0.000224575 -0.0176724 0.079227 -0.000223526 0.00108864 3.32372e-05 -0.000223526 0.00913939 -0.0176898 -0.000224575 0.00108864 -0.0176898 0.0794306 
0.00889535 -0.016633 5.64453e-06 -0.000199048 -0.016633 0.080213 -0.000198393 0.00128953 5.64453e-06 -0.000198393 0.00886103 -0.0166041 -0.000199048 0.00128953 -0.0166041 0.0802388 
0.0087112 -0.0160204 -1.67349e-05 -0.000113453 -0.0160204 0.0786637 -0.000116035 0.00098989 -1.67349e-05 -0.000116035 0.00867459 -0.0159801 -0.000113453 0.00098989 -0.0159801 0.0786063 
0.00844694 -0.0154949 -2.30578e-05 -6.00746e-05 -0.0154949 0.076338 -6.37771e-05 0.000660195 -2.30578e-05 -6.37771e-05 0.00843681 -0.0154512 -6.00746e-05 0.000660195 -0.0154512 0.0762477 
0.00820008 -0.0150131 -1.41223e-05 -4.64252e-05 -0.0150131 0.0741056 -4.7038e-05 0.000475883 -1.41223e-05 -4.7038e-05 0.00819477 -0.0150077 -4.64252e-05 0.000475883 -0.0150077 0.0740728 
0.00962607 -0.0175839 -9.32142e-06 -7.3082e-05 -0.0175839 0.0868243 -6.8467e-05 0.000510702 -9.32142e-06 -6.8467e-05 0.00959379 -0.0175917 -7.3082e-05 0.000510702 -0.0175917 0.0868549 
0.0094811 -0.0173195 -5.37735e-06 -8.84517e-05 -0.0173195 0.085434 -8.348e-05 0.000527178 -5.37735e-06 -8.348e-05 0.00943081 -0.0172947 -8.84517e-05 0.000527178 -0.0172947 0.0854392 
0.00941424 -0.0172112 -4.57592e-06 -9.50533e-05 -0.0172112 0.0848432 -9.43239e-05 0.000559106 -4.57592e-06 -9.43239e-05 0.00936064 -0.0171579 -9.50533e-05 0.000559106 -0.0171579 0.0847755 
0.00936503 -0.0171609 -8.85905e-06 -9.31037e-05 -0.0171609 0.0845795 -9.7019e-05 0.000574154 -8.85905e-06 -9.7019e-05 0.00933751 -0.0170973 -9.31037e-05 0.000574154 -0.0170973 0.0844569 
0.00935761 -0.0171469 -3.68297e-06 -8.45847e-05 -0.0171469 0.0845827 -8.98411e-05 0.000564368 -3.68297e-06 -8.98411e-05 0.00933729 -0.0171163 -8.45847e-05 0.000564368 -0.0171163 0.0844925 
0.009343 -0.0171303 6.11468e-06 -8.80355e-05 -0.0171303 0.0845279 -9.18413e-05 0.000556328 6.11468e-06 -9.18413e-05 0.00933736 -0.0171118 -8.80355e-05 0.000556328 -0.0171118 0.0844821 
0.00931383 -0.0171065 1.33415e-05 -9.94082e-05 -0.0171065 0.0844462 -0.000101266 0.00056691 1.33415e-05 -0.000101266 0.00934673 -0.0171053 -9.94082e-05 0.00056691 -0.0171053 0.0844404 
0.00930853 -0.0170822 1.21795e-05 -0.000107498 -0.0170822 0.0844077 -0.000109024 0.00058309 1.21795e-05 -0.000109024 0.00934805 -0.017126 -0.000107498 0.00058309 -0.017126 0.0844843 
0.00929797 -0.0170567 9.06983e-06 -0.000105214 -0.0170567 0.0842877 -0.000108062 0.000584856 9.06983e-06 -0.000108062 0.00933694 -0.017109 -0.000105214 0.000584856 -0.017109 0.0844157 
0.00930647 -0.0170497 4.8092e-06 -9.86922e-05 -0.0170497 0.0842384 -0.000103484 0.000572215 4.8092e-06 -0.000103484 0.00931373 -0.0170938 -9.86922e-05 0.000572215 -0.0170938 0.084358 
0.00927317 -0.0169904 -5.63424e-06 -9.11839e-05 -0.0169904 0.0838891 -9.83278e-05 0.00055277 -5.63424e-06 -9.83278e-05 0.00926264 -0.0169938 -9.11839e-05 0.00055277 -0.0169938 0.0839334 
0.00923054 -0.0169329 -1.15387e-05 -7.59386e-05 -0.0169329 0.0835791 -8.46949e-05 0.000519645 -1.15387e-05 -8.46949e-05 0.00922758 -0.016909 -7.59386e-05 0.000519645 -0.016909 0.0835346 
0.00921223 -0.0168927 -2.31805e-05 -6.81307e-05 -0.0168927 0.0834065 -7.41394e-05 0.000487739 -2.31805e-05 -7.41394e-05 0.00920295 -0.0168754 -6.81307e-05 0.000487739 -0.0168754 0.0833329 
0.00921594 -0.0168784 -2.04345e-05 -5.48786e-05 -0.0168784 0.0833312 -5.64178e-05 0.000449999 -2.04345e-05 -5.64178e-05 0.0091775 -0.0168591 -5.48786e-05 0.000449999 -0.0168591 0.083255 
0.00921454 -0.0168994 -2.54637e-06 -5.82455e-05 -0.0168994 0.083386 -5.62568e-05 0.000432509 -2.54637e-06 -5.62568e-05 0.00917235 -0.016848 -5.82455e-05 0.000432509 -0.016848 0.0832646 
0.00919007 -0.0168821 4.34235e-06 -7.74588e-05 -0.0168821 0.0833267 -7.53278e-05 0.00045357 4.34235e-06 -7.53278e-05 0.00917236 -0.0168208 -7.74588e-05 0.00045357 -0.0168208 0.0831597 
0.00915735 -0.0168325 -3.10263e-06 -8.63213e-05 -0.0168325 0.0831569 -8.75127e-05 0.000484137 -3.10263e-06 -8.75127e-05 0.0091745 -0.0168043 -8.63213e-05 0.000484137 -0.0168043 0.0830288 
0.00911028 -0.0167845 -1.87558e-05 -7.57738e-05 -0.0167845 0.0829775 -7.81488e-05 0.000479018 -1.87558e-05 -7.81488e-05 0.0091849 -0.0168006 -7.57738e-05 0.000479018 -0.0168006 0.0829456 
0.00909418 -0.0167551 -1.86524e-05 -5.33579e-05 -0.0167551 0.0829512 -5.25794e-05 0.000429297 -1.86524e-05 -5.25794e-05 0.00920951 -0.0168462 -5.33579e-05 0.000429297 -0.0168462 0.0830833 
0.00908945 -0.0167227 -2.28094e-05 -5.12692e-05 -0.0167227 0.0828528 -4.84096e-05 0.000394425 -2.28094e-05 -4.84096e-05 0.00921002 -0.0168698 -5.12692e-05 0.000394425 -0.0168698 0.0831535 
0.00909464 -0.0166758 -1.61949e-05 -4.66024e-05 -0.0166758 0.0826106 -4.42846e-05 0.000376645 -1.61949e-05 -4.42846e-05 0.0091689 -0.016837 -4.66024e-05 0.000376645 -0.016837 0.0830095 
0.00906978 -0.0166468 -1.86604e-07 -5.4938e-05 -0.0166468 0.0823349 -5.49553e-05 0.000385078 -1.86604e-07 -5.49553e-05 0.00913525 -0.0167472 -5.4938e-05 0.000385078 -0.0167472 0.0826683 
0.00907774 -0.0166676 1.86374e-05 -7.54233e-05 -0.0166676 0.0824077 -7.69183e-05 0.000427371 1.86374e-05 -7.69183e-05 0.00912928 -0.0167481 -7.54233e-05 0.000427371 -0.0167481 0.0826583 
0.00908583 -0.0166711 3.36026e-05 -0.00010337 -0.0166711 0.0824155 -0.000100977 0.000490196 3.36026e-05 -0.000100977 0.00911293 -0.0167321 -0.00010337 0.000490196 -0.0167321 0.0826021 
0.00909732 -0.0167051 2.95306e-05 -0.00012552 -0.0167051 0.0825441 -0.000118527 0.000551274 2.95306e-05 -0.000118527 0.0091154 -0.0167323 -0.00012552 0.000551274 -0.0167323 0.0826488 
0.00909668 -0.016708 1.73268e-05 -0.00011869 -0.016708 0.0825695 -0.000111587 0.000562989 1.73268e-05 -0.000111587 0.0091186 -0.0167236 -0.00011869 0.000562989 -0.0167236 0.0826169 
0.00910299 -0.0167069 2.17397e-06 -9.98847e-05 -0.0167069 0.0825788 -9.42482e-05 0.000529489 2.17397e-06 -9.42482e-05 0.00911778 -0.01673 -9.98847e-05 0.000529489 -0.01673 0.0826217 
0.00910664 -0.0166957 5.87547e-07 -7.55467e-05 -0.0166957 0.0825028 -7.56487e-05 0.000474848 5.87547e-07 -7.56487e-05 0.00910278 -0.0167146 -7.55467e-05 0.000474848 -0.0167146 0.0825489 
0.00909328 -0.0166884 5.54786e-06 -6.94834e-05 -0.0166884 0.0824111 -7.64975e-05 0.000445797 5.54786e-06 -7.64975e-05 0.00908368 -0.0166799 -6.94834e-05 0.000445797 -0.0166799 0.0824103 
0.00908659 -0.0167058 9.22412e-06 -7.36753e-05 -0.0167058 0.0825034 -8.36339e-05 0.000446188 9.22412e-06 -8.36339e-05 0.00909072 -0.0166831 -7.36753e-05 0.000446188 -0.0166831 0.0824454 
0.00908282 -0.0167134 1.6632e-05 -7.63127e-05 -0.0167134 0.0826128 -8.72608e-05 0.000452075 1.6632e-05 -8.72608e-05 0.00910863 -0.0167091 -7.63127e-05 0.000452075 -0.0167091 0.0825607 
0.00906142 -0.0166557 9.66939e-06 -8.41428e-05 -0.0166557 0.0823986 -9.3383e-05 0.00046115 9.66939e-06 -9.3383e-05 0.00909556 -0.0166847 -8.41428e-05 0.00046115 -0.0166847 0.0824169 
0.00905849 -0.0166329 -1.18015e-05 -7.90591e-05 -0.0166329 0.0822862 -8.40613e-05 0.000455648 -1.18015e-05 -8.40613e-05 0.00908711 -0.0166784 -7.90591e-05 0.000455648 -0.0166784 0.0823709 
0.00904743 -0.0166473 -2.71258e-05 -5.63628e-05 -0.0166473 0.0823222 -5.74466e-05 0.000414171 -2.71258e-05 -5.74466e-05 0.00910394 -0.0166867 -5.63628e-05 0.000414171 -0.0166867 0.0824236 
0.00906037 -0.0166505 -2.62453e-05 -3.71963e-05 -0.0166505 0.082394 -3.63508e-05 0.000360255 -2.62453e-05 -3.63508e-05 0.00911014 -0.0167153 -3.71963e-05 0.000360255 -0.0167153 0.0825246 
0.00908572 -0.0166651 -1.73748e-05 -3.77853e-05 -0.0166651 0.0824403 -3.70626e-05 0.000338995 -1.73748e-05 -3.70626e-05 0.00909795 -0.01672 -3.77853e-05 0.000338995 -0.01672 0.0825702 
0.00910929 -0.0166901 -1.31467e-05 -5.09934e-05 -0.0166901 0.0824797 -5.05621e-05 0.000358062 -1.31467e-05 -5.05621e-05 0.00907885 -0.0166941 -5.09934e-05 0.000358062 -0.0166941 0.0825175 
0.00911706 -0.0167119 -3.26036e-06 -5.80103e-05 -0.0167119 0.0824968 -5.85186e-05 0.000384074 -3.26036e-06 -5.85186e-05 0.00905948 -0.0166518 -5.80103e-05 0.000384074 -0.0166518 0.0823723 
0.00910671 -0.0167463 -3.59675e-06 -6.82226e-05 -0.0167463 0.0826237 -7.06518e-05 0.000410836 -3.59675e-06 -7.06518e-05 0.00907604 -0.0166375 -6.82226e-05 0.000410836 -0.0166375 0.0823323 
0.00908999 -0.0167407 -3.42861e-06 -6.67759e-05 -0.0167407 0.0826846 -7.11987e-05 0.000421842 -3.42861e-06 -7.11987e-05 0.00909327 -0.0166569 -6.67759e-05 0.000421842 -0.0166569 0.0823504 
0.00908919 -0.0167598 -4.04457e-06 -6.50278e-05 -0.0167598 0.0828837 -7.03905e-05 0.000420323 -4.04457e-06 -7.03905e-05 0.00913386 -0.0167282 -6.50278e-05 0.000420323 -0.0167282 0.0826353 
0.00906741 -0.0167088 -1.01326e-05 -6.27386e-05 -0.0167088 0.0827427 -6.5177e-05 0.000408793 -1.01326e-05 -6.5177e-05 0.00913576 -0.0167414 -6.27386e-05 0.000408793 -0.0167414 0.0826525 
0.00905276 -0.0166415 -1.70634e-05 -5.50959e-05 -0.0166415 0.0824516 -5.37068e-05 0.000384709 -1.70634e-05 -5.37068e-05 0.00911334 -0.0167124 -5.50959e-05 0.000384709 -0.0167124 0.0825042 
0.00907096 -0.0166341 -1.68295e-05 -4.60289e-05 -0.0166341 0.0823589 -4.25463e-05 0.000355823 -1.68295e-05 -4.25463e-05 0.0090921 -0.0167029 -4.60289e-05 0.000355823 -0.0167029 0.0824737 
0.00911141 -0.0167046 -1.81051e-05 -4.74772e-05 -0.0167046 0.0825882 -4.17884e-05 0.000344718 -1.81051e-05 -4.17884e-05 0.00909471 -0.0167201 -4.74772e-05 0.000344718 -0.0167201 0.0826331 
0.0091389 -0.0167583 -9.49084e-06 -4.87575e-05 -0.0167583 0.0827844 -4.17693e-05 0.000345697 -9.49084e-06 -4.17693e-05 0.0090932 -0.0167207 -4.87575e-05 0.000345697 -0.0167207 0.0827001 
0.0091403 -0.0167994 -1.3397e-05 -6.00742e-05 -0.0167994 0.0829546 -5.52261e-05 0.000368279 -1.3397e-05 -5.52261e-05 0.0091091 -0.0167214 -6.00742e-05 0.000368279 -0.0167214 0.0827471 
0.0091197 -0.0167787 -9.99987e-06 -5.65072e-05 -0.0167787 0.0829182 -5.51167e-05 0.000381035 -9.99987e-06 -5.51167e-05 0.00912133 -0.016715 -5.65072e-05 0.000381035 -0.016715 0.0826788 
0.00910514 -0.0167604 -5.48e-06 -5.98797e-05 -0.0167604 0.0828977 -5.94441e-05 0.0003903 -5.48e-06 -5.94441e-05 0.0091421 -0.0167426 -5.98797e-05 0.0003903 -0.0167426 0.0827355 
0.00909979 -0.0167128 -3.91964e-06 -6.59925e-05 -0.0167128 0.0827256 -6.6476e-05 0.000405917 -3.91964e-06 -6.6476e-05 0.00912825 -0.0167516 -6.59925e-05 0.000405917 -0.0167516 0.082707 
0.00910882 -0.0167285 -7.36896e-06 -6.89646e-05 -0.0167285 0.0827571 -7.13536e-05 0.000422091 -7.36896e-06 -7.13536e-05 0.00913375 -0.0167667 -6.89646e-05 0.000422091 -0.0167667 0.0828152 
0.00910139 -0.0167359 -4.44088e-06 -6.68842e-05 -0.0167359 0.0827695 -6.9422e-05 0.000428132 -4.44088e-06 -6.9422e-05 0.00915285 -0.0167648 -6.68842e-05 0.000428132 -0.0167648 0.082831 
0.00910671 -0.016718 -7.62431e-07 -7.07786e-05 -0.016718 0.082715 -7.35174e-05 0.00043659 -7.62431e-07 -7.35174e-05 0.0091533 -0.0167753 -7.07786e-05 0.00043659 -0.0167753 0.082813 
0.00912255 -0.0167495 -3.61822e-06 -7.61165e-05 -0.0167495 0.0828195 -7.90872e-05 0.00045159 -3.61822e-06 -7.90872e-05 0.0091676 -0.0168016 -7.61165e-05 0.00045159 -0.0168016 0.0829322 
0.00912838 -0.0167823 -1.85352e-05 -7.26533e-05 -0.0167823 0.0829542 -7.46003e-05 0.000451546 -1.85352e-05 -7.46003e-05 0.00919811 -0.0168247 -7.26533e-05 0.000451546 -0.0168247 0.0830428 
0.00916213 -0.0168167 -2.12917e-05 -5.58287e-05 -0.0168167 0.083151 -5.57944e-05 0.000423952 -2.12917e-05 -5.57944e-05 0.00920411 -0.0168803 -5.58287e-05 0.000423952 -0.0168803 0.0832471 
0.00920977 -0.016874 -8.99142e-06 -5.25214e-05 -0.016874 0.0833789 -5.22282e-05 0.000403399 -8.99142e-06 -5.22282e-05 0.00919259 -0.0169023 -5.25214e-05 0.000403399 -0.0169023 0.0834246 
0.00922082 -0.0169041 1.6885e-05 -6.68523e-05 -0.0169041 0.0834291 -6.88511e-05 0.00042252 1.6885e-05 -6.88511e-05 0.0091698 -0.0168493 -6.68523e-05 0.00042252 -0.0168493 0.0832994 
0.00922263 -0.0169129 3.55439e-05 -9.83688e-05 -0.0169129 0.0834408 -0.000103468 0.000487012 3.55439e-05 -0.000103468 0.00915863 -0.0168054 -9.83688e-05 0.000487012 -0.0168054 0.0831311 
0.00928749 -0.0169922 3.37437e-05 -0.000124519 -0.0169922 0.0838265 -0.000127936 0.000561011 3.37437e-05 -0.000127936 0.00917121 -0.0168685 -0.000124519 0.000561011 -0.0168685 0.0834182 
0.00931436 -0.0170756 2.98461e-05 -0.000125267 -0.0170756 0.0841439 -0.000125654 0.000591847 2.98461e-05 -0.000125654 0.009201 -0.0168907 -0.000125267 0.000591847 -0.0168907 0.0836118 
0.0093022 -0.017068 2.2328e-05 -0.000117641 -0.017068 0.0841372 -0.000119237 0.000585029 2.2328e-05 -0.000119237 0.00921293 -0.0168806 -0.000117641 0.000585029 -0.0168806 0.0835357 
0.00931636 -0.0171135 1.51817e-05 -0.000107161 -0.0171135 0.0844091 -0.00011088 0.000566729 1.51817e-05 -0.00011088 0.00926867 -0.0169604 -0.000107161 0.000566729 -0.0169604 0.0838466 
0.00931598 -0.0171088 9.36383e-06 -9.9064e-05 -0.0171088 0.0844592 -0.000102795 0.00054632 9.36383e-06 -0.000102795 0.00930572 -0.0170154 -9.9064e-05 0.00054632 -0.0170154 0.0840227 
0.00929806 -0.0170972 -7.13055e-06 -9.29443e-05 -0.0170972 0.0844333 -9.78154e-05 0.000532313 -7.13055e-06 -9.78154e-05 0.00933654 -0.0170578 -9.29443e-05 0.000532313 -0.0170578 0.0841521 
0.00928698 -0.0170655 -1.63931e-05 -7.70135e-05 -0.0170655 0.0843472 -8.01398e-05 0.000506133 -1.63931e-05 -8.01398e-05 0.00934675 -0.0170909 -7.70135e-05 0.000506133 -0.0170909 0.0842381 
0.00929513 -0.0170408 -1.61035e-05 -6.96653e-05 -0.0170408 0.0842413 -6.9162e-05 0.000482867 -1.61035e-05 -6.9162e-05 0.00932256 -0.0170997 -6.96653e-05 0.000482867 -0.0170997 0.0842666 
0.00930102 -0.0170402 -7.68776e-06 -7.19659e-05 -0.0170402 0.0841653 -7.01904e-05 0.000480314 -7.68776e-06 -7.01904e-05 0.00929778 -0.0170626 -7.19659e-05 0.000480314 -0.0170626 0.0841892 
0.00932228 -0.0170895 -1.06894e-05 -8.28466e-05 -0.0170895 0.0843444 -8.25884e-05 0.000503311 -1.06894e-05 -8.25884e-05 0.00930994 -0.0170632 -8.28466e-05 0.000503311 -0.0170632 0.0842628 
0.00932545 -0.0171048 -1.54013e-05 -8.06511e-05 -0.0171048 0.0844035 -8.05508e-05 0.00051389 -1.54013e-05 -8.05508e-05 0.00931758 -0.0170559 -8.06511e-05 0.00051389 -0.0170559 0.084224 
0.00935069 -0.0171345 -1.31969e-05 -7.51449e-05 -0.0171345 0.0845563 -7.43802e-05 0.00050765 -1.31969e-05 -7.43802e-05 0.00932505 -0.017087 -7.51449e-05 0.00050765 -0.017087 0.0843359 
0.00936108 -0.0171462 -9.32824e-06 -7.72281e-05 -0.0171462 0.0845768 -7.52535e-05 0.00050421 -9.32824e-06 -7.52535e-05 0.00932194 -0.0170777 -7.72281e-05 0.00050421 -0.0170777 0.0843127 
0.0093607 -0.0171627 -3.24248e-06 -8.27312e-05 -0.0171627 0.0846195 -7.94821e-05 0.00051201 -3.24248e-06 -7.94821e-05 0.00933195 -0.0170745 -8.27312e-05 0.00051201 -0.0170745 0.0842979 
0.00940114 -0.0172322 -1.27483e-06 -8.99451e-05 -0.0172322 0.0849822 -8.99384e-05 0.000532285 -1.27483e-06 -8.99384e-05 0.00936628 -0.0171566 -8.99451e-05 0.000532285 -0.0171566 0.0846553 
0.00938279 -0.0172253 2.29963e-06 -9.25441e-05 -0.0172253 0.0849421 -9.6158e-05 0.000549881 2.29963e-06 -9.6158e-05 0.00936896 -0.0171415 -9.25441e-05 0.000549881 -0.0171415 0.0846057 
0.00936388 -0.0172025 4.05216e-06 -9.69599e-05 -0.0172025 0.0848934 -0.000102707 0.000566489 4.05216e-06 -0.000102707 0.00937716 -0.0171474 -9.69599e-05 0.000566489 -0.0171474 0.0845958 
0.00935365 -0.0171594 1.24785e-05 -9.81445e-05 -0.0171594 0.0847401 -0.000105097 0.000576478 1.24785e-05 -0.000105097 0.00936914 -0.0171416 -9.81445e-05 0.000576478 -0.0171416 0.0845267 
0.00934715 -0.0171353 6.21715e-06 -0.000107259 -0.0171353 0.0845961 -0.000114074 0.000591932 6.21715e-06 -0.000114074 0.00935735 -0.0171206 -0.000107259 0.000591932 -0.0171206 0.0844254 
0.00935528 -0.0171585 9.37552e-06 -0.000102274 -0.0171585 0.0846646 -0.000106948 0.000592399 9.37552e-06 -0.000106948 0.00936133 -0.0171288 -0.000102274 0.000592399 -0.0171288 0.0844716 
0.00934519 -0.01715 1.46071e-05 -0.000106389 -0.01715 0.0846105 -0.000110796 0.000595822 1.46071e-05 -0.000110796 0.00935258 -0.0171058 -0.000106389 0.000595822 -0.0171058 0.0843685 
0.00936509 -0.0171571 2.02481e-05 -0.000113134 -0.0171571 0.0846577 -0.000118082 0.000610309 2.02481e-05 -0.000118082 0.00934132 -0.0171109 -0.000113134 0.000610309 -0.0171109 0.0843828 
0.00938978 -0.0172248 7.65198e-06 -0.000119559 -0.0172248 0.0849303 -0.000124635 0.000627974 7.65198e-06 -0.000124635 0.0093557 -0.0171408 -0.000119559 0.000627974 -0.0171408 0.0845843 
0.00937691 -0.0172129 -3.74426e-06 -0.000102835 -0.0172129 0.0848928 -0.000109134 0.000608716 -3.74426e-06 -0.000109134 0.00934673 -0.0171132 -0.000102835 0.000608716 -0.0171132 0.0844834 
0.00935623 -0.017189 -3.79435e-06 -8.49729e-05 -0.017189 0.0848138 -9.12948e-05 0.00056333 -3.79435e-06 -9.12948e-05 0.00934297 -0.0170958 -8.49729e-05 0.00056333 -0.0170958 0.0843928 
0.0093085 -0.0171145 -5.39052e-06 -8.17075e-05 -0.0171145 0.0845044 -8.52953e-05 0.000529349 -5.39052e-06 -8.52953e-05 0.00932933 -0.0170483 -8.17075e-05 0.000529349 -0.0170483 0.0841319 
0.00929395 -0.01706 6.6094e-06 -7.96237e-05 -0.01706 0.0843028 -8.0809e-05 0.000510869 6.6094e-06 -8.0809e-05 0.00931903 -0.0170471 -7.96237e-05 0.000510869 -0.0170471 0.0840526 
0.00931186 -0.017068 4.17539e-06 -9.41486e-05 -0.017068 0.0843138 -9.37098e-05 0.000523508 4.17539e-06 -9.37098e-05 0.00931739 -0.0170644 -9.41486e-05 0.000523508 -0.0170644 0.08414 
0.00934173 -0.0171318 4.22572e-06 -9.30977e-05 -0.0171318 0.084557 -9.21234e-05 0.0005314 4.22572e-06 -9.21234e-05 0.00934236 -0.0170982 -9.30977e-05 0.0005314 -0.0170982 0.0843545 
0.00936506 -0.0171816 -6.49219e-06 -9.53204e-05 -0.0171816 0.0847871 -9.33907e-05 0.000536634 -6.49219e-06 -9.33907e-05 0.00937112 -0.0171378 -9.53204e-05 0.000536634 -0.0171378 0.0845422 
0.0093707 -0.0171896 -1.29776e-05 -8.61844e-05 -0.0171896 0.0848307 -8.19289e-05 0.000527397 -1.29776e-05 -8.19289e-05 0.00938236 -0.017151 -8.61844e-05 0.000527397 -0.017151 0.0845777 
0.00936976 -0.0171955 -2.13807e-05 -7.89662e-05 -0.0171955 0.0848483 -7.47633e-05 0.000511544 -2.13807e-05 -7.47633e-05 0.00938172 -0.0171599 -7.89662e-05 0.000511544 -0.0171599 0.0845944 
0.00938487 -0.0171905 -2.31614e-05 -6.99209e-05 -0.0171905 0.0848274 -6.58403e-05 0.000493679 -2.31614e-05 -6.58403e-05 0.00935491 -0.0171495 -6.99209e-05 0.000493679 -0.0171495 0.0845566 
0.00939547 -0.0172055 -1.50053e-05 -6.88149e-05 -0.0172055 0.0848252 -6.43151e-05 0.000485609 -1.50053e-05 -6.43151e-05 0.0093323 -0.0171086 -6.88149e-05 0.000485609 -0.0171086 0.0844514 
0.00940453 -0.0172462 -1.67262e-05 -7.86699e-05 -0.0172462 0.0849786 -7.36051e-05 0.000498983 -1.67262e-05 -7.36051e-05 0.00933841 -0.0171032 -7.86699e-05 0.000498983 -0.0171032 0.0844731 
0.00936325 -0.0172448 -5.29551e-07 -7.75527e-05 -0.0172448 0.0850021 -7.2447e-05 0.000506842 -5.29551e-07 -7.2447e-05 0.00937601 -0.0170981 -7.75527e-05 0.000506842 -0.0170981 0.0844381 
0.00931704 -0.0171821 8.0966e-06 -9.39683e-05 -0.0171821 0.0848792 -9.05484e-05 0.000531579 8.0966e-06 -9.05484e-05 0.00941524 -0.017138 -9.39683e-05 0.000531579 -0.017138 0.0844641 
0.00931215 -0.0171553 7.43414e-06 -0.000104542 -0.0171553 0.0848971 -0.000102953 0.000563992 7.43414e-06 -0.000102953 0.00946646 -0.0172361 -0.000104542 0.000563992 -0.0172361 0.0847862 
0.00933373 -0.0171616 -2.81635e-06 -0.000105435 -0.0171616 0.0849727 -0.000104605 0.000581272 -2.81635e-06 -0.000104605 0.00949741 -0.0173244 -0.000105435 0.000581272 -0.0173244 0.0851409 
0.00940473 -0.017235 -6.26315e-06 -9.43505e-05 -0.017235 0.0852973 -9.3682e-05 0.000572583 -6.26315e-06 -9.3682e-05 0.00950751 -0.017417 -9.43505e-05 0.000572583 -0.017417 0.0856153 
0.0094212 -0.0172547 -2.08997e-06 -8.92268e-05 -0.0172547 0.0852525 -8.85544e-05 0.000555747 -2.08997e-06 -8.85544e-05 0.00947726 -0.0173558 -8.92268e-05 0.000555747 -0.0173558 0.0854883 
0.00943174 -0.0172936 -2.12822e-06 -9.27059e-05 -0.0172936 0.085353 -9.30256e-05 0.000554979 -2.12822e-06 -9.30256e-05 0.009473 -0.0173251 -9.27059e-05 0.000554979 -0.0173251 0.0854102 
0.0094301 -0.0173261 1.30503e-05 -9.49723e-05 -0.0173261 0.0855031 -9.75911e-05 0.000567303 1.30503e-05 -9.75911e-05 0.00948972 -0.0173299 -9.49723e-05 0.000567303 -0.0173299 0.08543 
0.00940693 -0.0172831 1.76742e-05 -0.00011337 -0.0172831 0.085359 -0.000118409 0.000603367 1.76742e-05 -0.000118409 0.00948486 -0.0173074 -0.00011337 0.000603367 -0.0173074 0.0852675 
0.00941005 -0.0172599 6.59047e-06 -0.000119973 -0.0172599 0.0852715 -0.000126335 0.000635782 6.59047e-06 -0.000126335 0.00946651 -0.017309 -0.000119973 0.000635782 -0.017309 0.0852217 
0.00941103 -0.0172618 -4.92206e-06 -0.000104265 -0.0172618 0.0852304 -0.000111683 0.000622216 -4.92206e-06 -0.000111683 0.00943849 -0.0172852 -0.000104265 0.000622216 -0.0172852 0.0851598 
0.00938907 -0.0172322 -2.13695e-06 -8.44859e-05 -0.0172322 0.0850583 -9.36758e-05 0.000574987 -2.13695e-06 -9.36758e-05 0.00939582 -0.0172121 -8.44859e-05 0.000574987 -0.0172121 0.0848897 
0.0093618 -0.0171888 -1.15667e-05 -8.39616e-05 -0.0171888 0.0848553 -9.33056e-05 0.000547412 -1.15667e-05 -9.33056e-05 0.00936466 -0.0171391 -8.39616e-05 0.000547412 -0.0171391 0.0845884 
0.00931167 -0.0171157 -4.08463e-06 -7.24132e-05 -0.0171157 0.0845117 -8.03167e-05 0.000519053 -4.08463e-06 -8.03167e-05 0.00934157 -0.0170595 -7.24132e-05 0.000519053 -0.0170595 0.0841952 
0.00928047 -0.0170653 3.1412e-07 -8.1261e-05 -0.0170653 0.0843148 -8.64639e-05 0.000513964 3.1412e-07 -8.64639e-05 0.00933572 -0.0170465 -8.1261e-05 0.000513964 -0.0170465 0.0840459 
0.00923461 -0.0169861 -1.60098e-07 -8.70681e-05 -0.0169861 0.0839603 -8.79503e-05 0.000517969 -1.60098e-07 -8.79503e-05 0.00930848 -0.0170017 -8.70681e-05 0.000517969 -0.0170017 0.083779 
0.00924089 -0.0169789 -4.80477e-06 -8.80517e-05 -0.0169789 0.0839505 -8.50477e-05 0.000517972 -4.80477e-06 -8.50477e-05 0.0093026 -0.0170182 -8.80517e-05 0.000517972 -0.0170182 0.0838436 
0.00927772 -0.0169917 -9.77817e-06 -8.409e-05 -0.0169917 0.0839878 -7.88545e-05 0.000508627 -9.77817e-06 -7.88545e-05 0.00927127 -0.0170207 -8.409e-05 0.000508627 -0.0170207 0.0839002 
0.00928188 -0.0169778 -1.52021e-05 -7.62188e-05 -0.0169778 0.083786 -7.01642e-05 0.000487164 -1.52021e-05 -7.01642e-05 0.00920894 -0.0169248 -7.62188e-05 0.000487164 -0.0169248 0.0835762 
0.00926748 -0.0169908 -1.58263e-05 -6.58177e-05 -0.0169908 0.0837328 -6.29102e-05 0.000460838 -1.58263e-05 -6.29102e-05 0.00918886 -0.0168477 -6.58177e-05 0.000460838 -0.0168477 0.0833107 
0.00924085 -0.016995 -1.51235e-05 -6.22906e-05 -0.016995 0.0837816 -6.323e-05 0.000445616 -1.51235e-05 -6.323e-05 0.0092027 -0.0168403 -6.22906e-05 0.000445616 -0.0168403 0.0832431 
0.00921399 -0.0169699 -1.38075e-05 -6.05845e-05 -0.0169699 0.0837814 -6.33987e-05 0.000437701 -1.38075e-05 -6.33987e-05 0.00921873 -0.0168654 -6.05845e-05 0.000437701 -0.0168654 0.0832874 
0.00916715 -0.0168703 4.52246e-06 -5.86227e-05 -0.0168703 0.0834015 -6.19417e-05 0.000425822 4.52246e-06 -6.19417e-05 0.00919759 -0.0168236 -5.86227e-05 0.000425822 -0.0168236 0.083036 
0.00912086 -0.0167974 1.97379e-05 -7.90505e-05 -0.0167974 0.0830722 -8.26086e-05 0.000448777 1.97379e-05 -8.26086e-05 0.0091908 -0.0167898 -7.90505e-05 0.000448777 -0.0167898 0.0828349 
0.00908057 -0.0167384 2.08459e-05 -9.63809e-05 -0.0167384 0.0828293 -9.87435e-05 0.00048449 2.08459e-05 -9.87435e-05 0.00919824 -0.0167819 -9.63809e-05 0.00048449 -0.0167819 0.0827236 
0.00908391 -0.0167158 9.76453e-06 -9.86072e-05 -0.0167158 0.0827832 -0.000100233 0.000502317 9.76453e-06 -0.000100233 0.00920567 -0.0168256 -9.86072e-05 0.000502317 -0.0168256 0.0828455 
0.0091062 -0.0167296 2.19495e-06 -8.35106e-05 -0.0167296 0.0828252 -8.67426e-05 0.000483257 2.19495e-06 -8.67426e-05 0.00919931 -0.0168534 -8.35106e-05 0.000483257 -0.0168534 0.0829925 
0.00914322 -0.0167887 7.93169e-08 -7.25012e-05 -0.0167887 0.0830447 -7.58568e-05 0.000453116 7.93169e-08 -7.58568e-05 0.00919193 -0.016875 -7.25012e-05 0.000453116 -0.016875 0.0831856 
0.00916724 -0.0168409 8.33456e-06 -6.93019e-05 -0.0168409 0.0832364 -7.3704e-05 0.000436328 8.33456e-06 -7.3704e-05 0.00917895 -0.0168559 -6.93019e-05 0.000436328 -0.0168559 0.0832235 
0.0091948 -0.0168804 6.16761e-06 -8.03919e-05 -0.0168804 0.0834134 -8.61003e-05 0.000451287 6.16761e-06 -8.61003e-05 0.00917146 -0.016839 -8.03919e-05 0.000451287 -0.016839 0.0832255 
0.00920117 -0.0168862 -4.61962e-06 -8.00317e-05 -0.0168862 0.0834067 -8.54995e-05 0.000462258 -4.61962e-06 -8.54995e-05 0.00915593 -0.0167999 -8.00317e-05 0.000462258 -0.0167999 0.083074 
0.00923049 -0.0169367 -3.32261e-06 -6.81866e-05 -0.0169367 0.0836264 -7.03721e-05 0.000444825 -3.32261e-06 -7.03721e-05 0.00916123 -0.0168234 -6.81866e-05 0.000444825 -0.0168234 0.0831926 
0.00923403 -0.0169457 8.86275e-07 -7.08993e-05 -0.0169457 0.0836474 -6.83255e-05 0.000432364 8.86275e-07 -6.83255e-05 0.0091518 -0.016803 -7.08993e-05 0.000432364 -0.016803 0.0831313 
0.00922116 -0.0169603 2.30315e-06 -7.87388e-05 -0.0169603 0.0837123 -7.4134e-05 0.000442462 2.30315e-06 -7.4134e-05 0.00916676 -0.0168004 -7.87388e-05 0.000442462 -0.0168004 0.0831351 
0.00918558 -0.0169026 4.22707e-06 -7.92563e-05 -0.0169026 0.0835061 -7.71989e-05 0.00045126 4.22707e-06 -7.71989e-05 0.00915641 -0.0167737 -7.92563e-05 0.00045126 -0.0167737 0.08295 
0.00914678 -0.0168389 1.59527e-06 -7.81771e-05 -0.0168389 0.0832465 -7.99856e-05 0.000453293 1.59527e-06 -7.99856e-05 0.00914875 -0.0167444 -7.81771e-05 0.000453293 -0.0167444 0.0827658 
0.00912716 -0.0168172 -1.3249e-06 -7.24646e-05 -0.0168172 0.0831919 -7.34193e-05 0.000439991 -1.3249e-06 -7.34193e-05 0.00916195 -0.0167672 -7.24646e-05 0.000439991 -0.0167672 0.082819 
0.00910492 -0.0167564 -4.06945e-06 -6.53342e-05 -0.0167564 0.0829604 -6.2718e-05 0.000411657 -4.06945e-06 -6.2718e-05 0.0091462 -0.0167561 -6.53342e-05 0.000411657 -0.0167561 0.0827234 
0.00908153 -0.0167015 -2.20773e-06 -6.02676e-05 -0.0167015 0.0826815 -5.65332e-05 0.000386275 -2.20773e-06 -5.65332e-05 0.00912157 -0.0167142 -6.02676e-05 0.000386275 -0.0167142 0.0825312 
0.00905864 -0.0166609 -4.57747e-06 -6.19671e-05 -0.0166609 0.0824568 -5.82267e-05 0.000376601 -4.57747e-06 -5.82267e-05 0.00909566 -0.0166742 -6.19671e-05 0.000376601 -0.0166742 0.0823395 
0.00900722 -0.0165757 -9.44201e-06 -5.83689e-05 -0.0165757 0.082026 -5.6016e-05 0.000368314 -9.44201e-06 -5.6016e-05 0.00904627 -0.0165833 -5.83689e-05 0.000368314 -0.0165833 0.0819098 
0.00899639 -0.0165668 -9.25478e-06 -5.16091e-05 -0.0165668 0.0819937 -5.09039e-05 0.000355187 -9.25478e-06 -5.09039e-05 0.00904724 -0.0165749 -5.16091e-05 0.000355187 -0.0165749 0.0818756 
0.00898141 -0.0165555 -2.75403e-06 -4.89198e-05 -0.0165555 0.0819628 -4.90871e-05 0.00034174 -2.75403e-06 -4.90871e-05 0.00905733 -0.0165767 -4.89198e-05 0.00034174 -0.0165767 0.0818639 
0.00896061 -0.0165116 4.4425e-06 -5.60587e-05 -0.0165116 0.0817981 -5.42833e-05 0.000343548 4.4425e-06 -5.42833e-05 0.00905718 -0.0165682 -5.60587e-05 0.000343548 -0.0165682 0.0817689 
0.00895731 -0.0164909 1.24738e-06 -6.65935e-05 -0.0164909 0.0817094 -6.06621e-05 0.000357773 1.24738e-06 -6.06621e-05 0.00905271 -0.0165788 -6.65935e-05 0.000357773 -0.0165788 0.0817704 
0.00897749 -0.0165044 -5.74235e-06 -6.4642e-05 -0.0165044 0.0817523 -5.71472e-05 0.000360487 -5.74235e-06 -5.71472e-05 0.00903484 -0.0165959 -6.4642e-05 0.000360487 -0.0165959 0.0818648 
0.00897774 -0.0165118 -1.16749e-05 -5.57566e-05 -0.0165118 0.0817226 -4.98942e-05 0.000348039 -1.16749e-05 -4.98942e-05 0.00900443 -0.0165534 -5.57566e-05 0.000348039 -0.0165534 0.0817704 
0.00896768 -0.0165113 -1.18094e-05 -4.90273e-05 -0.0165113 0.0817047 -4.24446e-05 0.000330876 -1.18094e-05 -4.24446e-05 0.00899578 -0.0165114 -4.90273e-05 0.000330876 -0.0165114 0.0816468 
