0.00621211 0 1.05477e-06 0 0 0.00877732 0 0 1.05477e-06 0 0.00614516 0 0 0 0 0.00877732 
0.00946995 -0.011751 -7.56209e-06 1.05875e-05 -0.011751 0.0312104 1.05875e-05 -2.03732e-05 -7.56209e-06 1.05875e-05 0.00940335 -0.0116745 1.05875e-05 -2.03732e-05 -0.0116745 0.0310637 
0.00973333 -0.0180519 -1.02037e-05 6.12279e-05 -0.0180519 0.0665732 6.12279e-05 -0.000209105 -1.02037e-05 6.12279e-05 0.00969704 -0.0181427 6.12279e-05 -0.000209105 -0.0181427 0.0669177 
0.00916872 -0.0175806 1.03554e-05 9.92545e-05 -0.0175806 0.0787158 0.000107991 -0.000540393 1.03554e-05 0.000107991 0.0091765 -0.017861 9.92545e-05 -0.000540393 -0.017861 0.0803111 
0.00889521 -0.0165216 2.76883e-05 5.50212e-05 -0.0165216 0.0794451 7.3068e-05 -0.000581927 2.76883e-05 7.3068e-05 0.00891165 -0.0168041 5.50212e-05 -0.000581927 -0.0168041 0.0814572 
0.00863737 -0.0157851 1.73572e-05 8.7761e-06 -0.0157851 0.0772686 2.73918e-05 -0.00039809 1.73572e-05 2.73918e-05 0.00863472 -0.0159883 8.7761e-06 -0.00039809 -0.0159883 0.0789009 
0.00835381 -0.0152635 9.29117e-06 1.02848e-05 -0.0152635 0.0749985 2.13731e-05 -0.000260392 9.29117e-06 2.13731e-05 0.00837683 -0.0153957 1.02848e-05 -0.000260392 -0.0153957 0.076153 
0.00811669 -0.0148175 -7.64783e-07 2.39512e-05 -0.0148175 0.0730292 2.64126e-05 -0.00021532 -7.64783e-07 2.64126e-05 0.00815142 -0.0149637 2.39512e-05 -0.00021532 -0.0149637 0.0739475 
0.00957284 -0.0174167 6.12429e-06 4.96932e-05 -0.0174167 0.0859536 4.46776e-05 -0.000267121 6.12429e-06 4.46776e-05 0.00957313 -0.0176238 4.96932e-05 -0.000267121 -0.0176238 0.0870205 
0.00945655 -0.0172284 1.15437e-05 4.51146e-05 -0.0172284 0.0849411 3.72188e-05 -0.000266846 1.15437e-05 3.72188e-05 0.0094625 -0.0174002 4.51146e-05 -0.000266846 -0.0174002 0.0859701 
0.00939429 -0.0171314 1.15833e-05 3.74957e-05 -0.0171314 0.0844669 3.16326e-05 -0.000253823 1.15833e-05 3.16326e-05 0.00942306 -0.0173126 3.74957e-05 -0.000253823 -0.0173126 0.0854947 
0.00938297 -0.0170731 8.09525e-06 3.64058e-05 -0.0170731 0.0842045 3.03149e-05 -0.000246262 8.09525e-06 3.03149e-05 0.00938794 -0.0172849 3.64058e-05 -0.000246262 -0.0172849 0.0852952 
0.00939869 -0.0170741 2.55262e-07 3.79848e-05 -0.0170741 0.0841263 3.13715e-05 -0.000243121 2.55262e-07 3.13715e-05 0.00935056 -0.0172597 3.79848e-05 -0.000243121 -0.0172597 0.0852147 
0.00940741 -0.0171068 2.79737e-06 4.43789e-05 -0.0171068 0.0841797 3.8536e-05 -0.000248993 2.79737e-06 3.8536e-05 0.00933893 -0.0172222 4.43789e-05 -0.000248993 -0.0172222 0.0851413 
0.00937956 -0.0171159 1.22959e-05 4.12511e-05 -0.0171159 0.084201 3.52416e-05 -0.000245771 1.22959e-05 3.52416e-05 0.0093533 -0.0171977 4.12511e-05 -0.000245771 -0.0171977 0.0850347 
0.00935526 -0.0171015 1.32414e-05 3.08307e-05 -0.0171015 0.084252 2.43626e-05 -0.000226366 1.32414e-05 2.43626e-05 0.00938137 -0.0172405 3.08307e-05 -0.000226366 -0.0172405 0.085134 
0.00929375 -0.0170185 2.79115e-06 2.84038e-05 -0.0170185 0.0839654 2.33124e-05 -0.000212469 2.79115e-06 2.33124e-05 0.0093949 -0.0172299 2.84038e-05 -0.000212469 -0.0172299 0.0850075 
0.00926509 -0.0169578 2.88298e-06 3.98839e-05 -0.0169578 0.0837942 3.64419e-05 -0.000226803 2.88298e-06 3.64419e-05 0.00940063 -0.0172649 3.98839e-05 -0.000226803 -0.0172649 0.0850609 
0.00923962 -0.0168937 1.54264e-05 3.87601e-05 -0.0168937 0.0835278 3.63434e-05 -0.000233705 1.54264e-05 3.63434e-05 0.00937243 -0.017247 3.87601e-05 -0.000233705 -0.017247 0.0849671 
0.0092366 -0.0168825 1.16765e-05 2.09474e-05 -0.0168825 0.0834633 1.99349e-05 -0.000204855 1.16765e-05 1.99349e-05 0.0093608 -0.0172309 2.09474e-05 -0.000204855 -0.0172309 0.0849559 
0.00922967 -0.0168654 5.49188e-06 2.27832e-05 -0.0168654 0.083366 2.24242e-05 -0.000188641 5.49188e-06 2.24242e-05 0.0093439 -0.017196 2.27832e-05 -0.000188641 -0.017196 0.08483 
0.00923292 -0.0168542 -9.16248e-06 2.97193e-05 -0.0168542 0.0832935 3.14661e-05 -0.000198081 -9.16248e-06 3.14661e-05 0.00932384 -0.017168 2.97193e-05 -0.000198081 -0.017168 0.0847102 
0.00925279 -0.0168594 -2.04285e-05 4.60926e-05 -0.0168594 0.0832694 5.05961e-05 -0.000230916 -2.04285e-05 5.05961e-05 0.00929214 -0.0171415 4.60926e-05 -0.000230916 -0.0171415 0.0846124 
0.00925142 -0.0168578 -1.84636e-05 6.20843e-05 -0.0168578 0.0831607 6.76988e-05 -0.000274129 -1.84636e-05 6.76988e-05 0.00925889 -0.0170717 6.20843e-05 -0.000274129 -0.0170717 0.0843573 
0.00924094 -0.0168902 -5.07228e-06 6.08777e-05 -0.0168902 0.0832658 6.58783e-05 -0.000291602 -5.07228e-06 6.58783e-05 0.00927407 -0.0170563 6.08777e-05 -0.000291602 -0.0170563 0.0843097 
0.00920314 -0.0168351 1.51531e-07 4.51974e-05 -0.0168351 0.083072 4.85547e-05 -0.000270124 1.51531e-07 4.85547e-05 0.00926379 -0.0170254 4.51974e-05 -0.000270124 -0.0170254 0.0840808 
0.00919856 -0.016843 6.83273e-06 3.68946e-05 -0.016843 0.0831734 3.83517e-05 -0.000240791 6.83273e-06 3.83517e-05 0.00928608 -0.0170709 3.68946e-05 -0.000240791 -0.0170709 0.0842448 
0.00922097 -0.0168351 -2.1577e-06 2.9428e-05 -0.0168351 0.0832059 3.03217e-05 -0.000218973 -2.1577e-06 3.03217e-05 0.00927671 -0.0171029 2.9428e-05 -0.000218973 -0.0171029 0.084375 
0.00924903 -0.0168349 6.85148e-06 3.96704e-05 -0.0168349 0.0831335 4.21118e-05 -0.000226639 6.85148e-06 4.21118e-05 0.00923912 -0.0170674 3.96704e-05 -0.000226639 -0.0170674 0.0842945 
0.00928386 -0.0168943 1.48098e-05 2.90477e-05 -0.0168943 0.0832802 3.06326e-05 -0.00021689 1.48098e-05 3.06326e-05 0.00922124 -0.0170418 2.90477e-05 -0.00021689 -0.0170418 0.084287 
0.0092905 -0.0169756 1.40616e-05 1.98679e-05 -0.0169756 0.0835933 1.914e-05 -0.000191794 1.40616e-05 1.914e-05 0.00925008 -0.0170462 1.98679e-05 -0.000191794 -0.0170462 0.084393 
0.00927604 -0.016949 1.42141e-05 2.12152e-05 -0.016949 0.083571 1.9483e-05 -0.000181152 1.42141e-05 1.9483e-05 0.00924601 -0.017042 2.12152e-05 -0.000181152 -0.017042 0.0843109 
0.00923681 -0.0168837 2.27801e-05 2.43417e-05 -0.0168837 0.0832964 2.39854e-05 -0.000190029 2.27801e-05 2.39854e-05 0.00922488 -0.0169945 2.43417e-05 -0.000190029 -0.0169945 0.0840636 
0.00922549 -0.0168199 1.6346e-05 1.56218e-05 -0.0168199 0.0830175 1.73201e-05 -0.000187088 1.6346e-05 1.73201e-05 0.00918846 -0.0169514 1.56218e-05 -0.000187088 -0.0169514 0.0838282 
0.00921933 -0.0168187 1.70132e-05 2.01337e-05 -0.0168187 0.0829333 2.40674e-05 -0.000191042 1.70132e-05 2.40674e-05 0.00918369 -0.0169192 2.01337e-05 -0.000191042 -0.0169192 0.0837126 
0.00923265 -0.0168563 1.1869e-05 1.87565e-05 -0.0168563 0.0831007 2.33385e-05 -0.000193861 1.1869e-05 2.33385e-05 0.00920264 -0.0169503 1.87565e-05 -0.000193861 -0.0169503 0.0838344 
0.00924671 -0.0168855 3.18337e-06 2.58672e-05 -0.0168855 0.0832602 2.89428e-05 -0.000204366 3.18337e-06 2.89428e-05 0.00921459 -0.0169842 2.58672e-05 -0.000204366 -0.0169842 0.0839814 
0.00923872 -0.0168455 -1.48216e-05 3.75251e-05 -0.0168455 0.0830772 3.98627e-05 -0.000227681 -1.48216e-05 3.98627e-05 0.00918656 -0.0169431 3.75251e-05 -0.000227681 -0.0169431 0.0837946 
0.00924155 -0.0168698 -1.31393e-05 6.01324e-05 -0.0168698 0.0831466 6.33376e-05 -0.000274822 -1.31393e-05 6.33376e-05 0.00919608 -0.0169443 6.01324e-05 -0.000274822 -0.0169443 0.0838278 
0.00925436 -0.0169105 -1.43586e-05 6.11656e-05 -0.0169105 0.0833645 6.53077e-05 -0.000304302 -1.43586e-05 6.53077e-05 0.00922594 -0.0169904 6.11656e-05 -0.000304302 -0.0169904 0.0840323 
0.00924134 -0.0168838 -1.0287e-05 6.2103e-05 -0.0168838 0.0832796 6.53355e-05 -0.000311656 -1.0287e-05 6.53355e-05 0.00922893 -0.0169878 6.2103e-05 -0.000311656 -0.0169878 0.0839866 
0.00921798 -0.0168558 -7.50488e-06 5.84455e-05 -0.0168558 0.0831625 5.74646e-05 -0.00030435 -7.50488e-06 5.74646e-05 0.00923974 -0.0169859 5.84455e-05 -0.00030435 -0.0169859 0.0839392 
0.00922003 -0.0168464 -1.12898e-05 5.65421e-05 -0.0168464 0.0831641 5.23125e-05 -0.000294744 -1.12898e-05 5.23125e-05 0.00924903 -0.0170233 5.65421e-05 -0.000294744 -0.0170233 0.0840497 
0.00922569 -0.016828 -4.57921e-06 5.94787e-05 -0.016828 0.0830704 5.50717e-05 -0.000292764 -4.57921e-06 5.50717e-05 0.00922756 -0.0170199 5.94787e-05 -0.000292764 -0.0170199 0.0840386 
0.00922638 -0.0168458 5.95341e-06 5.12634e-05 -0.0168458 0.0830943 4.58578e-05 -0.000278825 5.95341e-06 4.58578e-05 0.00923681 -0.0170037 5.12634e-05 -0.000278825 -0.0170037 0.0840371 
0.009265 -0.0168982 9.77588e-06 3.55751e-05 -0.0168982 0.0833597 2.82394e-05 -0.000240509 9.77588e-06 2.82394e-05 0.00925739 -0.0170624 3.55751e-05 -0.000240509 -0.0170624 0.0842887 
0.00928845 -0.0169418 1.4783e-05 2.82686e-05 -0.0169418 0.0835325 2.03299e-05 -0.000206435 1.4783e-05 2.03299e-05 0.00926556 -0.0170843 2.82686e-05 -0.000206435 -0.0170843 0.0844313 
0.00931398 -0.0170002 1.48932e-08 2.05493e-05 -0.0170002 0.0838022 1.20974e-05 -0.000178479 1.48932e-08 1.20974e-05 0.00928574 -0.0171212 2.05493e-05 -0.000178479 -0.0171212 0.084648 
0.00930261 -0.0170091 -1.11756e-05 3.76717e-05 -0.0170091 0.0838683 2.73671e-05 -0.000188169 -1.11756e-05 2.73671e-05 0.00931695 -0.0171264 3.76717e-05 -0.000188169 -0.0171264 0.0846899 
0.00926374 -0.0169447 -1.33681e-05 5.27138e-05 -0.0169447 0.0836368 4.22567e-05 -0.000219757 -1.33681e-05 4.22567e-05 0.00932189 -0.0171214 5.27138e-05 -0.000219757 -0.0171214 0.0845511 
0.00923251 -0.0168686 -1.41042e-05 5.56729e-05 -0.0168686 0.083322 4.76057e-05 -0.00024087 -1.41042e-05 4.76057e-05 0.00930819 -0.0171086 5.56729e-05 -0.00024087 -0.0171086 0.0843993 
0.00923005 -0.0168524 -1.03708e-05 5.4268e-05 -0.0168524 0.0832358 5.09038e-05 -0.000249481 -1.03708e-05 5.09038e-05 0.00930434 -0.017123 5.4268e-05 -0.000249481 -0.017123 0.0844442 
0.00919478 -0.0167923 -7.93479e-06 4.74923e-05 -0.0167923 0.082914 4.86627e-05 -0.000245235 -7.93479e-06 4.86627e-05 0.00926642 -0.0170616 4.74923e-05 -0.000245235 -0.0170616 0.0841695 
0.00918872 -0.0167703 -1.49507e-06 4.32332e-05 -0.0167703 0.0827968 4.65034e-05 -0.000236779 -1.49507e-06 4.65034e-05 0.0092391 -0.0170286 4.32332e-05 -0.000236779 -0.0170286 0.0840398 
0.009192 -0.0167979 1.83997e-06 3.36598e-05 -0.0167979 0.0828995 3.59242e-05 -0.00021567 1.83997e-06 3.59242e-05 0.00923422 -0.0170258 3.36598e-05 -0.00021567 -0.0170258 0.0840834 
0.00918835 -0.0167979 -2.40471e-06 2.93926e-05 -0.0167979 0.0829277 2.8786e-05 -0.00019374 -2.40471e-06 2.8786e-05 0.00922739 -0.0170081 2.93926e-05 -0.00019374 -0.0170081 0.0840449 
0.00917282 -0.0167892 1.27683e-06 3.30354e-05 -0.0167892 0.0829131 3.07107e-05 -0.000186309 1.27683e-06 3.07107e-05 0.00922499 -0.0169945 3.30354e-05 -0.000186309 -0.0169945 0.0839943 
0.00912607 -0.0167171 -7.53496e-06 2.77066e-05 -0.0167171 0.0826154 2.61558e-05 -0.000175898 -7.53496e-06 2.61558e-05 0.00920997 -0.0169356 2.77066e-05 -0.000175898 -0.0169356 0.0836977 
0.00909504 -0.0166152 -1.95202e-05 3.764e-05 -0.0166152 0.0821717 3.80563e-05 -0.000186844 -1.95202e-05 3.80563e-05 0.00915887 -0.0168729 3.764e-05 -0.000186844 -0.0168729 0.0833174 
0.0091095 -0.0166151 -1.64227e-05 5.37036e-05 -0.0166151 0.0820967 5.73772e-05 -0.000224681 -1.64227e-05 5.73772e-05 0.00912428 -0.0168495 5.37036e-05 -0.000224681 -0.0168495 0.0832399 
0.00911341 -0.016621 -1.5674e-05 4.98084e-05 -0.016621 0.0820242 5.52727e-05 -0.000239236 -1.5674e-05 5.52727e-05 0.00908683 -0.0167843 4.98084e-05 -0.000239236 -0.0167843 0.0830292 
0.00913547 -0.0166607 -1.26404e-05 4.78311e-05 -0.0166607 0.0821568 5.2657e-05 -0.000236649 -1.26404e-05 5.2657e-05 0.0090717 -0.016759 4.78311e-05 -0.000236649 -0.016759 0.0829724 
0.00913653 -0.0166916 5.71121e-06 4.48726e-05 -0.0166916 0.082263 4.59083e-05 -0.000226648 5.71121e-06 4.59083e-05 0.00907331 -0.0167344 4.48726e-05 -0.000226648 -0.0167344 0.0828993 
0.00912511 -0.0166895 1.96001e-05 2.37001e-05 -0.0166895 0.0822904 2.0506e-05 -0.000184823 1.96001e-05 2.0506e-05 0.00907343 -0.0167304 2.37001e-05 -0.000184823 -0.0167304 0.0828444 
0.00912845 -0.0166726 2.13935e-05 3.36501e-06 -0.0166726 0.0822684 -1.84969e-06 -0.000124535 2.13935e-05 -1.84969e-06 0.00906056 -0.0167344 3.36501e-06 -0.000124535 -0.0167344 0.0828383 
0.00913529 -0.0167014 1.1072e-05 -1.58202e-06 -0.0167014 0.0823897 -5.57903e-06 -9.00027e-05 1.1072e-05 -5.57903e-06 0.00906672 -0.0167485 -1.58202e-06 -9.00027e-05 -0.0167485 0.0829579 
0.0091296 -0.0167059 2.93176e-06 1.1889e-05 -0.0167059 0.0824435 7.12494e-06 -9.87716e-05 2.93176e-06 7.12494e-06 0.00907565 -0.0167498 1.1889e-05 -9.87716e-05 -0.0167498 0.0829964 
0.00911626 -0.0166817 2.52645e-06 2.34262e-05 -0.0166817 0.0823771 1.72954e-05 -0.000123484 2.52645e-06 1.72954e-05 0.00907122 -0.0167434 2.34262e-05 -0.000123484 -0.0167434 0.0829519 
0.00909274 -0.0166485 4.01821e-06 2.33336e-05 -0.0166485 0.0822333 1.82746e-05 -0.000134351 4.01821e-06 1.82746e-05 0.00906181 -0.0167142 2.33336e-05 -0.000134351 -0.0167142 0.0828191 
0.00905749 -0.0165943 3.40349e-06 1.97323e-05 -0.0165943 0.0820039 1.61646e-05 -0.000130034 3.40349e-06 1.61646e-05 0.00906026 -0.0166778 1.97323e-05 -0.000130034 -0.0166778 0.0826179 
0.00904619 -0.0165543 -7.68856e-07 1.77249e-05 -0.0165543 0.0818471 1.83043e-05 -0.000125672 -7.68856e-07 1.83043e-05 0.00905421 -0.0166773 1.77249e-05 -0.000125672 -0.0166773 0.082533 
0.00907711 -0.0165735 5.30217e-07 2.20347e-05 -0.0165735 0.0819198 2.4873e-05 -0.00013337 5.30217e-07 2.4873e-05 0.00905194 -0.0167072 2.20347e-05 -0.00013337 -0.0167072 0.0826612 
0.00912825 -0.0166594 8.59066e-06 2.3755e-05 -0.0166594 0.0822498 2.57374e-05 -0.000143449 8.59066e-06 2.57374e-05 0.00907132 -0.0167538 2.3755e-05 -0.000143449 -0.0167538 0.0829526 
0.00913299 -0.0167012 7.33542e-06 1.52656e-05 -0.0167012 0.0823926 1.62572e-05 -0.000134672 7.33542e-06 1.62572e-05 0.00908785 -0.0167535 1.52656e-05 -0.000134672 -0.0167535 0.082999 
0.009093 -0.0166588 -3.25614e-07 1.58344e-05 -0.0166588 0.0822224 1.6564e-05 -0.000127963 -3.25614e-07 1.6564e-05 0.00909256 -0.0167213 1.58344e-05 -0.000127963 -0.0167213 0.0827967 
0.00904869 -0.0165884 8.53688e-07 2.53015e-05 -0.0165884 0.0819623 2.52425e-05 -0.000140479 8.53688e-07 2.52425e-05 0.00909476 -0.0167115 2.53015e-05 -0.000140479 -0.0167115 0.0826336 
0.00902681 -0.0165209 -7.83429e-07 2.49246e-05 -0.0165209 0.0816947 2.70587e-05 -0.000151686 -7.83429e-07 2.70587e-05 0.00907932 -0.0167091 2.49246e-05 -0.000151686 -0.0167091 0.082528 
0.00904416 -0.0165413 -4.18316e-06 2.53853e-05 -0.0165413 0.0817655 3.2392e-05 -0.000160962 -4.18316e-06 3.2392e-05 0.00907909 -0.0167416 2.53853e-05 -0.000160962 -0.0167416 0.0826933 
0.00904013 -0.0165651 -3.52247e-06 2.75949e-05 -0.0165651 0.0818475 3.84323e-05 -0.000171897 -3.52247e-06 3.84323e-05 0.0090881 -0.0167438 2.75949e-05 -0.000171897 -0.0167438 0.0827725 
0.00905198 -0.0165978 -1.11421e-05 2.86007e-05 -0.0165978 0.0820607 4.00281e-05 -0.000181967 -1.11421e-05 4.00281e-05 0.00910604 -0.016787 2.86007e-05 -0.000181967 -0.016787 0.0829864 
0.00906486 -0.0165988 -2.76825e-05 3.77498e-05 -0.0165988 0.0821157 5.00667e-05 -0.00020039 -2.76825e-05 5.00667e-05 0.00910276 -0.016795 3.77498e-05 -0.00020039 -0.016795 0.083055 
0.00905602 -0.0165678 -2.98049e-05 6.02445e-05 -0.0165678 0.0819419 7.03813e-05 -0.00024439 -2.98049e-05 7.03813e-05 0.00907496 -0.0167441 6.02445e-05 -0.00024439 -0.0167441 0.0828542 
0.00905618 -0.0165472 -1.5514e-05 6.68484e-05 -0.0165472 0.0817947 7.14401e-05 -0.000273039 -1.5514e-05 7.14401e-05 0.00903923 -0.0166912 6.68484e-05 -0.000273039 -0.0166912 0.082629 
0.00903568 -0.0165074 6.06873e-06 5.04541e-05 -0.0165074 0.0815217 4.941e-05 -0.000250377 6.06873e-06 4.941e-05 0.00898857 -0.0165963 5.04541e-05 -0.000250377 -0.0165963 0.0822184 
0.00902837 -0.0165403 1.06876e-05 2.40793e-05 -0.0165403 0.0816377 1.90989e-05 -0.000190533 1.06876e-05 1.90989e-05 0.00900213 -0.0165887 2.40793e-05 -0.000190533 -0.0165887 0.0822059 
0.00901753 -0.0165467 1.81179e-05 1.62991e-05 -0.0165467 0.0817456 1.01424e-05 -0.000146977 1.81179e-05 1.01424e-05 0.0090246 -0.0166183 1.62991e-05 -0.000146977 -0.0166183 0.0822943 
0.00900662 -0.0165009 1.98147e-05 6.83556e-06 -0.0165009 0.081615 3.6605e-06 -0.00012124 1.98147e-05 3.6605e-06 0.00901536 -0.0166206 6.83556e-06 -0.00012124 -0.0166206 0.0822497 
0.00901235 -0.0165253 2.497e-05 3.01833e-06 -0.0165253 0.0817268 3.46526e-06 -0.000109285 2.497e-05 3.46526e-06 0.00902874 -0.0166523 3.01833e-06 -0.000109285 -0.0166523 0.0824223 
0.00900795 -0.01649 2.31243e-05 -3.0481e-06 -0.01649 0.081587 -1.11215e-06 -9.84684e-05 2.31243e-05 -1.11215e-06 0.00900163 -0.0166261 -3.0481e-06 -9.84684e-05 -0.0166261 0.0823129 
0.00901166 -0.0164625 2.60525e-05 1.18576e-06 -0.0164625 0.0814092 3.21847e-06 -0.0001027 2.60525e-05 3.21847e-06 0.00896293 -0.0165708 1.18576e-06 -0.0001027 -0.0165708 0.0821038 
0.00901141 -0.0164847 2.57213e-05 -1.13467e-06 -0.0164847 0.0814158 6.57675e-07 -0.00010475 2.57213e-05 6.57675e-07 0.0089588 -0.016533 -1.13467e-06 -0.00010475 -0.016533 0.0819897 
0.00898616 -0.016474 2.00204e-05 8.03035e-08 -0.016474 0.0813578 6.70692e-07 -0.000106453 2.00204e-05 6.70692e-07 0.00896007 -0.0165075 8.03035e-08 -0.000106453 -0.0165075 0.0818364 
0.00896852 -0.0164429 2.45661e-05 7.82482e-06 -0.0164429 0.0812709 8.09605e-06 -0.000120375 2.45661e-05 8.09605e-06 0.00895554 -0.0165035 7.82482e-06 -0.000120375 -0.0165035 0.0817502 
0.0089484 -0.0164129 2.59172e-05 2.77497e-06 -0.0164129 0.0811551 6.18555e-06 -0.000125636 2.59172e-05 6.18555e-06 0.00895141 -0.016494 2.77497e-06 -0.000125636 -0.016494 0.0816796 
0.00894326 -0.0164007 3.04121e-05 2.04983e-07 -0.0164007 0.0811264 6.12354e-06 -0.000124112 3.04121e-05 6.12354e-06 0.00895595 -0.0165017 2.04983e-07 -0.000124112 -0.0165017 0.0816994 
0.00894408 -0.0164027 2.1762e-05 -5.50581e-06 -0.0164027 0.0811508 1.56805e-06 -0.00011692 2.1762e-05 1.56805e-06 0.00895979 -0.0165198 -5.50581e-06 -0.00011692 -0.0165198 0.0817731 
0.00893302 -0.0163794 -2.53611e-06 5.41841e-06 -0.0163794 0.0810462 1.03207e-05 -0.000127307 -2.53611e-06 1.03207e-05 0.00894867 -0.0165015 5.41841e-06 -0.000127307 -0.0165015 0.0816973 
0.00891928 -0.0163485 -1.12811e-05 3.63262e-05 -0.0163485 0.0808849 3.85604e-05 -0.000180071 -1.12811e-05 3.85604e-05 0.00892611 -0.016462 3.63262e-05 -0.000180071 -0.016462 0.0815201 
0.00890492 -0.0163142 -2.31809e-05 4.98761e-05 -0.0163142 0.0806936 5.07384e-05 -0.000228421 -2.31809e-05 5.07384e-05 0.00888978 -0.0164086 4.98761e-05 -0.000228421 -0.0164086 0.0812761 
0.00889927 -0.0162845 -1.65372e-05 6.04627e-05 -0.0162845 0.0805177 6.17972e-05 -0.000257483 -1.65372e-05 6.17972e-05 0.00884966 -0.0163496 6.04627e-05 -0.000257483 -0.0163496 0.0810243 
0.00888996 -0.0162938 -4.63663e-06 5.06291e-05 -0.0162938 0.0805028 5.18297e-05 -0.000250017 -4.63663e-06 5.18297e-05 0.00884159 -0.0163139 5.06291e-05 -0.000250017 -0.0163139 0.0809022 
0.00887946 -0.016305 -8.53179e-06 3.173e-05 -0.016305 0.0805843 3.34037e-05 -0.000208286 -8.53179e-06 3.34037e-05 0.00885571 -0.0163227 3.173e-05 -0.000208286 -0.0163227 0.0809269 
0.00886214 -0.0162806 -1.76126e-05 3.504e-05 -0.0162806 0.0805424 3.64269e-05 -0.000190431 -1.76126e-05 3.64269e-05 0.00886056 -0.0163306 3.504e-05 -0.000190431 -0.0163306 0.0809207 
0.00884109 -0.0162688 -1.62557e-05 4.97926e-05 -0.0162688 0.0805377 4.76987e-05 -0.00020795 -1.62557e-05 4.76987e-05 0.00888161 -0.0163491 4.97926e-05 -0.00020795 -0.0163491 0.0809895 
0.00883329 -0.0162253 -2.19116e-05 5.32707e-05 -0.0162253 0.0804124 4.86941e-05 -0.000226031 -2.19116e-05 4.86941e-05 0.00886954 -0.0163572 5.32707e-05 -0.000226031 -0.0163572 0.0809735 
0.00882788 -0.0161845 -8.62417e-06 5.93525e-05 -0.0161845 0.0801969 5.37609e-05 -0.000238249 -8.62417e-06 5.37609e-05 0.00883919 -0.0163182 5.93525e-05 -0.000238249 -0.0163182 0.080819 
0.00882188 -0.0161718 4.88069e-06 4.10268e-05 -0.0161718 0.0800643 3.68592e-05 -0.000215825 4.88069e-06 3.68592e-05 0.00881105 -0.0162733 4.10268e-05 -0.000215825 -0.0162733 0.0806504 
0.00883433 -0.0162091 2.01104e-05 1.94714e-05 -0.0162091 0.0802052 2.04096e-05 -0.000169256 2.01104e-05 2.04096e-05 0.0088118 -0.0162744 1.94714e-05 -0.000169256 -0.0162744 0.0807024 
0.00883127 -0.0162224 1.67266e-05 -2.95972e-06 -0.0162224 0.0802768 1.74115e-06 -0.000114828 1.67266e-05 1.74115e-06 0.008817 -0.0162664 -2.95972e-06 -0.000114828 -0.0162664 0.0806921 
0.00881907 -0.0161979 1.85655e-05 -6.88902e-07 -0.0161979 0.0802025 3.13345e-06 -9.10091e-05 1.85655e-05 3.13345e-06 0.00880968 -0.0162543 -6.88902e-07 -9.10091e-05 -0.0162543 0.0806069 
0.00881255 -0.0162018 1.89707e-05 2.91582e-07 -0.0162018 0.0802404 -4.57701e-07 -8.51156e-05 1.89707e-05 -4.57701e-07 0.00882334 -0.0162667 2.91582e-07 -8.51156e-05 -0.0162667 0.0806636 
0.00879905 -0.0161736 1.71491e-05 7.91345e-07 -0.0161736 0.0801489 -3.53945e-06 -7.92212e-05 1.71491e-05 -3.53945e-06 0.00882107 -0.016264 7.91345e-07 -7.92212e-05 -0.016264 0.0806194 
0.0087726 -0.0161338 2.55601e-06 3.32164e-06 -0.0161338 0.0799649 -8.63396e-07 -8.03406e-05 2.55601e-06 -8.63396e-07 0.00881411 -0.016236 3.32164e-06 -8.03406e-05 -0.016236 0.0804737 
0.00876254 -0.0160673 -7.64983e-06 1.91215e-05 -0.0160673 0.0796655 1.59949e-05 -0.00010379 -7.64983e-06 1.59949e-05 0.00877296 -0.0161944 1.91215e-05 -0.00010379 -0.0161944 0.0802269 
0.00877045 -0.016061 -9.94924e-06 3.23858e-05 -0.016061 0.0795412 3.06399e-05 -0.000139084 -9.94924e-06 3.06399e-05 0.00874187 -0.0161523 3.23858e-05 -0.000139084 -0.0161523 0.0800735 
0.00879393 -0.0161146 -9.90293e-06 3.49291e-05 -0.0161146 0.0797102 3.48549e-05 -0.000158966 -9.90293e-06 3.48549e-05 0.00874427 -0.0161518 3.49291e-05 -0.000158966 -0.0161518 0.080127 
0.00881183 -0.0161599 -1.69973e-05 3.45287e-05 -0.0161599 0.0799053 3.69725e-05 -0.000168302 -1.69973e-05 3.69725e-05 0.00876017 -0.0161684 3.45287e-05 -0.000168302 -0.0161684 0.0802212 
0.00882161 -0.016207 -1.51488e-05 4.35247e-05 -0.016207 0.0801491 4.58372e-05 -0.000184796 -1.51488e-05 4.58372e-05 0.00879336 -0.0162152 4.35247e-05 -0.000184796 -0.0162152 0.0804301 
0.00881809 -0.0162123 -2.02153e-05 4.39932e-05 -0.0162123 0.0802412 4.47237e-05 -0.000195555 -2.02153e-05 4.47237e-05 0.00881529 -0.0162495 4.39932e-05 -0.000195555 -0.0162495 0.0805591 
0.00882989 -0.0162179 -1.86569e-05 5.13104e-05 -0.0162179 0.080329 4.90351e-05 -0.000207497 -1.86569e-05 4.90351e-05 0.00882318 -0.0162906 5.13104e-05 -0.000207497 -0.0162906 0.0807297 
0.00884173 -0.0162151 -5.83944e-06 4.96175e-05 -0.0162151 0.0803124 4.61373e-05 -0.000209546 -5.83944e-06 4.61373e-05 0.00881512 -0.0162854 4.96175e-05 -0.000209546 -0.0162854 0.080749 
0.00886122 -0.0162377 8.16915e-07 3.31992e-05 -0.0162377 0.0803745 3.06271e-05 -0.000184144 8.16915e-07 3.06271e-05 0.00880865 -0.0162831 3.31992e-05 -0.000184144 -0.0162831 0.0807796 
0.00884805 -0.0162015 7.05063e-06 2.29259e-05 -0.0162015 0.0801467 2.20389e-05 -0.000154212 7.05063e-06 2.20389e-05 0.00877107 -0.0162153 2.29259e-05 -0.000154212 -0.0162153 0.0804867 
0.00884148 -0.0162155 9.2341e-06 1.32902e-05 -0.0162155 0.0801613 1.50699e-05 -0.000129575 9.2341e-06 1.50699e-05 0.00877333 -0.016195 1.32902e-05 -0.000129575 -0.016195 0.0804146 
0.00879512 -0.0161688 1.70244e-05 1.17184e-05 -0.0161688 0.0799547 1.32883e-05 -0.000118775 1.70244e-05 1.32883e-05 0.00877561 -0.0161527 1.17184e-05 -0.000118775 -0.0161527 0.0801686 
0.00879474 -0.016162 1.64631e-05 4.74683e-06 -0.016162 0.0800123 5.43059e-06 -0.000107213 1.64631e-05 5.43059e-06 0.00879784 -0.0162044 4.74683e-06 -0.000107213 -0.0162044 0.0803068 
0.00878075 -0.0161252 1.36651e-05 4.68939e-06 -0.0161252 0.0798587 2.55883e-06 -9.76947e-05 1.36651e-05 2.55883e-06 0.00879122 -0.016203 4.68939e-06 -9.76947e-05 -0.016203 0.0802621 
0.00878431 -0.0161439 2.68587e-06 8.30986e-06 -0.0161439 0.0799414 4.97706e-06 -9.94404e-05 2.68587e-06 4.97706e-06 0.0088055 -0.0162312 8.30986e-06 -9.94404e-05 -0.0162312 0.0804025 
0.00878027 -0.0161407 7.09253e-06 1.95391e-05 -0.0161407 0.0799559 1.82998e-05 -0.000117402 7.09253e-06 1.82998e-05 0.00881068 -0.0162459 1.95391e-05 -0.000117402 -0.0162459 0.0804674 
0.00877048 -0.0161007 7.89122e-06 1.52708e-05 -0.0161007 0.0797873 1.45216e-05 -0.000122011 7.89122e-06 1.45216e-05 0.00878839 -0.0162217 1.52708e-05 -0.000122011 -0.0162217 0.080351 
0.00875953 -0.0161189 5.72015e-06 1.14961e-05 -0.0161189 0.0798468 1.33946e-05 -0.000115236 5.72015e-06 1.33946e-05 0.00881008 -0.0162282 1.14961e-05 -0.000115236 -0.0162282 0.0804201 
0.00874646 -0.0161117 3.83875e-06 1.14785e-05 -0.0161117 0.0798853 1.69729e-05 -0.000113499 3.83875e-06 1.69729e-05 0.00883465 -0.0162574 1.14785e-05 -0.000113499 -0.0162574 0.0805089 
0.00874821 -0.0160565 3.50937e-06 1.18783e-05 -0.0160565 0.0796835 1.67117e-05 -0.000110169 3.50937e-06 1.67117e-05 0.00880391 -0.0162488 1.18783e-05 -0.000110169 -0.0162488 0.0804091 
0.00877628 -0.0160896 -1.21564e-06 1.20984e-05 -0.0160896 0.079753 1.28962e-05 -0.000102826 -1.21564e-06 1.28962e-05 0.00878689 -0.0162438 1.20984e-05 -0.000102826 -0.0162438 0.0804661 
0.00877931 -0.0161183 -1.8897e-05 1.95768e-05 -0.0161183 0.0798087 1.80796e-05 -0.000107785 -1.8897e-05 1.80796e-05 0.00877858 -0.0162082 1.95768e-05 -0.000107785 -0.0162082 0.0803893 
0.00877295 -0.0161155 -2.58354e-05 4.31709e-05 -0.0161155 0.0798 3.8529e-05 -0.000144948 -2.58354e-05 3.8529e-05 0.00877358 -0.0161826 4.31709e-05 -0.000144948 -0.0161826 0.0802723 
0.00875785 -0.0160902 -1.43468e-05 5.34478e-05 -0.0160902 0.0796919 4.67254e-05 -0.000178412 -1.43468e-05 4.67254e-05 0.00876963 -0.0161592 5.34478e-05 -0.000178412 -0.0161592 0.0801279 
0.00878408 -0.0161144 -6.1579e-06 3.92962e-05 -0.0161144 0.0798292 3.14473e-05 -0.000166475 -6.1579e-06 3.14473e-05 0.00878062 -0.0162063 3.92962e-05 -0.000166475 -0.0162063 0.0803045 
0.00884518 -0.0162105 -1.84805e-06 2.6701e-05 -0.0162105 0.0802663 1.89283e-05 -0.000132934 -1.84805e-06 1.89283e-05 0.00881264 -0.0162966 2.6701e-05 -0.000132934 -0.0162966 0.0807721 
0.00883983 -0.0162088 1.38395e-05 1.63491e-05 -0.0162088 0.0802083 1.27188e-05 -0.000101421 1.38395e-05 1.27188e-05 0.00881142 -0.0162612 1.63491e-05 -0.000101421 -0.0162612 0.0806743 
0.00879935 -0.0161888 2.04177e-05 -4.77443e-06 -0.0161888 0.0800994 -5.41471e-06 -5.75586e-05 2.04177e-05 -5.41471e-06 0.00883267 -0.0162398 -4.77443e-06 -5.75586e-05 -0.0162398 0.0805345 
0.00879098 -0.0161742 1.85898e-05 -1.39499e-05 -0.0161742 0.0801402 -1.60209e-05 -1.95307e-05 1.85898e-05 -1.60209e-05 0.00885899 -0.0163008 -1.39499e-05 -1.95307e-05 -0.0163008 0.0806844 
0.00879569 -0.0161852 2.39018e-05 -9.28409e-06 -0.0161852 0.0802521 -1.35179e-05 -1.3178e-05 2.39018e-05 -1.35179e-05 0.0088889 -0.0163646 -9.28409e-06 -1.3178e-05 -0.0163646 0.0809519 
0.00879507 -0.0161685 2.23332e-05 -1.219e-05 -0.0161685 0.080211 -1.86193e-05 -1.00571e-05 2.23332e-05 -1.86193e-05 0.00889109 -0.0163845 -1.219e-05 -1.00571e-05 -0.0163845 0.0810376 
0.00880097 -0.0161545 2.80356e-05 -1.09638e-05 -0.0161545 0.0801347 -1.71642e-05 -9.96435e-06 2.80356e-05 -1.71642e-05 0.00887393 -0.0163767 -1.09638e-05 -9.96435e-06 -0.0163767 0.081024 
0.00881935 -0.0161757 1.77311e-05 -1.72413e-05 -0.0161757 0.0801859 -1.98726e-05 -7.53195e-06 1.77311e-05 -1.98726e-05 0.00886317 -0.0163688 -1.72413e-05 -7.53195e-06 -0.0163688 0.0810505 
0.00884106 -0.0161932 5.93587e-06 -7.41952e-06 -0.0161932 0.0802171 -5.85492e-06 -2.34888e-05 5.93587e-06 -5.85492e-06 0.00883725 -0.0163438 -7.41952e-06 -2.34888e-05 -0.0163438 0.08099 
0.00885632 -0.0162248 1.22841e-05 1.01431e-05 -0.0162248 0.0802918 1.0805e-05 -6.26044e-05 1.22841e-05 1.0805e-05 0.00882192 -0.0163106 1.01431e-05 -6.26044e-05 -0.0163106 0.0809159 
0.00883964 -0.0161945 1.28766e-05 4.24517e-06 -0.0161945 0.0801043 3.17796e-06 -7.07511e-05 1.28766e-05 3.17796e-06 0.00878964 -0.0162355 4.24517e-06 -7.07511e-05 -0.0162355 0.0805825 
0.00884535 -0.016213 8.55877e-06 -8.69848e-07 -0.016213 0.0801759 6.93026e-08 -5.97978e-05 8.55877e-06 6.93026e-08 0.00878959 -0.0162355 -8.69848e-07 -5.97978e-05 -0.0162355 0.0805694 
