0.00692033 0 -3.89502e-05 0 0 0.01 0 0 -3.89502e-05 0 0.00774316 0 0 0 0 0.01 
0.00984932 -0.0122332 -4.8049e-05 5.94485e-05 -0.0122332 0.0326309 5.94485e-05 -0.000113987 -4.8049e-05 5.94485e-05 0.0108247 -0.0134405 5.94485e-05 -0.000113987 -0.0134405 0.0349455 
0.0100077 -0.0187258 -4.20572e-05 0.000104192 -0.0187258 0.0690325 0.000104192 -0.000333797 -4.20572e-05 0.000104192 0.010755 -0.0201185 0.000104192 -0.000333797 -0.0201185 0.0735002 
0.00948964 -0.0186187 -5.26059e-05 7.69359e-05 -0.0186187 0.08358 7.63664e-05 -0.00032077 -5.26059e-05 7.63664e-05 0.0101095 -0.0195142 7.69359e-05 -0.00032077 -0.0195142 0.0869722 
0.00949019 -0.0180251 -4.98813e-05 7.28545e-05 -0.0180251 0.0873923 6.6829e-05 -0.000221781 -4.98813e-05 6.6829e-05 0.0101601 -0.0187306 7.28545e-05 -0.000221781 -0.0187306 0.0894705 
0.00958044 -0.0178163 -1.78285e-05 5.81648e-05 -0.0178163 0.0881595 4.81699e-05 -0.000145813 -1.78285e-05 4.81699e-05 0.0103405 -0.0187711 5.81648e-05 -0.000145813 -0.0187711 0.09033 
0.00966346 -0.0178302 1.51659e-05 7.7929e-06 -0.0178302 0.0884295 -3.22816e-06 -3.22117e-05 1.51659e-05 -3.22816e-06 0.0104755 -0.0189368 7.7929e-06 -3.22117e-05 -0.0189368 0.0910899 
0.00970848 -0.0178875 4.3393e-05 -5.0223e-05 -0.0178875 0.0885681 -5.80159e-05 0.000119998 4.3393e-05 -5.80159e-05 0.0105119 -0.0190073 -5.0223e-05 0.000119998 -0.0190073 0.0914441 
0.00973423 -0.0179346 6.02141e-05 -4.24229e-05 -0.0179346 0.0886655 -4.62768e-05 0.0001192 6.02141e-05 -4.62768e-05 0.0104888 -0.0189918 -4.24229e-05 0.0001192 -0.0189918 0.0914674 
0.00976372 -0.0179853 8.25629e-05 -7.06573e-05 -0.0179853 0.088795 -7.35918e-05 0.0001621 8.25629e-05 -7.35918e-05 0.0104736 -0.0189531 -7.06573e-05 0.0001621 -0.0189531 0.0913882 
0.00978869 -0.0180269 7.74467e-05 -9.85999e-05 -0.0180269 0.088918 -0.000100829 0.000225456 7.74467e-05 -0.000100829 0.0104661 -0.0189419 -9.85999e-05 0.000225456 -0.0189419 0.0913361 
0.00978439 -0.0180664 7.7781e-05 -9.17568e-05 -0.0180664 0.0890403 -9.14648e-05 0.000237384 7.7781e-05 -9.14648e-05 0.0104452 -0.0189216 -9.17568e-05 0.000237384 -0.0189216 0.0912631 
0.00975522 -0.0180775 7.22368e-05 -8.54417e-05 -0.0180775 0.0891342 -8.57928e-05 0.000217673 7.22368e-05 -8.57928e-05 0.0104532 -0.0189016 -8.54417e-05 0.000217673 -0.0189016 0.0912173 
0.00969923 -0.018005 5.50228e-05 -7.31308e-05 -0.018005 0.0890124 -7.45411e-05 0.000185694 5.50228e-05 -7.45411e-05 0.0104446 -0.0189341 -7.31308e-05 0.000185694 -0.0189341 0.0912706 
0.00967627 -0.0179615 5.98554e-05 -5.62484e-05 -0.0179615 0.0889155 -5.67421e-05 0.000148501 5.98554e-05 -5.67421e-05 0.0104214 -0.0189117 -5.62484e-05 0.000148501 -0.0189117 0.0912662 
0.00967786 -0.0179432 8.40486e-05 -8.66735e-05 -0.0179432 0.0888543 -8.4142e-05 0.000202852 8.40486e-05 -8.4142e-05 0.010403 -0.018867 -8.66735e-05 0.000202852 -0.018867 0.0911758 
0.00966009 -0.0179104 9.11341e-05 -9.88824e-05 -0.0179104 0.0887387 -9.54568e-05 0.00023009 9.11341e-05 -9.54568e-05 0.0103751 -0.0188411 -9.88824e-05 0.00023009 -0.0188411 0.0910754 
0.00965317 -0.0178768 7.55246e-05 -9.35595e-05 -0.0178768 0.0886309 -9.12031e-05 0.000218613 7.55246e-05 -9.12031e-05 0.0103516 -0.0188157 -9.35595e-05 0.000218613 -0.0188157 0.0910125 
0.00967115 -0.0179041 9.14939e-05 -8.72828e-05 -0.0179041 0.0886701 -8.43124e-05 0.000214961 9.14939e-05 -8.43124e-05 0.010352 -0.0187658 -8.72828e-05 0.000214961 -0.0187658 0.0908945 
0.00968864 -0.0179449 7.75026e-05 -0.000101269 -0.0179449 0.0887724 -9.65019e-05 0.000223255 7.75026e-05 -9.65019e-05 0.0103585 -0.0187448 -0.000101269 0.000223255 -0.0187448 0.0907853 
0.00967689 -0.0179335 6.44877e-06 -6.45616e-05 -0.0179335 0.0887597 -6.13586e-05 0.000154607 6.44877e-06 -6.13586e-05 0.0103493 -0.0187744 -6.45616e-05 0.000154607 -0.0187744 0.0908126 
0.00969077 -0.017947 -2.82817e-05 1.39552e-05 -0.017947 0.0888023 1.61799e-05 9.89671e-06 -2.82817e-05 1.61799e-05 0.0103168 -0.0187442 1.39552e-05 9.89671e-06 -0.0187442 0.0907688 
0.00969969 -0.0179517 -4.40634e-05 2.57083e-05 -0.0179517 0.088814 2.81782e-05 -4.14758e-05 -4.40634e-05 2.81782e-05 0.010316 -0.0187274 2.57083e-05 -4.14758e-05 -0.0187274 0.0907566 
0.00968403 -0.0179045 -9.39784e-06 2.4143e-05 -0.0179045 0.0886798 2.50299e-05 -2.67619e-05 -9.39784e-06 2.50299e-05 0.0103431 -0.0187747 2.4143e-05 -2.67619e-05 -0.0187747 0.0908782 
0.00968765 -0.0179157 4.92784e-05 4.89321e-06 -0.0179157 0.0886744 2.04997e-06 -1.06427e-05 4.92784e-05 2.04997e-06 0.0103477 -0.0187845 4.89321e-06 -1.06427e-05 -0.0187845 0.0909214 
0.00971292 -0.0179658 7.33976e-05 -5.42617e-05 -0.0179658 0.0888063 -6.03515e-05 8.34129e-05 7.33976e-05 -6.03515e-05 0.0103445 -0.01876 -5.42617e-05 8.34129e-05 -0.01876 0.0908715 
0.00970582 -0.0179589 6.91205e-05 -8.07051e-05 -0.0179589 0.0888111 -8.65128e-05 0.000171133 6.91205e-05 -8.65128e-05 0.0103527 -0.0187848 -8.07051e-05 0.000171133 -0.0187848 0.0909146 
0.00971066 -0.0179521 4.10718e-05 -7.69183e-05 -0.0179521 0.0888042 -7.85669e-05 0.000187619 4.10718e-05 -7.85669e-05 0.01036 -0.018806 -7.69183e-05 0.000187619 -0.018806 0.090987 
0.00971646 -0.0179672 -1.3382e-05 -2.47229e-05 -0.0179672 0.0888346 -2.23548e-05 8.20358e-05 -1.3382e-05 -2.23548e-05 0.0103718 -0.01881 -2.47229e-05 8.20358e-05 -0.01881 0.0910162 
0.0097288 -0.0179919 -3.02875e-05 2.50554e-05 -0.0179919 0.0889089 2.70365e-05 -2.39359e-05 -3.02875e-05 2.70365e-05 0.0103808 -0.018813 2.50554e-05 -2.39359e-05 -0.018813 0.0910165 
0.00973766 -0.0180133 -8.17956e-06 2.79212e-05 -0.0180133 0.0889795 2.64366e-05 -5.09151e-05 -8.17956e-06 2.64366e-05 0.0103903 -0.0188297 2.79212e-05 -5.09151e-05 -0.0188297 0.0910542 
0.00970841 -0.0179911 1.70986e-05 -5.33735e-06 -0.0179911 0.0889347 -9.0535e-06 3.70153e-06 1.70986e-05 -9.0535e-06 0.0103973 -0.0188572 -5.33735e-06 3.70153e-06 -0.0188572 0.0911225 
0.00972205 -0.01797 1.10345e-05 -2.29028e-05 -0.01797 0.0889022 -2.54491e-05 4.74205e-05 1.10345e-05 -2.54491e-05 0.0103978 -0.0188653 -2.29028e-05 4.74205e-05 -0.0188653 0.0911691 
0.00972002 -0.017975 2.02442e-05 -1.53026e-05 -0.017975 0.088875 -1.628e-05 5.15363e-05 2.02442e-05 -1.628e-05 0.0103942 -0.0188548 -1.53026e-05 5.15363e-05 -0.0188548 0.0911438 
0.00973271 -0.0179888 -8.02183e-06 -9.30933e-06 -0.0179888 0.0889064 -8.71267e-06 1.5616e-05 -8.02183e-06 -8.71267e-06 0.0103746 -0.0188312 -9.30933e-06 1.5616e-05 -0.0188312 0.0910695 
0.00970099 -0.0179596 -1.98828e-05 2.30082e-05 -0.0179596 0.0888216 2.5632e-05 -4.70102e-05 -1.98828e-05 2.5632e-05 0.0103729 -0.018836 2.30082e-05 -4.70102e-05 -0.018836 0.0910736 
0.00968978 -0.0179506 -1.34348e-05 3.33764e-05 -0.0179506 0.088803 3.69827e-05 -8.79141e-05 -1.34348e-05 3.69827e-05 0.010355 -0.0188024 3.33764e-05 -8.79141e-05 -0.0188024 0.0909894 
0.00966134 -0.0179202 -7.84616e-06 2.33705e-05 -0.0179202 0.088728 2.64021e-05 -8.12854e-05 -7.84616e-06 2.64021e-05 0.0103431 -0.0187879 2.33705e-05 -8.12854e-05 -0.0187879 0.090938 
0.00963349 -0.0178941 1.32195e-05 -8.92864e-06 -0.0178941 0.0886682 -6.6479e-06 7.0727e-06 1.32195e-05 -6.6479e-06 0.0103422 -0.0187639 -8.92864e-06 7.0727e-06 -0.0187639 0.0908727 
0.00964031 -0.0178776 2.41075e-05 -2.70151e-05 -0.0178776 0.0886338 -2.57597e-05 6.3024e-05 2.41075e-05 -2.57597e-05 0.010334 -0.0187466 -2.70151e-05 6.3024e-05 -0.0187466 0.0908085 
0.00966595 -0.0178729 5.89844e-05 -3.68293e-05 -0.0178729 0.0885954 -3.93244e-05 0.000100528 5.89844e-05 -3.93244e-05 0.0103422 -0.0187561 -3.68293e-05 0.000100528 -0.0187561 0.0908301 
0.00966437 -0.0178896 9.14526e-05 -8.3844e-05 -0.0178896 0.0885884 -9.08279e-05 0.000196855 9.14526e-05 -9.08279e-05 0.0103481 -0.0187766 -8.3844e-05 0.000196855 -0.0187766 0.0908827 
0.00965938 -0.0178884 7.04199e-05 -9.64951e-05 -0.0178884 0.0885979 -0.000105368 0.000232973 7.04199e-05 -0.000105368 0.010347 -0.0187871 -9.64951e-05 0.000232973 -0.0187871 0.0909227 
0.00964594 -0.0178789 3.20606e-05 -6.20741e-05 -0.0178789 0.0885857 -6.69938e-05 0.000176342 3.20606e-05 -6.69938e-05 0.0103502 -0.018797 -6.20741e-05 0.000176342 -0.018797 0.0909696 
0.00965546 -0.0178765 -1.36691e-05 -8.81802e-06 -0.0178765 0.0885924 -8.87986e-06 4.64142e-05 -1.36691e-05 -8.87986e-06 0.0103385 -0.0187941 -8.81802e-06 4.64142e-05 -0.0187941 0.0909782 
0.00969401 -0.0179044 -4.93627e-05 3.87458e-05 -0.0179044 0.0886583 4.12183e-05 -7.97415e-05 -4.93627e-05 4.12183e-05 0.0103252 -0.0187735 3.87458e-05 -7.97415e-05 -0.0187735 0.0909474 
0.0097191 -0.0179306 -7.58169e-05 8.1058e-05 -0.0179306 0.0887058 8.49897e-05 -0.000197067 -7.58169e-05 8.49897e-05 0.0103023 -0.0187678 8.1058e-05 -0.000197067 -0.0187678 0.0909273 
0.00972237 -0.017988 -6.45407e-05 9.49664e-05 -0.017988 0.0888437 0.000103085 -0.00025103 -6.45407e-05 0.000103085 0.0103001 -0.0187192 9.49664e-05 -0.00025103 -0.0187192 0.0908259 
0.00974418 -0.018029 -4.94739e-06 6.20794e-05 -0.018029 0.0890115 7.04657e-05 -0.000196402 -4.94739e-06 7.04657e-05 0.0103281 -0.0187059 6.20794e-05 -0.000196402 -0.0187059 0.0907579 
0.00969966 -0.017985 2.45483e-05 1.30806e-05 -0.017985 0.0889186 1.8606e-05 -0.000112206 2.45483e-05 1.8606e-05 0.0103502 -0.0187707 1.30806e-05 -0.000112206 -0.0187707 0.090851 
0.00967221 -0.0179316 5.14223e-05 -4.7283e-05 -0.0179316 0.0887925 -4.57651e-05 5.87488e-05 5.14223e-05 -4.57651e-05 0.0103634 -0.0187998 -4.7283e-05 5.87488e-05 -0.0187998 0.0909488 
0.00969415 -0.0179364 3.63837e-05 -5.16417e-05 -0.0179364 0.0887887 -5.64872e-05 0.000107818 3.63837e-05 -5.64872e-05 0.0103729 -0.0187891 -5.16417e-05 0.000107818 -0.0187891 0.0909432 
0.00971642 -0.0179377 1.63708e-05 -2.69152e-05 -0.0179377 0.088763 -3.40647e-05 7.86016e-05 1.63708e-05 -3.40647e-05 0.0103731 -0.0188176 -2.69152e-05 7.86016e-05 -0.0188176 0.0909919 
0.00972739 -0.0179498 1.14037e-05 -2.14272e-05 -0.0179498 0.0887568 -2.53959e-05 7.11032e-05 1.14037e-05 -2.53959e-05 0.0103639 -0.0188345 -2.14272e-05 7.11032e-05 -0.0188345 0.0910582 
0.00974378 -0.0179943 2.4247e-06 -1.26403e-05 -0.0179943 0.0888638 -1.40046e-05 4.38496e-05 2.4247e-06 -1.40046e-05 0.0103756 -0.018811 -1.26403e-05 4.38496e-05 -0.018811 0.0910417 
0.00975564 -0.0180055 2.37065e-05 -1.78393e-05 -0.0180055 0.0889191 -1.53994e-05 5.81288e-05 2.37065e-05 -1.53994e-05 0.0103618 -0.0188272 -1.78393e-05 5.81288e-05 -0.0188272 0.0910473 
0.00975653 -0.0180405 1.87969e-05 -3.40841e-05 -0.0180405 0.0890143 -3.06634e-05 7.45931e-05 1.87969e-05 -3.06634e-05 0.010335 -0.0187924 -3.40841e-05 7.45931e-05 -0.0187924 0.0909808 
0.00974653 -0.0180402 7.11381e-06 -3.85045e-05 -0.0180402 0.0890603 -3.5801e-05 0.000106906 7.11381e-06 -3.5801e-05 0.0103364 -0.0187714 -3.85045e-05 0.000106906 -0.0187714 0.0909345 
0.00972804 -0.0179879 -1.5121e-05 -1.42768e-05 -0.0179879 0.0889484 -1.26618e-05 6.88625e-05 -1.5121e-05 -1.26618e-05 0.0103428 -0.0188012 -1.42768e-05 6.88625e-05 -0.0188012 0.0909904 
0.00973888 -0.0179916 -2.42476e-05 2.81937e-05 -0.0179916 0.0889286 2.95934e-05 -3.45381e-05 -2.42476e-05 2.95934e-05 0.0103213 -0.0187749 2.81937e-05 -3.45381e-05 -0.0187749 0.0909365 
0.00975147 -0.0180064 -2.09108e-05 3.58913e-05 -0.0180064 0.0889566 3.98175e-05 -8.89047e-05 -2.09108e-05 3.98175e-05 0.010342 -0.0187598 3.58913e-05 -8.89047e-05 -0.0187598 0.0909049 
0.00972826 -0.0180016 -1.31486e-05 1.64948e-05 -0.0180016 0.0889354 2.3317e-05 -6.24201e-05 -1.31486e-05 2.3317e-05 0.01037 -0.0187905 1.64948e-05 -6.24201e-05 -0.0187905 0.0909344 
0.00970203 -0.0179858 -6.36315e-06 2.32591e-05 -0.0179858 0.0889172 2.4772e-05 -7.00873e-05 -6.36315e-06 2.4772e-05 0.010383 -0.0188226 2.32591e-05 -7.00873e-05 -0.0188226 0.0910045 
0.00967127 -0.0179573 -3.04582e-05 1.3906e-05 -0.0179573 0.088868 9.03451e-06 -4.84372e-05 -3.04582e-05 9.03451e-06 0.0104017 -0.018844 1.3906e-05 -4.84372e-05 -0.018844 0.0910795 
0.0096575 -0.0179379 -4.35256e-05 4.23256e-05 -0.0179379 0.0888364 3.49215e-05 -7.42853e-05 -4.35256e-05 3.49215e-05 0.0104124 -0.0188448 4.23256e-05 -7.42853e-05 -0.0188448 0.091082 
0.00967408 -0.0179442 -4.11815e-05 5.59762e-05 -0.0179442 0.0888543 4.99744e-05 -0.000112764 -4.11815e-05 4.99744e-05 0.0103995 -0.0188291 5.59762e-05 -0.000112764 -0.0188291 0.0910237 
0.00968901 -0.0180076 -9.32379e-06 4.37742e-05 -0.0180076 0.0890105 4.21823e-05 -0.000102477 -9.32379e-06 4.21823e-05 0.0104389 -0.0187911 4.37742e-05 -0.000102477 -0.0187911 0.090925 
0.00967546 -0.0179647 2.25911e-05 1.94835e-05 -0.0179647 0.0889406 2.29345e-05 -8.26993e-05 2.25911e-05 2.29345e-05 0.0104789 -0.0188865 1.94835e-05 -8.26993e-05 -0.0188865 0.0910749 
0.00965885 -0.0179189 1.82112e-05 -1.1178e-05 -0.0179189 0.0887968 -7.77233e-06 -3.10322e-05 1.82112e-05 -7.77233e-06 0.0104955 -0.0189638 -1.1178e-05 -3.10322e-05 -0.0189638 0.0913061 
0.00968415 -0.0179306 2.05627e-05 -1.25353e-05 -0.0179306 0.0887904 -1.08469e-05 1.79892e-06 2.05627e-05 -1.08469e-05 0.0104938 -0.0189709 -1.25353e-05 1.79892e-06 -0.0189709 0.0914046 
0.00970685 -0.0179191 1.36479e-06 -5.01487e-06 -0.0179191 0.088729 -6.00953e-06 -1.01151e-05 1.36479e-06 -6.00953e-06 0.0104992 -0.0190003 -5.01487e-06 -1.01151e-05 -0.0190003 0.0915089 
0.00970052 -0.0178944 -3.64728e-05 4.18294e-06 -0.0178944 0.0886094 2.91933e-06 -1.09261e-05 -3.64728e-05 2.91933e-06 0.0104843 -0.0190381 4.18294e-06 -1.09261e-05 -0.0190381 0.0916311 
0.00971842 -0.0179228 -4.64278e-05 5.25444e-05 -0.0179228 0.088653 5.26411e-05 -9.11868e-05 -4.64278e-05 5.26411e-05 0.0104609 -0.0190033 5.25444e-05 -9.11868e-05 -0.0190033 0.0916114 
0.00975105 -0.0180004 -4.36021e-05 5.18339e-05 -0.0180004 0.0888583 5.21455e-05 -0.00011654 -4.36021e-05 5.21455e-05 0.0104212 -0.0189229 5.18339e-05 -0.00011654 -0.0189229 0.0914069 
0.00975999 -0.0180541 -5.63997e-06 3.63803e-05 -0.0180541 0.0890457 3.98944e-05 -8.59042e-05 -5.63997e-06 3.98944e-05 0.0104306 -0.0188734 3.63803e-05 -8.59042e-05 -0.0188734 0.0912503 
0.00975458 -0.0180412 2.63047e-05 9.48867e-06 -0.0180412 0.089074 1.58211e-05 -5.50167e-05 2.63047e-05 1.58211e-05 0.0104544 -0.0189082 9.48867e-06 -5.50167e-05 -0.0189082 0.091268 
0.0097529 -0.0180519 2.22676e-05 -1.89498e-05 -0.0180519 0.0891103 -1.3128e-05 -5.62113e-06 2.22676e-05 -1.3128e-05 0.0104554 -0.0189167 -1.89498e-05 -5.62113e-06 -0.0189167 0.0912736 
0.00975454 -0.0180231 4.30622e-05 -3.4431e-05 -0.0180231 0.0890487 -3.42879e-05 7.19257e-05 4.30622e-05 -3.42879e-05 0.0104351 -0.0189351 -3.4431e-05 7.19257e-05 -0.0189351 0.0913221 
0.00974024 -0.0180135 4.04884e-05 -5.17086e-05 -0.0180135 0.0889931 -5.72224e-05 0.000119766 4.04884e-05 -5.72224e-05 0.0104031 -0.0189056 -5.17086e-05 0.000119766 -0.0189056 0.0912819 
0.00975394 -0.0180419 2.97816e-05 -5.24552e-05 -0.0180419 0.0890727 -5.90186e-05 0.000142792 2.97816e-05 -5.90186e-05 0.0103923 -0.0188434 -5.24552e-05 0.000142792 -0.0188434 0.0911483 
0.00976093 -0.0180275 2.28044e-05 -3.23771e-05 -0.0180275 0.0890484 -3.70189e-05 0.000107204 2.28044e-05 -3.70189e-05 0.0103904 -0.0188484 -3.23771e-05 0.000107204 -0.0188484 0.0911125 
0.00973475 -0.0179917 2.07766e-05 -9.98976e-06 -0.0179917 0.0889286 -1.16597e-05 3.72626e-05 2.07766e-05 -1.16597e-05 0.0103883 -0.0188743 -9.98976e-06 3.72626e-05 -0.0188743 0.0911739 
0.00971982 -0.0179913 1.58257e-05 -4.53062e-06 -0.0179913 0.0889162 -2.01478e-06 -6.02583e-06 1.58257e-05 -2.01478e-06 0.0103722 -0.0188456 -4.53062e-06 -6.02583e-06 -0.0188456 0.091128 
0.00970391 -0.0179846 1.24759e-05 -1.24403e-05 -0.0179846 0.0889155 -9.14445e-06 3.33441e-06 1.24759e-05 -9.14445e-06 0.0103456 -0.0188052 -1.24403e-05 3.33441e-06 -0.0188052 0.0910156 
0.00970011 -0.0179738 2.97855e-05 -1.83742e-05 -0.0179738 0.0889062 -1.72521e-05 3.29301e-05 2.97855e-05 -1.72521e-05 0.0103368 -0.018765 -1.83742e-05 3.29301e-05 -0.018765 0.0909061 
0.00970322 -0.0179822 3.84244e-05 -4.18555e-05 -0.0179822 0.0889274 -4.46969e-05 8.86466e-05 3.84244e-05 -4.46969e-05 0.010356 -0.0187509 -4.18555e-05 8.86466e-05 -0.0187509 0.0908454 
0.00968737 -0.0179532 3.23994e-05 -3.43559e-05 -0.0179532 0.0888548 -3.85874e-05 8.51402e-05 3.23994e-05 -3.85874e-05 0.0103742 -0.0187932 -3.43559e-05 8.51402e-05 -0.0187932 0.0909024 
0.00967991 -0.0179238 1.50925e-05 -3.00465e-05 -0.0179238 0.0887622 -3.44691e-05 7.70174e-05 1.50925e-05 -3.44691e-05 0.0103507 -0.0188204 -3.00465e-05 7.70174e-05 -0.0188204 0.0909821 
0.00967802 -0.017917 2.3563e-05 -8.58169e-06 -0.017917 0.0887173 -1.39597e-05 3.93975e-05 2.3563e-05 -1.39597e-05 0.0103058 -0.0187828 -8.58169e-06 3.93975e-05 -0.0187828 0.090943 
0.0096735 -0.0179403 1.18839e-05 -2.87757e-05 -0.0179403 0.0887683 -3.33819e-05 5.93232e-05 1.18839e-05 -3.33819e-05 0.0102901 -0.0187006 -2.87757e-05 5.93232e-05 -0.0187006 0.0907628 
0.00968059 -0.0179325 -4.37808e-06 -1.19219e-05 -0.0179325 0.0887768 -1.15606e-05 3.8516e-05 -4.37808e-06 -1.15606e-05 0.0102713 -0.0186721 -1.19219e-05 3.8516e-05 -0.0186721 0.0906252 
0.00969104 -0.0179422 1.09515e-05 -1.92043e-06 -0.0179422 0.0887902 2.20087e-06 1.8685e-05 1.09515e-05 2.20087e-06 0.0102812 -0.0186524 -1.92043e-06 1.8685e-05 -0.0186524 0.0905567 
0.00966925 -0.0179215 1.86454e-05 -1.24708e-05 -0.0179215 0.0887237 -7.31143e-06 1.66725e-05 1.86454e-05 -7.31143e-06 0.0103105 -0.0186919 -1.24708e-05 1.66725e-05 -0.0186919 0.0906211 
0.00966095 -0.0178936 5.74701e-05 -4.64732e-05 -0.0178936 0.0886526 -4.21601e-05 0.000103762 5.74701e-05 -4.21601e-05 0.0103245 -0.018734 -4.64732e-05 0.000103762 -0.018734 0.0907295 
0.00964624 -0.0178603 0.000112072 -7.60219e-05 -0.0178603 0.0885433 -7.75596e-05 0.000172013 0.000112072 -7.75596e-05 0.0103165 -0.0187707 -7.60219e-05 0.000172013 -0.0187707 0.0908544 
0.00967871 -0.017897 0.000146593 -0.00012895 -0.017897 0.0886225 -0.000136969 0.000276234 0.000146593 -0.000136969 0.0103043 -0.0187276 -0.00012895 0.000276234 -0.0187276 0.0908081 
0.00970595 -0.0179277 0.000119076 -0.0001597 -0.0179277 0.0886973 -0.000166377 0.00035453 0.000119076 -0.000166377 0.0103007 -0.0187173 -0.0001597 0.00035453 -0.0187173 0.0907635 
0.00972041 -0.0179472 7.53147e-05 -0.000127912 -0.0179472 0.0887431 -0.000129559 0.000329529 7.53147e-05 -0.000129559 0.0102958 -0.0187255 -0.000127912 0.000329529 -0.0187255 0.0907739 
0.00973228 -0.0179648 5.94686e-05 -8.66183e-05 -0.0179648 0.0887921 -8.4286e-05 0.000249643 5.94686e-05 -8.4286e-05 0.0102915 -0.018726 -8.66183e-05 0.000249643 -0.018726 0.0907884 
0.00973045 -0.0180023 7.53663e-05 -6.3806e-05 -0.0180023 0.0888992 -6.19278e-05 0.000171976 7.53663e-05 -6.19278e-05 0.0103187 -0.0187137 -6.3806e-05 0.000171976 -0.0187137 0.0907713 
0.00972205 -0.0180046 8.69065e-05 -8.41768e-05 -0.0180046 0.0889523 -8.50916e-05 0.000180471 8.69065e-05 -8.50916e-05 0.0103467 -0.0187482 -8.41768e-05 0.000180471 -0.0187482 0.0908184 
0.00971707 -0.0180046 0.000100818 -0.000100304 -0.0180046 0.0889757 -0.000104274 0.000222487 0.000100818 -0.000104274 0.010348 -0.0187709 -0.000100304 0.000222487 -0.0187709 0.0908655 
0.00970027 -0.017961 9.63695e-05 -0.000113499 -0.017961 0.0888728 -0.000120515 0.000259847 9.63695e-05 -0.000120515 0.010337 -0.0187958 -0.000113499 0.000259847 -0.0187958 0.0909455 
0.00969654 -0.0179592 6.36879e-05 -0.000108081 -0.0179592 0.0888462 -0.000114485 0.000267721 6.36879e-05 -0.000114485 0.0103162 -0.0187601 -0.000108081 0.000267721 -0.0187601 0.0908955 
0.00967226 -0.0179353 1.81668e-05 -5.42344e-05 -0.0179353 0.0887801 -5.88791e-05 0.000166569 1.81668e-05 -5.88791e-05 0.0103063 -0.0187372 -5.42344e-05 0.000166569 -0.0187372 0.0908266 
0.009644 -0.0178893 3.03889e-05 -7.33918e-06 -0.0178893 0.0886635 -9.4816e-06 5.24722e-05 3.03889e-05 -9.4816e-06 0.0103071 -0.0187372 -7.33918e-06 5.24722e-05 -0.0187372 0.0908148 
0.00963516 -0.0178334 4.05871e-05 -1.37308e-05 -0.0178334 0.0885035 -1.28621e-05 2.59805e-06 4.05871e-05 -1.28621e-05 0.0102981 -0.0187522 -1.37308e-05 2.59805e-06 -0.0187522 0.09085 
0.00964517 -0.017847 7.71292e-05 -4.93116e-05 -0.017847 0.0884897 -4.43191e-05 7.14244e-05 7.71292e-05 -4.43191e-05 0.0103078 -0.0187356 -4.93116e-05 7.14244e-05 -0.0187356 0.0908455 
0.00966509 -0.0179056 0.0001191 -9.64541e-05 -0.0179056 0.0886358 -8.99113e-05 0.000175778 0.0001191 -8.99113e-05 0.0103061 -0.0187041 -9.64541e-05 0.000175778 -0.0187041 0.0907375 
0.00969427 -0.0179511 0.000110813 -0.000127583 -0.0179511 0.0887935 -0.000121077 0.000244021 0.000110813 -0.000121077 0.0102978 -0.0186862 -0.000127583 0.000244021 -0.0186862 0.0906488 
0.00968845 -0.0179531 9.24384e-05 -0.000124863 -0.0179531 0.0888164 -0.00012293 0.000283097 9.24384e-05 -0.00012293 0.0103003 -0.0186934 -0.000124863 0.000283097 -0.0186934 0.0906397 
0.00969163 -0.0179498 5.94e-05 -8.82241e-05 -0.0179498 0.0888218 -9.04359e-05 0.000222285 5.94e-05 -9.04359e-05 0.0102835 -0.0186942 -8.82241e-05 0.000222285 -0.0186942 0.0906365 
0.00970234 -0.0179251 1.81623e-05 -4.58805e-05 -0.0179251 0.0887505 -4.81313e-05 0.00012334 1.81623e-05 -4.81313e-05 0.0102317 -0.0186831 -4.58805e-05 0.00012334 -0.0186831 0.0906207 
0.00969048 -0.0179473 -5.96296e-06 -1.88207e-05 -0.0179473 0.0887616 -2.02269e-05 6.25383e-05 -5.96296e-06 -2.02269e-05 0.0102062 -0.0186062 -1.88207e-05 6.25383e-05 -0.0186062 0.0904825 
0.00968259 -0.0179461 2.75587e-05 3.75557e-06 -0.0179461 0.0887883 3.34356e-06 1.15008e-05 2.75587e-05 3.34356e-06 0.0102156 -0.0185724 3.75557e-06 1.15008e-05 -0.0185724 0.0903699 
0.0096594 -0.0179227 8.47584e-05 -4.61779e-05 -0.0179227 0.0887431 -4.81278e-05 8.2092e-05 8.47584e-05 -4.81278e-05 0.0102406 -0.0185847 -4.61779e-05 8.2092e-05 -0.0185847 0.0903421 
0.00964346 -0.0178969 0.000138719 -0.00010784 -0.0178969 0.0886815 -0.000111603 0.000209808 0.000138719 -0.000111603 0.0102561 -0.0186126 -0.00010784 0.000209808 -0.0186126 0.0903808 
0.00963756 -0.0178476 0.00013462 -0.000154257 -0.0178476 0.0885477 -0.000160261 0.000321252 0.00013462 -0.000160261 0.0102558 -0.0186638 -0.000154257 0.000321252 -0.0186638 0.0905199 
0.00967426 -0.0178606 0.000138556 -0.000172838 -0.0178606 0.0885365 -0.000178821 0.000418778 0.000138556 -0.000178821 0.0102434 -0.018653 -0.000172838 0.000418778 -0.018653 0.0905548 
0.00970181 -0.0178949 0.000129955 -0.000163951 -0.0178949 0.0885789 -0.000171382 0.000422164 0.000129955 -0.000171382 0.0102241 -0.018643 -0.000163951 0.000422164 -0.018643 0.0905448 
0.00974048 -0.0179763 0.000144149 -0.000159748 -0.0179763 0.0887851 -0.000164925 0.000415043 0.000144149 -0.000164925 0.0102029 -0.0185908 -0.000159748 0.000415043 -0.0185908 0.0904324 
0.00972399 -0.0180003 0.00011312 -0.000156548 -0.0180003 0.0888804 -0.000159679 0.00037947 0.00011312 -0.000159679 0.0101829 -0.0185696 -0.000156548 0.00037947 -0.0185696 0.0903441 
0.00969149 -0.0179931 9.4629e-05 -0.000125301 -0.0179931 0.0889193 -0.000126845 0.000324669 9.4629e-05 -0.000126845 0.0101873 -0.018538 -0.000125301 0.000324669 -0.018538 0.0902635 
0.00967464 -0.0179588 0.000103868 -0.000117596 -0.0179588 0.0888799 -0.000118758 0.000303113 0.000103868 -0.000118758 0.0101986 -0.0185379 -0.000117596 0.000303113 -0.0185379 0.0902276 
0.00967072 -0.0179149 8.90249e-05 -0.000115993 -0.0179149 0.0887605 -0.000115369 0.000278369 8.90249e-05 -0.000115369 0.0102171 -0.0185734 -0.000115993 0.000278369 -0.0185734 0.0903035 
0.00963701 -0.0178786 8.31231e-05 -0.000103706 -0.0178786 0.0886158 -9.69519e-05 0.000251279 8.31231e-05 -9.69519e-05 0.0102346 -0.0186156 -0.000103706 0.000251279 -0.0186156 0.0904201 
0.00961929 -0.0178281 7.5691e-05 -0.000102754 -0.0178281 0.0884766 -9.29883e-05 0.000241526 7.5691e-05 -9.29883e-05 0.0102544 -0.0186543 -0.000102754 0.000241526 -0.0186543 0.0905536 
0.00961882 -0.0178293 0.000102015 -0.000102827 -0.0178293 0.0884457 -9.30978e-05 0.000248047 0.000102015 -9.30978e-05 0.010277 -0.0186618 -0.000102827 0.000248047 -0.0186618 0.0906025 
0.00963746 -0.0178484 0.000109221 -0.000131454 -0.0178484 0.0884896 -0.000127163 0.000296723 0.000109221 -0.000127163 0.010284 -0.0186777 -0.000131454 0.000296723 -0.0186777 0.0906305 
0.00963668 -0.0178622 0.000110325 -0.000133342 -0.0178622 0.0885222 -0.000135236 0.000326942 0.000110325 -0.000135236 0.0102989 -0.0187016 -0.000133342 0.000326942 -0.0187016 0.0906989 
0.00964924 -0.0178927 0.00011878 -0.000128365 -0.0178927 0.0886275 -0.000129708 0.000320147 0.00011878 -0.000129708 0.0103102 -0.0187079 -0.000128365 0.000320147 -0.0187079 0.0907253 
0.00967675 -0.017925 0.000142442 -0.000130259 -0.017925 0.0887452 -0.000129679 0.00030742 0.000142442 -0.000129679 0.0103455 -0.0187232 -0.000130259 0.00030742 -0.0187232 0.090764 
0.00967283 -0.0179234 0.000125798 -0.00016548 -0.0179234 0.0887409 -0.000164731 0.000367855 0.000125798 -0.000164731 0.0103695 -0.0187829 -0.00016548 0.000367855 -0.0187829 0.0908798 
0.00967362 -0.0179225 0.000113084 -0.000156026 -0.0179225 0.0887404 -0.000155266 0.000394921 0.000113084 -0.000155266 0.0103505 -0.0188055 -0.000156026 0.000394921 -0.0188055 0.0909543 
0.00970095 -0.0179472 0.000111556 -0.000129865 -0.0179472 0.0888058 -0.000130509 0.00034194 0.000111556 -0.000130509 0.0103173 -0.0187665 -0.000129865 0.00034194 -0.0187665 0.090906 
0.00968905 -0.017942 0.000103859 -0.000115504 -0.017942 0.0887768 -0.000118258 0.000283699 0.000103859 -0.000118258 0.0102949 -0.0187385 -0.000115504 0.000283699 -0.0187385 0.0908369 
0.00968963 -0.0179386 0.000116932 -0.000111734 -0.0179386 0.0887768 -0.000115783 0.000266484 0.000116932 -0.000115783 0.0102849 -0.0187047 -0.000111734 0.000266484 -0.0187047 0.0907493 
0.00970894 -0.0179578 0.000133005 -0.000123682 -0.0179578 0.0888293 -0.000127785 0.000276375 0.000133005 -0.000127785 0.0103044 -0.0186883 -0.000123682 0.000276375 -0.0186883 0.0906885 
0.00969275 -0.0179592 0.000134811 -0.00015543 -0.0179592 0.0888197 -0.000158 0.000343939 0.000134811 -0.000158 0.0102965 -0.0187033 -0.00015543 0.000343939 -0.0187033 0.090662 
0.00969704 -0.0179616 0.000144055 -0.00017886 -0.0179616 0.0888471 -0.000179378 0.00043218 0.000144055 -0.000179378 0.0102777 -0.0186926 -0.00017886 0.00043218 -0.0186926 0.0906549 
0.00969339 -0.0179559 0.000155645 -0.000181472 -0.0179559 0.0888397 -0.000178933 0.000452556 0.000155645 -0.000178933 0.0102837 -0.018682 -0.000181472 0.000452556 -0.018682 0.0906498 
0.00968669 -0.0179594 0.000164592 -0.00018218 -0.0179594 0.0888507 -0.000176614 0.000438571 0.000164592 -0.000176614 0.0103132 -0.0186854 -0.00018218 0.000438571 -0.0186854 0.090648 
0.00967313 -0.0179329 0.000179314 -0.000189636 -0.0179329 0.0887902 -0.00018465 0.000444259 0.000179314 -0.00018465 0.0103519 -0.0187402 -0.000189636 0.000444259 -0.0187402 0.0907561 
0.00967934 -0.0179314 0.000184916 -0.000203464 -0.0179314 0.0887776 -0.000201468 0.000470547 0.000184916 -0.000201468 0.0103631 -0.018776 -0.000203464 0.000470547 -0.018776 0.0908482 
0.00970047 -0.0179092 0.000152283 -0.000203168 -0.0179092 0.0887041 -0.000204571 0.000477727 0.000152283 -0.000204571 0.0103397 -0.0188216 -0.000203168 0.000477727 -0.0188216 0.0909951 
0.00970454 -0.017954 9.74291e-05 -0.000153901 -0.017954 0.0887671 -0.000157487 0.000394132 9.74291e-05 -0.000157487 0.0103136 -0.0187766 -0.000153901 0.000394132 -0.0187766 0.0909631 
0.00969814 -0.0179687 6.5315e-05 -0.00010762 -0.0179687 0.0888401 -0.000111144 0.000305312 6.5315e-05 -0.000111144 0.0102995 -0.0187358 -0.00010762 0.000305312 -0.0187358 0.0908643 
0.0096904 -0.0179633 8.17381e-05 -6.91124e-05 -0.0179633 0.0888588 -6.71943e-05 0.000197041 8.17381e-05 -6.71943e-05 0.0103029 -0.0187092 -6.91124e-05 0.000197041 -0.0187092 0.0907695 
0.00969689 -0.0179452 9.90372e-05 -0.000100132 -0.0179452 0.0888224 -9.50796e-05 0.000209613 9.90372e-05 -9.50796e-05 0.0103181 -0.0187224 -0.000100132 0.000209613 -0.0187224 0.0907685 
0.00968833 -0.017934 0.000113289 -0.000102453 -0.017934 0.0887632 -9.81884e-05 0.000212333 0.000113289 -9.81884e-05 0.0103314 -0.0187461 -0.000102453 0.000212333 -0.0187461 0.0908061 
