0.00720321 0 0.000427396 0 0 0.01 0 0 0.000427396 0 0.00741651 0 0 0 0 0.01 
0.010175 -0.0126336 0.000510067 -0.0006298 -0.0126336 0.033398 -0.0006298 0.00120769 0.000510067 -0.0006298 0.0104409 -0.0129676 -0.0006298 0.00120769 -0.0129676 0.0340384 
0.0102373 -0.0191271 0.00035155 -0.000674577 -0.0191271 0.0703033 -0.000674577 0.00215595 0.00035155 -0.000674577 0.0104572 -0.0196078 -0.000674577 0.00215595 -0.0196078 0.071875 
0.00968219 -0.0188272 0.000287932 -0.000428047 -0.0188272 0.0843172 -0.000433704 0.00163726 0.000287932 -0.000433704 0.00989251 -0.019221 -0.000428047 0.00163726 -0.019221 0.085952 
0.00964231 -0.0181611 0.000317273 -0.000369663 -0.0181611 0.0876366 -0.000376501 0.00108425 0.000317273 -0.000376501 0.00993799 -0.0185123 -0.000369663 0.00108425 -0.0185123 0.0888787 
0.00979346 -0.0180665 0.000355789 -0.00040237 -0.0180665 0.0886595 -0.000404372 0.000936447 0.000355789 -0.000404372 0.0101547 -0.0184901 -0.00040237 0.000936447 -0.0184901 0.0897817 
0.00992149 -0.0181667 0.000381201 -0.000478553 -0.0181667 0.0891997 -0.000475789 0.00109522 0.000381201 -0.000475789 0.0102716 -0.018656 -0.000478553 0.00109522 -0.018656 0.0904137 
0.00999531 -0.0182361 0.000416931 -0.000530958 -0.0182361 0.0894418 -0.000525128 0.00129758 0.000416931 -0.000525128 0.0102684 -0.0187394 -0.000530958 0.00129758 -0.0187394 0.0907664 
0.0100277 -0.0183191 0.000441945 -0.000535244 -0.0183191 0.0896341 -0.000531672 0.00135095 0.000441945 -0.000531672 0.0102134 -0.0186749 -0.000535244 0.00135095 -0.0186749 0.0907076 
0.0100648 -0.0183656 0.000476093 -0.000558738 -0.0183656 0.0897858 -0.00056127 0.00140328 0.000476093 -0.00056127 0.0101521 -0.018598 -0.000558738 0.00140328 -0.018598 0.090522 
0.0100627 -0.018388 0.000462209 -0.000585991 -0.018388 0.0898459 -0.000591647 0.001452 0.000462209 -0.000591647 0.01014 -0.0185465 -0.000585991 0.001452 -0.0185465 0.0903826 
0.010041 -0.0184287 0.000410401 -0.000542352 -0.0184287 0.0899741 -0.000549157 0.00137655 0.000410401 -0.000549157 0.0101495 -0.0184969 -0.000542352 0.00137655 -0.0184969 0.0902132 
0.0100504 -0.0184082 0.000388582 -0.000486096 -0.0184082 0.0900057 -0.000491278 0.00125431 0.000388582 -0.000491278 0.0101565 -0.0185217 -0.000486096 0.00125431 -0.0185217 0.0902119 
0.010048 -0.018372 0.00038473 -0.00047211 -0.018372 0.0898963 -0.000475576 0.0011861 0.00038473 -0.000475576 0.0101372 -0.0185711 -0.00047211 0.0011861 -0.0185711 0.0903455 
0.0100696 -0.0183832 0.00039376 -0.000479625 -0.0183832 0.0898959 -0.000480842 0.0011915 0.00039376 -0.000480842 0.010126 -0.0185635 -0.000479625 0.0011915 -0.0185635 0.0904239 
0.0100907 -0.018421 0.000412151 -0.000502878 -0.018421 0.0899789 -0.000504691 0.00124898 0.000412151 -0.000504691 0.0101266 -0.018545 -0.000502878 0.00124898 -0.018545 0.0904127 
0.0100933 -0.018467 0.000403042 -0.000503227 -0.018467 0.0901048 -0.000507659 0.00125337 0.000403042 -0.000507659 0.0101293 -0.0185218 -0.000503227 0.00125337 -0.0185218 0.0903442 
0.0100835 -0.0184636 0.000399076 -0.00048478 -0.0184636 0.0901449 -0.000488417 0.00121589 0.000399076 -0.000488417 0.0101348 -0.0185297 -0.00048478 0.00121589 -0.0185297 0.0903325 
0.0100722 -0.0184946 0.00035497 -0.000462256 -0.0184946 0.0902499 -0.000464489 0.00114391 0.00035497 -0.000464489 0.0101552 -0.0185051 -0.000462256 0.00114391 -0.0185051 0.0902646 
0.0100602 -0.0184549 0.000326615 -0.000422095 -0.0184549 0.0902007 -0.000424271 0.00106844 0.000326615 -0.000424271 0.0101824 -0.0185516 -0.000422095 0.00106844 -0.0185516 0.0903299 
0.0100716 -0.018433 0.000322193 -0.000399627 -0.018433 0.0901288 -0.000404383 0.00101683 0.000322193 -0.000404383 0.0101942 -0.0185903 -0.000399627 0.00101683 -0.0185903 0.0904311 
0.0100766 -0.0184179 0.000350412 -0.000427073 -0.0184179 0.0900452 -0.000433737 0.00107736 0.000350412 -0.000433737 0.0102054 -0.0186287 -0.000427073 0.00107736 -0.0186287 0.0905579 
0.0100884 -0.0184204 0.000405444 -0.00044735 -0.0184204 0.0900165 -0.000453052 0.00111925 0.000405444 -0.000453052 0.0101921 -0.0186434 -0.00044735 0.00111925 -0.0186434 0.0906247 
0.0100793 -0.0184349 0.000444295 -0.000518812 -0.0184349 0.0900348 -0.000519294 0.00124709 0.000444295 -0.000519294 0.0102154 -0.0186359 -0.000518812 0.00124709 -0.0186359 0.0906458 
0.0100417 -0.0184162 0.000456859 -0.00057314 -0.0184162 0.0900011 -0.000566665 0.00138987 0.000456859 -0.000566665 0.0102336 -0.0186614 -0.00057314 0.00138987 -0.0186614 0.0906809 
0.0100368 -0.0183996 0.000477369 -0.000565337 -0.0183996 0.0899956 -0.000559793 0.00140636 0.000477369 -0.000559793 0.0102237 -0.0186692 -0.000565337 0.00140636 -0.0186692 0.0907017 
0.0100624 -0.0184044 0.000485751 -0.000575099 -0.0184044 0.0900065 -0.00057322 0.00140807 0.000485751 -0.00057322 0.0102158 -0.0186583 -0.000575099 0.00140807 -0.0186583 0.0907054 
0.0101026 -0.0184378 0.000483992 -0.000594797 -0.0184378 0.0900627 -0.000594033 0.00145333 0.000483992 -0.000594033 0.0101748 -0.0186313 -0.000594797 0.00145333 -0.0186313 0.0906341 
0.0101088 -0.0184582 0.000470167 -0.000601949 -0.0184582 0.090087 -0.000603963 0.00149632 0.000470167 -0.000603963 0.0101501 -0.0185977 -0.000601949 0.00149632 -0.0185977 0.0905687 
0.0101259 -0.0184967 0.000445472 -0.000570203 -0.0184967 0.0902013 -0.000573503 0.00144745 0.000445472 -0.000573503 0.0101288 -0.0185467 -0.000570203 0.00144745 -0.0185467 0.0904341 
0.0101489 -0.0184988 0.000451693 -0.000547284 -0.0184988 0.0902248 -0.000553423 0.00139642 0.000451693 -0.000553423 0.0100897 -0.0185238 -0.000547284 0.00139642 -0.0185238 0.0903418 
0.0101253 -0.0185113 0.00045367 -0.000565609 -0.0185113 0.0902364 -0.00057352 0.00141824 0.00045367 -0.00057352 0.0100958 -0.0184883 -0.000565609 0.00141824 -0.0184883 0.0902639 
0.0100935 -0.0184934 0.000449004 -0.000561319 -0.0184934 0.0902264 -0.000564354 0.00141523 0.000449004 -0.000564354 0.010127 -0.0184981 -0.000561319 0.00141523 -0.0184981 0.0902567 
0.0101179 -0.0184924 0.000451155 -0.000536303 -0.0184924 0.0902542 -0.000531638 0.00134396 0.000451155 -0.000531638 0.01012 -0.0185108 -0.000536303 0.00134396 -0.0185108 0.0902599 
0.010116 -0.0184744 0.000460736 -0.00055951 -0.0184744 0.0901706 -0.000550901 0.00136388 0.000460736 -0.000550901 0.0100722 -0.0185146 -0.00055951 0.00136388 -0.0185146 0.0902753 
0.0101329 -0.0184855 0.000486531 -0.000578545 -0.0184855 0.0901832 -0.000571271 0.00141937 0.000486531 -0.000571271 0.010042 -0.0184633 -0.000578545 0.00141937 -0.0184633 0.0902201 
0.0101703 -0.0185299 0.000485064 -0.000574638 -0.0185299 0.0902867 -0.000570482 0.00139998 0.000485064 -0.000570482 0.0100276 -0.0184105 -0.000574638 0.00139998 -0.0184105 0.0900912 
0.010166 -0.0185461 0.000466273 -0.000564219 -0.0185461 0.0903241 -0.000564389 0.00137021 0.000466273 -0.000564389 0.0100572 -0.0184235 -0.000564219 0.00137021 -0.0184235 0.0900909 
0.0101574 -0.0185586 0.00046531 -0.000545987 -0.0185586 0.0903802 -0.000550765 0.00134225 0.00046531 -0.000550765 0.0100946 -0.0184543 -0.000545987 0.00134225 -0.0184543 0.0901433 
0.0101424 -0.0185492 0.000455287 -0.000561999 -0.0185492 0.0903846 -0.00056766 0.00137118 0.000455287 -0.00056766 0.0101253 -0.0184938 -0.000561999 0.00137118 -0.0184938 0.0902222 
0.0101142 -0.0184912 0.000456074 -0.000582126 -0.0184912 0.0902457 -0.000586453 0.00144982 0.000456074 -0.000586453 0.0101414 -0.0185482 -0.000582126 0.00144982 -0.0185482 0.090352 
0.010138 -0.0184799 0.000461584 -0.000553466 -0.0184799 0.0901933 -0.000554508 0.00139987 0.000461584 -0.000554508 0.0101268 -0.0185564 -0.000553466 0.00139987 -0.0185564 0.0904075 
0.0101613 -0.0185021 0.000473954 -0.000559968 -0.0185021 0.0901976 -0.000560905 0.00138568 0.000473954 -0.000560905 0.0101267 -0.0185436 -0.000559968 0.00138568 -0.0185436 0.0904105 
0.0101606 -0.0185048 0.000465403 -0.00059712 -0.0185048 0.0901812 -0.000600729 0.00146954 0.000465403 -0.000600729 0.0101294 -0.0185571 -0.00059712 0.00146954 -0.0185571 0.0904337 
0.0101543 -0.0185294 0.000415403 -0.000557401 -0.0185294 0.090242 -0.000562147 0.00141418 0.000415403 -0.000562147 0.0101369 -0.018541 -0.000557401 0.00141418 -0.018541 0.0903976 
0.0101304 -0.0185231 0.000376702 -0.000489761 -0.0185231 0.0902566 -0.000492921 0.00126451 0.000376702 -0.000492921 0.0101383 -0.0185459 -0.000489761 0.00126451 -0.0185459 0.0903831 
0.0100937 -0.0185231 0.000359481 -0.000443052 -0.0185231 0.0902921 -0.000442414 0.00112053 0.000359481 -0.000442414 0.0101495 -0.0185204 -0.000443052 0.00112053 -0.0185204 0.0903118 
0.0100823 -0.0184346 0.00038435 -0.000443439 -0.0184346 0.0901226 -0.000437374 0.00108234 0.00038435 -0.000437374 0.0101408 -0.0185775 -0.000443439 0.00108234 -0.0185775 0.0904207 
0.0101253 -0.018456 0.000416348 -0.00047252 -0.018456 0.0901145 -0.000465255 0.00112106 0.000416348 -0.000465255 0.0100927 -0.0185383 -0.00047252 0.00112106 -0.0185383 0.0903882 
0.0101373 -0.0184999 0.000439353 -0.000528133 -0.0184999 0.09018 -0.000527587 0.00125926 0.000439353 -0.000527587 0.0100502 -0.0184706 -0.000528133 0.00125926 -0.0184706 0.0902438 
0.0101289 -0.0185019 0.000441791 -0.000556608 -0.0185019 0.0902095 -0.000562567 0.00137136 0.000441791 -0.000562567 0.0100297 -0.018431 -0.000556608 0.00137136 -0.018431 0.0901312 
0.010117 -0.0184892 0.000451994 -0.000560139 -0.0184892 0.0901919 -0.000568073 0.00142362 0.000451994 -0.000568073 0.0100146 -0.0183943 -0.000560139 0.00142362 -0.0183943 0.0900145 
0.0100934 -0.018448 0.000438395 -0.00055765 -0.018448 0.0900882 -0.000563852 0.00141307 0.000438395 -0.000563852 0.0100046 -0.0183919 -0.00055765 0.00141307 -0.0183919 0.0899779 
0.0100854 -0.0184399 0.000464422 -0.000546154 -0.0184399 0.0900581 -0.000549445 0.00139423 0.000464422 -0.000549445 0.00999514 -0.018367 -0.000546154 0.00139423 -0.018367 0.0899226 
0.0100631 -0.0184528 0.000479893 -0.000572384 -0.0184528 0.0900896 -0.000572208 0.00141353 0.000479893 -0.000572208 0.0100092 -0.0183297 -0.000572384 0.00141353 -0.0183297 0.089815 
0.0100286 -0.0184206 0.000456844 -0.000581637 -0.0184206 0.0900485 -0.000576848 0.0014264 0.000456844 -0.000576848 0.010052 -0.0183566 -0.000581637 0.0014264 -0.0183566 0.0898268 
0.0100153 -0.0183634 0.000453693 -0.000570918 -0.0183634 0.0899122 -0.000563014 0.0014284 0.000453693 -0.000563014 0.0100462 -0.0184076 -0.000570918 0.0014284 -0.0184076 0.0899152 
0.010006 -0.0183307 0.000420036 -0.000541771 -0.0183307 0.0897814 -0.000532916 0.00135133 0.000420036 -0.000532916 0.0100494 -0.0184214 -0.000541771 0.00135133 -0.0184214 0.0900088 
0.00999494 -0.018309 0.000404823 -0.000519272 -0.018309 0.0896924 -0.000510111 0.00130446 0.000404823 -0.000510111 0.0100518 -0.0184287 -0.000519272 0.00130446 -0.0184287 0.0900489 
0.00999747 -0.0183152 0.000388236 -0.000490024 -0.0183152 0.0896938 -0.000485466 0.00123486 0.000388236 -0.000485466 0.0100583 -0.0184245 -0.000490024 0.00123486 -0.0184245 0.0900555 
0.0100183 -0.0183303 0.000384066 -0.000479353 -0.0183303 0.089736 -0.000479564 0.0012087 0.000384066 -0.000479564 0.0100439 -0.0184222 -0.000479353 0.0012087 -0.0184222 0.0900401 
0.0100327 -0.0183384 0.000383747 -0.000474942 -0.0183384 0.0897469 -0.000479301 0.00119837 0.000383747 -0.000479301 0.0100296 -0.0184159 -0.000474942 0.00119837 -0.0184159 0.0900343 
0.0100276 -0.0183471 0.000415161 -0.000484071 -0.0183471 0.0897549 -0.000492007 0.00122463 0.000415161 -0.000492007 0.0100048 -0.018392 -0.000484071 0.00122463 -0.018392 0.0899785 
0.0100309 -0.0183577 0.000421121 -0.000502754 -0.0183577 0.0898004 -0.00051098 0.00124483 0.000421121 -0.00051098 0.0100127 -0.0183601 -0.000502754 0.00124483 -0.0183601 0.08991 
0.0100215 -0.0183262 0.000418398 -0.000514223 -0.0183262 0.0897239 -0.000520207 0.00127655 0.000418398 -0.000520207 0.0100241 -0.0183995 -0.000514223 0.00127655 -0.0183995 0.0899733 
0.0100497 -0.0183406 0.00042398 -0.000521948 -0.0183406 0.0897476 -0.000528731 0.0013144 0.00042398 -0.000528731 0.0100192 -0.0184043 -0.000521948 0.0013144 -0.0184043 0.0900092 
0.0100691 -0.0183928 0.000414223 -0.000511466 -0.0183928 0.0898573 -0.000521112 0.00129491 0.000414223 -0.000521112 0.0100132 -0.0183851 -0.000511466 0.00129491 -0.0183851 0.0899792 
0.0100834 -0.0184371 0.000397341 -0.000493914 -0.0184371 0.090008 -0.000500917 0.00124865 0.000397341 -0.000500917 0.0100276 -0.0183785 -0.000493914 0.00124865 -0.0183785 0.0899595 
0.0100892 -0.0184501 0.000377683 -0.000484698 -0.0184501 0.0900805 -0.000486022 0.00121901 0.000377683 -0.000486022 0.0100372 -0.0183937 -0.000484698 0.00121901 -0.0183937 0.0899674 
0.0100622 -0.0184355 0.000380608 -0.000479264 -0.0184355 0.0900557 -0.000477732 0.00121387 0.000380608 -0.000477732 0.0100517 -0.0184149 -0.000479264 0.00121387 -0.0184149 0.0900136 
0.0100351 -0.0183967 0.000388535 -0.000484815 -0.0183967 0.0899685 -0.000481645 0.00121647 0.000388535 -0.000481645 0.0100278 -0.0184092 -0.000484815 0.00121647 -0.0184092 0.0899848 
0.0100224 -0.018368 0.00040631 -0.000487463 -0.018368 0.0898819 -0.000484359 0.00121586 0.00040631 -0.000484359 0.00998123 -0.0183624 -0.000487463 0.00121586 -0.0183624 0.0898834 
0.0100427 -0.0183601 0.000384218 -0.000479303 -0.0183601 0.0898464 -0.000476904 0.00117363 0.000384218 -0.000476904 0.00994247 -0.01831 -0.000479303 0.00117363 -0.01831 0.0897702 
0.0100523 -0.018374 0.000384669 -0.000472083 -0.018374 0.0898373 -0.000470697 0.0011726 0.000384669 -0.000470697 0.00991683 -0.0182587 -0.000472083 0.0011726 -0.0182587 0.0896359 
0.0100513 -0.0183717 0.000363139 -0.000464105 -0.0183717 0.0898225 -0.000461924 0.00114603 0.000363139 -0.000461924 0.00990223 -0.0182422 -0.000464105 0.00114603 -0.0182422 0.0895714 
0.0100533 -0.0183996 0.000367171 -0.000432348 -0.0183996 0.0898953 -0.000432189 0.00108576 0.000367171 -0.000432189 0.00989804 -0.0182024 -0.000432348 0.00108576 -0.0182024 0.0894685 
0.0100504 -0.0183863 0.000381543 -0.000447197 -0.0183863 0.0898864 -0.000448882 0.00109355 0.000381543 -0.000448882 0.00990305 -0.0182051 -0.000447197 0.00109355 -0.0182051 0.0894392 
0.0100496 -0.0183721 0.000384642 -0.000457775 -0.0183721 0.0898463 -0.000455175 0.00110733 0.000384642 -0.000455175 0.00991805 -0.0182266 -0.000457775 0.00110733 -0.0182266 0.0894847 
0.0100436 -0.0183924 0.000398881 -0.000475426 -0.0183924 0.089883 -0.000470587 0.00115526 0.000398881 -0.000470587 0.00993138 -0.0182202 -0.000475426 0.00115526 -0.0182202 0.0894657 
0.0100282 -0.0183489 0.000411639 -0.000512701 -0.0183489 0.0897916 -0.000509885 0.0012542 0.000411639 -0.000509885 0.00991238 -0.0182601 -0.000512701 0.0012542 -0.0182601 0.0895406 
0.0100241 -0.0183789 0.000385365 -0.000505224 -0.0183789 0.0898577 -0.000506025 0.00126699 0.000385365 -0.000506025 0.00991174 -0.0182106 -0.000505224 0.00126699 -0.0182106 0.0894814 
0.0100339 -0.0183827 0.000356855 -0.000453681 -0.0183827 0.0899107 -0.00045554 0.00116835 0.000356855 -0.00045554 0.00994444 -0.0182157 -0.000453681 0.00116835 -0.0182157 0.0894659 
0.0100202 -0.0183566 0.000377579 -0.000445865 -0.0183566 0.0898387 -0.000447199 0.00113542 0.000377579 -0.000447199 0.00996286 -0.0182759 -0.000445865 0.00113542 -0.0182759 0.0895728 
0.0100041 -0.0183335 0.00037648 -0.000455796 -0.0183335 0.0897635 -0.000456417 0.00111855 0.00037648 -0.000456417 0.00995534 -0.0183036 -0.000455796 0.00111855 -0.0183036 0.089672 
0.0099751 -0.0183187 0.000341028 -0.000450844 -0.0183187 0.089716 -0.000452115 0.00111057 0.000341028 -0.000452115 0.00995298 -0.0182879 -0.000450844 0.00111057 -0.0182879 0.0896789 
0.00995747 -0.0182718 0.000318074 -0.000406291 -0.0182718 0.0896141 -0.000407225 0.00103846 0.000318074 -0.000407225 0.00997723 -0.0183027 -0.000406291 0.00103846 -0.0183027 0.0897265 
0.00995594 -0.0182456 0.000330291 -0.000411181 -0.0182456 0.0895158 -0.000411295 0.00104686 0.000330291 -0.000411295 0.00999126 -0.0183254 -0.000411181 0.00104686 -0.0183254 0.0897731 
0.00995549 -0.0182565 0.000332146 -0.000412759 -0.0182565 0.0895117 -0.000409387 0.00103695 0.000332146 -0.000409387 0.0100153 -0.0183396 -0.000412759 0.00103695 -0.0183396 0.0898129 
0.00995772 -0.0182558 0.000341055 -0.000420982 -0.0182558 0.0895212 -0.000414825 0.00105275 0.000341055 -0.000414825 0.010035 -0.0183773 -0.000420982 0.00105275 -0.0183773 0.0898928 
0.0099672 -0.0182482 0.000321148 -0.000426288 -0.0182482 0.0895045 -0.000422114 0.00106319 0.000321148 -0.000422114 0.0100324 -0.018415 -0.000426288 0.00106319 -0.018415 0.0899972 
0.0100049 -0.0182893 0.000327106 -0.000403228 -0.0182893 0.0895964 -0.000404846 0.00104216 0.000327106 -0.000404846 0.00999614 -0.018385 -0.000403228 0.00104216 -0.018385 0.0899619 
0.0100024 -0.0183282 0.00032799 -0.000413639 -0.0183282 0.0896919 -0.000419627 0.00105198 0.00032799 -0.000419627 0.00999039 -0.0183383 -0.000413639 0.00105198 -0.0183383 0.0898589 
0.00998013 -0.018331 0.000335553 -0.000401891 -0.018331 0.0897416 -0.000409688 0.0010293 0.000335553 -0.000409688 0.00998576 -0.0183238 -0.000401891 0.0010293 -0.0183238 0.0897809 
0.00998012 -0.0183171 0.000350418 -0.000408225 -0.0183171 0.0897575 -0.000418201 0.00102844 0.000350418 -0.000418201 0.00998991 -0.0183211 -0.000408225 0.00102844 -0.0183211 0.0897616 
0.00998678 -0.0182923 0.000382242 -0.000453844 -0.0182923 0.0896876 -0.000462093 0.00112744 0.000382242 -0.000462093 0.00996954 -0.0183297 -0.000453844 0.00112744 -0.0183297 0.089764 
0.0099886 -0.0183034 0.000375568 -0.00046282 -0.0183034 0.0896807 -0.000466176 0.00114632 0.000375568 -0.000466176 0.00997912 -0.0183121 -0.00046282 0.00114632 -0.0183121 0.0897539 
0.00999114 -0.0183412 0.000331091 -0.000424872 -0.0183412 0.08978 -0.00042307 0.00105436 0.000331091 -0.00042307 0.00999791 -0.0182895 -0.000424872 0.00105436 -0.0182895 0.0896683 
0.00998756 -0.0183289 0.000318272 -0.000410776 -0.0183289 0.0897864 -0.0004053 0.0010301 0.000318272 -0.0004053 0.01002 -0.0183263 -0.000410776 0.0010301 -0.0183263 0.0897055 
0.00995928 -0.01831 0.000310164 -0.000409661 -0.01831 0.0897307 -0.000404159 0.00102982 0.000310164 -0.000404159 0.0100248 -0.0183525 -0.000409661 0.00102982 -0.0183525 0.0897654 
0.0099479 -0.0182707 0.000300648 -0.000393396 -0.0182707 0.0896383 -0.000386483 0.000997615 0.000300648 -0.000386483 0.0100039 -0.0183596 -0.000393396 0.000997615 -0.0183596 0.089803 
0.00995518 -0.0182325 0.000292391 -0.000385049 -0.0182325 0.0895096 -0.000373544 0.000967388 0.000292391 -0.000373544 0.00996318 -0.0183504 -0.000385049 0.000967388 -0.0183504 0.0898211 
0.0099625 -0.0182304 0.000303711 -0.000393158 -0.0182304 0.0894438 -0.000382321 0.000991396 0.000303711 -0.000382321 0.00991736 -0.0183003 -0.000393158 0.000991396 -0.0183003 0.0897427 
0.00997551 -0.0182788 0.000325372 -0.000387908 -0.0182788 0.0895437 -0.000382082 0.000979367 0.000325372 -0.000382082 0.00987282 -0.0182015 -0.000387908 0.000979367 -0.0182015 0.0895047 
0.00997795 -0.0182842 0.000314194 -0.000391892 -0.0182842 0.0895937 -0.000393669 0.000967474 0.000314194 -0.000393669 0.00988013 -0.0181751 -0.000391892 0.000967474 -0.0181751 0.0894049 
0.00996937 -0.0183047 0.000309845 -0.000370647 -0.0183047 0.0896583 -0.000378813 0.000935034 0.000309845 -0.000378813 0.00990383 -0.0181634 -0.000370647 0.000935034 -0.0181634 0.0893276 
0.00996139 -0.0182615 0.000321398 -0.000370258 -0.0182615 0.0895814 -0.000380388 0.000924742 0.000321398 -0.000380388 0.00992479 -0.018228 -0.000370258 0.000924742 -0.018228 0.0894445 
0.00995882 -0.0182413 0.000313242 -0.000393369 -0.0182413 0.0894972 -0.000402886 0.000964581 0.000313242 -0.000402886 0.00990613 -0.0182521 -0.000393369 0.000964581 -0.0182521 0.0895304 
0.00999049 -0.0182711 0.000286871 -0.000380354 -0.0182711 0.089547 -0.00038458 0.000955175 0.000286871 -0.00038458 0.00985303 -0.0181934 -0.000380354 0.000955175 -0.0181934 0.0894338 
0.00998243 -0.018286 0.000284147 -0.000369968 -0.018286 0.0895693 -0.000371251 0.000952991 0.000284147 -0.000371251 0.0098294 -0.0181413 -0.000369968 0.000952991 -0.0181413 0.0893149 
0.00996096 -0.0182751 0.000277522 -0.000375285 -0.0182751 0.0895702 -0.00037842 0.000971551 0.000277522 -0.00037842 0.00984145 -0.0181209 -0.000375285 0.000971551 -0.0181209 0.0892445 
0.00997584 -0.0182755 0.000267211 -0.000343619 -0.0182755 0.089598 -0.000348863 0.000910589 0.000267211 -0.000348863 0.00984475 -0.0181146 -0.000343619 0.000910589 -0.0181146 0.0891881 
0.00997755 -0.018299 0.000288053 -0.000323577 -0.018299 0.0896407 -0.000328251 0.000839313 0.000288053 -0.000328251 0.00982755 -0.0180946 -0.000323577 0.000839313 -0.0180946 0.0891043 
0.00997321 -0.0183041 0.00031323 -0.000348045 -0.0183041 0.0896738 -0.000347867 0.000843717 0.00031323 -0.000347867 0.00982424 -0.0180766 -0.000348045 0.000843717 -0.0180766 0.0890531 
0.0099716 -0.0182974 0.00031956 -0.000382196 -0.0182974 0.0896744 -0.000374384 0.000901581 0.00031956 -0.000374384 0.00983534 -0.0180799 -0.000382196 0.000901581 -0.0180799 0.0890504 
0.00993614 -0.0182701 0.000297861 -0.0004093 -0.0182701 0.0895996 -0.000395645 0.000982713 0.000297861 -0.000395645 0.00988651 -0.0181091 -0.0004093 0.000982713 -0.0181091 0.089109 
0.00991931 -0.0182411 0.000291856 -0.000384088 -0.0182411 0.0895441 -0.00037219 0.000980943 0.000291856 -0.00037219 0.009957 -0.0181763 -0.000384088 0.000980943 -0.0181763 0.0892506 
0.00990761 -0.018208 0.000297843 -0.000355897 -0.018208 0.0894481 -0.000349112 0.000906512 0.000297843 -0.000349112 0.010008 -0.0182878 -0.000355897 0.000906512 -0.0182878 0.0895189 
0.00990003 -0.0181788 0.000288489 -0.000356608 -0.0181788 0.089352 -0.000353502 0.000873097 0.000288489 -0.000353502 0.0100449 -0.0183801 -0.000356608 0.000873097 -0.0183801 0.0898135 
0.00989021 -0.018177 0.000323693 -0.000372837 -0.018177 0.0893179 -0.000369448 0.000922208 0.000323693 -0.000369448 0.0100506 -0.0184137 -0.000372837 0.000922208 -0.0184137 0.0899656 
0.00989631 -0.0181658 0.000354532 -0.000403631 -0.0181658 0.0892972 -0.000399539 0.000973311 0.000354532 -0.000399539 0.0100378 -0.0184257 -0.000403631 0.000973311 -0.0184257 0.0900403 
0.00990348 -0.018179 0.000358272 -0.000436503 -0.018179 0.0893139 -0.00043235 0.00104535 0.000358272 -0.00043235 0.0100277 -0.0184075 -0.000436503 0.00104535 -0.0184075 0.0900384 
0.00990867 -0.0181749 0.000362694 -0.000463026 -0.0181749 0.0893063 -0.000462334 0.00114595 0.000362694 -0.000462334 0.0100185 -0.018399 -0.000463026 0.00114595 -0.018399 0.0900142 
0.00995987 -0.0181822 0.000379089 -0.000472218 -0.0181822 0.0893177 -0.000472959 0.00120298 0.000379089 -0.000472959 0.00998893 -0.0183918 -0.000472218 0.00120298 -0.0183918 0.089999 
0.0100165 -0.0182743 0.000370088 -0.000458167 -0.0182743 0.0894994 -0.000461778 0.00116455 0.000370088 -0.000461778 0.00996587 -0.0183367 -0.000458167 0.00116455 -0.0183367 0.0898867 
0.010029 -0.0183606 0.000351385 -0.000434769 -0.0183606 0.0897331 -0.000443024 0.0011039 0.000351385 -0.000443024 0.0099733 -0.0182943 -0.000434769 0.0011039 -0.0182943 0.0897531 
0.0100325 -0.0183595 0.000366643 -0.000430111 -0.0183595 0.0898129 -0.000438453 0.00109193 0.000366643 -0.000438453 0.00998208 -0.0183273 -0.000430111 0.00109193 -0.0183273 0.0897774 
0.0100478 -0.0183922 0.000372319 -0.000435068 -0.0183922 0.089915 -0.00044207 0.00107642 0.000372319 -0.00044207 0.00998483 -0.0183127 -0.000435068 0.00107642 -0.0183127 0.0897461 
0.0100534 -0.0184036 0.000383968 -0.000445392 -0.0184036 0.0899615 -0.000451879 0.00109469 0.000383968 -0.000451879 0.0100099 -0.0183307 -0.000445392 0.00109469 -0.0183307 0.0897807 
0.0100577 -0.0184119 0.000381897 -0.000459601 -0.0184119 0.0899913 -0.000460885 0.00111661 0.000381897 -0.000460885 0.0100353 -0.0183646 -0.000459601 0.00111661 -0.0183646 0.0898512 
0.0100455 -0.0184019 0.000406029 -0.000489498 -0.0184019 0.0899669 -0.000483603 0.00119881 0.000406029 -0.000483603 0.0100428 -0.0183955 -0.000489498 0.00119881 -0.0183955 0.0899234 
0.0100273 -0.0184012 0.000412481 -0.000528554 -0.0184012 0.0899741 -0.000518955 0.00129647 0.000412481 -0.000518955 0.0100541 -0.0183914 -0.000528554 0.00129647 -0.0183914 0.0899281 
0.0100209 -0.0183755 0.000374188 -0.000503728 -0.0183755 0.089927 -0.000495847 0.00126335 0.000374188 -0.000495847 0.0100642 -0.0184125 -0.000503728 0.00126335 -0.0184125 0.089971 
0.0100102 -0.0183256 0.000355194 -0.000461897 -0.0183256 0.0897751 -0.000457287 0.00118725 0.000355194 -0.000457287 0.0100717 -0.0184587 -0.000461897 0.00118725 -0.0184587 0.0900976 
0.0100284 -0.0183382 0.000346475 -0.000409161 -0.0183382 0.0897731 -0.000407438 0.00104285 0.000346475 -0.000407438 0.0101171 -0.0184732 -0.000409161 0.00104285 -0.0184732 0.0901868 
0.0100269 -0.0183686 0.00036842 -0.000436692 -0.0183686 0.0898279 -0.000434885 0.00106855 0.00036842 -0.000434885 0.0101301 -0.018505 -0.000436692 0.00106855 -0.018505 0.0902311 
0.0100539 -0.0183623 0.000405315 -0.000475661 -0.0183623 0.0898433 -0.000471345 0.00116083 0.000405315 -0.000471345 0.0100978 -0.0185347 -0.000475661 0.00116083 -0.0185347 0.0903168 
0.0100747 -0.0184152 0.000432388 -0.000507882 -0.0184152 0.0899495 -0.000505539 0.00123801 0.000432388 -0.000505539 0.0100544 -0.0184767 -0.000507882 0.00123801 -0.0184767 0.0902402 
0.0100744 -0.018454 0.000429387 -0.000526243 -0.018454 0.0900875 -0.000530418 0.00129324 0.000429387 -0.000530418 0.0100782 -0.0184262 -0.000526243 0.00129324 -0.0184262 0.0901234 
0.010067 -0.0184578 0.00041309 -0.000525821 -0.0184578 0.0901477 -0.000533469 0.00132421 0.00041309 -0.000533469 0.0101205 -0.0184464 -0.000525821 0.00132421 -0.0184464 0.0900918 
0.0100516 -0.0184272 0.000409677 -0.000515433 -0.0184272 0.0900881 -0.000520638 0.00132212 0.000409677 -0.000520638 0.0101563 -0.0185172 -0.000515433 0.00132212 -0.0185172 0.0902242 
0.01002 -0.0183941 0.000407666 -0.000528357 -0.0183941 0.0899831 -0.000530703 0.0013486 0.000407666 -0.000530703 0.0101437 -0.0185504 -0.000528357 0.0013486 -0.0185504 0.0903172 
0.00999597 -0.0183426 0.000418869 -0.000539239 -0.0183426 0.0898534 -0.000537172 0.00138609 0.000418869 -0.000537172 0.0101403 -0.0185517 -0.000539239 0.00138609 -0.0185517 0.0903757 
0.00996728 -0.0182962 0.000422735 -0.0005291 -0.0182962 0.0897069 -0.000521731 0.00134781 0.000422735 -0.000521731 0.0101464 -0.0185561 -0.0005291 0.00134781 -0.0185561 0.0904034 
0.00992484 -0.018273 0.000399462 -0.000513828 -0.018273 0.0896275 -0.00050446 0.0012853 0.000399462 -0.00050446 0.0101968 -0.0185625 -0.000513828 0.0012853 -0.0185625 0.0904267 
0.00991712 -0.0182093 0.000393355 -0.000509798 -0.0182093 0.0894841 -0.000500503 0.00128202 0.000393355 -0.000500503 0.0102 -0.0186214 -0.000509798 0.00128202 -0.0186214 0.0905171 
0.00995134 -0.0182254 0.000408598 -0.000498773 -0.0182254 0.0894744 -0.000491959 0.00126037 0.000408598 -0.000491959 0.0101434 -0.0185907 -0.000498773 0.00126037 -0.0185907 0.0904703 
0.0100003 -0.0182762 0.000407645 -0.000495305 -0.0182762 0.0895734 -0.000493273 0.00122665 0.000407645 -0.000493273 0.0100868 -0.0185283 -0.000495305 0.00122665 -0.0185283 0.0903597 
0.0100349 -0.0183752 0.000366947 -0.000478055 -0.0183752 0.0898224 -0.000483587 0.00118775 0.000366947 -0.000483587 0.0100702 -0.0184316 -0.000478055 0.00118775 -0.0184316 0.0901297 
0.0100743 -0.0184157 0.000345704 -0.000420684 -0.0184157 0.0899879 -0.000432125 0.00108462 0.000345704 -0.000432125 0.0100828 -0.0184278 -0.000420684 0.00108462 -0.0184278 0.0900536 
0.0100727 -0.0184123 0.000350036 -0.00041363 -0.0184123 0.0899811 -0.000423081 0.00103934 0.000350036 -0.000423081 0.0101038 -0.0184827 -0.00041363 0.00103934 -0.0184827 0.0901576 
