0.00700653 0 -0.000239834 0 0 0.01 0 0 -0.000239834 0 0.00764703 0 0 0 0 0.01 
0.00994143 -0.0123466 -0.000268446 0.000332876 -0.0123466 0.0328483 0.000332876 -0.00063793 -0.000268446 0.000332876 0.0107216 -0.0133129 0.000332876 -0.00063793 -0.0133129 0.0347012 
0.0100657 -0.0188436 -0.000197585 0.000374897 -0.0188436 0.069409 0.000374897 -0.00120479 -0.000197585 0.000374897 0.0107276 -0.0200141 0.000374897 -0.00120479 -0.0200141 0.0731688 
0.00959204 -0.0186264 -0.000197966 0.000263534 -0.0186264 0.083639 0.000268387 -0.00099737 -0.000197966 0.000268387 0.0100775 -0.0195741 0.000263534 -0.00099737 -0.0195741 0.0871236 
0.0095888 -0.0181207 -0.00021619 0.000238231 -0.0181207 0.0874831 0.000241896 -0.000642976 -0.00021619 0.000241896 0.0100554 -0.0187088 0.000238231 -0.000642976 -0.0187088 0.0895516 
0.00969779 -0.0180397 -0.000252408 0.000314951 -0.0180397 0.0886764 0.000308534 -0.000702133 -0.000252408 0.000308534 0.0102645 -0.0186058 0.000314951 -0.000702133 -0.0186058 0.0901229 
0.00975259 -0.0180695 -0.000255193 0.00035975 -0.0180695 0.0891122 0.00034315 -0.000829028 -0.000255193 0.00034315 0.0104148 -0.0187681 0.00035975 -0.000829028 -0.0187681 0.0906548 
0.00975307 -0.0180328 -0.00025142 0.00036895 -0.0180328 0.0890972 0.00034781 -0.00091376 -0.00025142 0.00034781 0.0104546 -0.0188936 0.00036895 -0.00091376 -0.0188936 0.0910537 
0.00978169 -0.0180003 -0.000246028 0.000357264 -0.0180003 0.0889683 0.000339051 -0.000928982 -0.000246028 0.000339051 0.0104226 -0.0189129 0.000357264 -0.000928982 -0.0189129 0.091203 
0.00984539 -0.0180469 -0.000230121 0.000323732 -0.0180469 0.0889856 0.000312162 -0.000859252 -0.000230121 0.000312162 0.0103796 -0.0188622 0.000323732 -0.000859252 -0.0188622 0.0911488 
0.00988505 -0.0181131 -0.000251245 0.000311461 -0.0181131 0.0890892 0.000307498 -0.000824993 -0.000251245 0.000307498 0.010333 -0.0188131 0.000311461 -0.000824993 -0.0188131 0.0910249 
0.00987362 -0.0181885 -0.000247326 0.000308343 -0.0181885 0.0892945 0.000313119 -0.00078701 -0.000247326 0.000313119 0.0103465 -0.0187624 0.000308343 -0.00078701 -0.0187624 0.0909083 
0.00984563 -0.0182068 -0.000229708 0.000304375 -0.0182068 0.0894504 0.000312792 -0.000775647 -0.000229708 0.000312792 0.0103605 -0.0187543 0.000304375 -0.000775647 -0.0187543 0.0908164 
0.00983567 -0.018167 -0.000235039 0.000296012 -0.018167 0.0894325 0.000301713 -0.000767195 -0.000235039 0.000301713 0.0103498 -0.0187815 0.000296012 -0.000767195 -0.0187815 0.0908531 
0.00981489 -0.0181328 -0.0002291 0.000315449 -0.0181328 0.0893403 0.00031475 -0.000797559 -0.0002291 0.00031475 0.0103552 -0.0187947 0.000315449 -0.000797559 -0.0187947 0.0909317 
0.00978406 -0.0180846 -0.000216631 0.000290901 -0.0180846 0.0892022 0.000285122 -0.000751785 -0.000216631 0.000285122 0.0103644 -0.0188198 0.000290901 -0.000751785 -0.0188198 0.0910227 
0.00979601 -0.0180619 -0.000239937 0.0002984 -0.0180619 0.0891302 0.000291815 -0.000764062 -0.000239937 0.000291815 0.0103357 -0.0188104 0.0002984 -0.000764062 -0.0188104 0.0910188 
0.00981827 -0.0180546 -0.000266927 0.000313863 -0.0180546 0.0890632 0.000308977 -0.000783425 -0.000266927 0.000308977 0.0102941 -0.0187899 0.000313863 -0.000783425 -0.0187899 0.091002 
0.0098453 -0.0181222 -0.000281475 0.000336105 -0.0181222 0.0891934 0.000335921 -0.000826711 -0.000281475 0.000335921 0.0102675 -0.018711 0.000336105 -0.000826711 -0.018711 0.0908412 
0.00985142 -0.0181537 -0.000279789 0.000351963 -0.0181537 0.0893019 0.00035561 -0.000874803 -0.000279789 0.00035561 0.0102955 -0.0186842 0.000351963 -0.000874803 -0.0186842 0.090736 
0.00984348 -0.0181425 -0.000262937 0.000344209 -0.0181425 0.0893006 0.000346753 -0.00087236 -0.000262937 0.000346753 0.0103569 -0.0187349 0.000344209 -0.00087236 -0.0187349 0.090795 
0.00983076 -0.0181526 -0.000240414 0.000316653 -0.0181526 0.0893295 0.000319615 -0.000816169 -0.000240414 0.000319615 0.0104063 -0.0187951 0.000316653 -0.000816169 -0.0187951 0.090905 
0.00981188 -0.0181439 -0.000217679 0.000293397 -0.0181439 0.0893394 0.00029625 -0.000755634 -0.000217679 0.00029625 0.010445 -0.0188614 0.000293397 -0.000755634 -0.0188614 0.0910648 
0.00979533 -0.0181026 -0.000230171 0.000288114 -0.0181026 0.0892609 0.000288291 -0.000743949 -0.000230171 0.000288291 0.0104641 -0.0189246 0.000288114 -0.000743949 -0.0189246 0.0912431 
0.00978316 -0.0180507 -0.000230666 0.000307123 -0.0180507 0.089105 0.000303133 -0.000764515 -0.000230666 0.000303133 0.0104537 -0.0189622 0.000307123 -0.000764515 -0.0189622 0.0913824 
0.00977983 -0.0180653 -0.000208952 0.000291502 -0.0180653 0.0890983 0.000285486 -0.000734346 -0.000208952 0.000285486 0.0104615 -0.0189379 0.000291502 -0.000734346 -0.0189379 0.0913919 
0.00980465 -0.0180757 -0.000231631 0.000289301 -0.0180757 0.0891421 0.000281631 -0.000741229 -0.000231631 0.000281631 0.010472 -0.0189501 0.000289301 -0.000741229 -0.0189501 0.0914105 
0.00982083 -0.018115 -0.000238193 0.000310325 -0.018115 0.0892288 0.000304817 -0.000769817 -0.000238193 0.000304817 0.0104711 -0.0189521 0.000310325 -0.000769817 -0.0189521 0.0914084 
0.00982178 -0.0181392 -0.000224181 0.000294665 -0.0181392 0.0893118 0.000295771 -0.000747742 -0.000224181 0.000295771 0.0104776 -0.0189454 0.000294665 -0.000747742 -0.0189454 0.0913856 
0.00981178 -0.0181415 -0.000219534 0.000277971 -0.0181415 0.0893491 0.000286703 -0.000722815 -0.000219534 0.000286703 0.0104716 -0.0189444 0.000277971 -0.000722815 -0.0189444 0.0913599 
0.0097933 -0.0181272 -0.000227752 0.000303379 -0.0181272 0.0893342 0.000311027 -0.000787065 -0.000227752 0.000311027 0.0104659 -0.0189357 0.000303379 -0.000787065 -0.0189357 0.0913375 
0.00979308 -0.01811 -0.000237864 0.000319065 -0.01811 0.0893073 0.000319592 -0.000837377 -0.000237864 0.000319592 0.0104605 -0.0189285 0.000319065 -0.000837377 -0.0189285 0.0913183 
0.00980519 -0.0180968 -0.00022166 0.000313331 -0.0180968 0.0892566 0.000305702 -0.000813531 -0.00022166 0.000305702 0.0104386 -0.0189273 0.000313331 -0.000813531 -0.0189273 0.0913116 
0.00981354 -0.0180971 -0.000229074 0.000302892 -0.0180971 0.0892184 0.000292317 -0.000791783 -0.000229074 0.000292317 0.0103861 -0.0188977 0.000302892 -0.000791783 -0.0188977 0.0912561 
0.00981368 -0.0181183 -0.000224799 0.000296011 -0.0181183 0.0892564 0.000286956 -0.000755174 -0.000224799 0.000286956 0.0103641 -0.0188296 0.000296011 -0.000755174 -0.0188296 0.0911244 
0.00982187 -0.0181037 -0.000243469 0.000309811 -0.0181037 0.0892353 0.000304682 -0.000788664 -0.000243469 0.000304682 0.0103208 -0.0187984 0.000309811 -0.000788664 -0.0187984 0.0910042 
0.00982915 -0.0181083 -0.000228362 0.000309051 -0.0181083 0.0892166 0.000310182 -0.000785857 -0.000228362 0.000310182 0.0102947 -0.0187446 0.000309051 -0.000785857 -0.0187446 0.0908798 
0.00982757 -0.0180992 -0.000213153 0.000278511 -0.0180992 0.0891772 0.000283065 -0.000731413 -0.000213153 0.000283065 0.0102962 -0.0187241 0.000278511 -0.000731413 -0.0187241 0.0908073 
0.00982635 -0.0181241 -0.000203314 0.000271645 -0.0181241 0.0892318 0.000272493 -0.000703727 -0.000203314 0.000272493 0.0103136 -0.0187043 0.000271645 -0.000703727 -0.0187043 0.0907258 
0.00977872 -0.0180999 -0.000186619 0.000259502 -0.0180999 0.0891943 0.000255755 -0.00066725 -0.000186619 0.000255755 0.0103878 -0.0187544 0.000259502 -0.00066725 -0.0187544 0.0908083 
0.00976054 -0.0180579 -0.000182191 0.000265261 -0.0180579 0.0891291 0.000263993 -0.00069182 -0.000182191 0.000263993 0.0104228 -0.0188381 0.000265261 -0.00069182 -0.0188381 0.0909763 
0.00976654 -0.018065 -0.000168942 0.000233305 -0.018065 0.0891433 0.000233833 -0.000630607 -0.000168942 0.000233833 0.0104462 -0.0188742 0.000233305 -0.000630607 -0.0188742 0.0911095 
0.00978009 -0.0180661 -0.000171038 0.000214806 -0.0180661 0.0891478 0.000213947 -0.000571601 -0.000171038 0.000213947 0.0104366 -0.0189166 0.000214806 -0.000571601 -0.0189166 0.0912415 
0.00979368 -0.0180695 -0.000176934 0.000226111 -0.0180695 0.0891461 0.000226447 -0.000576362 -0.000176934 0.000226447 0.0104167 -0.0189207 0.000226111 -0.000576362 -0.0189207 0.0913183 
0.00983577 -0.0180899 -0.000204197 0.000243845 -0.0180899 0.0891878 0.000246981 -0.000624167 -0.000204197 0.000246981 0.0103422 -0.018882 0.000243845 -0.000624167 -0.018882 0.0912581 
0.00983819 -0.0181156 -0.000214109 0.000274312 -0.0181156 0.0892158 0.000275362 -0.0006823 -0.000214109 0.000275362 0.0102832 -0.018792 0.000274312 -0.0006823 -0.018792 0.0910805 
0.00985191 -0.0181752 -0.000203458 0.000275598 -0.0181752 0.0893893 0.000273994 -0.000699779 -0.000203458 0.000273994 0.0102577 -0.0186715 0.000275598 -0.000699779 -0.0186715 0.090761 
0.00982763 -0.0181808 -0.000204064 0.000249936 -0.0181808 0.0894504 0.000248467 -0.000651006 -0.000204064 0.000248467 0.010279 -0.0186411 0.000249936 -0.000651006 -0.0186411 0.0905811 
0.00979132 -0.0181214 -0.000216033 0.000260156 -0.0181214 0.0893426 0.000259306 -0.000652447 -0.000216033 0.000259306 0.0103189 -0.0186942 0.000260156 -0.000652447 -0.0186942 0.0906365 
0.00979341 -0.0180768 -0.000211418 0.000261982 -0.0180768 0.0892137 0.000263254 -0.000648047 -0.000211418 0.000263254 0.0103084 -0.0187408 0.000261982 -0.000648047 -0.0187408 0.090744 
0.00977551 -0.018048 -0.000212544 0.000278427 -0.018048 0.0890834 0.000285631 -0.000705339 -0.000212544 0.000285631 0.0103279 -0.018765 0.000278427 -0.000705339 -0.018765 0.0908783 
0.00975763 -0.0180286 -0.000215975 0.000290656 -0.0180286 0.0890055 0.00030116 -0.000763656 -0.000215975 0.00030116 0.010329 -0.0187731 0.000290656 -0.000763656 -0.0187731 0.0909138 
0.00974348 -0.018021 -0.000219388 0.000296726 -0.018021 0.0889807 0.000303584 -0.000788779 -0.000219388 0.000303584 0.0103166 -0.0187533 0.000296726 -0.000788779 -0.0187533 0.0908689 
0.00975823 -0.0180123 -0.000211743 0.000279766 -0.0180123 0.0889683 0.000282672 -0.000743185 -0.000211743 0.000282672 0.0102977 -0.0187338 0.000279766 -0.000743185 -0.0187338 0.0908152 
0.00976091 -0.0180086 -0.00020702 0.000267414 -0.0180086 0.0889344 0.00026832 -0.000696653 -0.00020702 0.00026832 0.0103088 -0.0187325 0.000267414 -0.000696653 -0.0187325 0.0908144 
0.0098276 -0.0180517 -0.000207399 0.000236459 -0.0180517 0.089034 0.000236566 -0.000602055 -0.000207399 0.000236566 0.0102763 -0.0187181 0.000236459 -0.000602055 -0.0187181 0.0907629 
0.00983144 -0.0181202 -0.000214954 0.000265054 -0.0181202 0.0891678 0.000266139 -0.00063799 -0.000214954 0.000266139 0.0102592 -0.0186764 0.000265054 -0.00063799 -0.0186764 0.0906669 
0.00981968 -0.0181419 -0.00019374 0.00025734 -0.0181419 0.0892838 0.00026025 -0.000630841 -0.00019374 0.00026025 0.0102429 -0.0186494 0.00025734 -0.000630841 -0.0186494 0.0905798 
0.00980673 -0.0181241 -0.000186308 0.000240104 -0.0181241 0.0892923 0.000247389 -0.000616555 -0.000186308 0.000247389 0.0102559 -0.0186387 0.000240104 -0.000616555 -0.0186387 0.0905494 
0.00976537 -0.0180567 -0.000193018 0.000254652 -0.0180567 0.0891152 0.000264015 -0.00065487 -0.000193018 0.000264015 0.0102504 -0.0186686 0.000254652 -0.00065487 -0.0186686 0.0905911 
0.0097605 -0.0180127 -0.000218041 0.000271072 -0.0180127 0.0889809 0.000278171 -0.000706539 -0.000218041 0.000278171 0.0102281 -0.0186551 0.000271072 -0.000706539 -0.0186551 0.0905896 
0.00975397 -0.0180104 -0.000208413 0.000275326 -0.0180104 0.0889256 0.000275813 -0.000697921 -0.000208413 0.000275813 0.0102246 -0.0186235 0.000275326 -0.000697921 -0.0186235 0.0905315 
0.00973106 -0.0179908 -0.000214815 0.000286907 -0.0179908 0.0888686 0.000279952 -0.000733805 -0.000214815 0.000279952 0.0102519 -0.01863 0.000286907 -0.000733805 -0.01863 0.0905257 
0.00970421 -0.0179723 -0.000204188 0.000287133 -0.0179723 0.0888277 0.00027914 -0.000734646 -0.000204188 0.00027914 0.0102624 -0.0186511 0.000287133 -0.000734646 -0.0186511 0.0905441 
0.00970222 -0.0179646 -0.000173536 0.000246341 -0.0179646 0.088823 0.000241486 -0.000644137 -0.000173536 0.000241486 0.0102413 -0.0186378 0.000246341 -0.000644137 -0.0186378 0.090507 
0.00969065 -0.0179428 -0.000152393 0.000223226 -0.0179428 0.0887696 0.000218823 -0.000583116 -0.000152393 0.000218823 0.0102426 -0.0186346 0.000223226 -0.000583116 -0.0186346 0.0905179 
0.00969806 -0.0179315 -0.000168176 0.000220128 -0.0179315 0.0887387 0.000214891 -0.000577595 -0.000168176 0.000214891 0.0102427 -0.0186353 0.000220128 -0.000577595 -0.0186353 0.0905217 
0.0096975 -0.0179128 -0.00020098 0.000210997 -0.0179128 0.0886598 0.000208699 -0.000533223 -0.00020098 0.000208699 0.0102236 -0.0186477 0.000210997 -0.000533223 -0.0186477 0.090551 
0.00970575 -0.0179475 -0.000233761 0.000250274 -0.0179475 0.0887322 0.000251171 -0.000585354 -0.000233761 0.000251171 0.0102121 -0.018605 0.000250274 -0.000585354 -0.018605 0.0904791 
0.00969816 -0.0179662 -0.000218527 0.000281349 -0.0179662 0.0888047 0.000283362 -0.000658328 -0.000218527 0.000283362 0.0102176 -0.0185851 0.000281349 -0.000658328 -0.0185851 0.0904075 
0.0097093 -0.0179452 -0.000218744 0.000282195 -0.0179452 0.088785 0.000282606 -0.000711157 -0.000218744 0.000282606 0.0102012 -0.0185972 0.000282195 -0.000711157 -0.0185972 0.0904073 
0.00972425 -0.0179437 -0.000211169 0.000293455 -0.0179437 0.0887461 0.000291426 -0.000750859 -0.000211169 0.000291426 0.0101679 -0.0185825 0.000293455 -0.000750859 -0.0185825 0.0903965 
0.00974338 -0.0179563 -0.000216461 0.000304068 -0.0179563 0.0887473 0.00029998 -0.000801219 -0.000216461 0.00029998 0.0101282 -0.0185424 0.000304068 -0.000801219 -0.0185424 0.0903273 
0.00975245 -0.0179969 -0.00019939 0.00028119 -0.0179969 0.0888324 0.000277359 -0.00074979 -0.00019939 0.000277359 0.0101084 -0.0184743 0.00028119 -0.00074979 -0.0184743 0.090166 
0.009734 -0.0179889 -0.000174011 0.000236145 -0.0179889 0.0888363 0.00023413 -0.000631578 -0.000174011 0.00023413 0.0101295 -0.0184633 0.000236145 -0.000631578 -0.0184633 0.0900928 
0.00969626 -0.0179876 -0.000138614 0.000193224 -0.0179876 0.0888536 0.000196324 -0.000506481 -0.000138614 0.000196324 0.0101819 -0.0184711 0.000193224 -0.000506481 -0.0184711 0.0900617 
0.00967652 -0.0179533 -0.000119599 0.000157909 -0.0179533 0.0888215 0.000168997 -0.000422556 -0.000119599 0.000168997 0.0102197 -0.0185356 0.000157909 -0.000422556 -0.0185356 0.0901601 
0.00967483 -0.0178965 -0.000128301 0.000154078 -0.0178965 0.0886742 0.000165793 -0.000407597 -0.000128301 0.000165793 0.0102248 -0.0186135 0.000154078 -0.000407597 -0.0186135 0.0903678 
0.00968323 -0.0178864 -0.000141875 0.000184655 -0.0178864 0.0885889 0.00019182 -0.00046736 -0.000141875 0.00019182 0.0102045 -0.0186214 0.000184655 -0.00046736 -0.0186214 0.0904651 
0.00970281 -0.0179101 -0.000167852 0.000188696 -0.0179101 0.0886154 0.000189619 -0.000484908 -0.000167852 0.000189619 0.0101932 -0.0185886 0.000188696 -0.000484908 -0.0185886 0.0904365 
0.00969892 -0.0179225 -0.000166579 0.000236373 -0.0179225 0.0886364 0.000232267 -0.000573721 -0.000166579 0.000232267 0.0101951 -0.0185726 0.000236373 -0.000573721 -0.0185726 0.0903793 
0.00968585 -0.0179308 -0.000171699 0.000230881 -0.0179308 0.0886698 0.000223975 -0.000599611 -0.000171699 0.000223975 0.0101946 -0.0185637 0.000230881 -0.000599611 -0.0185637 0.090334 
0.00969152 -0.0179135 -0.000179301 0.000241229 -0.0179135 0.0886532 0.000235581 -0.000621317 -0.000179301 0.000235581 0.0101605 -0.018558 0.000241229 -0.000621317 -0.018558 0.0903019 
0.00971442 -0.0179165 -0.000163369 0.000214554 -0.0179165 0.0886491 0.000211581 -0.000554387 -0.000163369 0.000211581 0.0101488 -0.0185424 0.000214554 -0.000554387 -0.0185424 0.0903096 
0.00971712 -0.0179428 -0.000184499 0.000217611 -0.0179428 0.0886889 0.000216471 -0.000558576 -0.000184499 0.000216471 0.0101489 -0.0185173 0.000217611 -0.000558576 -0.0185173 0.0902476 
0.00972199 -0.0179632 -0.000194481 0.000236124 -0.0179632 0.088761 0.000233136 -0.000579074 -0.000194481 0.000233136 0.0101478 -0.0185103 0.000236124 -0.000579074 -0.0185103 0.0902087 
0.00970559 -0.0179448 -0.000187052 0.000247237 -0.0179448 0.0887314 0.00024315 -0.000603559 -0.000187052 0.00024315 0.0101462 -0.0185282 0.000247237 -0.000603559 -0.0185282 0.090245 
0.00969644 -0.0179282 -0.00017274 0.000230281 -0.0179282 0.0886979 0.000229414 -0.000581283 -0.00017274 0.000229414 0.0101385 -0.0185228 0.000230281 -0.000581283 -0.0185228 0.0902489 
0.00969833 -0.0179394 -0.000151634 0.000220972 -0.0179394 0.0887211 0.000225848 -0.000573301 -0.000151634 0.000225848 0.0101167 -0.0184756 0.000220972 -0.000573301 -0.0184756 0.0901276 
0.0097193 -0.0179393 -0.000181923 0.00020866 -0.0179393 0.0887302 0.000215185 -0.000567496 -0.000181923 0.000215185 0.0100716 -0.0184451 0.00020866 -0.000567496 -0.0184451 0.0900217 
0.00971149 -0.0179439 -0.000191675 0.000244414 -0.0179439 0.0887156 0.000247718 -0.000610421 -0.000191675 0.000247718 0.0100501 -0.0183999 0.000244414 -0.000610421 -0.0183999 0.0899194 
0.00971323 -0.0179501 -0.0001847 0.000237361 -0.0179501 0.0887438 0.000237357 -0.000604725 -0.0001847 0.000237357 0.0100446 -0.0183682 0.000237361 -0.000604725 -0.0183682 0.0898254 
0.00971386 -0.0179618 -0.000155752 0.000217824 -0.0179618 0.0887799 0.000217178 -0.000555092 -0.000155752 0.000217178 0.010052 -0.018351 0.000217824 -0.000555092 -0.018351 0.0897534 
0.00970399 -0.0179523 -0.000131141 0.000195091 -0.0179523 0.0887648 0.000193423 -0.000511769 -0.000131141 0.000193423 0.0100721 -0.0183648 0.000195091 -0.000511769 -0.0183648 0.0897536 
0.00971709 -0.0179111 -0.000128076 0.000167316 -0.0179111 0.0886573 0.00016924 -0.000455969 -0.000128076 0.00016924 0.0100569 -0.0184106 0.000167316 -0.000455969 -0.0184106 0.0898515 
0.00971098 -0.0179488 -0.000120347 0.000156424 -0.0179488 0.0886901 0.000161714 -0.000410902 -0.000120347 0.000161714 0.0100451 -0.0183685 0.000156424 -0.000410902 -0.0183685 0.0898025 
0.0097165 -0.0179304 -0.000130823 0.000164818 -0.0179304 0.0886801 0.000167674 -0.000426855 -0.000130823 0.000167674 0.0100309 -0.0183699 0.000164818 -0.000426855 -0.0183699 0.0897947 
0.00972064 -0.0179416 -0.000167274 0.000202301 -0.0179416 0.0886898 0.000202926 -0.000517593 -0.000167274 0.000202926 0.0100124 -0.0183396 0.000202301 -0.000517593 -0.0183396 0.089731 
0.00970793 -0.0179575 -0.000204219 0.000244204 -0.0179575 0.0887416 0.000242632 -0.000616486 -0.000204219 0.000242632 0.0100243 -0.0183185 0.000244204 -0.000616486 -0.0183185 0.0896783 
0.00969876 -0.0179627 -0.000205141 0.000242016 -0.0179627 0.0887964 0.000237927 -0.000598571 -0.000205141 0.000237927 0.0100481 -0.0183242 0.000242016 -0.000598571 -0.0183242 0.0896588 
0.00968692 -0.0179266 -0.000217286 0.000248826 -0.0179266 0.088724 0.000246699 -0.000609339 -0.000217286 0.000246699 0.0100621 -0.0183695 0.000248826 -0.000609339 -0.0183695 0.0897436 
0.00971557 -0.0179215 -0.000219761 0.000274619 -0.0179215 0.0886913 0.000277028 -0.000672138 -0.000219761 0.000277028 0.010031 -0.0183775 0.000274619 -0.000672138 -0.0183775 0.0897884 
0.00972396 -0.0179292 -0.000212733 0.000279136 -0.0179292 0.0886601 0.000282338 -0.000706021 -0.000212733 0.000282338 0.0100099 -0.0183653 0.000279136 -0.000706021 -0.0183653 0.089816 
0.00970446 -0.017928 -0.000203222 0.000275889 -0.017928 0.0886363 0.000276389 -0.000710819 -0.000203222 0.000276389 0.00999129 -0.0183327 0.000275889 -0.000710819 -0.0183327 0.0897535 
0.00971526 -0.0179289 -0.00017813 0.000234808 -0.0179289 0.0886566 0.000233452 -0.000612999 -0.00017813 0.000233452 0.00996544 -0.0182855 0.000234808 -0.000612999 -0.0182855 0.0896291 
0.00972939 -0.017936 -0.000164931 0.000211432 -0.017936 0.0886637 0.000210502 -0.000543836 -0.000164931 0.000210502 0.00994908 -0.0182539 0.000211432 -0.000543836 -0.0182539 0.0895286 
0.00972091 -0.0179331 -0.000159084 0.000209681 -0.0179331 0.0886418 0.000212352 -0.000534994 -0.000159084 0.000212352 0.00997511 -0.0182549 0.000209681 -0.000534994 -0.0182549 0.0895165 
0.00969858 -0.0179151 -0.000141092 0.000195231 -0.0179151 0.0885986 0.00019708 -0.000501742 -0.000141092 0.00019708 0.0100281 -0.0183024 0.000195231 -0.000501742 -0.0183024 0.0896079 
0.00969403 -0.017944 -0.000135727 0.000162553 -0.017944 0.0886843 0.000161391 -0.000421457 -0.000135727 0.000161391 0.0100614 -0.0183226 0.000162553 -0.000421457 -0.0183226 0.0896344 
0.00967749 -0.0179089 -0.000160644 0.00019132 -0.0179089 0.0886326 0.000187895 -0.000468583 -0.000160644 0.000187895 0.0100784 -0.0183927 0.00019132 -0.000468583 -0.0183927 0.0897879 
0.00967264 -0.0178725 -0.000200995 0.000235265 -0.0178725 0.0885354 0.000232609 -0.000577505 -0.000200995 0.000232609 0.0100814 -0.0184343 0.000235265 -0.000577505 -0.0184343 0.0899462 
0.00970044 -0.0178624 -0.000209176 0.000259998 -0.0178624 0.0884777 0.000258307 -0.000637736 -0.000209176 0.000258307 0.0100611 -0.0184497 0.000259998 -0.000637736 -0.0184497 0.0900442 
0.00971855 -0.0179293 -0.000214193 0.000269041 -0.0179293 0.0885958 0.000268446 -0.000677736 -0.000214193 0.000268446 0.0100366 -0.0183892 0.000269041 -0.000677736 -0.0183892 0.0899416 
0.00972949 -0.01797 -0.00022507 0.000286288 -0.01797 0.0887429 0.000284437 -0.000729247 -0.00022507 0.000284437 0.0100104 -0.0183396 0.000286288 -0.000729247 -0.0183396 0.0897855 
0.00973077 -0.0179929 -0.000190847 0.00027399 -0.0179929 0.0888452 0.000268702 -0.000696268 -0.000190847 0.000268702 0.0100229 -0.0183065 0.00027399 -0.000696268 -0.0183065 0.089679 
0.00971446 -0.0179521 -0.000167388 0.000248291 -0.0179521 0.0887692 0.000246001 -0.000662238 -0.000167388 0.000246001 0.0100573 -0.0183541 0.000248291 -0.000662238 -0.0183541 0.0897444 
0.0096954 -0.0179361 -0.000151686 0.000224057 -0.0179361 0.0887095 0.000223937 -0.000613217 -0.000151686 0.000223937 0.0100823 -0.0183898 0.000224057 -0.000613217 -0.0183898 0.0898253 
0.00969117 -0.0179371 -0.000133266 0.000185311 -0.0179371 0.0887204 0.000186158 -0.000511658 -0.000133266 0.000186158 0.0100895 -0.018405 0.000185311 -0.000511658 -0.018405 0.0898632 
0.00968825 -0.0179229 -0.000146587 0.000163308 -0.0179229 0.088695 0.000166419 -0.000438795 -0.000146587 0.000166419 0.0100934 -0.0184274 0.000163308 -0.000438795 -0.0184274 0.0899287 
0.00970001 -0.0179203 -0.000179292 0.000188144 -0.0179203 0.08868 0.000191376 -0.000462799 -0.000179292 0.000191376 0.0100859 -0.0184324 0.000188144 -0.000462799 -0.0184324 0.0899644 
0.00974801 -0.0179434 -0.000188686 0.000223171 -0.0179434 0.0887199 0.000226192 -0.000530886 -0.000188686 0.000226192 0.010063 -0.0184202 0.000223171 -0.000530886 -0.0184202 0.0899579 
0.00975212 -0.0179796 -0.000181338 0.000250712 -0.0179796 0.0887681 0.000253232 -0.00062203 -0.000181338 0.000253232 0.0100688 -0.018409 0.000250712 -0.00062203 -0.018409 0.0899501 
0.00973862 -0.0179791 -0.000182232 0.000254432 -0.0179791 0.0887849 0.000253428 -0.000668287 -0.000182232 0.000253428 0.0100719 -0.0184103 0.000254432 -0.000668287 -0.0184103 0.0899318 
0.00971455 -0.0179582 -0.000181299 0.000246079 -0.0179582 0.0887469 0.00024512 -0.00065457 -0.000181299 0.00024512 0.0100799 -0.0184117 0.000246079 -0.00065457 -0.0184117 0.0899246 
0.00969745 -0.01794 -0.000180933 0.000239095 -0.01794 0.0887116 0.000241331 -0.000634547 -0.000180933 0.000241331 0.0100694 -0.0184083 0.000239095 -0.000634547 -0.0184083 0.0899019 
0.00968643 -0.0179099 -0.000169656 0.000228592 -0.0179099 0.08864 0.000233342 -0.000605283 -0.000169656 0.000233342 0.0100581 -0.0184101 0.000228592 -0.000605283 -0.0184101 0.0899185 
0.00969976 -0.0179067 -0.000169859 0.00023648 -0.0179067 0.088616 0.000239989 -0.000628951 -0.000169859 0.000239989 0.0100364 -0.0183809 0.00023648 -0.000628951 -0.0183809 0.0898652 
0.00969247 -0.0179238 -0.000149507 0.000194425 -0.0179238 0.088634 0.000193906 -0.00051778 -0.000149507 0.000193906 0.0100466 -0.0183564 0.000194425 -0.00051778 -0.0183564 0.0898089 
0.00965303 -0.0178828 -0.000141026 0.000195421 -0.0178828 0.0885471 0.000186638 -0.000489825 -0.000141026 0.000186638 0.0100744 -0.0183907 0.000195421 -0.000489825 -0.0183907 0.0898563 
0.00964777 -0.0178527 -0.000143909 0.000184208 -0.0178527 0.0884838 0.000172707 -0.000460862 -0.000143909 0.000172707 0.0100764 -0.0184095 0.000184208 -0.000460862 -0.0184095 0.0898963 
0.00965461 -0.0178347 -0.000152687 0.0001917 -0.0178347 0.0884141 0.000184046 -0.000471132 -0.000152687 0.000184046 0.0100635 -0.0184151 0.0001917 -0.000471132 -0.0184151 0.0899211 
0.00970435 -0.0178694 -0.000177464 0.000202902 -0.0178694 0.0884735 0.000202966 -0.000507676 -0.000177464 0.000202966 0.00998587 -0.018364 0.000202902 -0.000507676 -0.018364 0.0898011 
0.0097283 -0.0179184 -0.000168921 0.000218672 -0.0179184 0.0885703 0.000224074 -0.000537142 -0.000168921 0.000224074 0.00993902 -0.0182829 0.000218672 -0.000537142 -0.0182829 0.0896383 
0.0097219 -0.0179571 -0.000141628 0.000182955 -0.0179571 0.088685 0.000190391 -0.000471656 -0.000141628 0.000190391 0.00993391 -0.0182135 0.000182955 -0.000471656 -0.0182135 0.0894446 
0.00969593 -0.0179176 -0.00012108 0.000187988 -0.0179176 0.0886314 0.000193938 -0.000486421 -0.00012108 0.000193938 0.00995222 -0.0182268 0.000187988 -0.000486421 -0.0182268 0.0894091 
0.00967611 -0.0178929 -0.000118181 0.00017871 -0.0178929 0.0885673 0.000183758 -0.000496389 -0.000118181 0.000183758 0.00996207 -0.0182372 0.00017871 -0.000496389 -0.0182372 0.0894081 
0.00968208 -0.017905 -0.000133729 0.00017061 -0.017905 0.0885967 0.00017501 -0.000477378 -0.000133729 0.00017501 0.00994432 -0.0182145 0.00017061 -0.000477378 -0.0182145 0.0893425 
0.00967358 -0.017893 -0.000132363 0.000164069 -0.017893 0.0885687 0.000165731 -0.000428709 -0.000132363 0.000165731 0.00995374 -0.0182177 0.000164069 -0.000428709 -0.0182177 0.0893556 
0.00967236 -0.0178718 -0.000138457 0.000156439 -0.0178718 0.088508 0.000156236 -0.000394508 -0.000138457 0.000156236 0.00994557 -0.018237 0.000156439 -0.000394508 -0.018237 0.0894005 
0.00967157 -0.0178904 -0.00014072 0.000173752 -0.0178904 0.0885382 0.000172706 -0.000418724 -0.00014072 0.000172706 0.00993533 -0.0182031 0.000173752 -0.000418724 -0.0182031 0.0893366 
0.0096501 -0.0178854 -0.000140675 0.000189456 -0.0178854 0.0885407 0.000185683 -0.000466857 -0.000140675 0.000185683 0.00993614 -0.0181834 0.000189456 -0.000466857 -0.0181834 0.0892638 
0.00965083 -0.0178519 -0.000147735 0.00020708 -0.0178519 0.0884787 0.000198879 -0.000527364 -0.000147735 0.000198879 0.0099321 -0.018189 0.00020708 -0.000527364 -0.018189 0.0892525 
0.00964846 -0.0178166 -0.000132555 0.000204119 -0.0178166 0.0883497 0.000195491 -0.000533121 -0.000132555 0.000195491 0.00993209 -0.0182121 0.000204119 -0.000533121 -0.0182121 0.0893191 
0.00966637 -0.0178103 -0.000111626 0.00017189 -0.0178103 0.0882844 0.000169038 -0.000477304 -0.000111626 0.000169038 0.00991275 -0.0182153 0.00017189 -0.000477304 -0.0182153 0.089354 
0.00968095 -0.0178332 -0.000101655 0.000137132 -0.0178332 0.0883092 0.000139702 -0.000393705 -0.000101655 0.000139702 0.00990977 -0.0182056 0.000137132 -0.000393705 -0.0182056 0.0893715 
0.00968501 -0.0178735 -0.000112132 0.000136677 -0.0178735 0.0884169 0.000142227 -0.000375156 -0.000112132 0.000142227 0.00993223 -0.0181933 0.000136677 -0.000375156 -0.0181933 0.0893494 
0.00967615 -0.017891 -0.000132966 0.000144783 -0.017891 0.0885052 0.000150753 -0.000378684 -0.000132966 0.000150753 0.00996815 -0.0182201 0.000144783 -0.000378684 -0.0182201 0.0893835 
0.00964828 -0.0178674 -0.000147095 0.00016519 -0.0178674 0.0884831 0.000165072 -0.000398238 -0.000147095 0.000165072 0.0100022 -0.0182773 0.00016519 -0.000398238 -0.0182773 0.0895073 
0.00962028 -0.017843 -0.000152794 0.000197656 -0.017843 0.088445 0.000191745 -0.000467782 -0.000152794 0.000191745 0.0100209 -0.0183125 0.000197656 -0.000467782 -0.0183125 0.0896095 
0.00961629 -0.0178183 -0.00014673 0.000189688 -0.0178183 0.0884009 0.000182519 -0.000465795 -0.00014673 0.000182519 0.0099999 -0.018324 0.000189688 -0.000465795 -0.018324 0.0896533 
