0.00747085 0 -0.000498114 0 0 0.01 0 0 -0.000498114 0 0.00713965 0 0 0 0 0.01 
0.0104998 -0.0130375 -0.000596065 0.000731963 -0.0130375 0.034173 0.000731963 -0.00140308 -0.000596065 0.000731963 0.010102 -0.0125476 0.000731963 -0.00140308 -0.0125476 0.0332333 
0.0105053 -0.0196691 -0.000469926 0.000710828 -0.0196691 0.0720515 0.000710828 -0.00224658 -0.000469926 0.000710828 0.0102094 -0.0190725 0.000710828 -0.00224658 -0.0190725 0.0701569 
0.00991031 -0.0192253 -0.000470092 0.000537901 -0.0192253 0.0858929 0.000544569 -0.0017394 -0.000470092 0.000544569 0.00968121 -0.0188692 0.000537901 -0.0017394 -0.0188692 0.0845213 
0.00990317 -0.018433 -0.000525965 0.000550149 -0.018433 0.0885511 0.000560846 -0.00135477 -0.000525965 0.000560846 0.00964047 -0.0182573 0.000550149 -0.00135477 -0.0182573 0.0880145 
0.0101441 -0.0184168 -0.000539807 0.000626001 -0.0184168 0.0894748 0.000634427 -0.00138898 -0.000539807 0.000634427 0.00972993 -0.0180859 0.000626001 -0.00138898 -0.0180859 0.0888608 
0.0102914 -0.0185986 -0.000543731 0.000664198 -0.0185986 0.0901454 0.00067036 -0.00155033 -0.000543731 0.00067036 0.00982533 -0.018126 0.000664198 -0.00155033 -0.018126 0.0892438 
0.0103755 -0.0187532 -0.000527873 0.000655087 -0.0187532 0.0906793 0.000655208 -0.00159544 -0.000527873 0.000655208 0.00984129 -0.0181385 0.000655087 -0.00159544 -0.0181385 0.0893107 
0.0103669 -0.0187947 -0.000497112 0.000640322 -0.0187947 0.0908723 0.000633398 -0.00158735 -0.000497112 0.000633398 0.00986701 -0.0181532 0.000640322 -0.00158735 -0.0181532 0.0893276 
0.0103414 -0.0188134 -0.000489894 0.000598532 -0.0188134 0.0909907 0.000589341 -0.00150928 -0.000489894 0.000589341 0.00989494 -0.0181493 0.000598532 -0.00150928 -0.0181493 0.0892744 
0.01033 -0.0187851 -0.000468375 0.000570339 -0.0187851 0.0909844 0.000564815 -0.00140941 -0.000468375 0.000564815 0.0099193 -0.0181978 0.000570339 -0.00140941 -0.0181978 0.0893469 
0.0103158 -0.0187605 -0.000475391 0.000548864 -0.0187605 0.0909208 0.000547145 -0.00134433 -0.000475391 0.000547145 0.00992918 -0.0182406 0.000548864 -0.00134433 -0.0182406 0.0894612 
0.0102819 -0.0187351 -0.000476369 0.000555982 -0.0187351 0.090846 0.000554453 -0.00132787 -0.000476369 0.000554453 0.00994159 -0.0182639 0.000555982 -0.00132787 -0.0182639 0.0895584 
0.0102405 -0.0186943 -0.00046478 0.000567415 -0.0186943 0.0907505 0.000563164 -0.00135381 -0.00046478 0.000563164 0.00995351 -0.0182771 0.000567415 -0.00135381 -0.0182771 0.0896195 
0.0102098 -0.0186328 -0.000461514 0.000562523 -0.0186328 0.0906057 0.000558153 -0.00136667 -0.000461514 0.000558153 0.00994525 -0.0183017 0.000562523 -0.00136667 -0.0183017 0.0896931 
0.0101888 -0.0186059 -0.000434154 0.000541814 -0.0186059 0.0905227 0.000542658 -0.00132389 -0.000434154 0.000542658 0.00996626 -0.0182984 0.000541814 -0.00132389 -0.0182984 0.0897355 
0.010208 -0.0186212 -0.000397446 0.000500467 -0.0186212 0.0905613 0.000506158 -0.00124145 -0.000397446 0.000506158 0.00995534 -0.0182766 0.000500467 -0.00124145 -0.0182766 0.0896607 
0.0102125 -0.0185893 -0.000438932 0.000470495 -0.0185893 0.0904679 0.000476359 -0.0011754 -0.000438932 0.000476359 0.0099486 -0.0183163 0.000470495 -0.0011754 -0.0183163 0.0897517 
0.0102192 -0.0185812 -0.000462712 0.000523858 -0.0185812 0.0903976 0.000527792 -0.00123367 -0.000462712 0.000527792 0.00992684 -0.0183185 0.000523858 -0.00123367 -0.0183185 0.0898104 
0.0102333 -0.0185973 -0.000434062 0.000553008 -0.0185973 0.0904132 0.000553976 -0.00131537 -0.000434062 0.000553976 0.00990229 -0.0182838 0.000553008 -0.00131537 -0.0182838 0.0897614 
0.0102637 -0.0186549 -0.000397211 0.000514869 -0.0186549 0.0905531 0.000517753 -0.00128517 -0.000397211 0.000517753 0.00984111 -0.0181992 0.000514869 -0.00128517 -0.0181992 0.0895426 
0.0102733 -0.0186844 -0.000374312 0.000462826 -0.0186844 0.0906554 0.000469625 -0.0011771 -0.000374312 0.000469625 0.00982894 -0.0181424 0.000462826 -0.0011771 -0.0181424 0.0893868 
0.0102475 -0.0186944 -0.000375235 0.000437805 -0.0186944 0.0907008 0.000445602 -0.00109664 -0.000375235 0.000445602 0.00983472 -0.0181131 0.000437805 -0.00109664 -0.0181131 0.089261 
0.0102242 -0.0186604 -0.00037578 0.000445261 -0.0186604 0.0906596 0.00044901 -0.00108275 -0.00037578 0.00044901 0.0098341 -0.0181195 0.000445261 -0.00108275 -0.0181195 0.0892268 
0.0102033 -0.0186224 -0.000363043 0.000454782 -0.0186224 0.0905652 0.000453927 -0.00110128 -0.000363043 0.000453927 0.00982524 -0.0181225 0.000454782 -0.00110128 -0.0181225 0.0892287 
0.0101987 -0.0185952 -0.000356175 0.000431018 -0.0185952 0.0904942 0.000430711 -0.00106722 -0.000356175 0.000430711 0.00985194 -0.0181319 0.000431018 -0.00106722 -0.0181319 0.0892719 
0.0101691 -0.0185642 -0.00037709 0.000452818 -0.0185642 0.0903742 0.000452022 -0.00111563 -0.00037709 0.000452022 0.00985975 -0.0181526 0.000452818 -0.00111563 -0.0181526 0.0892955 
0.010158 -0.0185389 -0.000382735 0.000463545 -0.0185389 0.0903045 0.000459644 -0.00113437 -0.000382735 0.000459644 0.00984974 -0.0181588 0.000463545 -0.00113437 -0.0181588 0.0893176 
0.010168 -0.01852 -0.000375084 0.000455575 -0.01852 0.0902484 0.000447295 -0.00110992 -0.000375084 0.000447295 0.00985776 -0.0181724 0.000455575 -0.00110992 -0.0181724 0.089385 
0.0101852 -0.0185725 -0.000369105 0.000452106 -0.0185725 0.0903476 0.000445198 -0.00110424 -0.000369105 0.000445198 0.00985336 -0.0181312 0.000452106 -0.00110424 -0.0181312 0.0892872 
0.0101899 -0.0185921 -0.000373294 0.000438258 -0.0185921 0.0904212 0.000438008 -0.00108155 -0.000373294 0.000438008 0.00984416 -0.0181267 0.000438258 -0.00108155 -0.0181267 0.0892383 
0.0101911 -0.0185842 -0.000378939 0.000434869 -0.0185842 0.0904199 0.000440999 -0.00106302 -0.000378939 0.000440999 0.00983193 -0.0181298 0.000434869 -0.00106302 -0.0181298 0.0892436 
0.0101523 -0.0185621 -0.000372054 0.000455525 -0.0185621 0.0903537 0.000463073 -0.00110558 -0.000372054 0.000463073 0.00983221 -0.0181211 0.000455525 -0.00110558 -0.0181211 0.089233 
0.0101229 -0.0184989 -0.000362767 0.00045958 -0.0184989 0.0902228 0.000466102 -0.0011452 -0.000362767 0.000466102 0.00985032 -0.0181431 0.00045958 -0.0011452 -0.0181431 0.089283 
0.0100973 -0.0184369 -0.000384113 0.000461878 -0.0184369 0.0900352 0.000468498 -0.00117565 -0.000384113 0.000468498 0.00986176 -0.0181782 0.000461878 -0.00117565 -0.0181782 0.0893689 
0.0101039 -0.0184611 -0.000370703 0.000458723 -0.0184611 0.0900625 0.000462864 -0.00114575 -0.000370703 0.000462864 0.00986174 -0.0181497 0.000458723 -0.00114575 -0.0181497 0.0893246 
0.0101381 -0.018458 -0.000345092 0.000420647 -0.018458 0.0900696 0.000418733 -0.00104536 -0.000345092 0.000418733 0.00986156 -0.0181768 0.000420647 -0.00104536 -0.0181768 0.0893754 
0.0101789 -0.0185141 -0.000340036 0.000399713 -0.0185141 0.0901741 0.000396578 -0.000980244 -0.000340036 0.000396578 0.00986218 -0.0181665 0.000399713 -0.000980244 -0.0181665 0.0893737 
0.0101978 -0.0185641 -0.000349219 0.000417094 -0.0185641 0.0902978 0.000415923 -0.00100997 -0.000349219 0.000415923 0.00984461 -0.0181579 0.000417094 -0.00100997 -0.0181579 0.0893404 
0.0101881 -0.0185888 -0.000368539 0.000431843 -0.0185888 0.0903913 0.000431252 -0.00105362 -0.000368539 0.000431252 0.009833 -0.0181368 0.000431843 -0.00105362 -0.0181368 0.0892942 
0.0101742 -0.018574 -0.000376884 0.000440887 -0.018574 0.0904037 0.000440516 -0.00106913 -0.000376884 0.000440516 0.00985009 -0.018141 0.000440887 -0.00106913 -0.018141 0.0893078 
0.0101638 -0.0185543 -0.000370483 0.000447361 -0.0185543 0.0903662 0.000444798 -0.00108009 -0.000370483 0.000444798 0.00986969 -0.0181609 0.000447361 -0.00108009 -0.0181609 0.0893434 
0.010173 -0.0185543 -0.000365286 0.000445047 -0.0185543 0.0903608 0.000440977 -0.00108575 -0.000365286 0.000440977 0.00986533 -0.0181672 0.000445047 -0.00108575 -0.0181672 0.0893496 
0.010162 -0.0185782 -0.000379558 0.000460191 -0.0185782 0.0904052 0.000457949 -0.0011368 -0.000379558 0.000457949 0.00987684 -0.0181406 0.000460191 -0.0011368 -0.0181406 0.0892882 
0.0101541 -0.01855 -0.000371936 0.000469674 -0.01855 0.0903661 0.000469662 -0.00116561 -0.000371936 0.000469662 0.00986902 -0.0181627 0.000469674 -0.00116561 -0.0181627 0.0892976 
0.0101555 -0.018541 -0.000369576 0.000442844 -0.018541 0.0903326 0.000445265 -0.00111784 -0.000369576 0.000445265 0.00987029 -0.0181639 0.000442844 -0.00111784 -0.0181639 0.0893258 
0.0101549 -0.0185274 -0.000356282 0.000437191 -0.0185274 0.0902879 0.000439666 -0.00108138 -0.000356282 0.000439666 0.00989488 -0.0181905 0.000437191 -0.00108138 -0.0181905 0.0894054 
0.0101964 -0.0185473 -0.000328684 0.000418801 -0.0185473 0.0903244 0.000422088 -0.00104145 -0.000328684 0.000422088 0.00988119 -0.0182078 0.000418801 -0.00104145 -0.0182078 0.089452 
0.0101797 -0.0185779 -0.000328997 0.000403798 -0.0185779 0.090362 0.000409115 -0.00102292 -0.000328997 0.000409115 0.00987792 -0.0181995 0.000403798 -0.00102292 -0.0181995 0.0894636 
0.0101517 -0.018555 -0.0003362 0.000404305 -0.018555 0.0903538 0.00040888 -0.00101512 -0.0003362 0.00040888 0.00989521 -0.0182083 0.000404305 -0.00101512 -0.0182083 0.0894935 
0.010143 -0.0185086 -0.000353765 0.000411318 -0.0185086 0.0902586 0.00041231 -0.00101755 -0.000353765 0.00041231 0.00990841 -0.0182391 0.000411318 -0.00101755 -0.0182391 0.0895619 
0.0101353 -0.0185254 -0.000388134 0.000444115 -0.0185254 0.090269 0.000440286 -0.00107876 -0.000388134 0.000440286 0.00991303 -0.0182204 0.000444115 -0.00107876 -0.0182204 0.0895237 
0.0101505 -0.0185158 -0.000391305 0.00047756 -0.0185158 0.0902643 0.000469383 -0.00114452 -0.000391305 0.000469383 0.00989974 -0.0182348 0.00047756 -0.00114452 -0.0182348 0.0895411 
0.010178 -0.0185358 -0.000398933 0.000475075 -0.0185358 0.0902921 0.000466798 -0.00116198 -0.000398933 0.000466798 0.00987745 -0.0182197 0.000475075 -0.00116198 -0.0182197 0.0895305 
0.0101812 -0.0185939 -0.00041319 0.000478246 -0.0185939 0.090419 0.000474745 -0.00116667 -0.00041319 0.000474745 0.00986604 -0.0181609 0.000478246 -0.00116667 -0.0181609 0.0893984 
0.0101827 -0.0185914 -0.000400316 0.000478755 -0.0185914 0.0904636 0.000477994 -0.00115411 -0.000400316 0.000477994 0.00988929 -0.018161 0.000478755 -0.00115411 -0.018161 0.0893596 
0.0101715 -0.0185507 -0.000373358 0.000478983 -0.0185507 0.0903524 0.000478664 -0.00116855 -0.000373358 0.000478664 0.00991179 -0.0182131 0.000478983 -0.00116855 -0.0182131 0.0894509 
0.0101743 -0.0185125 -0.000355103 0.000457312 -0.0185125 0.0902128 0.000455324 -0.00114619 -0.000355103 0.000455324 0.00989321 -0.0182522 0.000457312 -0.00114619 -0.0182522 0.0895636 
0.010187 -0.018545 -0.000366955 0.000416497 -0.018545 0.0902496 0.000417192 -0.0010523 -0.000366955 0.000417192 0.00989191 -0.0182242 0.000416497 -0.0010523 -0.0182242 0.0895644 
0.0101921 -0.0185701 -0.000379436 0.000429314 -0.0185701 0.0903258 0.000429895 -0.00103184 -0.000379436 0.000429895 0.00991367 -0.0182206 0.000429314 -0.00103184 -0.0182206 0.0895459 
0.0101795 -0.0185913 -0.000365838 0.00045067 -0.0185913 0.090402 0.000451538 -0.00107124 -0.000365838 0.000451538 0.00992088 -0.0182212 0.00045067 -0.00107124 -0.0182212 0.0895076 
0.0101619 -0.0185674 -0.000381971 0.000449701 -0.0185674 0.0903819 0.000451788 -0.0011084 -0.000381971 0.000451788 0.00990621 -0.0182305 0.000449701 -0.0011084 -0.0182305 0.0895101 
0.0101669 -0.0185261 -0.000395174 0.000473468 -0.0185261 0.0902908 0.000472352 -0.00115432 -0.000395174 0.000472352 0.0098845 -0.0182412 0.000473468 -0.00115432 -0.0182412 0.0895637 
0.0101568 -0.0185203 -0.000380089 0.000484612 -0.0185203 0.0902233 0.000479847 -0.00118235 -0.000380089 0.000479847 0.0098664 -0.0182089 0.000484612 -0.00118235 -0.0182089 0.0895203 
0.0101406 -0.0185024 -0.000351932 0.000466204 -0.0185024 0.0901788 0.000463426 -0.00116659 -0.000351932 0.000463426 0.00986803 -0.0181989 0.000466204 -0.00116659 -0.0181989 0.0894943 
0.0101461 -0.0185124 -0.000336464 0.00043183 -0.0185124 0.0902122 0.000430975 -0.00110284 -0.000336464 0.000430975 0.00985452 -0.0181707 0.00043183 -0.00110284 -0.0181707 0.0894076 
0.0101342 -0.0184995 -0.00034148 0.000408436 -0.0184995 0.0901802 0.000406282 -0.00102687 -0.00034148 0.000406282 0.00983421 -0.018165 0.000408436 -0.00102687 -0.018165 0.089375 
0.0101188 -0.0184856 -0.000338716 0.000413572 -0.0184856 0.0901506 0.000408071 -0.0010029 -0.000338716 0.000408071 0.00983138 -0.0181402 0.000413572 -0.0010029 -0.0181402 0.089327 
0.0100792 -0.0184578 -0.000333321 0.000413587 -0.0184578 0.0900807 0.000410476 -0.00100733 -0.000333321 0.000410476 0.0098498 -0.0181289 0.000413587 -0.00100733 -0.0181289 0.0892748 
0.0100455 -0.0184261 -0.000332359 0.00040851 -0.0184261 0.0900127 0.000406885 -0.00100635 -0.000332359 0.000406885 0.00985673 -0.0181179 0.00040851 -0.00100635 -0.0181179 0.0892004 
0.0100311 -0.0183695 -0.000326557 0.000403002 -0.0183695 0.0898746 0.000399995 -0.000991275 -0.000326557 0.000399995 0.00984634 -0.018137 0.000403002 -0.000991275 -0.018137 0.0892171 
0.010024 -0.0183376 -0.000309737 0.000389825 -0.0183376 0.089759 0.000385603 -0.000959119 -0.000309737 0.000385603 0.00986315 -0.0181523 0.000389825 -0.000959119 -0.0181523 0.089287 
0.010023 -0.0183386 -0.000326096 0.000381079 -0.0183386 0.0897263 0.000380776 -0.000950111 -0.000326096 0.000380776 0.00985582 -0.0181433 0.000381079 -0.000950111 -0.0181433 0.0892534 
0.0100378 -0.018363 -0.000345844 0.000411077 -0.018363 0.0897892 0.000415743 -0.00100924 -0.000345844 0.000415743 0.00982241 -0.0181042 0.000411077 -0.00100924 -0.0181042 0.08914 
0.0100509 -0.0183835 -0.000323305 0.000430741 -0.0183835 0.0898572 0.000436324 -0.00106907 -0.000323305 0.000436324 0.00980332 -0.0180726 0.000430741 -0.00106907 -0.0180726 0.0890591 
0.0100407 -0.0183916 -0.000301388 0.000391371 -0.0183916 0.0898874 0.00039527 -0.00101607 -0.000301388 0.00039527 0.00981047 -0.0180607 0.000391371 -0.00101607 -0.0180607 0.089024 
0.0100278 -0.0183696 -0.000288695 0.000352167 -0.0183696 0.0898568 0.000359126 -0.000913709 -0.000288695 0.000359126 0.00982759 -0.0180851 0.000352167 -0.000913709 -0.0180851 0.0890704 
0.0100339 -0.018344 -0.000303958 0.000350028 -0.018344 0.0897912 0.000357327 -0.000885344 -0.000303958 0.000357327 0.00983131 -0.0181239 0.000350028 -0.000885344 -0.0181239 0.0891801 
0.0100506 -0.0183837 -0.000318774 0.000367817 -0.0183837 0.0898537 0.000370839 -0.000899923 -0.000318774 0.000370839 0.00980753 -0.0180867 0.000367817 -0.000899923 -0.0180867 0.0891252 
0.0100344 -0.018393 -0.000316737 0.000400615 -0.018393 0.0898851 0.000396474 -0.000967603 -0.000316737 0.000396474 0.00979944 -0.0180632 0.000400615 -0.000967603 -0.0180632 0.0890663 
0.0100382 -0.0183444 -0.000319563 0.00040392 -0.0183444 0.0898038 0.000394727 -0.00100582 -0.000319563 0.000394727 0.00982623 -0.0181114 0.00040392 -0.00100582 -0.0181114 0.0891908 
0.0100733 -0.0183868 -0.00032666 0.000387816 -0.0183868 0.0898629 0.000380306 -0.000970727 -0.00032666 0.000380306 0.00981977 -0.0181028 0.000387816 -0.000970727 -0.0181028 0.0891851 
0.0100716 -0.0183792 -0.000367934 0.000402206 -0.0183792 0.0898335 0.00039677 -0.000984412 -0.000367934 0.00039677 0.0098611 -0.0181551 0.000402206 -0.000984412 -0.0181551 0.089326 
0.0100872 -0.0183906 -0.000384634 0.000457014 -0.0183906 0.0898578 0.000455899 -0.00109103 -0.000384634 0.000455899 0.00991632 -0.0182065 0.000457014 -0.00109103 -0.0182065 0.0894658 
0.0101309 -0.0184376 -0.000392464 0.000480239 -0.0184376 0.089964 0.000484361 -0.0011861 -0.000392464 0.000484361 0.0098953 -0.0182337 0.000480239 -0.0011861 -0.0182337 0.0895099 
0.0101405 -0.0184924 -0.000414425 0.000487714 -0.0184924 0.0901004 0.000494911 -0.0012326 -0.000414425 0.000494911 0.00988075 -0.0182178 0.000487714 -0.0012326 -0.0182178 0.089514 
0.010119 -0.0185089 -0.000384544 0.000509339 -0.0185089 0.0901975 0.000515367 -0.00127109 -0.000384544 0.000515367 0.00990165 -0.0182089 0.000509339 -0.00127109 -0.0182089 0.0895043 
0.0101301 -0.0185166 -0.000359171 0.000468723 -0.0185166 0.0902761 0.00046827 -0.00121117 -0.000359171 0.00046827 0.00989547 -0.0181959 0.000468723 -0.00121117 -0.0181959 0.0894369 
0.0101168 -0.0184997 -0.000350102 0.000421099 -0.0184997 0.0902323 0.000417559 -0.00107674 -0.000350102 0.000417559 0.00991104 -0.0182146 0.000421099 -0.00107674 -0.0182146 0.0894744 
0.0101019 -0.0184648 -0.000360336 0.000410989 -0.0184648 0.0901379 0.000410404 -0.00101032 -0.000360336 0.000410404 0.00993218 -0.0182494 0.000410989 -0.00101032 -0.0182494 0.089561 
0.0100901 -0.018493 -0.000365224 0.000426751 -0.018493 0.0901949 0.000429122 -0.00102578 -0.000365224 0.000429122 0.00995083 -0.0182321 0.000426751 -0.00102578 -0.0182321 0.0895241 
0.0100402 -0.0184521 -0.000362801 0.0004421 -0.0184521 0.0901263 0.000441538 -0.00106272 -0.000362801 0.000441538 0.00996729 -0.0182631 0.0004421 -0.00106272 -0.0182631 0.0895507 
0.0100307 -0.0184137 -0.000337816 0.000428501 -0.0184137 0.0900612 0.000421241 -0.00103854 -0.000337816 0.000421241 0.00995582 -0.01827 0.000428501 -0.00103854 -0.01827 0.0895704 
0.0100524 -0.0183934 -0.000351404 0.000414797 -0.0183934 0.0899868 0.000405887 -0.00101963 -0.000351404 0.000405887 0.00991407 -0.0182516 0.000414797 -0.00101963 -0.0182516 0.0895428 
0.0100681 -0.0184096 -0.000362184 0.000449744 -0.0184096 0.0899758 0.000443996 -0.0010909 -0.000362184 0.000443996 0.00989279 -0.018206 0.000449744 -0.0010909 -0.018206 0.0894614 
0.0100556 -0.0183975 -0.000368271 0.000464747 -0.0183975 0.0899215 0.000462181 -0.00115597 -0.000368271 0.000462181 0.00989615 -0.0182032 0.000464747 -0.00115597 -0.0182032 0.0894421 
0.0100295 -0.0183702 -0.000381824 0.000461875 -0.0183702 0.0898408 0.000461266 -0.0011647 -0.000381824 0.000461266 0.0099124 -0.018222 0.000461875 -0.0011647 -0.018222 0.0894874 
0.0100158 -0.0183204 -0.000360076 0.000470693 -0.0183204 0.0897163 0.000467584 -0.00116572 -0.000360076 0.000467584 0.00992375 -0.018268 0.000470693 -0.00116572 -0.018268 0.0896107 
0.0100269 -0.0183235 -0.000337195 0.000437935 -0.0183235 0.0896927 0.000430738 -0.00110754 -0.000337195 0.000430738 0.00991285 -0.0182655 0.000437935 -0.00110754 -0.0182655 0.0896404 
0.0100237 -0.0183645 -0.000339801 0.000415957 -0.0183645 0.08977 0.000412726 -0.00105236 -0.000339801 0.000412726 0.00986758 -0.0181966 0.000415957 -0.00105236 -0.0181966 0.0894743 
0.0100099 -0.0183557 -0.000359286 0.000414114 -0.0183557 0.0897911 0.000413498 -0.00102765 -0.000359286 0.000413498 0.00984689 -0.0181486 0.000414114 -0.00102765 -0.0181486 0.0893392 
0.00998739 -0.0183099 -0.000340054 0.000443271 -0.0183099 0.0897 0.000440513 -0.00107288 -0.000340054 0.000440513 0.00988295 -0.0181543 0.000443271 -0.00107288 -0.0181543 0.0893264 
0.00995549 -0.0182946 -0.000309561 0.000432159 -0.0182946 0.08964 0.000428462 -0.00109428 -0.000309561 0.000428462 0.00992576 -0.0181716 0.000432159 -0.00109428 -0.0181716 0.0893175 
0.00993682 -0.0182719 -0.000300433 0.000383284 -0.0182719 0.0895968 0.000380731 -0.00101026 -0.000300433 0.000380731 0.00995799 -0.0182123 0.000383284 -0.00101026 -0.0182123 0.0893743 
0.00990508 -0.0182238 -0.000299465 0.000384894 -0.0182238 0.0894772 0.000383186 -0.000985709 -0.000299465 0.000383186 0.00998854 -0.0182679 0.000384894 -0.000985709 -0.0182679 0.0894982 
0.00989563 -0.0181785 -0.000294446 0.000384332 -0.0181785 0.0893521 0.000386169 -0.00098589 -0.000294446 0.000386169 0.00998974 -0.0183168 0.000384332 -0.00098589 -0.0183168 0.0896408 
0.00989601 -0.0181593 -0.000313057 0.000372113 -0.0181593 0.0892632 0.000378051 -0.000965732 -0.000313057 0.000378051 0.00997969 -0.0183302 0.000372113 -0.000965732 -0.0183302 0.0897329 
0.00989461 -0.0181822 -0.000341371 0.000397808 -0.0181822 0.0892962 0.000404282 -0.0010029 -0.000341371 0.000404282 0.00997108 -0.0183003 0.000397808 -0.0010029 -0.0183003 0.0897027 
0.00992325 -0.0181845 -0.000355611 0.000417899 -0.0181845 0.0893266 0.000420569 -0.00103314 -0.000355611 0.000420569 0.00994046 -0.0182954 0.000417899 -0.00103314 -0.0182954 0.0896858 
0.0099294 -0.0181935 -0.000374721 0.000448524 -0.0181935 0.089322 0.000445554 -0.00110108 -0.000374721 0.000445554 0.00992007 -0.018281 0.000448524 -0.00110108 -0.018281 0.0896864 
0.00993837 -0.0182148 -0.000355428 0.000455904 -0.0182148 0.0893755 0.000451211 -0.00111712 -0.000355428 0.000451211 0.00989128 -0.0182376 0.000455904 -0.00111712 -0.0182376 0.0895903 
0.00997882 -0.0182166 -0.000341356 0.000431358 -0.0182166 0.0893931 0.000429808 -0.00109011 -0.000341356 0.000429808 0.00985411 -0.0182127 0.000431358 -0.00109011 -0.0182127 0.0895244 
0.0100079 -0.0182656 -0.000337622 0.000418808 -0.0182656 0.089474 0.000424261 -0.00106722 -0.000337622 0.000424261 0.00983377 -0.0181629 0.000418808 -0.00106722 -0.0181629 0.0894121 
0.00999747 -0.0183369 -0.000316639 0.000412831 -0.0183369 0.0896598 0.000420018 -0.00105159 -0.000316639 0.000420018 0.00984701 -0.0180951 0.000412831 -0.00105159 -0.0180951 0.0892087 
0.00998386 -0.0183115 -0.000307082 0.000394982 -0.0183115 0.0896888 0.000394597 -0.00101875 -0.000307082 0.000394597 0.00987746 -0.0181332 0.000394982 -0.00101875 -0.0181332 0.0892096 
0.0099801 -0.0183054 -0.000294496 0.000371805 -0.0183054 0.0896833 0.000367149 -0.000947508 -0.000294496 0.000367149 0.0099003 -0.0181619 0.000371805 -0.000947508 -0.0181619 0.0892615 
0.00996999 -0.0183149 -0.00027313 0.000352525 -0.0183149 0.0897107 0.000348088 -0.000884734 -0.00027313 0.000348088 0.00991876 -0.0181797 0.000352525 -0.000884734 -0.0181797 0.089301 
0.00995067 -0.0182782 -0.000285028 0.000360483 -0.0182782 0.0896433 0.000357473 -0.000913083 -0.000285028 0.000357473 0.00996595 -0.0182352 0.000360483 -0.000913083 -0.0182352 0.0894446 
0.00994417 -0.0182249 -0.000307004 0.000372317 -0.0182249 0.0894948 0.000368682 -0.000935531 -0.000307004 0.000368682 0.00999195 -0.0183209 0.000372317 -0.000935531 -0.0183209 0.0896642 
0.00995942 -0.0182266 -0.000328152 0.000374765 -0.0182266 0.0894379 0.000371252 -0.000924362 -0.000328152 0.000371252 0.0099845 -0.0183473 0.000374765 -0.000924362 -0.0183473 0.0897958 
0.00998887 -0.0182697 -0.000342206 0.000395729 -0.0182697 0.0895229 0.0003913 -0.000948155 -0.000342206 0.0003913 0.00996204 -0.0183291 0.000395729 -0.000948155 -0.0183291 0.0898064 
0.0100145 -0.0182991 -0.000359657 0.000432834 -0.0182991 0.0896052 0.000427519 -0.00103788 -0.000359657 0.000427519 0.00993108 -0.0183055 0.000432834 -0.00103788 -0.0183055 0.089765 
0.0100324 -0.0183455 -0.000334011 0.000442323 -0.0183455 0.0897328 0.000441467 -0.00108321 -0.000334011 0.000441467 0.00990238 -0.0182533 0.000442323 -0.00108321 -0.0182533 0.0896458 
0.0100215 -0.0183886 -0.000318592 0.000427555 -0.0183886 0.089875 0.000432506 -0.00110203 -0.000318592 0.000432506 0.00990165 -0.0181873 0.000427555 -0.00110203 -0.0181873 0.0894536 
0.0100041 -0.0183729 -0.000305393 0.000399952 -0.0183729 0.0899068 0.000406227 -0.00104987 -0.000305393 0.000406227 0.00991631 -0.0181874 0.000399952 -0.00104987 -0.0181874 0.0893731 
0.0100154 -0.0183405 -0.000319735 0.000364625 -0.0183405 0.0898423 0.000368853 -0.000945383 -0.000319735 0.000368853 0.00989916 -0.0182069 0.000364625 -0.000945383 -0.0182069 0.0893796 
0.00999935 -0.0183438 -0.000324168 0.000379012 -0.0183438 0.0898024 0.000379525 -0.000918892 -0.000324168 0.000379525 0.00990969 -0.0181977 0.000379012 -0.000918892 -0.0181977 0.08939 
0.0099865 -0.0182892 -0.000303697 0.000397546 -0.0182892 0.0896677 0.000394242 -0.000956772 -0.000303697 0.000394242 0.0099278 -0.0182399 0.000397546 -0.000956772 -0.0182399 0.0894843 
0.00996818 -0.0182936 -0.000299781 0.000379608 -0.0182936 0.089632 0.000375861 -0.000953609 -0.000299781 0.000375861 0.00994433 -0.0182384 0.000379608 -0.000953609 -0.0182384 0.0895008 
0.00995309 -0.0182585 -0.000316368 0.000381913 -0.0182585 0.0895534 0.000379159 -0.000956481 -0.000316368 0.000379159 0.00995127 -0.0182712 0.000381913 -0.000956481 -0.0182712 0.0895708 
0.00993923 -0.018252 -0.000336265 0.000388194 -0.018252 0.0895186 0.000390607 -0.00096082 -0.000336265 0.000390607 0.00995388 -0.0182699 0.000388194 -0.00096082 -0.0182699 0.0895948 
0.00996561 -0.0182346 -0.000362318 0.000411474 -0.0182346 0.0894837 0.000420533 -0.00101288 -0.000362318 0.000420533 0.00992991 -0.0182784 0.000411474 -0.00101288 -0.0182784 0.0896206 
0.0099881 -0.0182618 -0.000389606 0.000452891 -0.0182618 0.0895083 0.000461453 -0.00111043 -0.000389606 0.000461453 0.00990641 -0.0182554 0.000452891 -0.00111043 -0.0182554 0.0896026 
0.00996925 -0.0183157 -0.000371503 0.000471764 -0.0183157 0.0896438 0.000472439 -0.00115488 -0.000371503 0.000472439 0.00994064 -0.0182122 0.000471764 -0.00115488 -0.0182122 0.0895087 
0.00995511 -0.0182889 -0.000361722 0.000466603 -0.0182889 0.0896575 0.000459291 -0.00117109 -0.000361722 0.000459291 0.00996461 -0.0182551 0.000466603 -0.00117109 -0.0182551 0.089532 
0.00994298 -0.018258 -0.000342779 0.000455282 -0.018258 0.0895873 0.000448763 -0.00115366 -0.000342779 0.000448763 0.0099951 -0.0183062 0.000455282 -0.00115366 -0.0183062 0.0896646 
0.00993101 -0.0182393 -0.000312338 0.000423183 -0.0182393 0.0895212 0.000424428 -0.00109495 -0.000312338 0.000424428 0.0100311 -0.0183438 0.000423183 -0.00109495 -0.0183438 0.0897755 
0.00996288 -0.0182382 -0.00029805 0.000381538 -0.0182382 0.0895104 0.000386578 -0.00100642 -0.00029805 0.000386578 0.0100307 -0.0183849 0.000381538 -0.00100642 -0.0183849 0.0898807 
0.00998772 -0.0182673 -0.000289174 0.000356728 -0.0182673 0.0895399 0.000361286 -0.000918077 -0.000289174 0.000361286 0.010026 -0.0183978 0.000356728 -0.000918077 -0.0183978 0.0899577 
0.0100131 -0.0182992 -0.000331021 0.000362533 -0.0182992 0.0896092 0.00036603 -0.000908379 -0.000331021 0.00036603 0.00997429 -0.0183828 0.000362533 -0.000908379 -0.0183828 0.0899451 
0.0100246 -0.018312 -0.000356506 0.000402012 -0.018312 0.0896431 0.000401123 -0.000950698 -0.000356506 0.000401123 0.00994674 -0.0183517 0.000402012 -0.000950698 -0.0183517 0.0899299 
0.0100315 -0.0183368 -0.000393749 0.000445598 -0.0183368 0.0897052 0.000441887 -0.00105547 -0.000393749 0.000441887 0.00993373 -0.0182978 0.000445598 -0.00105547 -0.0182978 0.0898072 
0.0100231 -0.0183368 -0.00040262 0.000494148 -0.0183368 0.0897171 0.000489358 -0.00117142 -0.00040262 0.000489358 0.00990931 -0.0182652 0.000494148 -0.00117142 -0.0182652 0.0896728 
0.0100215 -0.0183504 -0.00038617 0.00049407 -0.0183504 0.0897626 0.000491976 -0.00121224 -0.00038617 0.000491976 0.00988443 -0.0182135 0.00049407 -0.00121224 -0.0182135 0.0895259 
0.00999364 -0.0183338 -0.000351683 0.000464741 -0.0183338 0.0897386 0.000467596 -0.00117458 -0.000351683 0.000467596 0.00991915 -0.0181997 0.000464741 -0.00117458 -0.0181997 0.0894673 
0.00996699 -0.0183051 -0.000332098 0.000437761 -0.0183051 0.0896859 0.000440952 -0.00112992 -0.000332098 0.000440952 0.00994345 -0.018218 0.000437761 -0.00112992 -0.018218 0.0894351 
0.00995136 -0.0182814 -0.000311821 0.000399903 -0.0182814 0.0896281 0.000400528 -0.00103153 -0.000311821 0.000400528 0.0099635 -0.0182429 0.000399903 -0.00103153 -0.0182429 0.0894721 
0.00997031 -0.0182762 -0.000292044 0.000362458 -0.0182762 0.0896151 0.000363213 -0.000920312 -0.000292044 0.000363213 0.00996563 -0.0182627 0.000362458 -0.000920312 -0.0182627 0.0895151 
0.00999964 -0.0183115 -0.000310108 0.000349394 -0.0183115 0.0896783 0.000351079 -0.000872407 -0.000310108 0.000351079 0.0099541 -0.0182518 0.000349394 -0.000872407 -0.0182518 0.0894985 
0.0100234 -0.0183267 -0.000337373 0.000379127 -0.0183267 0.0897119 0.000381406 -0.000910737 -0.000337373 0.000381406 0.00992433 -0.0182623 0.000379127 -0.000910737 -0.0182623 0.0895328 
