0.00782635 0 0.00030934 0 0 0.01 0 0 0.00030934 0 0.0068324 0 0 0 0 0.01 
0.0109419 -0.0135826 0.000374939 -0.000458148 -0.0135826 0.0352181 -0.000458148 0.000878402 0.000374939 -0.000458148 0.00972706 -0.0120863 -0.000458148 0.000878402 -0.0120863 0.0323485 
0.0108064 -0.0202455 0.000288452 -0.000496356 -0.0202455 0.0738893 -0.000496356 0.00155845 0.000288452 -0.000496356 0.00993882 -0.0186032 -0.000496356 0.00155845 -0.0186032 0.0686635 
0.0101326 -0.0195828 0.000276217 -0.000319731 -0.0195828 0.0872582 -0.000326426 0.0011123 0.000276217 -0.000326426 0.0094487 -0.0185654 -0.000319731 0.0011123 -0.0185654 0.083446 
0.0101227 -0.0187632 0.000317972 -0.000312756 -0.0187632 0.0895914 -0.0003253 0.000817397 0.000317972 -0.0003253 0.00940159 -0.0179373 -0.000312756 0.000817397 -0.0179373 0.087172 
0.0103289 -0.0187038 0.00032145 -0.000356039 -0.0187038 0.0902861 -0.000362885 0.000785949 0.00032145 -0.000362885 0.00951859 -0.0177782 -0.000356039 0.000785949 -0.0177782 0.0881127 
0.0104561 -0.018839 0.000281642 -0.000388157 -0.018839 0.0908089 -0.000387199 0.000890386 0.000281642 -0.000387199 0.00963215 -0.0178369 -0.000388157 0.000890386 -0.0178369 0.0885026 
0.0105201 -0.0189393 0.000246666 -0.00032841 -0.0189393 0.0911731 -0.000324389 0.000830837 0.000246666 -0.000324389 0.00966086 -0.0178861 -0.00032841 0.000830837 -0.0178861 0.0886276 
0.0105451 -0.018989 0.000255821 -0.000286389 -0.018989 0.0913544 -0.000280475 0.000728346 0.000255821 -0.000280475 0.00967284 -0.0178952 -0.000286389 0.000728346 -0.0178952 0.0886389 
0.0105237 -0.0189919 0.000273168 -0.000304378 -0.0189919 0.0913812 -0.000298503 0.000724448 0.000273168 -0.000298503 0.00970105 -0.0179329 -0.000304378 0.000724448 -0.0179329 0.0887092 
0.0104941 -0.0189541 0.000287147 -0.00033023 -0.0189541 0.0913097 -0.000326297 0.000776186 0.000287147 -0.000326297 0.00971887 -0.0179956 -0.00033023 0.000776186 -0.0179956 0.0888679 
0.0104751 -0.0189455 0.000290882 -0.000331411 -0.0189455 0.0912874 -0.000328532 0.000785704 0.000290882 -0.000328532 0.00970251 -0.0179924 -0.000331411 0.000785704 -0.0179924 0.0889074 
0.0104559 -0.0189723 0.000280353 -0.000319953 -0.0189723 0.0913833 -0.0003167 0.00075569 0.000280353 -0.0003167 0.00968162 -0.0179261 -0.000319953 0.00075569 -0.0179261 0.0887668 
0.0104257 -0.0189173 0.000281577 -0.000346566 -0.0189173 0.0913113 -0.000343264 0.000824115 0.000281577 -0.000343264 0.00969097 -0.0179305 -0.000346566 0.000824115 -0.0179305 0.0887403 
0.0103858 -0.0188695 0.000280162 -0.000340826 -0.0188695 0.0911853 -0.000337852 0.00083438 0.000280162 -0.000337852 0.00969658 -0.0179476 -0.000340826 0.00083438 -0.0179476 0.0887703 
0.0103672 -0.0188065 0.000255223 -0.000321746 -0.0188065 0.0910299 -0.000320924 0.000788981 0.000255223 -0.000320924 0.00971587 -0.0179857 -0.000321746 0.000788981 -0.0179857 0.0888851 
0.0103601 -0.018797 0.000244181 -0.000297503 -0.018797 0.0909713 -0.000298076 0.000742443 0.000244181 -0.000298076 0.00973707 -0.0179999 -0.000297503 0.000742443 -0.0179999 0.0889468 
0.0103606 -0.0187931 0.000240972 -0.000282598 -0.0187931 0.0909548 -0.000281381 0.000694223 0.000240972 -0.000281381 0.00974957 -0.0180202 -0.000282598 0.000694223 -0.0180202 0.0889919 
0.0103648 -0.0187693 0.000231504 -0.000272995 -0.0187693 0.0908838 -0.00027039 0.000651847 0.000231504 -0.00027039 0.0097426 -0.0180584 -0.000272995 0.000651847 -0.0180584 0.0890943 
0.01038 -0.018783 0.000248628 -0.000276224 -0.018783 0.0908831 -0.000275747 0.000665404 0.000248628 -0.000275747 0.00972276 -0.018038 -0.000276224 0.000665404 -0.018038 0.0890954 
0.0103732 -0.0188152 0.000275691 -0.000309115 -0.0188152 0.0909498 -0.000312216 0.000742144 0.000275691 -0.000312216 0.00969863 -0.0179865 -0.000309115 0.000742144 -0.0179865 0.0889748 
0.0103594 -0.0188064 0.000262635 -0.000336708 -0.0188064 0.0909619 -0.000344361 0.000820676 0.000262635 -0.000344361 0.00967201 -0.0179489 -0.000336708 0.000820676 -0.0179489 0.088857 
0.0103412 -0.0187786 0.000244682 -0.000320916 -0.0187786 0.0909134 -0.000331056 0.000829028 0.000244682 -0.000331056 0.00967599 -0.0179371 -0.000320916 0.000829028 -0.0179371 0.0888172 
0.0103393 -0.0187338 0.00026504 -0.000302544 -0.0187338 0.0908008 -0.000312362 0.000796693 0.00026504 -0.000312362 0.00969739 -0.0179711 -0.000302544 0.000796693 -0.0179711 0.0888894 
0.0103369 -0.0187497 0.000274103 -0.000325899 -0.0187497 0.0907964 -0.000328691 0.000804036 0.000274103 -0.000328691 0.00969208 -0.0179694 -0.000325899 0.000804036 -0.0179694 0.0888848 
0.0103335 -0.0187608 0.000259735 -0.000299143 -0.0187608 0.0908352 -0.000294736 0.000722833 0.000259735 -0.000294736 0.00968257 -0.017953 -0.000299143 0.000722833 -0.017953 0.0888492 
0.0103388 -0.0187632 0.000243832 -0.000279557 -0.0187632 0.0908666 -0.00027317 0.000653295 0.000243832 -0.00027317 0.00966882 -0.0179399 -0.000279557 0.000653295 -0.0179399 0.0888138 
0.0103457 -0.018756 0.000202954 -0.000265641 -0.018756 0.0908521 -0.000261419 0.000613876 0.000202954 -0.000261419 0.0096694 -0.0179379 -0.000265641 0.000613876 -0.0179379 0.0888117 
0.0103771 -0.0187707 0.000194206 -0.000235416 -0.0187707 0.0908747 -0.000236099 0.000585346 0.000194206 -0.000236099 0.00967097 -0.0179301 -0.000235416 0.000585346 -0.0179301 0.0887897 
0.010373 -0.0188019 0.000191786 -0.000229061 -0.0188019 0.0909165 -0.000232074 0.000567675 0.000191786 -0.000232074 0.00968452 -0.0179257 -0.000229061 0.000567675 -0.0179257 0.0887624 
0.010352 -0.0187924 0.000209013 -0.000252826 -0.0187924 0.0909186 -0.000255162 0.000629253 0.000209013 -0.000255162 0.00970748 -0.017948 -0.000252826 0.000629253 -0.017948 0.0887918 
0.01035 -0.0187592 0.0002349 -0.000262222 -0.0187592 0.0908511 -0.000264158 0.000658866 0.0002349 -0.000264158 0.00970301 -0.0179843 -0.000262222 0.000658866 -0.0179843 0.0888733 
0.0103724 -0.0187746 0.000258976 -0.000277227 -0.0187746 0.0908712 -0.000279066 0.000674572 0.000258976 -0.000279066 0.00969937 -0.0179801 -0.000277227 0.000674572 -0.0179801 0.0889098 
0.0103862 -0.0187977 0.000275944 -0.000323358 -0.0187977 0.0909157 -0.00032287 0.000767249 0.000275944 -0.00032287 0.00968991 -0.017971 -0.000323358 0.000767249 -0.017971 0.0888909 
0.010393 -0.0188327 0.000257809 -0.000328359 -0.0188327 0.0910064 -0.000324302 0.000795128 0.000257809 -0.000324302 0.00967122 -0.01794 -0.000328359 0.000795128 -0.01794 0.088817 
0.0103642 -0.0188555 0.000212622 -0.000278831 -0.0188555 0.0910884 -0.000274798 0.000694703 0.000212622 -0.000274798 0.00966216 -0.0178877 -0.000278831 0.000694703 -0.0178877 0.0886704 
0.0103294 -0.0187904 0.000183077 -0.000240071 -0.0187904 0.0909943 -0.000240805 0.000610913 0.000183077 -0.000240805 0.00967934 -0.0179153 -0.000240071 0.000610913 -0.0179153 0.0886951 
0.0103108 -0.0187332 0.000190204 -0.000217657 -0.0187332 0.0908353 -0.000225192 0.000566467 0.000190204 -0.000225192 0.00967958 -0.0179475 -0.000217657 0.000566467 -0.0179475 0.0887799 
0.0103149 -0.0187178 0.000206885 -0.000216736 -0.0187178 0.0907578 -0.00022453 0.000535507 0.000206885 -0.00022453 0.0096557 -0.0179395 -0.000216736 0.000535507 -0.0179395 0.0887942 
0.0103065 -0.0186951 0.000218583 -0.000253583 -0.0186951 0.0906755 -0.000253118 0.000590786 0.000218583 -0.000253118 0.00967669 -0.0179498 -0.000253583 0.000590786 -0.0179498 0.0888584 
0.0103021 -0.01869 0.000198521 -0.000267728 -0.01869 0.0906445 -0.000256919 0.000625467 0.000198521 -0.000256919 0.00969342 -0.0179674 -0.000267728 0.000625467 -0.0179674 0.0888949 
0.0102811 -0.0186859 0.000194013 -0.000259125 -0.0186859 0.0906227 -0.000245163 0.000636682 0.000194013 -0.000245163 0.00971088 -0.0179739 -0.000259125 0.000636682 -0.0179739 0.0889042 
0.0102836 -0.0186811 0.000206565 -0.000251501 -0.0186811 0.0906322 -0.000245324 0.000632449 0.000206565 -0.000245324 0.00971383 -0.017971 -0.000251501 0.000632449 -0.017971 0.088874 
0.0102829 -0.018685 0.000231315 -0.000248098 -0.018685 0.0906348 -0.000251095 0.000617055 0.000231315 -0.000251095 0.00970444 -0.0179657 -0.000248098 0.000617055 -0.0179657 0.0888439 
0.0102747 -0.0186768 0.000218448 -0.000254322 -0.0186768 0.0906098 -0.000258807 0.000596135 0.000218448 -0.000258807 0.00967476 -0.0179505 -0.000254322 0.000596135 -0.0179505 0.0888003 
0.010268 -0.0186876 0.00020609 -0.000269158 -0.0186876 0.0906487 -0.000269942 0.000647693 0.00020609 -0.000269942 0.00965211 -0.0178963 -0.000269158 0.000647693 -0.0178963 0.0886786 
0.0102516 -0.0186609 0.000189418 -0.000247517 -0.0186609 0.0906036 -0.000249968 0.000629167 0.000189418 -0.000249968 0.0096545 -0.0178874 -0.000247517 0.000629167 -0.0178874 0.088634 
0.0102434 -0.018653 0.000164395 -0.00019778 -0.018653 0.0905895 -0.000204902 0.000511783 0.000164395 -0.000204902 0.00967534 -0.017887 -0.00019778 0.000511783 -0.017887 0.0886166 
0.01026 -0.0186476 0.000188557 -0.000206688 -0.0186476 0.0905856 -0.000211017 0.000516814 0.000188557 -0.000211017 0.00968916 -0.0179083 -0.000206688 0.000516814 -0.0179083 0.0886389 
0.0102661 -0.0186472 0.000216206 -0.00023965 -0.0186472 0.0905525 -0.000237608 0.000568256 0.000216206 -0.000237608 0.0096801 -0.0179395 -0.00023965 0.000568256 -0.0179395 0.0887144 
0.0102369 -0.0186668 0.000200745 -0.00023661 -0.0186668 0.0905858 -0.000232493 0.000548315 0.000200745 -0.000232493 0.00970425 -0.0179259 -0.00023661 0.000548315 -0.0179259 0.08873 
0.0102235 -0.0186428 0.000212063 -0.000242772 -0.0186428 0.0905826 -0.000241545 0.000582078 0.000212063 -0.000241545 0.00970888 -0.017948 -0.000242772 0.000582078 -0.017948 0.0887556 
0.0102247 -0.0186049 0.00021683 -0.000267662 -0.0186049 0.0904979 -0.000267945 0.000646016 0.00021683 -0.000267945 0.00973561 -0.0179885 -0.000267662 0.000646016 -0.0179885 0.0888774 
0.0102578 -0.0186039 0.000218876 -0.000280332 -0.0186039 0.0904515 -0.000280037 0.000702864 0.000218876 -0.000280037 0.00974015 -0.0180217 -0.000280332 0.000702864 -0.0180217 0.0889783 
0.0102865 -0.0186268 0.000203399 -0.000268294 -0.0186268 0.0904487 -0.000270432 0.000690492 0.000203399 -0.000270432 0.00972552 -0.0180499 -0.000268294 0.000690492 -0.0180499 0.089088 
0.010289 -0.0186455 0.00023459 -0.000271602 -0.0186455 0.090466 -0.000279045 0.00071802 0.00023459 -0.000279045 0.00972996 -0.0180513 -0.000271602 0.00071802 -0.0180513 0.0891513 
0.0103218 -0.0186876 0.000251577 -0.000278833 -0.0186876 0.0905948 -0.000287508 0.000707653 0.000251577 -0.000287508 0.00973298 -0.0180369 -0.000278833 0.000707653 -0.0180369 0.0891296 
0.0103309 -0.0187492 0.000253179 -0.000294543 -0.0187492 0.0907631 -0.000297783 0.000719654 0.000253179 -0.000297783 0.00975833 -0.0180195 -0.000294543 0.000719654 -0.0180195 0.0890685 
0.0103505 -0.0187613 0.000258908 -0.000292651 -0.0187613 0.0908451 -0.000290984 0.00071239 0.000258908 -0.000290984 0.00973883 -0.0180425 -0.000292651 0.00071239 -0.0180425 0.0890704 
0.0103744 -0.0187655 0.000280642 -0.000309331 -0.0187655 0.0908556 -0.000306317 0.0007387 0.000280642 -0.000306317 0.00971702 -0.0180457 -0.000309331 0.0007387 -0.0180457 0.0891163 
0.0104019 -0.0188139 0.000292244 -0.000333751 -0.0188139 0.0909641 -0.000329614 0.000785156 0.000292244 -0.000329614 0.00971232 -0.0180116 -0.000333751 0.000785156 -0.0180116 0.0890694 
0.0104224 -0.0188686 0.000286958 -0.000351952 -0.0188686 0.0911206 -0.000346275 0.000837775 0.000286958 -0.000346275 0.00971436 -0.017987 -0.000351952 0.000837775 -0.017987 0.0889836 
0.0104173 -0.0188607 0.00027045 -0.000340525 -0.0188607 0.0911308 -0.000333461 0.000829258 0.00027045 -0.000333461 0.0097328 -0.0180228 -0.000340525 0.000829258 -0.0180228 0.0890414 
0.0104225 -0.0188687 0.00024421 -0.000315315 -0.0188687 0.0911539 -0.000307328 0.000774514 0.00024421 -0.000307328 0.00972561 -0.0180273 -0.000315315 0.000774514 -0.0180273 0.0890586 
0.0103915 -0.018899 0.000206408 -0.000275407 -0.018899 0.0912339 -0.000270794 0.00068273 0.000206408 -0.000270794 0.00974311 -0.0179803 -0.000275407 0.00068273 -0.0179803 0.0889459 
0.0103423 -0.0188436 0.000202532 -0.000255984 -0.0188436 0.0911487 -0.000255285 0.000646121 0.000202532 -0.000255285 0.00972994 -0.0179879 -0.000255984 0.000646121 -0.0179879 0.0888819 
0.0103298 -0.0187642 0.000203298 -0.000224148 -0.0187642 0.0909648 -0.000224881 0.000552038 0.000203298 -0.000224881 0.00971444 -0.0180012 -0.000224148 0.000552038 -0.0180012 0.0889238 
0.010317 -0.0187503 0.000202571 -0.000222165 -0.0187503 0.0908706 -0.00022644 0.000518428 0.000202571 -0.00022644 0.00973833 -0.0179876 -0.000222165 0.000518428 -0.0179876 0.0889279 
0.0102971 -0.0187195 0.000224787 -0.000248966 -0.0187195 0.0907726 -0.000254724 0.000587725 0.000224787 -0.000254724 0.00975965 -0.0180194 -0.000248966 0.000587725 -0.0180194 0.0889711 
0.0102759 -0.0186767 0.000236613 -0.000293299 -0.0186767 0.090644 -0.000297614 0.000701528 0.000236613 -0.000297614 0.00975449 -0.0180628 -0.000293299 0.000701528 -0.0180628 0.0890806 
0.0102663 -0.0186674 0.000209066 -0.000277286 -0.0186674 0.0905971 -0.000279599 0.000688415 0.000209066 -0.000279599 0.00973459 -0.0180403 -0.000277286 0.000688415 -0.0180403 0.0890806 
0.0102494 -0.0186712 0.000166633 -0.00024356 -0.0186712 0.0906116 -0.00024058 0.000618636 0.000166633 -0.00024058 0.00973089 -0.0179967 -0.00024356 0.000618636 -0.0179967 0.0889813 
0.0102653 -0.0186626 0.000183529 -0.000196212 -0.0186626 0.0906217 -0.000191123 0.000517455 0.000183529 -0.000191123 0.00972087 -0.0179773 -0.000196212 0.000517455 -0.0179773 0.0888898 
0.0102749 -0.0186934 0.000193723 -0.000197829 -0.0186934 0.0906714 -0.000196209 0.00045894 0.000193723 -0.000196209 0.00968466 -0.0179355 -0.000197829 0.00045894 -0.0179355 0.0887591 
0.0102756 -0.0187047 0.000178423 -0.000199211 -0.0187047 0.0907218 -0.000201069 0.00044031 0.000178423 -0.000201069 0.00965706 -0.0179036 -0.000199211 0.00044031 -0.0179036 0.0886723 
0.0102609 -0.0186973 0.000140632 -0.00019148 -0.0186973 0.0907186 -0.000195219 0.000439827 0.000140632 -0.000195219 0.00965315 -0.017872 -0.00019148 0.000439827 -0.017872 0.0885908 
0.0102305 -0.0186449 0.000111839 -0.000156643 -0.0186449 0.0905907 -0.000161915 0.000395348 0.000111839 -0.000161915 0.00965964 -0.0178854 -0.000156643 0.000395348 -0.0178854 0.0885965 
0.0102046 -0.0185781 0.00012513 -0.000147113 -0.0185781 0.0903982 -0.000149929 0.000382317 0.00012513 -0.000149929 0.00966737 -0.0179246 -0.000147113 0.000382317 -0.0179246 0.0887022 
0.010197 -0.0185411 0.00014291 -0.000180336 -0.0185411 0.0902588 -0.000180102 0.000444318 0.00014291 -0.000180102 0.00968051 -0.0179387 -0.000180336 0.000444318 -0.0179387 0.0887729 
0.0101843 -0.0185373 0.000176547 -0.000213222 -0.0185373 0.0902029 -0.000213084 0.000538225 0.000176547 -0.000213084 0.00967891 -0.0179326 -0.000213222 0.000538225 -0.0179326 0.0887552 
0.010183 -0.0185446 0.000204705 -0.000214272 -0.0185446 0.0902198 -0.000214215 0.000534187 0.000204705 -0.000214215 0.00965913 -0.0178997 -0.000214272 0.000534187 -0.0178997 0.0886614 
0.0101666 -0.0185321 0.000216819 -0.0002364 -0.0185321 0.0902004 -0.000235933 0.000552405 0.000216819 -0.000235933 0.00966648 -0.0178878 -0.0002364 0.000552405 -0.0178878 0.0886158 
0.010155 -0.0185342 0.000194518 -0.00024418 -0.0185342 0.0902201 -0.000240735 0.000563795 0.000194518 -0.000240735 0.00967911 -0.0178741 -0.00024418 0.000563795 -0.0178741 0.0885518 
0.0101484 -0.0185147 0.000176259 -0.00022927 -0.0185147 0.0901995 -0.000224591 0.000557153 0.000176259 -0.000224591 0.00970297 -0.0179097 -0.00022927 0.000557153 -0.0179097 0.0886096 
0.0101536 -0.0185184 0.000144902 -0.000214348 -0.0185184 0.0902088 -0.000211239 0.000535133 0.000144902 -0.000211239 0.00969273 -0.0179273 -0.000214348 0.000535133 -0.0179273 0.0886513 
0.0101568 -0.0185459 0.000138435 -0.000173229 -0.0185459 0.0902871 -0.000173137 0.000464046 0.000138435 -0.000173137 0.00969261 -0.0179066 -0.000173229 0.000464046 -0.0179066 0.0886352 
0.0101667 -0.0185158 0.000149309 -0.000172723 -0.0185158 0.0902395 -0.000174917 0.000439272 0.000149309 -0.000174917 0.00969908 -0.0179458 -0.000172723 0.000439272 -0.0179458 0.0887262 
0.0101668 -0.0185271 0.000142472 -0.000171646 -0.0185271 0.0902222 -0.000176838 0.000424066 0.000142472 -0.000176838 0.00970281 -0.0179453 -0.000171646 0.000424066 -0.0179453 0.0887579 
0.0101728 -0.0185337 0.000127614 -0.000160991 -0.0185337 0.0902438 -0.000169193 0.000406747 0.000127614 -0.000169193 0.00970586 -0.0179494 -0.000160991 0.000406747 -0.0179494 0.088771 
0.0101534 -0.0185481 0.000107251 -0.00013639 -0.0185481 0.0902686 -0.000144499 0.000351959 0.000107251 -0.000144499 0.00969264 -0.0179256 -0.00013639 0.000351959 -0.0179256 0.0887077 
0.0101665 -0.0185173 0.000109342 -0.000122187 -0.0185173 0.0902337 -0.000128614 0.000315767 0.000109342 -0.000128614 0.00967892 -0.0179356 -0.000122187 0.000315767 -0.0179356 0.0887326 
0.0101693 -0.0185046 7.8668e-05 -0.000114052 -0.0185046 0.0901565 -0.000120116 0.000278638 7.8668e-05 -0.000120116 0.00968249 -0.017951 -0.000114052 0.000278638 -0.017951 0.0888096 
0.01016 -0.0185202 4.75236e-05 -9.51093e-05 -0.0185202 0.0901608 -0.00010099 0.000259186 4.75236e-05 -0.00010099 0.00966634 -0.0179243 -9.51093e-05 0.000259186 -0.0179243 0.088757 
0.0101736 -0.0185184 5.01993e-05 -5.7794e-05 -0.0185184 0.0901821 -6.10376e-05 0.000185919 5.01993e-05 -6.10376e-05 0.00963577 -0.0178976 -5.7794e-05 0.000185919 -0.0178976 0.0886825 
0.0101839 -0.0185252 5.60698e-05 -5.92863e-05 -0.0185252 0.0901878 -6.00308e-05 0.000152634 5.60698e-05 -6.00308e-05 0.00962086 -0.0178664 -5.92863e-05 0.000152634 -0.0178664 0.0886092 
0.0101858 -0.0185569 4.33931e-05 -5.39161e-05 -0.0185569 0.0902574 -5.70902e-05 0.000129309 4.33931e-05 -5.70902e-05 0.00961368 -0.0178137 -5.39161e-05 0.000129309 -0.0178137 0.088454 
0.0101961 -0.0185561 4.8248e-05 -6.20964e-05 -0.0185561 0.0902837 -6.55002e-05 0.000159835 4.8248e-05 -6.55002e-05 0.0095854 -0.0178021 -6.20964e-05 0.000159835 -0.0178021 0.0883641 
0.0101639 -0.0185747 4.04115e-05 -6.43055e-05 -0.0185747 0.0903221 -6.41681e-05 0.000164767 4.04115e-05 -6.41681e-05 0.00960105 -0.0177509 -6.43055e-05 0.000164767 -0.0177509 0.0882347 
0.0101246 -0.0185006 8.12704e-05 -7.35649e-05 -0.0185006 0.0901895 -7.12221e-05 0.000198885 8.12704e-05 -7.12221e-05 0.0096382 -0.0178066 -7.35649e-05 0.000198885 -0.0178066 0.088303 
0.0101312 -0.0184668 0.00015056 -0.000112361 -0.0184668 0.0900891 -0.000109761 0.00025675 0.00015056 -0.000109761 0.00963848 -0.0178407 -0.000112361 0.00025675 -0.0178407 0.0883861 
0.0101295 -0.018468 0.000183321 -0.000177834 -0.018468 0.0900497 -0.000173126 0.000362101 0.000183321 -0.000173126 0.00966768 -0.0178658 -0.000177834 0.000362101 -0.0178658 0.0884931 
0.0101466 -0.018474 0.00018539 -0.000220781 -0.018474 0.0900619 -0.000213244 0.000478349 0.00018539 -0.000213244 0.00967118 -0.0179003 -0.000220781 0.000478349 -0.0179003 0.0885843 
0.0101657 -0.0185031 0.000167515 -0.000239908 -0.0185031 0.0901264 -0.000232689 0.00057303 0.000167515 -0.000232689 0.0096646 -0.0179112 -0.000239908 0.00057303 -0.0179112 0.0886516 
0.0101736 -0.0185391 0.000104828 -0.000197889 -0.0185391 0.0902256 -0.000193393 0.000520765 0.000104828 -0.000193393 0.00965765 -0.0178952 -0.000197889 0.000520765 -0.0178952 0.0886449 
0.0101703 -0.0185229 5.93346e-05 -0.000105759 -0.0185229 0.0902142 -0.000107359 0.000339074 5.93346e-05 -0.000107359 0.00967377 -0.0179164 -0.000105759 0.000339074 -0.0179164 0.0887047 
0.0101761 -0.0185258 6.53305e-05 -7.07989e-05 -0.0185258 0.0902167 -7.82526e-05 0.000234765 6.53305e-05 -7.82526e-05 0.00967016 -0.0179235 -7.07989e-05 0.000234765 -0.0179235 0.0887221 
0.0101497 -0.0185511 4.91168e-05 -4.3923e-05 -0.0185511 0.0902718 -5.52403e-05 0.000123158 4.91168e-05 -5.52403e-05 0.00969201 -0.017897 -4.3923e-05 0.000123158 -0.017897 0.0886673 
0.010156 -0.0185327 3.3741e-05 -3.48753e-05 -0.0185327 0.090281 -4.51672e-05 8.33839e-05 3.3741e-05 -4.51672e-05 0.00967272 -0.017902 -3.48753e-05 8.33839e-05 -0.017902 0.0886218 
0.0101651 -0.0185346 4.91511e-05 -3.68711e-05 -0.0185346 0.0902691 -4.30528e-05 9.09974e-05 4.91511e-05 -4.30528e-05 0.009647 -0.0178781 -3.68711e-05 9.09974e-05 -0.0178781 0.088574 
0.0101644 -0.0185123 7.85815e-05 -6.46085e-05 -0.0185123 0.0901906 -6.72351e-05 0.000139466 7.85815e-05 -6.72351e-05 0.0096343 -0.0178685 -6.46085e-05 0.000139466 -0.0178685 0.0885552 
0.0101412 -0.0185028 8.4023e-05 -9.56562e-05 -0.0185028 0.0901355 -9.32936e-05 0.000199691 8.4023e-05 -9.32936e-05 0.00966412 -0.0178618 -9.56562e-05 0.000199691 -0.0178618 0.0885466 
0.0101454 -0.0184844 0.000110649 -0.000115368 -0.0184844 0.0900977 -0.000108487 0.000265168 0.000110649 -0.000108487 0.00967027 -0.0178859 -0.000115368 0.000265168 -0.0178859 0.0885647 
0.0101527 -0.0184863 0.000109228 -0.000135296 -0.0184863 0.0900742 -0.000125451 0.000300655 0.000109228 -0.000125451 0.00965074 -0.0178942 -0.000135296 0.000300655 -0.0178942 0.0885911 
0.010149 -0.0185053 0.000127018 -0.000147294 -0.0185053 0.0901134 -0.000142177 0.000356477 0.000127018 -0.000142177 0.00963189 -0.0178594 -0.000147294 0.000356477 -0.0178594 0.0885313 
0.0101488 -0.0184961 0.000117293 -0.000154774 -0.0184961 0.0901149 -0.000154377 0.000377268 0.000117293 -0.000154377 0.00960471 -0.0178405 -0.000154774 0.000377268 -0.0178405 0.088479 
0.0101588 -0.0185124 0.000106423 -0.000144601 -0.0185124 0.0901638 -0.000142165 0.000368138 0.000106423 -0.000142165 0.00958533 -0.017795 -0.000144601 0.000368138 -0.017795 0.0883759 
0.0101378 -0.0184904 0.00010298 -0.000149159 -0.0184904 0.0901194 -0.000144582 0.000384258 0.00010298 -0.000144582 0.00963305 -0.0178179 -0.000149159 0.000384258 -0.0178179 0.0884236 
0.0101309 -0.0184955 0.000115608 -0.000143307 -0.0184955 0.0901419 -0.000135849 0.000374694 0.000115608 -0.000135849 0.00966062 -0.0178434 -0.000143307 0.000374694 -0.0178434 0.0884452 
0.0101147 -0.0184656 0.000133485 -0.00015883 -0.0184656 0.0900832 -0.000152176 0.000393208 0.000133485 -0.000152176 0.00970335 -0.0179105 -0.00015883 0.000393208 -0.0179105 0.0886041 
0.0101139 -0.0184713 0.000134432 -0.000163312 -0.0184713 0.090084 -0.000160241 0.000393217 0.000134432 -0.000160241 0.00967931 -0.0179188 -0.000163312 0.000393217 -0.0179188 0.0886306 
0.0101125 -0.0184703 0.000121874 -0.000143165 -0.0184703 0.0900787 -0.000140553 0.00034077 0.000121874 -0.000140553 0.00964972 -0.0178811 -0.000143165 0.00034077 -0.0178811 0.0885753 
0.0101173 -0.0184784 0.000129479 -0.000145702 -0.0184784 0.0900952 -0.000144317 0.00034591 0.000129479 -0.000144317 0.00961255 -0.0178177 -0.000145702 0.00034591 -0.0178177 0.0884125 
0.0101111 -0.0184468 0.000126123 -0.00014457 -0.0184468 0.0900113 -0.000146535 0.000339699 0.000126123 -0.000146535 0.00960332 -0.0178068 -0.00014457 0.000339699 -0.0178068 0.0883637 
0.0101261 -0.0184258 0.000137876 -0.000155054 -0.0184258 0.0899377 -0.000157063 0.000375174 0.000137876 -0.000157063 0.00961934 -0.0178278 -0.000155054 0.000375174 -0.0178278 0.0884218 
0.0101393 -0.0184426 0.000135431 -0.000164807 -0.0184426 0.0899285 -0.000166533 0.0003992 0.000135431 -0.000166533 0.00962372 -0.0178464 -0.000164807 0.0003992 -0.0178464 0.0884719 
0.0101195 -0.0184845 0.000128336 -0.000169713 -0.0184845 0.0900313 -0.000169292 0.000423831 0.000128336 -0.000169292 0.00964402 -0.0178339 -0.000169713 0.000423831 -0.0178339 0.0884538 
0.0101325 -0.0184622 0.000121477 -0.000165031 -0.0184622 0.0900488 -0.000162632 0.000426725 0.000121477 -0.000162632 0.00963726 -0.0178669 -0.000165031 0.000426725 -0.0178669 0.0885064 
0.0101289 -0.0184765 0.000126062 -0.000157869 -0.0184765 0.0900639 -0.000153304 0.000411612 0.000126062 -0.000153304 0.0096465 -0.0178559 -0.000157869 0.000411612 -0.0178559 0.0885152 
0.0101359 -0.0184687 0.000114536 -0.000142546 -0.0184687 0.0900621 -0.000138191 0.000357302 0.000114536 -0.000138191 0.00966007 -0.0178791 -0.000142546 0.000357302 -0.0178791 0.0885617 
0.0101406 -0.0184865 0.000124912 -0.000135306 -0.0184865 0.0900834 -0.000135027 0.0003392 0.000124912 -0.000135027 0.00962616 -0.0178624 -0.000135306 0.0003392 -0.0178624 0.0885148 
0.0101501 -0.0184993 0.000114187 -0.000151432 -0.0184993 0.0901331 -0.000153513 0.000362098 0.000114187 -0.000153513 0.00961616 -0.0178309 -0.000151432 0.000362098 -0.0178309 0.0884613 
0.0101461 -0.0185 7.50297e-05 -0.000127541 -0.0185 0.0901345 -0.000132126 0.000330675 7.50297e-05 -0.000132126 0.00960466 -0.0178133 -0.000127541 0.000330675 -0.0178133 0.0883957 
0.0101435 -0.0185186 7.23156e-05 -7.92217e-05 -0.0185186 0.0901943 -8.99359e-05 0.000246787 7.23156e-05 -8.99359e-05 0.00959023 -0.0177764 -7.92217e-05 0.000246787 -0.0177764 0.0882884 
0.010134 -0.0184925 9.09569e-05 -6.55228e-05 -0.0184925 0.0901532 -7.95097e-05 0.000178215 9.09569e-05 -7.95097e-05 0.00961783 -0.0177857 -6.55228e-05 0.000178215 -0.0177857 0.0882908 
0.0101213 -0.018465 0.000104814 -0.000107533 -0.018465 0.09007 -0.000117293 0.00023733 0.000104814 -0.000117293 0.00965506 -0.0178351 -0.000107533 0.00023733 -0.0178351 0.0883883 
0.0101301 -0.0184494 9.95274e-05 -0.000133163 -0.0184494 0.0900164 -0.000135591 0.000311625 9.95274e-05 -0.000135591 0.00968214 -0.0178959 -0.000133163 0.000311625 -0.0178959 0.0885454 
0.0101526 -0.0185006 7.09012e-05 -0.000117827 -0.0185006 0.0901077 -0.000115033 0.000299867 7.09012e-05 -0.000115033 0.00964491 -0.0178699 -0.000117827 0.000299867 -0.0178699 0.0885037 
0.0101572 -0.0185186 5.69629e-05 -0.000105968 -0.0185186 0.0901772 -0.000100942 0.000293142 5.69629e-05 -0.000100942 0.00963843 -0.0178501 -0.000105968 0.000293142 -0.0178501 0.0884836 
0.010153 -0.0184963 8.86181e-05 -7.70959e-05 -0.0184963 0.0901362 -6.93876e-05 0.000224188 8.86181e-05 -6.93876e-05 0.0096412 -0.0178714 -7.70959e-05 0.000224188 -0.0178714 0.0885366 
0.0101509 -0.0185111 0.000120718 -0.000109969 -0.0185111 0.0901612 -0.00010243 0.000240603 0.000120718 -0.00010243 0.00965073 -0.0178572 -0.000109969 0.000240603 -0.0178572 0.0885216 
0.0101434 -0.0184995 9.72253e-05 -0.000147109 -0.0184995 0.0901394 -0.000143932 0.000321304 9.72253e-05 -0.000143932 0.00964727 -0.0178616 -0.000147109 0.000321304 -0.0178616 0.0885054 
0.0101224 -0.0184863 4.94972e-05 -9.99524e-05 -0.0184863 0.0901031 -0.000102854 0.000271487 4.94972e-05 -0.000102854 0.00964821 -0.0178587 -9.99524e-05 0.000271487 -0.0178587 0.0884985 
0.0101251 -0.0184789 7.46363e-06 -2.72851e-05 -0.0184789 0.0900907 -3.5522e-05 0.000116689 7.46363e-06 -3.5522e-05 0.00960198 -0.0178252 -2.72851e-05 0.000116689 -0.0178252 0.088402 
0.0101136 -0.0184822 7.42633e-06 8.45874e-06 -0.0184822 0.0901042 -1.32133e-06 1.4974e-05 7.42633e-06 -1.32133e-06 0.0096083 -0.017789 8.45874e-06 1.4974e-05 -0.017789 0.0883377 
0.0101126 -0.0184655 3.06052e-05 -2.05689e-05 -0.0184655 0.090081 -2.83899e-05 5.03226e-05 3.06052e-05 -2.83899e-05 0.00960676 -0.0177893 -2.05689e-05 5.03226e-05 -0.0177893 0.0882947 
0.0101127 -0.0184533 1.95294e-05 -4.44036e-05 -0.0184533 0.0900366 -4.84576e-05 9.95795e-05 1.95294e-05 -4.84576e-05 0.00960482 -0.0177975 -4.44036e-05 9.95795e-05 -0.0177975 0.0883095 
0.0101238 -0.0184338 -1.04697e-05 -1.64059e-05 -0.0184338 0.0899685 -1.79277e-05 5.89193e-05 -1.04697e-05 -1.79277e-05 0.00959503 -0.0178165 -1.64059e-05 5.89193e-05 -0.0178165 0.088368 
0.010124 -0.0184774 -3.12244e-05 2.30972e-05 -0.0184774 0.0900457 2.2204e-05 -2.88278e-05 -3.12244e-05 2.2204e-05 0.00959638 -0.0177738 2.30972e-05 -2.88278e-05 -0.0177738 0.0882925 
0.0101102 -0.0184822 -2.05434e-05 3.39922e-05 -0.0184822 0.0900962 3.50364e-05 -7.07345e-05 -2.05434e-05 3.50364e-05 0.009602 -0.0177684 3.39922e-05 -7.07345e-05 -0.0177684 0.0882381 
0.0100832 -0.0184607 -1.20588e-05 3.03798e-05 -0.0184607 0.0900731 3.20727e-05 -9.03472e-05 -1.20588e-05 3.20727e-05 0.0096395 -0.0177839 3.03798e-05 -9.03472e-05 -0.0177839 0.0882594 
