0.00709651 0 -0.000354811 0 0 0.01 0 0 -0.000354811 0 0.00758828 0 0 0 0 0.01 
0.010049 -0.0124844 -0.00041203 0.000510284 -0.0124844 0.0331122 0.000510284 -0.00097856 -0.00041203 0.000510284 0.0106524 -0.0132238 0.000510284 -0.00097856 -0.0132238 0.03453 
0.0101776 -0.0190524 -0.000290831 0.000526174 -0.0190524 0.0701028 0.000526174 -0.00169147 -0.000290831 0.000526174 0.0106031 -0.0198434 0.000526174 -0.00169147 -0.0198434 0.0725971 
0.00958835 -0.0188065 -0.000259866 0.000400631 -0.0188065 0.084342 0.000406912 -0.00147249 -0.000259866 0.000406912 0.0100018 -0.0193314 0.000400631 -0.00147249 -0.0193314 0.086261 
0.00956266 -0.0180825 -0.000297788 0.000359607 -0.0180825 0.08758 0.000364835 -0.00105386 -0.000297788 0.000364835 0.0099699 -0.0185957 0.000359607 -0.00105386 -0.0185957 0.0890092 
0.00971202 -0.0179982 -0.000360236 0.000401032 -0.0179982 0.0885625 0.000407686 -0.000966228 -0.000360236 0.000407686 0.0101724 -0.0185001 0.000401032 -0.000966228 -0.0185001 0.0898108 
0.0098008 -0.0180942 -0.000430709 0.000498787 -0.0180942 0.0890777 0.000507274 -0.00117 -0.000430709 0.000507274 0.0103338 -0.0186378 0.000498787 -0.00117 -0.0186378 0.0903395 
0.009816 -0.0181429 -0.000443169 0.000544073 -0.0181429 0.0893052 0.000550137 -0.00131505 -0.000443169 0.000550137 0.010428 -0.0187669 0.000544073 -0.00131505 -0.0187669 0.0907219 
0.00981556 -0.0181357 -0.00043199 0.000562761 -0.0181357 0.0893273 0.000563709 -0.00140654 -0.00043199 0.000563709 0.0104642 -0.0188556 0.000562761 -0.00140654 -0.0188556 0.0909781 
0.00982443 -0.0181287 -0.000425664 0.000561996 -0.0181287 0.089296 0.000560306 -0.00144466 -0.000425664 0.000560306 0.0104434 -0.0188884 0.000561996 -0.00144466 -0.0188884 0.0910965 
0.00985556 -0.0181563 -0.000393157 0.000532033 -0.0181563 0.0893464 0.000527833 -0.00137589 -0.000393157 0.000527833 0.0104103 -0.0188666 0.000532033 -0.00137589 -0.0188666 0.0911024 
0.00990108 -0.0182016 -0.000351575 0.000485445 -0.0182016 0.0894495 0.00047839 -0.00125773 -0.000351575 0.00047839 0.0103599 -0.0188244 0.000485445 -0.00125773 -0.0188244 0.0910246 
0.00989846 -0.0182305 -0.000322209 0.000437914 -0.0182305 0.0895099 0.000430587 -0.00113589 -0.000322209 0.000430587 0.0103365 -0.0187844 0.000437914 -0.00113589 -0.0187844 0.0909465 
0.00988875 -0.01824 -0.000304634 0.000385557 -0.01824 0.0895736 0.000380572 -0.000991549 -0.000304634 0.000380572 0.0103473 -0.0187601 0.000385557 -0.000991549 -0.0187601 0.0908864 
0.00984823 -0.018227 -0.000330996 0.000382589 -0.018227 0.0895682 0.000384216 -0.000958209 -0.000330996 0.000384216 0.0103705 -0.0187604 0.000382589 -0.000958209 -0.0187604 0.09085 
0.00983305 -0.0181907 -0.000345554 0.000421769 -0.0181907 0.0895213 0.000427983 -0.0010265 -0.000345554 0.000427983 0.0103682 -0.0187762 0.000421769 -0.0010265 -0.0187762 0.0908542 
0.0098199 -0.0181799 -0.000336967 0.00043966 -0.0181799 0.0894924 0.000443736 -0.00108853 -0.000336967 0.000443736 0.0103664 -0.0187646 0.00043966 -0.00108853 -0.0187646 0.09083 
0.00980428 -0.018147 -0.000322816 0.000441336 -0.018147 0.0894128 0.000440656 -0.0011206 -0.000322816 0.000440656 0.0103594 -0.0187729 0.000441336 -0.0011206 -0.0187729 0.0908429 
0.00980091 -0.0181074 -0.000304195 0.000409748 -0.0181074 0.0892918 0.000406986 -0.0010608 -0.000304195 0.000406986 0.0103214 -0.0187722 0.000409748 -0.0010608 -0.0187722 0.0908537 
0.00983176 -0.0180785 -0.000312715 0.000381014 -0.0180785 0.0891745 0.000382562 -0.000988541 -0.000312715 0.000382562 0.0102741 -0.0187552 0.000381014 -0.000988541 -0.0187552 0.0908698 
0.00985367 -0.0181253 -0.000327909 0.0003958 -0.0181253 0.0892146 0.000401294 -0.000994901 -0.000327909 0.000401294 0.0102578 -0.0186871 0.0003958 -0.000994901 -0.0186871 0.0907537 
0.009886 -0.0181655 -0.000357049 0.000434907 -0.0181655 0.0893196 0.000439309 -0.0010865 -0.000357049 0.000439309 0.0102179 -0.0186437 0.000434907 -0.0010865 -0.0186437 0.0905993 
0.00987701 -0.0181936 -0.000344246 0.00044084 -0.0181936 0.0893918 0.000447339 -0.0011064 -0.000344246 0.000447339 0.0102221 -0.0186184 0.00044084 -0.0011064 -0.0186184 0.090537 
0.00986613 -0.0182122 -0.000320086 0.000421011 -0.0182122 0.089484 0.000429184 -0.00107923 -0.000320086 0.000429184 0.0102271 -0.0185969 0.000421011 -0.00107923 -0.0185969 0.090452 
0.0098852 -0.0181992 -0.000294472 0.000386888 -0.0181992 0.0894982 0.00039096 -0.00099897 -0.000294472 0.00039096 0.0101983 -0.018604 0.000386888 -0.00099897 -0.018604 0.0904346 
0.00988797 -0.0182148 -0.000285582 0.000375506 -0.0182148 0.0895066 0.000373606 -0.000960601 -0.000285582 0.000373606 0.0101481 -0.0185561 0.000375506 -0.000960601 -0.0185561 0.0903405 
0.00986312 -0.0182141 -0.000284971 0.000374518 -0.0182141 0.0895135 0.000369252 -0.000952667 -0.000284971 0.000369252 0.0101404 -0.0185029 0.000374518 -0.000952667 -0.0185029 0.0902281 
0.00984823 -0.0181906 -0.000270793 0.000370989 -0.0181906 0.0894854 0.000362859 -0.000937481 -0.000270793 0.000362859 0.0101363 -0.0184826 0.000370989 -0.000937481 -0.0184826 0.0901381 
0.00983375 -0.018158 -0.00028496 0.000357648 -0.018158 0.0894027 0.000346668 -0.000914635 -0.00028496 0.000346668 0.0101606 -0.0184937 0.000357648 -0.000914635 -0.0184937 0.0901478 
0.0097923 -0.0181287 -0.00030249 0.000384506 -0.0181287 0.0893037 0.000372774 -0.000955183 -0.00030249 0.000372774 0.0102075 -0.0185195 0.000384506 -0.000955183 -0.0185195 0.090187 
0.00978039 -0.0180789 -0.000315903 0.00038363 -0.0180789 0.0891947 0.0003733 -0.000955473 -0.000315903 0.0003733 0.0102508 -0.0185988 0.00038363 -0.000955473 -0.0185988 0.0903619 
0.0098088 -0.0180741 -0.000318165 0.000400041 -0.0180741 0.0891517 0.000395429 -0.000988222 -0.000318165 0.000395429 0.0102394 -0.0186454 0.000400041 -0.000988222 -0.0186454 0.0905017 
0.00982134 -0.0181087 -0.000307786 0.000407416 -0.0181087 0.0891937 0.000409757 -0.00102745 -0.000307786 0.000409757 0.0102259 -0.0186309 0.000407416 -0.00102745 -0.0186309 0.0905319 
0.00984785 -0.0181375 -0.000310805 0.00040145 -0.0181375 0.0892862 0.00040684 -0.00104592 -0.000310805 0.00040684 0.0102087 -0.0186091 0.00040145 -0.00104592 -0.0186091 0.0904922 
0.00986224 -0.0181572 -0.000300646 0.000385258 -0.0181572 0.0893329 0.00039067 -0.000999971 -0.000300646 0.00039067 0.0102011 -0.0185994 0.000385258 -0.000999971 -0.0185994 0.0904733 
0.00985594 -0.0181816 -0.000298404 0.000387686 -0.0181816 0.0893962 0.000391413 -0.000997228 -0.000298404 0.000391413 0.0102021 -0.0185806 0.000387686 -0.000997228 -0.0185806 0.0904253 
0.00984665 -0.0181642 -0.000273817 0.000372243 -0.0181642 0.0893811 0.000375212 -0.000956539 -0.000273817 0.000375212 0.0101825 -0.01858 0.000372243 -0.000956539 -0.01858 0.0903968 
0.00982834 -0.0181441 -0.000259049 0.000341824 -0.0181441 0.0893283 0.000340748 -0.000887752 -0.000259049 0.000340748 0.0101655 -0.0185561 0.000341824 -0.000887752 -0.0185561 0.0903485 
0.00978262 -0.0181156 -0.000244791 0.00032825 -0.0181156 0.0892504 0.000325592 -0.00083738 -0.000244791 0.000325592 0.0101596 -0.0185204 0.00032825 -0.00083738 -0.0185204 0.0902473 
0.00976323 -0.0180622 -0.000251958 0.000321473 -0.0180622 0.0891389 0.000319888 -0.00082253 -0.000251958 0.000319888 0.0101448 -0.0185037 0.000321473 -0.00082253 -0.0185037 0.090171 
0.00978417 -0.018041 -0.000246289 0.000317556 -0.018041 0.0890668 0.000316159 -0.000800034 -0.000246289 0.000316159 0.0101314 -0.0184959 0.000317556 -0.000800034 -0.0184959 0.0901507 
0.00976056 -0.0180534 -0.000241579 0.000324841 -0.0180534 0.0890413 0.000325986 -0.000824153 -0.000241579 0.000325986 0.0101413 -0.0184791 0.000324841 -0.000824153 -0.0184791 0.0901088 
0.0097358 -0.0180364 -0.000251543 0.000299182 -0.0180364 0.0890331 0.000302988 -0.000778276 -0.000251543 0.000302988 0.0101662 -0.018488 0.000299182 -0.000778276 -0.018488 0.090103 
0.00974643 -0.0180199 -0.000248624 0.000287134 -0.0180199 0.0890162 0.000288135 -0.000707618 -0.000248624 0.000288135 0.0101649 -0.0185104 0.000287134 -0.000707618 -0.0185104 0.090133 
0.00975409 -0.0180151 -0.000246676 0.000296651 -0.0180151 0.0889761 0.000294802 -0.000710753 -0.000246676 0.000294802 0.0101539 -0.018521 0.000296651 -0.000710753 -0.018521 0.0901793 
0.00974065 -0.0180237 -0.000245106 0.000314649 -0.0180237 0.0889781 0.000309892 -0.000762265 -0.000245106 0.000309892 0.0101457 -0.0185057 0.000314649 -0.000762265 -0.0185057 0.0901677 
0.00973909 -0.0180194 -0.000228774 0.000323227 -0.0180194 0.0889889 0.000318681 -0.000803878 -0.000228774 0.000318681 0.010125 -0.0184759 0.000323227 -0.000803878 -0.0184759 0.0900909 
0.00974451 -0.0180171 -0.000224894 0.000299237 -0.0180171 0.088986 0.000297108 -0.000782699 -0.000224894 0.000297108 0.0101053 -0.01845 0.000299237 -0.000782699 -0.01845 0.0900201 
0.00973369 -0.0180245 -0.000242794 0.000301632 -0.0180245 0.0889961 0.000298826 -0.000779764 -0.000242794 0.000298826 0.010114 -0.0184227 0.000301632 -0.000779764 -0.0184227 0.0899461 
0.00969601 -0.0179786 -0.000251036 0.000310105 -0.0179786 0.0888884 0.000305103 -0.000773854 -0.000251036 0.000305103 0.0101467 -0.0184609 0.000310105 -0.000773854 -0.0184609 0.0900094 
0.00969591 -0.0179443 -0.000241168 0.000333036 -0.0179443 0.0888006 0.000332079 -0.000832484 -0.000241168 0.000332079 0.0101441 -0.018493 0.000333036 -0.000832484 -0.018493 0.0900866 
0.00969117 -0.0179697 -0.000251223 0.000327869 -0.0179697 0.0888324 0.000332562 -0.000867687 -0.000251223 0.000332562 0.0101478 -0.0184675 0.000327869 -0.000867687 -0.0184675 0.090058 
0.00971846 -0.0179343 -0.000266757 0.000318248 -0.0179343 0.0887663 0.000325364 -0.000837586 -0.000266757 0.000325364 0.0101413 -0.0185038 0.000318248 -0.000837586 -0.0185038 0.090132 
0.00974093 -0.0179741 -0.000253227 0.000302908 -0.0179741 0.088801 0.000307318 -0.000759866 -0.000253227 0.000307318 0.0101388 -0.0184955 0.000302908 -0.000759866 -0.0184955 0.0901536 
0.00976031 -0.0179832 -0.000218362 0.000283801 -0.0179832 0.088815 0.000287678 -0.000697857 -0.000218362 0.000287678 0.0101112 -0.0185028 0.000283801 -0.000697857 -0.0185028 0.0901736 
0.00976664 -0.0180065 -0.000221817 0.000280214 -0.0180065 0.0888563 0.000283217 -0.000710237 -0.000221817 0.000283217 0.0101079 -0.0184691 0.000280214 -0.000710237 -0.0184691 0.0901331 
0.00973034 -0.0180177 -0.000229539 0.000296831 -0.0180177 0.0888921 0.000300935 -0.000752951 -0.000229539 0.000300935 0.0101318 -0.018451 0.000296831 -0.000752951 -0.018451 0.0900608 
0.00971332 -0.0179761 -0.000233988 0.000296203 -0.0179761 0.088843 0.000298059 -0.000755903 -0.000233988 0.000298059 0.0101106 -0.0184666 0.000296203 -0.000755903 -0.0184666 0.0900362 
0.0097313 -0.0179419 -0.000232525 0.000315741 -0.0179419 0.0887465 0.000313537 -0.000797901 -0.000232525 0.000313537 0.0100716 -0.0184534 0.000315741 -0.000797901 -0.0184534 0.0900351 
0.00974292 -0.0179735 -0.000213207 0.000298654 -0.0179735 0.0887681 0.000296567 -0.000772714 -0.000213207 0.000296567 0.0100373 -0.0183919 0.000298654 -0.000772714 -0.0183919 0.0899161 
0.00971939 -0.0179832 -0.000191717 0.000266056 -0.0179832 0.0888004 0.000266539 -0.000705429 -0.000191717 0.000266539 0.0100466 -0.0183493 0.000266056 -0.000705429 -0.0183493 0.0897901 
0.00969734 -0.0179573 -0.000187887 0.000227912 -0.0179573 0.0887801 0.000228544 -0.000605589 -0.000187887 0.000228544 0.0100759 -0.0183595 0.000227912 -0.000605589 -0.0183595 0.0897543 
0.00967474 -0.0179277 -0.000192069 0.00021509 -0.0179277 0.0887114 0.0002163 -0.000533492 -0.000192069 0.0002163 0.0101081 -0.0183953 0.00021509 -0.000533492 -0.0183953 0.0898061 
0.00967664 -0.0179277 -0.000197101 0.00023083 -0.0179277 0.0887144 0.000232982 -0.000546399 -0.000197101 0.000232982 0.0101103 -0.0184061 0.00023083 -0.000546399 -0.0184061 0.0898137 
0.00968981 -0.0179364 -0.000204461 0.00025865 -0.0179364 0.0887401 0.00025746 -0.000619809 -0.000204461 0.00025746 0.0101029 -0.0184139 0.00025865 -0.000619809 -0.0184139 0.0898418 
0.00971076 -0.0179347 -0.000198641 0.000252398 -0.0179347 0.0887344 0.000244559 -0.000619042 -0.000198641 0.000244559 0.0101019 -0.0184415 0.000252398 -0.000619042 -0.0184415 0.0899444 
0.00971665 -0.0179478 -0.000199262 0.000249989 -0.0179478 0.088738 0.000241981 -0.000616327 -0.000199262 0.000241981 0.0100891 -0.0184492 0.000249989 -0.000616327 -0.0184492 0.0900037 
0.00972737 -0.0179452 -0.000204267 0.000276592 -0.0179452 0.0887307 0.00027799 -0.000695925 -0.000204267 0.00027799 0.0100671 -0.018445 0.000276592 -0.000695925 -0.018445 0.0900349 
0.00973683 -0.0179835 -0.000194429 0.000255375 -0.0179835 0.0888134 0.000264285 -0.000677236 -0.000194429 0.000264285 0.0100382 -0.0183859 0.000255375 -0.000677236 -0.0183859 0.0899136 
0.00974605 -0.0180035 -0.000178323 0.000239417 -0.0180035 0.0888895 0.000247001 -0.000632185 -0.000178323 0.000247001 0.0100078 -0.0183303 0.000239417 -0.000632185 -0.0183303 0.0897446 
0.00976569 -0.0180001 -0.000165163 0.000215978 -0.0180001 0.0888941 0.000218795 -0.000567358 -0.000165163 0.000218795 0.00998653 -0.0183005 0.000215978 -0.000567358 -0.0183005 0.0896382 
0.00976468 -0.01803 -0.000154168 0.000206141 -0.01803 0.088943 0.000205579 -0.000526472 -0.000154168 0.000205579 0.010003 -0.0182665 0.000206141 -0.000526472 -0.0182665 0.0895371 
0.00978161 -0.0180199 -0.000169341 0.000211316 -0.0180199 0.0889412 0.00020954 -0.000539767 -0.000169341 0.00020954 0.0100038 -0.0182948 0.000211316 -0.000539767 -0.0182948 0.0895471 
0.0097461 -0.0180282 -0.000213618 0.000245581 -0.0180282 0.0889265 0.000244134 -0.000614772 -0.000213618 0.000244134 0.0100176 -0.0182988 0.000245581 -0.000614772 -0.0182988 0.0895674 
0.00972065 -0.0179932 -0.000238569 0.000289047 -0.0179932 0.0888855 0.000287095 -0.000703891 -0.000238569 0.000287095 0.010021 -0.0183212 0.000289047 -0.000703891 -0.0183212 0.0896219 
0.00972093 -0.0179391 -0.000241151 0.000325833 -0.0179391 0.0887482 0.000325173 -0.000810346 -0.000241151 0.000325173 0.0100011 -0.0183444 0.000325833 -0.000810346 -0.0183444 0.089709 
0.00973229 -0.0179278 -0.000229029 0.000311144 -0.0179278 0.0886589 0.000313622 -0.000815918 -0.000229029 0.000313622 0.00998263 -0.0183303 0.000311144 -0.000815918 -0.0183303 0.0897351 
0.00975197 -0.0179711 -0.000206143 0.000270559 -0.0179711 0.0887341 0.00027436 -0.000722097 -0.000206143 0.00027436 0.00997262 -0.0182789 0.000270559 -0.000722097 -0.0182789 0.0896244 
0.00973572 -0.0179879 -0.00019572 0.000259217 -0.0179879 0.0887824 0.000261537 -0.000677491 -0.00019572 0.000261537 0.00995858 -0.0182525 0.000259217 -0.000677491 -0.0182525 0.0895073 
0.00970861 -0.0179623 -0.000172319 0.000246369 -0.0179623 0.0887558 0.000241566 -0.000630961 -0.000172319 0.000241566 0.00995456 -0.0182362 0.000246369 -0.000630961 -0.0182362 0.0894402 
0.00972027 -0.017943 -0.000156741 0.000212499 -0.017943 0.0887276 0.000205744 -0.000553725 -0.000156741 0.000205744 0.00992803 -0.0182177 0.000212499 -0.000553725 -0.0182177 0.0893736 
0.00973095 -0.0179398 -0.000169219 0.000213001 -0.0179398 0.0886895 0.000208959 -0.000546892 -0.000169219 0.000208959 0.00992506 -0.0182035 0.000213001 -0.000546892 -0.0182035 0.0893531 
0.0097226 -0.0179678 -0.000179054 0.00024313 -0.0179678 0.0887349 0.000241244 -0.000612569 -0.000179054 0.000241244 0.009943 -0.0181796 0.00024313 -0.000612569 -0.0181796 0.0892789 
0.00970395 -0.0179463 -0.000189144 0.00024184 -0.0179463 0.0887105 0.000241123 -0.000627904 -0.000189144 0.000241123 0.00995844 -0.0182167 0.00024184 -0.000627904 -0.0182167 0.0893264 
0.00971853 -0.0179236 -0.000196416 0.000236298 -0.0179236 0.0886659 0.000237286 -0.00060653 -0.000196416 0.000237286 0.00996051 -0.0182524 0.000236298 -0.00060653 -0.0182524 0.0894362 
0.00973972 -0.0179495 -0.000185779 0.000230821 -0.0179495 0.0886949 0.000229003 -0.000571236 -0.000185779 0.000229003 0.00995355 -0.0182486 0.000230821 -0.000571236 -0.0182486 0.0894661 
0.00977462 -0.0179957 -0.000199183 0.000247026 -0.0179957 0.0888121 0.000242668 -0.000612786 -0.000199183 0.000242668 0.00994423 -0.0182328 0.000247026 -0.000612786 -0.0182328 0.089445 
0.00979088 -0.0180298 -0.000228405 0.000258146 -0.0180298 0.0889038 0.000253191 -0.00063847 -0.000228405 0.000253191 0.00994542 -0.0182307 0.000258146 -0.00063847 -0.0182307 0.0894395 
0.00980942 -0.0180583 -0.00027488 0.000302578 -0.0180583 0.0889968 0.00029928 -0.000731867 -0.00027488 0.00029928 0.00995368 -0.0182311 0.000302578 -0.000731867 -0.0182311 0.0894379 
0.00981417 -0.0180822 -0.000279729 0.000351665 -0.0180822 0.0890727 0.00034867 -0.000841761 -0.000279729 0.00034867 0.00997185 -0.0182467 0.000351665 -0.000841761 -0.0182467 0.0894663 
0.0098034 -0.0180825 -0.000264194 0.000350425 -0.0180825 0.0890927 0.000350013 -0.000885514 -0.000264194 0.000350013 0.00999108 -0.0182725 0.000350425 -0.000885514 -0.0182725 0.0895199 
0.00978846 -0.0180613 -0.000254977 0.000318533 -0.0180613 0.0890559 0.000322499 -0.000836168 -0.000254977 0.000322499 0.0100111 -0.0183066 0.000318533 -0.000836168 -0.0183066 0.0896078 
0.00977366 -0.0180477 -0.00024433 0.000310677 -0.0180477 0.0890212 0.000316408 -0.000802997 -0.00024433 0.000316408 0.01002 -0.0183259 0.000310677 -0.000802997 -0.0183259 0.0896684 
0.00975322 -0.0180398 -0.000240276 0.000298695 -0.0180398 0.089013 0.000306985 -0.000778561 -0.000240276 0.000306985 0.0100478 -0.0183411 0.000298695 -0.000778561 -0.0183411 0.0897255 
0.00974835 -0.0180199 -0.000259347 0.000321365 -0.0180199 0.0889799 0.000330105 -0.000831388 -0.000259347 0.000330105 0.0100484 -0.018361 0.000321365 -0.000831388 -0.018361 0.089761 
0.00975239 -0.0179925 -0.000257149 0.000337692 -0.0179925 0.0888975 0.000341269 -0.000866523 -0.000257149 0.000341269 0.010067 -0.0183926 0.000337692 -0.000866523 -0.0183926 0.0898695 
0.00974892 -0.0179838 -0.000237783 0.000333464 -0.0179838 0.0888311 0.000332091 -0.000866298 -0.000237783 0.000332091 0.0100659 -0.018419 0.000333464 -0.000866298 -0.018419 0.089949 
0.00973881 -0.0179717 -0.000225132 0.000297168 -0.0179717 0.0887822 0.000294472 -0.000792793 -0.000225132 0.000294472 0.0100833 -0.0184321 0.000297168 -0.000792793 -0.0184321 0.0900188 
0.00976004 -0.0179608 -0.000226021 0.000276262 -0.0179608 0.0887497 0.000275361 -0.000719386 -0.000226021 0.000275361 0.0100726 -0.0184533 0.000276262 -0.000719386 -0.0184533 0.0900761 
0.00980845 -0.0180118 -0.00023801 0.000278784 -0.0180118 0.0888443 0.000280462 -0.000699355 -0.00023801 0.000280462 0.0100354 -0.018418 0.000278784 -0.000699355 -0.018418 0.0900177 
0.00983122 -0.0181067 -0.000255125 0.000311598 -0.0181067 0.0890822 0.000314485 -0.000767225 -0.000255125 0.000314485 0.0100168 -0.0183368 0.000311598 -0.000767225 -0.0183368 0.0898158 
0.00985088 -0.0181452 -0.000231846 0.000310827 -0.0181452 0.0892578 0.000311866 -0.000771826 -0.000231846 0.000311866 0.00999877 -0.0183007 0.000310827 -0.000771826 -0.0183007 0.08965 
0.00986418 -0.0181819 -0.000217631 0.000286422 -0.0181819 0.0893924 0.000284195 -0.000734145 -0.000217631 0.000284195 0.00997525 -0.0182619 0.000286422 -0.000734145 -0.0182619 0.0895069 
0.00985645 -0.0181552 -0.000228694 0.000290653 -0.0181552 0.0893501 0.000291171 -0.000745132 -0.000228694 0.000291171 0.00996442 -0.0182682 0.000290653 -0.000745132 -0.0182682 0.0895015 
0.00987187 -0.0181516 -0.000236799 0.000295506 -0.0181516 0.089328 0.000296471 -0.000752198 -0.000236799 0.000296471 0.00994899 -0.0182531 0.000295506 -0.000752198 -0.0182531 0.0894819 
0.00987085 -0.0181592 -0.000238402 0.000312164 -0.0181592 0.0893142 0.000310631 -0.000786257 -0.000238402 0.000310631 0.0099611 -0.018242 0.000312164 -0.000786257 -0.018242 0.0894665 
0.00984677 -0.0181429 -0.000240657 0.000315365 -0.0181429 0.0892622 0.000315317 -0.000808985 -0.000240657 0.000315317 0.00999702 -0.0182686 0.000315365 -0.000808985 -0.0182686 0.0895165 
0.00982394 -0.0180981 -0.000247982 0.000316465 -0.0180981 0.089154 0.000319104 -0.000821641 -0.000247982 0.000319104 0.0100223 -0.0183306 0.000316465 -0.000821641 -0.0183306 0.0896573 
0.0098293 -0.0180983 -0.000245686 0.000302467 -0.0180983 0.0891416 0.000310751 -0.000787312 -0.000245686 0.000310751 0.0100353 -0.0183499 0.000302467 -0.000787312 -0.0183499 0.0897427 
0.00982193 -0.018091 -0.000251692 0.000309057 -0.018091 0.0891106 0.000317364 -0.000793602 -0.000251692 0.000317364 0.0100566 -0.0183869 0.000309057 -0.000793602 -0.0183869 0.08986 
0.0098328 -0.0181077 -0.000265406 0.000315514 -0.0181077 0.0891556 0.000319135 -0.00080025 -0.000265406 0.000319135 0.0100643 -0.0183926 0.000315514 -0.00080025 -0.0183926 0.0898931 
0.00986383 -0.0181262 -0.000268046 0.000338143 -0.0181262 0.0892129 0.000336969 -0.00083725 -0.000268046 0.000336969 0.0100559 -0.018402 0.000338143 -0.00083725 -0.018402 0.089918 
0.00990913 -0.0181554 -0.000268978 0.000338958 -0.0181554 0.0892712 0.000334248 -0.000850307 -0.000268978 0.000334248 0.0100375 -0.0184016 0.000338958 -0.000850307 -0.0184016 0.0899353 
0.00993753 -0.0182344 -0.000251693 0.000331852 -0.0182344 0.0894509 0.000328257 -0.000830679 -0.000251693 0.000328257 0.0100209 -0.0183601 0.000331852 -0.000830679 -0.0183601 0.0898484 
0.00994872 -0.0182661 -0.000237334 0.000296271 -0.0182661 0.0895794 0.000296599 -0.000758168 -0.000237334 0.000296599 0.0100383 -0.018364 0.000296271 -0.000758168 -0.018364 0.089848 
0.00995414 -0.0182662 -0.000284284 0.000339198 -0.0182662 0.0896063 0.000343104 -0.000860806 -0.000284284 0.000343104 0.0100321 -0.018389 0.000339198 -0.000860806 -0.018389 0.0898958 
0.00994015 -0.0182724 -0.000331374 0.000404608 -0.0182724 0.0896225 0.00040765 -0.00101647 -0.000331374 0.00040765 0.0100498 -0.0183849 0.000404608 -0.00101647 -0.0183849 0.089917 
0.00990539 -0.0182797 -0.00032942 0.000403317 -0.0182797 0.0896652 0.000406691 -0.00101981 -0.00032942 0.000406691 0.0100867 -0.0183764 0.000403317 -0.00101981 -0.0183764 0.089867 
0.00993594 -0.0182428 -0.000310009 0.000384184 -0.0182428 0.0896298 0.000385633 -0.00096853 -0.000310009 0.000385633 0.0101016 -0.0184311 0.000384184 -0.00096853 -0.0184311 0.0899507 
0.00996344 -0.0182312 -0.000309112 0.000388992 -0.0182312 0.089522 0.000387038 -0.000977722 -0.000309112 0.000387038 0.0100895 -0.018486 0.000388992 -0.000977722 -0.018486 0.0901192 
0.00996214 -0.0182692 -0.000320738 0.000415887 -0.0182692 0.0895501 0.000414276 -0.00104926 -0.000320738 0.000414276 0.0100672 -0.0184561 0.000415887 -0.00104926 -0.0184561 0.0901149 
0.00997585 -0.0183153 -0.000312121 0.000418964 -0.0183153 0.089709 0.00041841 -0.00107292 -0.000312121 0.00041841 0.0100472 -0.0183995 0.000418964 -0.00107292 -0.0183995 0.089981 
0.00995492 -0.018315 -0.000312663 0.000421454 -0.018315 0.0897496 0.000419361 -0.00109721 -0.000312663 0.000419361 0.0100719 -0.0183904 0.000421454 -0.00109721 -0.0183904 0.0899282 
0.00996989 -0.0182892 -0.000317986 0.000410843 -0.0182892 0.0897191 0.000411476 -0.00107933 -0.000317986 0.000411476 0.0100786 -0.0184242 0.000410843 -0.00107933 -0.0184242 0.0899702 
0.0100174 -0.0183038 -0.000330679 0.000420068 -0.0183038 0.0897153 0.000423206 -0.00109307 -0.000330679 0.000423206 0.0100468 -0.0184326 0.000420068 -0.00109307 -0.0184326 0.0900071 
0.0100299 -0.0183621 -0.000332997 0.000413912 -0.0183621 0.089813 0.000416833 -0.00106965 -0.000332997 0.000416833 0.0100571 -0.0184067 0.000413912 -0.00106965 -0.0184067 0.0899952 
0.0100112 -0.0183824 -0.000379858 0.000456869 -0.0183824 0.0899021 0.000458812 -0.00116843 -0.000379858 0.000458812 0.0100995 -0.0184117 0.000456869 -0.00116843 -0.0184117 0.0899771 
0.00999823 -0.0183589 -0.000408838 0.000512027 -0.0183589 0.0898909 0.000512911 -0.0012877 -0.000408838 0.000512911 0.0101191 -0.0184627 0.000512027 -0.0012877 -0.0184627 0.0900545 
0.00999606 -0.018354 -0.000399632 0.000514479 -0.018354 0.0898843 0.000515967 -0.0013104 -0.000399632 0.000515967 0.0101295 -0.0184918 0.000514479 -0.0013104 -0.0184918 0.0901463 
0.0100123 -0.0183553 -0.000405668 0.00050732 -0.0183553 0.089892 0.000511154 -0.00130945 -0.000405668 0.000511154 0.0101239 -0.0185018 0.00050732 -0.00130945 -0.0185018 0.0901922 
0.0100243 -0.0183846 -0.000362121 0.000461289 -0.0183846 0.0899503 0.000466245 -0.00117681 -0.000362121 0.000466245 0.0101281 -0.0185072 0.000461289 -0.00117681 -0.0185072 0.0902388 
0.00998811 -0.0183926 -0.000329575 0.000443896 -0.0183926 0.0899808 0.00044825 -0.00113097 -0.000329575 0.00044825 0.0101501 -0.0185059 0.000443896 -0.00113097 -0.0185059 0.0902418 
0.00997086 -0.0183435 -0.000309889 0.000401716 -0.0183435 0.0899058 0.000403864 -0.00104074 -0.000309889 0.000403864 0.0101556 -0.0185311 0.000401716 -0.00104074 -0.0185311 0.0902809 
0.00997014 -0.0183153 -0.000309493 0.000409175 -0.0183153 0.0898114 0.000408773 -0.00104257 -0.000309493 0.000408773 0.0101367 -0.0185245 0.000409175 -0.00104257 -0.0185245 0.090271 
0.00998521 -0.0182928 -0.000293855 0.0003834 -0.0182928 0.0897157 0.000380162 -0.000977941 -0.000293855 0.000380162 0.0101128 -0.0185227 0.0003834 -0.000977941 -0.0185227 0.0902828 
0.0100131 -0.0183023 -0.000323761 0.000398041 -0.0183023 0.0896872 0.000394505 -0.00101301 -0.000323761 0.000394505 0.0100841 -0.0184992 0.000398041 -0.00101301 -0.0184992 0.0902528 
0.0100572 -0.0183664 -0.000347361 0.000411382 -0.0183664 0.089816 0.000410248 -0.00102972 -0.000347361 0.000410248 0.0100626 -0.0184457 0.000411382 -0.00102972 -0.0184457 0.0901375 
0.010061 -0.018415 -0.000366237 0.000463383 -0.018415 0.0899426 0.000464589 -0.00114685 -0.000366237 0.000464589 0.0100761 -0.0184167 0.000463383 -0.00114685 -0.0184167 0.0900354 
0.0100454 -0.0184183 -0.000371479 0.000460847 -0.0184183 0.0899936 0.000463951 -0.0011712 -0.000371479 0.000463951 0.0100985 -0.0184375 0.000460847 -0.0011712 -0.0184375 0.0900347 
0.0100457 -0.0183909 -0.000373054 0.000471105 -0.0183909 0.0899547 0.00047484 -0.00119573 -0.000373054 0.00047484 0.0101086 -0.0184818 0.000471105 -0.00119573 -0.0184818 0.0901362 
0.0100737 -0.0184002 -0.000359896 0.000470392 -0.0184002 0.0899594 0.000474598 -0.00119892 -0.000359896 0.000474598 0.0100811 -0.0184888 0.000470392 -0.00119892 -0.0184888 0.0901852 
0.0100834 -0.0184471 -0.000327004 0.00045148 -0.0184471 0.0900552 0.000456924 -0.00116726 -0.000327004 0.000456924 0.0100664 -0.0184456 0.00045148 -0.00116726 -0.0184456 0.0901232 
0.0101192 -0.0184811 -0.000312904 0.000407863 -0.0184811 0.0901833 0.000409578 -0.00107819 -0.000312904 0.000409578 0.0100508 -0.0184137 0.000407863 -0.00107819 -0.0184137 0.0900241 
0.0101438 -0.0185104 -0.000332685 0.000392978 -0.0185104 0.0902569 0.000391596 -0.00101221 -0.000332685 0.000391596 0.0100478 -0.0184054 0.000392978 -0.00101221 -0.0184054 0.0899855 
0.0101535 -0.0185195 -0.000358747 0.000434368 -0.0185195 0.0902742 0.000435803 -0.00107263 -0.000358747 0.000435803 0.0100483 -0.0184198 0.000434368 -0.00107263 -0.0184198 0.0900175 
0.0101608 -0.0185175 -0.000392423 0.000496243 -0.0185175 0.0902634 0.000499209 -0.00123678 -0.000392423 0.000499209 0.0100639 -0.0184422 0.000496243 -0.00123678 -0.0184422 0.0900971 
0.0101682 -0.0185499 -0.000402374 0.000506443 -0.0185499 0.0903309 0.000509638 -0.00128749 -0.000402374 0.000509638 0.0100666 -0.0184379 0.000506443 -0.00128749 -0.0184379 0.0900898 
0.0101687 -0.0185553 -0.000403925 0.000515621 -0.0185553 0.0903626 0.00051749 -0.00131133 -0.000403925 0.00051749 0.0100722 -0.0184525 0.000515621 -0.00131133 -0.0184525 0.0901253 
0.0101749 -0.0185627 -0.000405255 0.00049915 -0.0185627 0.0903914 0.000494392 -0.00126954 -0.000405255 0.000494392 0.0101017 -0.0184685 0.00049915 -0.00126954 -0.0184685 0.0901833 
0.0101474 -0.0185548 -0.000404622 0.0005073 -0.0185548 0.090363 0.000498237 -0.00126115 -0.000404622 0.000498237 0.010119 -0.0185036 0.0005073 -0.00126115 -0.0185036 0.090254 
