0.00766932 0 -0.000286882 0 0 0.01 0 0 -0.000286882 0 0.0069452 0 0 0 0 0.01 
0.0107295 -0.0133215 -0.000341801 0.00041878 -0.0133215 0.0347171 0.00041878 -0.000802934 -0.000341801 0.00041878 0.00987802 -0.0122699 0.00041878 -0.000802934 -0.0122699 0.0327009 
0.0106722 -0.019908 -0.000285296 0.000457205 -0.019908 0.0728217 0.000457205 -0.00144028 -0.000285296 0.000457205 0.0100632 -0.0188478 0.000457205 -0.00144028 -0.0188478 0.0694304 
0.0101131 -0.0194575 -0.000292761 0.000341074 -0.0194575 0.0866574 0.000336984 -0.00112774 -0.000292761 0.000336984 0.0095328 -0.0186673 0.000341074 -0.00112774 -0.0186673 0.0838325 
0.0101391 -0.018746 -0.000287815 0.000336389 -0.018746 0.0893678 0.000333486 -0.000841747 -0.000287815 0.000333486 0.00950541 -0.0180413 0.000336389 -0.000841747 -0.0180413 0.0874579 
0.0103368 -0.0187311 -0.000298946 0.000346719 -0.0187311 0.0902551 0.000351679 -0.000812155 -0.000298946 0.000351679 0.00961351 -0.0178962 0.000346719 -0.000812155 -0.0178962 0.0883828 
0.0104786 -0.0188909 -0.000318937 0.000353254 -0.0188909 0.0909529 0.000357935 -0.000831504 -0.000318937 0.000357935 0.00971381 -0.0179579 0.000353254 -0.000831504 -0.0179579 0.0888129 
0.0105059 -0.0189979 -0.000339634 0.000388735 -0.0189979 0.0913614 0.000385846 -0.000910395 -0.000339634 0.000385846 0.00975591 -0.0179865 0.000388735 -0.000910395 -0.0179865 0.088922 
0.0105068 -0.0189779 -0.000341459 0.000412356 -0.0189779 0.0914301 0.000405024 -0.000976702 -0.000341459 0.000405024 0.00977397 -0.0180398 0.000412356 -0.000976702 -0.0180398 0.0890168 
0.0105045 -0.0189616 -0.000351576 0.000416307 -0.0189616 0.0913781 0.00040725 -0.00100857 -0.000351576 0.00040725 0.00976005 -0.0180597 0.000416307 -0.00100857 -0.0180597 0.0890686 
0.0104941 -0.0189679 -0.000337125 0.000398531 -0.0189679 0.0913751 0.00039093 -0.000955108 -0.000337125 0.00039093 0.00976223 -0.0180486 0.000398531 -0.000955108 -0.0180486 0.0890725 
0.0104856 -0.0189662 -0.000310845 0.000381213 -0.0189662 0.0913854 0.000378334 -0.000913603 -0.000310845 0.000378334 0.0097618 -0.0180443 0.000381213 -0.000913603 -0.0180443 0.0890556 
0.0104395 -0.0189689 -0.000280072 0.000363195 -0.0189689 0.0913908 0.000364529 -0.000888253 -0.000280072 0.000364529 0.00973346 -0.0179987 0.000363195 -0.000888253 -0.0179987 0.0889289 
0.0104125 -0.0188804 -0.000307311 0.00034891 -0.0188804 0.0912356 0.000350677 -0.000880907 -0.000307311 0.000350677 0.00972324 -0.0180206 0.00034891 -0.000880907 -0.0180206 0.0889786 
0.0104144 -0.0188523 -0.000335439 0.000360999 -0.0188523 0.0911322 0.000362506 -0.000868359 -0.000335439 0.000362506 0.00974716 -0.0180196 0.000360999 -0.000868359 -0.0180196 0.0890236 
0.0104226 -0.0188647 -0.000345522 0.000369407 -0.0188647 0.0911241 0.00036813 -0.000854026 -0.000345522 0.00036813 0.00978044 -0.0180429 0.000369407 -0.000854026 -0.0180429 0.0890697 
0.0104164 -0.018864 -0.000344354 0.000406653 -0.018864 0.0911148 0.000401069 -0.000931661 -0.000344354 0.000401069 0.00980218 -0.0180918 0.000406653 -0.000931661 -0.0180918 0.0891721 
0.0104267 -0.0188564 -0.000354392 0.000413909 -0.0188564 0.0911063 0.000408194 -0.000986305 -0.000354392 0.000408194 0.00982488 -0.0181414 0.000413909 -0.000986305 -0.0181414 0.0893283 
0.0104527 -0.018917 -0.000364747 0.000420315 -0.018917 0.0912469 0.000417036 -0.00100972 -0.000364747 0.000417036 0.00980918 -0.0181109 0.000420315 -0.00100972 -0.0181109 0.089276 
0.010477 -0.0189481 -0.000365048 0.000414532 -0.0189481 0.0913578 0.000412372 -0.0009911 -0.000365048 0.000412372 0.00977942 -0.0180942 0.000414532 -0.0009911 -0.0180942 0.0892247 
0.0104599 -0.018982 -0.000381433 0.000439937 -0.018982 0.0914569 0.000440722 -0.001056 -0.000381433 0.000440722 0.00976739 -0.0180474 0.000439937 -0.001056 -0.0180474 0.0891161 
0.010423 -0.0189352 -0.000372648 0.000466809 -0.0189352 0.0913996 0.000468856 -0.00113435 -0.000372648 0.000468856 0.00979508 -0.0180665 0.000466809 -0.00113435 -0.0180665 0.0891382 
0.0103862 -0.0188637 -0.000357387 0.000433533 -0.0188637 0.0912195 0.00043273 -0.00108111 -0.000357387 0.00043273 0.00979643 -0.0181156 0.000433533 -0.00108111 -0.0181156 0.0892419 
0.0103567 -0.0188165 -0.000342873 0.000426228 -0.0188165 0.0910693 0.000425223 -0.00105165 -0.000342873 0.000425223 0.00978464 -0.0181119 0.000426228 -0.00105165 -0.0181119 0.0892785 
0.0103411 -0.0187981 -0.00029821 0.000405431 -0.0187981 0.0910143 0.000406786 -0.00101119 -0.00029821 0.000406786 0.00980223 -0.0180886 0.000405431 -0.00101119 -0.0180886 0.0892412 
0.0103118 -0.018763 -0.000271504 0.000370931 -0.018763 0.0909151 0.000371589 -0.000960191 -0.000271504 0.000371589 0.00981823 -0.0181038 0.000370931 -0.000960191 -0.0181038 0.0892301 
0.0103165 -0.0187368 -0.000283058 0.000333083 -0.0187368 0.0908424 0.000333016 -0.000869004 -0.000283058 0.000333016 0.0098008 -0.0181058 0.000333083 -0.000869004 -0.0181058 0.0892141 
0.0103076 -0.0187381 -0.000294493 0.000340202 -0.0187381 0.090805 0.000340118 -0.000836911 -0.000294493 0.000340118 0.00979579 -0.0180857 0.000340202 -0.000836911 -0.0180857 0.0891838 
0.0103081 -0.0187165 -0.000314687 0.000338155 -0.0187165 0.090747 0.00034071 -0.00081409 -0.000314687 0.00034071 0.00976477 -0.0180851 0.000338155 -0.00081409 -0.0180851 0.0891711 
0.0103196 -0.0187057 -0.000325211 0.000366453 -0.0187057 0.0906922 0.000371518 -0.000861049 -0.000325211 0.000371518 0.00973521 -0.0180564 0.000366453 -0.000861049 -0.0180564 0.0891377 
0.0103325 -0.0187185 -0.000298021 0.000365036 -0.0187185 0.0906947 0.00036827 -0.000863468 -0.000298021 0.00036827 0.00971607 -0.018026 0.000365036 -0.000863468 -0.018026 0.0890781 
0.0103107 -0.0187443 -0.000285319 0.000348513 -0.0187443 0.0907454 0.000349346 -0.000853452 -0.000285319 0.000349346 0.00970809 -0.0179809 0.000348513 -0.000853452 -0.0179809 0.088959 
0.0102903 -0.0187141 -0.000273403 0.000340411 -0.0187141 0.0907285 0.000339543 -0.000834514 -0.000273403 0.000339543 0.00970091 -0.0179724 0.000340411 -0.000834514 -0.0179724 0.0888919 
0.0102785 -0.018706 -0.000259129 0.000331788 -0.018706 0.0907259 0.000329082 -0.000820767 -0.000259129 0.000329082 0.00971025 -0.0179505 0.000331788 -0.000820767 -0.0179505 0.0888241 
0.0102813 -0.0186699 -0.000272162 0.000331475 -0.0186699 0.0906531 0.000328607 -0.000833356 -0.000272162 0.000328607 0.00974395 -0.0179912 0.000331475 -0.000833356 -0.0179912 0.0888898 
0.0103132 -0.0187054 -0.000265525 0.000335479 -0.0187054 0.0907072 0.000331054 -0.000830332 -0.000265525 0.000331054 0.00973659 -0.0179955 0.000335479 -0.000830332 -0.0179955 0.0888862 
0.0102987 -0.0187506 -0.000256146 0.000326939 -0.0187506 0.0908015 0.00032213 -0.000818833 -0.000256146 0.00032213 0.00970573 -0.0179549 0.000326939 -0.000818833 -0.0179549 0.0887801 
0.0102675 -0.0187315 -0.000234033 0.000298009 -0.0187315 0.0908241 0.000296283 -0.000751287 -0.000234033 0.000296283 0.00971237 -0.0179397 0.000298009 -0.000751287 -0.0179397 0.0887434 
0.0102575 -0.0187029 -0.000237385 0.000271538 -0.0187029 0.0907894 0.000275478 -0.000689132 -0.000237385 0.000275478 0.00970906 -0.0179337 0.000271538 -0.000689132 -0.0179337 0.0887041 
0.0102572 -0.0186578 -0.000269788 0.000279473 -0.0186578 0.0906724 0.000285416 -0.000682241 -0.000269788 0.000285416 0.0097291 -0.0179768 0.000279473 -0.000682241 -0.0179768 0.0888134 
0.0102607 -0.0186303 -0.00027774 0.00032673 -0.0186303 0.09054 0.000329763 -0.00076529 -0.00027774 0.000329763 0.00973099 -0.0180172 0.00032673 -0.00076529 -0.0180172 0.0889414 
0.0102681 -0.0186572 -0.000255082 0.000329716 -0.0186572 0.0905562 0.000332184 -0.000801273 -0.000255082 0.000332184 0.00971527 -0.0179907 0.000329716 -0.000801273 -0.0179907 0.0889186 
0.0102676 -0.0186609 -0.000225596 0.000307305 -0.0186609 0.090574 0.000313294 -0.000786217 -0.000225596 0.000313294 0.00971706 -0.017983 0.000307305 -0.000786217 -0.017983 0.0889037 
0.0102819 -0.0186881 -0.000179755 0.000263953 -0.0186881 0.090661 0.000270254 -0.000698516 -0.000179755 0.000270254 0.00971215 -0.0179643 0.000263953 -0.000698516 -0.0179643 0.0888432 
0.0102964 -0.0187001 -0.000170274 0.000204425 -0.0187001 0.0907088 0.000209977 -0.000562289 -0.000170274 0.000209977 0.00971497 -0.0179696 0.000204425 -0.000562289 -0.0179696 0.0888397 
0.0102998 -0.0187227 -0.000194307 0.000205843 -0.0187227 0.0907635 0.000210664 -0.000520162 -0.000194307 0.000210664 0.00971899 -0.0179628 0.000205843 -0.000520162 -0.0179628 0.0888197 
0.010281 -0.0187069 -0.000209304 0.000234026 -0.0187069 0.0907439 0.000236011 -0.000548848 -0.000209304 0.000236011 0.00973732 -0.0179914 0.000234026 -0.000548848 -0.0179914 0.0888788 
0.0102862 -0.0187119 -0.000190277 0.000237516 -0.0187119 0.0907713 0.000233291 -0.00054857 -0.000190277 0.000233291 0.00974443 -0.0179912 0.000237516 -0.00054857 -0.0179912 0.0888853 
0.010311 -0.0187076 -0.000188434 0.000227999 -0.0187076 0.090766 0.000219641 -0.000543796 -0.000188434 0.000219641 0.00975807 -0.0180256 0.000227999 -0.000543796 -0.0180256 0.0889735 
0.0103337 -0.0187571 -0.000190708 0.000221514 -0.0187571 0.0908582 0.000214618 -0.000526254 -0.000190708 0.000214618 0.00978065 -0.0180289 0.000221514 -0.000526254 -0.0180289 0.0890044 
0.0103386 -0.0187815 -0.000212002 0.000231914 -0.0187815 0.0909265 0.000226721 -0.000545399 -0.000212002 0.000226721 0.00978508 -0.0180493 0.000231914 -0.000545399 -0.0180493 0.0890367 
0.0103191 -0.0187703 -0.00022102 0.000273591 -0.0187703 0.0909147 0.000266582 -0.00063716 -0.00022102 0.000266582 0.00980464 -0.0180763 0.000273591 -0.00063716 -0.0180763 0.0891195 
0.0103029 -0.0187288 -0.000218968 0.000299493 -0.0187288 0.0908183 0.000293165 -0.000733923 -0.000218968 0.000293165 0.00979993 -0.0181084 0.000299493 -0.000733923 -0.0181084 0.0892065 
0.0102848 -0.0187213 -0.000226692 0.000274146 -0.0187213 0.0907788 0.000270574 -0.000705937 -0.000226692 0.000270574 0.00978827 -0.018094 0.000274146 -0.000705937 -0.018094 0.0892111 
0.0102904 -0.0187078 -0.000241664 0.000276769 -0.0187078 0.0907577 0.000278025 -0.000691303 -0.000241664 0.000278025 0.00975712 -0.0180657 0.000276769 -0.000691303 -0.0180657 0.0891443 
0.0102883 -0.0186875 -0.00023187 0.000273144 -0.0186875 0.0906873 0.000275401 -0.00065983 -0.00023187 0.000275401 0.00975963 -0.0180584 0.000273144 -0.00065983 -0.0180584 0.0891422 
0.0102891 -0.0187087 -0.000202346 0.000260548 -0.0187087 0.0907131 0.000262438 -0.000629954 -0.000202346 0.000262438 0.00973721 -0.0180208 0.000260548 -0.000629954 -0.0180208 0.0890346 
0.0102878 -0.0187264 -0.000176923 0.000239801 -0.0187264 0.0907725 0.000244697 -0.000606874 -0.000176923 0.000244697 0.00969667 -0.0179659 0.000239801 -0.000606874 -0.0179659 0.0888729 
0.0102771 -0.0186989 -0.000173503 0.000219601 -0.0186989 0.0907243 0.000226892 -0.000579393 -0.000173503 0.000226892 0.00968345 -0.0179382 0.000219601 -0.000579393 -0.0179382 0.0887904 
0.0102675 -0.0186805 -0.000197454 0.000222865 -0.0186805 0.0906623 0.000228169 -0.000576938 -0.000197454 0.000228169 0.00968561 -0.0179151 0.000222865 -0.000576938 -0.0179151 0.0887128 
0.0102401 -0.0186455 -0.000194606 0.000227348 -0.0186455 0.0905545 0.000230316 -0.000555985 -0.000194606 0.000230316 0.00971999 -0.0179372 0.000227348 -0.000555985 -0.0179372 0.0887362 
0.0102324 -0.018652 -0.000181706 0.000230848 -0.018652 0.0905661 0.000233686 -0.000565531 -0.000181706 0.000233686 0.00970991 -0.0179322 0.000230848 -0.000565531 -0.0179322 0.0886862 
0.0102078 -0.0186493 -0.000127919 0.00020199 -0.0186493 0.0905694 0.000207077 -0.000512493 -0.000127919 0.000207077 0.00968566 -0.0179044 0.00020199 -0.000512493 -0.0179044 0.0886123 
0.0101994 -0.0185918 -0.00012299 0.000152902 -0.0185918 0.0904649 0.000162585 -0.000438155 -0.00012299 0.000162585 0.00968447 -0.017925 0.000152902 -0.000438155 -0.017925 0.088677 
0.0102083 -0.0185772 -0.000151396 0.000163044 -0.0185772 0.0903849 0.000173502 -0.000432746 -0.000151396 0.000173502 0.0096648 -0.0179132 0.000163044 -0.000432746 -0.0179132 0.088673 
0.0102008 -0.0185672 -0.000185288 0.00019402 -0.0185672 0.0903285 0.000203379 -0.000480673 -0.000185288 0.000203379 0.00968224 -0.0179194 0.00019402 -0.000480673 -0.0179194 0.088708 
0.0102085 -0.0185762 -0.00020309 0.000228301 -0.0185762 0.0903492 0.00023532 -0.000548182 -0.00020309 0.00023532 0.00969581 -0.0179361 0.000228301 -0.000548182 -0.0179361 0.0887458 
0.0102263 -0.0185747 -0.000186403 0.000233803 -0.0185747 0.0903395 0.000236776 -0.000564802 -0.000186403 0.000236776 0.0096842 -0.0179625 0.000233803 -0.000564802 -0.0179625 0.0888184 
0.0102492 -0.0185949 -0.000140722 0.000222969 -0.0185949 0.0903744 0.000220806 -0.00055831 -0.000140722 0.000220806 0.00970079 -0.0179673 0.000222969 -0.00055831 -0.0179673 0.0888795 
0.0102607 -0.0186461 -0.000124206 0.000171137 -0.0186461 0.0905024 0.000168271 -0.000472247 -0.000124206 0.000168271 0.00973086 -0.0179667 0.000171137 -0.000472247 -0.0179667 0.0888675 
0.0102587 -0.0186814 -0.000114411 0.000136684 -0.0186814 0.0906266 0.000131666 -0.00035251 -0.000114411 0.000131666 0.00973309 -0.0179702 0.000136684 -0.00035251 -0.0179702 0.0888269 
0.0102433 -0.0186643 -0.000103392 0.00012191 -0.0186643 0.0906305 0.000113485 -0.000280446 -0.000103392 0.000113485 0.00974634 -0.0180001 0.00012191 -0.000280446 -0.0180001 0.0888985 
0.0102252 -0.0186433 -0.000107371 0.000143044 -0.0186433 0.0905756 0.000137041 -0.000334222 -0.000107371 0.000137041 0.00973061 -0.0179976 0.000143044 -0.000334222 -0.0179976 0.0889075 
0.0102143 -0.0186374 -0.000132318 0.000153057 -0.0186374 0.0905657 0.000149675 -0.000385464 -0.000132318 0.000149675 0.00971531 -0.017961 0.000153057 -0.000385464 -0.017961 0.0888314 
0.0101929 -0.0186105 -0.000159199 0.000170938 -0.0186105 0.0905028 0.000171329 -0.000423032 -0.000159199 0.000171329 0.0097219 -0.0179475 0.000170938 -0.000423032 -0.0179475 0.0887787 
0.0101926 -0.018547 -0.000158172 0.000195317 -0.018547 0.0903408 0.000199439 -0.000471479 -0.000158172 0.000199439 0.00975951 -0.0180037 0.000195317 -0.000471479 -0.0180037 0.0889001 
0.0101877 -0.0185751 -0.000158596 0.000189032 -0.0185751 0.0903264 0.000191475 -0.000475487 -0.000158596 0.000191475 0.00972853 -0.0179867 0.000189032 -0.000475487 -0.0179867 0.0888535 
0.0101698 -0.0185822 -0.000144375 0.000188275 -0.0185822 0.0903634 0.000186869 -0.000465332 -0.000144375 0.000186869 0.00970826 -0.0179481 0.000188275 -0.000465332 -0.0179481 0.0887765 
0.0101767 -0.0185563 -0.000118897 0.000151748 -0.0185563 0.0903355 0.000151277 -0.000380698 -0.000118897 0.000151277 0.00966618 -0.0179252 0.000151748 -0.000380698 -0.0179252 0.0887085 
0.0101821 -0.0185544 -0.000125087 0.000129108 -0.0185544 0.0903102 0.000132434 -0.000322739 -0.000125087 0.000132434 0.00965557 -0.0178869 0.000129108 -0.000322739 -0.0178869 0.0886412 
0.0101676 -0.0185364 -0.000118548 0.000143763 -0.0185364 0.0902535 0.000145206 -0.000328843 -0.000118548 0.000145206 0.00968347 -0.0179068 0.000143763 -0.000328843 -0.0179068 0.0886775 
0.0101411 -0.0184943 -0.000125118 0.000143694 -0.0184943 0.0901375 0.000144547 -0.000344039 -0.000125118 0.000144547 0.00972596 -0.0179615 0.000143694 -0.000344039 -0.0179615 0.0887997 
0.0101378 -0.0184631 -0.000131159 0.000166165 -0.0184631 0.0900458 0.000165698 -0.000398256 -0.000131159 0.000165698 0.0097532 -0.0180219 0.000166165 -0.000398256 -0.0180219 0.0889588 
0.0101534 -0.0184757 -0.000128484 0.000162842 -0.0184757 0.0900456 0.000160232 -0.00040269 -0.000128484 0.000160232 0.00974296 -0.0180319 0.000162842 -0.00040269 -0.0180319 0.0890096 
0.0101595 -0.0185304 -0.000152091 0.000168211 -0.0185304 0.0901756 0.000163645 -0.000418544 -0.000152091 0.000163645 0.00971722 -0.0179733 0.000168211 -0.000418544 -0.0179733 0.0888803 
0.0101749 -0.018557 -0.000166222 0.00019628 -0.018557 0.090294 0.000190153 -0.000465668 -0.000166222 0.000190153 0.00965388 -0.0179125 0.00019628 -0.000465668 -0.0179125 0.0886913 
0.0101709 -0.0185497 -0.000124407 0.000202461 -0.0185497 0.0903023 0.000194303 -0.000481702 -0.000124407 0.000194303 0.00964735 -0.0178711 0.000202461 -0.000481702 -0.0178711 0.0885965 
0.0101455 -0.0185486 -9.95543e-05 0.000168755 -0.0185486 0.0902944 0.000166646 -0.000465435 -9.95543e-05 0.000166646 0.00964216 -0.0178384 0.000168755 -0.000465435 -0.0178384 0.0884739 
0.0101253 -0.0184795 -9.09475e-05 0.000114414 -0.0184795 0.090147 0.000117941 -0.00034405 -9.09475e-05 0.000117941 0.00965527 -0.0178807 0.000114414 -0.00034405 -0.0178807 0.0885542 
0.0101321 -0.0184469 -0.000139168 0.000116168 -0.0184469 0.090027 0.000121699 -0.000313575 -0.000139168 0.000121699 0.00968393 -0.0179153 0.000116168 -0.000313575 -0.0179153 0.0886729 
0.0101563 -0.0184685 -0.000173551 0.000184327 -0.0184685 0.0900269 0.000189989 -0.000423103 -0.000173551 0.000189989 0.00968685 -0.0179321 0.000184327 -0.000423103 -0.0179321 0.0887196 
0.0101516 -0.0185199 -0.000173579 0.000189574 -0.0185199 0.0901334 0.000191929 -0.000440347 -0.000173579 0.000191929 0.00968076 -0.0179079 0.000189574 -0.000440347 -0.0179079 0.0886664 
0.0101699 -0.0185315 -0.000176069 0.000194609 -0.0185315 0.0902315 0.000191297 -0.000449376 -0.000176069 0.000191297 0.00968476 -0.017901 0.000194609 -0.000449376 -0.017901 0.0886339 
0.0101882 -0.0185357 -0.000184646 0.000205244 -0.0185357 0.090251 0.000199812 -0.000473157 -0.000184646 0.000199812 0.00968518 -0.0179268 0.000205244 -0.000473157 -0.0179268 0.0886818 
0.0101908 -0.0185537 -0.000171348 0.000225019 -0.0185537 0.0902824 0.000223464 -0.000527743 -0.000171348 0.000223464 0.00970809 -0.0179381 0.000225019 -0.000527743 -0.0179381 0.0887345 
0.0102128 -0.0185832 -0.000168675 0.000223873 -0.0185832 0.0903816 0.000224646 -0.000570824 -0.000168675 0.000224646 0.00973283 -0.0179574 0.000223873 -0.000570824 -0.0179574 0.0887754 
0.0102197 -0.0186127 -0.000206169 0.000229356 -0.0186127 0.0904605 0.000228538 -0.000597671 -0.000206169 0.000228538 0.0097372 -0.0179769 0.000229356 -0.000597671 -0.0179769 0.0888098 
0.0102327 -0.0186154 -0.000210628 0.000251063 -0.0186154 0.0904905 0.000246358 -0.000606187 -0.000210628 0.000246358 0.0097403 -0.0180018 0.000251063 -0.000606187 -0.0180018 0.0888914 
0.0102582 -0.0186201 -0.00019826 0.000263392 -0.0186201 0.0904983 0.000256176 -0.000639448 -0.00019826 0.000256176 0.00972969 -0.0180331 0.000263392 -0.000639448 -0.0180331 0.089006 
0.010277 -0.0186847 -0.000162762 0.000234562 -0.0186847 0.0906347 0.000228126 -0.000591152 -0.000162762 0.000228126 0.00970651 -0.0179775 0.000234562 -0.000591152 -0.0179775 0.0889147 
0.0102543 -0.0187273 -0.000158743 0.000204065 -0.0187273 0.0907757 0.000201703 -0.000538811 -0.000158743 0.000201703 0.00969012 -0.0179017 0.000204065 -0.000538811 -0.0179017 0.0886915 
0.0102304 -0.018677 -0.000190538 0.000194872 -0.018677 0.0907234 0.000195047 -0.00049799 -0.000190538 0.000195047 0.00969819 -0.0178978 0.000194872 -0.00049799 -0.0178978 0.0886117 
0.0102361 -0.0186439 -0.000195936 0.000216451 -0.0186439 0.0906309 0.000218061 -0.000498978 -0.000195936 0.000218061 0.00969814 -0.0179105 0.000216451 -0.000498978 -0.0179105 0.0886121 
0.0102254 -0.0186186 -0.000184902 0.000229092 -0.0186186 0.0905184 0.000231964 -0.000539073 -0.000184902 0.000231964 0.00972306 -0.0179478 0.000229092 -0.000539073 -0.0179478 0.0887139 
0.0102151 -0.0185849 -0.000188443 0.000235459 -0.0185849 0.0903992 0.000237321 -0.000584582 -0.000188443 0.000237321 0.00974876 -0.0179974 0.000235459 -0.000584582 -0.0179974 0.0888526 
0.010219 -0.0185734 -0.000205857 0.000246075 -0.0185734 0.0903347 0.000244238 -0.000618655 -0.000205857 0.000244238 0.00976682 -0.018032 0.000246075 -0.000618655 -0.018032 0.0889686 
0.0102121 -0.0185851 -0.000224654 0.00027401 -0.0185851 0.0903341 0.000270118 -0.000681658 -0.000224654 0.000270118 0.00978363 -0.0180525 0.00027401 -0.000681658 -0.0180525 0.0890501 
0.0102068 -0.0185854 -0.00023895 0.000278519 -0.0185854 0.090348 0.000277187 -0.000698933 -0.00023895 0.000277187 0.00978336 -0.018076 0.000278519 -0.000698933 -0.018076 0.089127 
0.0102101 -0.0186103 -0.00024037 0.000279354 -0.0186103 0.090428 0.00028374 -0.000695535 -0.00024037 0.00028374 0.00976075 -0.0180469 0.000279354 -0.000695535 -0.0180469 0.0890855 
0.0101948 -0.0185875 -0.000235344 0.000265449 -0.0185875 0.0903928 0.000273372 -0.000657488 -0.000235344 0.000273372 0.00973582 -0.0180362 0.000265449 -0.000657488 -0.0180362 0.0890621 
0.0101688 -0.0185739 -0.000238752 0.000283875 -0.0185739 0.0903577 0.000287742 -0.000691738 -0.000238752 0.000287742 0.00971569 -0.0179885 0.000283875 -0.000691738 -0.0179885 0.0889607 
0.0101543 -0.018529 -0.000243058 0.000292579 -0.018529 0.0902782 0.000289555 -0.000714544 -0.000243058 0.000289555 0.00972801 -0.0179876 0.000292579 -0.000714544 -0.0179876 0.0889374 
0.0101556 -0.01852 -0.000243917 0.000299534 -0.01852 0.0902326 0.000294006 -0.00073282 -0.000243917 0.000294006 0.00973368 -0.0179822 0.000299534 -0.00073282 -0.0179822 0.0888961 
0.0101627 -0.018521 -0.000230234 0.000296588 -0.018521 0.0902198 0.000291148 -0.000730133 -0.000230234 0.000291148 0.00973468 -0.0179836 0.000296588 -0.000730133 -0.0179836 0.0888713 
0.0101924 -0.0185533 -0.000187609 0.000276821 -0.0185533 0.0902941 0.000274973 -0.000702049 -0.000187609 0.000274973 0.00970954 -0.0179639 0.000276821 -0.000702049 -0.0179639 0.0888106 
0.0102199 -0.0185743 -0.000170874 0.000226979 -0.0185743 0.0903313 0.000229804 -0.000616538 -0.000170874 0.000229804 0.00965738 -0.0179281 0.000226979 -0.000616538 -0.0179281 0.0887174 
0.0102392 -0.0185963 -0.000144525 0.000198316 -0.0185963 0.0903709 0.000204185 -0.000527609 -0.000144525 0.000204185 0.00962443 -0.0178773 0.000198316 -0.000527609 -0.0178773 0.0886138 
0.0102308 -0.0186387 -0.000130396 0.000156396 -0.0186387 0.0904757 0.000163523 -0.000423109 -0.000130396 0.000163523 0.00962814 -0.0178128 0.000156396 -0.000423109 -0.0178128 0.0884378 
0.0102068 -0.0185897 -0.000117184 0.000157409 -0.0185897 0.0903957 0.000164198 -0.000401602 -0.000117184 0.000164198 0.00964879 -0.0178493 0.000157409 -0.000401602 -0.0178493 0.0884551 
0.0101788 -0.0186011 -9.81554e-05 0.000139331 -0.0186011 0.0904111 0.000143198 -0.000365836 -9.81554e-05 0.000143198 0.00964574 -0.0178236 0.000139331 -0.000365836 -0.0178236 0.0883813 
0.010155 -0.0185547 -0.000106295 0.000122772 -0.0185547 0.0903435 0.000120601 -0.000322311 -0.000106295 0.000120601 0.00964188 -0.0178416 0.000122772 -0.000322311 -0.0178416 0.0884024 
0.0101486 -0.0185165 -0.000134396 0.000138589 -0.0185165 0.0902376 0.000133562 -0.000330712 -0.000134396 0.000133562 0.00961858 -0.0178378 0.000138589 -0.000330712 -0.0178378 0.0884132 
0.0101395 -0.0184836 -0.000147362 0.000168873 -0.0184836 0.0901147 0.000166112 -0.000386757 -0.000147362 0.000166112 0.00960752 -0.0178302 0.000168873 -0.000386757 -0.0178302 0.0884281 
0.0101322 -0.0184668 -0.000143065 0.000188945 -0.0184668 0.0900461 0.000190795 -0.000457224 -0.000143065 0.000190795 0.00962968 -0.0178293 0.000188945 -0.000457224 -0.0178293 0.0884451 
0.0101407 -0.0184739 -0.000131002 0.000170372 -0.0184739 0.090046 0.000174314 -0.000442132 -0.000131002 0.000174314 0.00964075 -0.0178374 0.000170372 -0.000442132 -0.0178374 0.088442 
0.0101413 -0.0184922 -9.26507e-05 0.000130275 -0.0184922 0.0900965 0.000134478 -0.000337067 -9.26507e-05 0.000134478 0.00968634 -0.0178643 0.000130275 -0.000337067 -0.0178643 0.0885028 
0.010153 -0.018495 -5.75513e-05 8.92376e-05 -0.018495 0.0901337 9.27671e-05 -0.000235555 -5.75513e-05 9.27671e-05 0.00972992 -0.0179401 8.92376e-05 -0.000235555 -0.0179401 0.0886682 
0.0101753 -0.0185026 -6.87722e-05 7.11447e-05 -0.0185026 0.0901495 7.46232e-05 -0.000193534 -6.87722e-05 7.46232e-05 0.00975939 -0.0180177 7.11447e-05 -0.000193534 -0.0180177 0.0888942 
0.0102152 -0.0185543 -0.000117332 8.62327e-05 -0.0185543 0.0902674 8.72775e-05 -0.000200017 -0.000117332 8.72775e-05 0.00976105 -0.0180442 8.62327e-05 -0.000200017 -0.0180442 0.0890192 
0.0102569 -0.0186142 -0.000144955 0.000161288 -0.0186142 0.0904223 0.000156443 -0.000335215 -0.000144955 0.000156443 0.00972495 -0.0180341 0.000161288 -0.000335215 -0.0180341 0.0890327 
0.0102796 -0.0186796 -0.000148029 0.000186305 -0.0186796 0.0906016 0.000179073 -0.000422762 -0.000148029 0.000179073 0.0096722 -0.0179629 0.000186305 -0.000422762 -0.0179629 0.0888873 
0.0102761 -0.0186995 -0.000157075 0.00020329 -0.0186995 0.0907013 0.000200011 -0.000500675 -0.000157075 0.000200011 0.00966925 -0.0179143 0.00020329 -0.000500675 -0.0179143 0.0887654 
0.0102654 -0.01871 -0.000165125 0.000200095 -0.01871 0.0907614 0.000202153 -0.000515015 -0.000165125 0.000202153 0.00966767 -0.0178817 0.000200095 -0.000515015 -0.0178817 0.08863 
0.0102788 -0.0186805 -0.000166809 0.000184713 -0.0186805 0.090714 0.000188145 -0.000465612 -0.000166809 0.000188145 0.00965468 -0.017895 0.000184713 -0.000465612 -0.017895 0.0886202 
0.0102686 -0.0186832 -0.000147688 0.000191406 -0.0186832 0.0906691 0.000195349 -0.000460824 -0.000147688 0.000195349 0.00965877 -0.0178817 0.000191406 -0.000460824 -0.0178817 0.088603 
0.0102689 -0.0186669 -0.00013024 0.000179323 -0.0186669 0.0906273 0.000186272 -0.000460125 -0.00013024 0.000186272 0.00964057 -0.0178855 0.000179323 -0.000460125 -0.0178855 0.0885951 
0.0102557 -0.0186562 -0.000142307 0.000167571 -0.0186562 0.0905837 0.000174737 -0.000450723 -0.000142307 0.000174737 0.00966552 -0.0178906 0.000167571 -0.000450723 -0.0178906 0.0886409 
0.0102857 -0.0186568 -0.000155122 0.00016027 -0.0186568 0.0905916 0.000163807 -0.000404285 -0.000155122 0.000163807 0.00967278 -0.0179166 0.00016027 -0.000404285 -0.0179166 0.0886952 
0.0103055 -0.018694 -0.000165595 0.000175931 -0.018694 0.0906524 0.000176657 -0.000408719 -0.000165595 0.000176657 0.00969741 -0.0179311 0.000175931 -0.000408719 -0.0179311 0.0887481 
0.0103018 -0.0187192 -0.000155608 0.000193367 -0.0187192 0.0907136 0.000193824 -0.000447041 -0.000155608 0.000193824 0.00969046 -0.017942 0.000193367 -0.000447041 -0.017942 0.0887552 
0.0102734 -0.0187041 -0.000147598 0.00019652 -0.0187041 0.0907043 0.00019534 -0.000482089 -0.000147598 0.00019534 0.00970281 -0.01795 0.00019652 -0.000482089 -0.01795 0.0887939 
0.0102515 -0.0186551 -0.000147702 0.00019374 -0.0186551 0.0906038 0.000186006 -0.000486323 -0.000147702 0.000186006 0.00971031 -0.0179779 0.00019374 -0.000486323 -0.0179779 0.0888623 
0.0102308 -0.0186313 -0.00014251 0.000192911 -0.0186313 0.0905191 0.00018263 -0.000479124 -0.00014251 0.00018263 0.00971622 -0.0179648 0.000192911 -0.000479124 -0.0179648 0.0888422 
0.0102508 -0.01862 -0.00013254 0.000185787 -0.01862 0.0904967 0.000180325 -0.000475017 -0.00013254 0.000180325 0.00972279 -0.0179772 0.000185787 -0.000475017 -0.0179772 0.0888597 
0.0102881 -0.0186614 -0.000126331 0.000169389 -0.0186614 0.0905716 0.000170281 -0.000453601 -0.000126331 0.000170281 0.00972651 -0.0179742 0.000169389 -0.000453601 -0.0179742 0.0888534 
0.0103248 -0.0187381 -0.000137029 0.000157624 -0.0187381 0.0907576 0.000163175 -0.000424131 -0.000137029 0.000163175 0.00968885 -0.0179381 0.000157624 -0.000424131 -0.0179381 0.0887448 
0.0103445 -0.0187662 -0.00014847 0.000168144 -0.0187662 0.0908687 0.000174568 -0.000429382 -0.00014847 0.000174568 0.00966879 -0.0179287 0.000168144 -0.000429382 -0.0179287 0.0887295 
0.0103602 -0.018804 -0.000135009 0.000174433 -0.018804 0.0909892 0.0001782 -0.000433449 -0.000135009 0.0001782 0.00967568 -0.0179046 0.000174433 -0.000433449 -0.0179046 0.0886916 
0.0103633 -0.0187989 -0.000112506 0.000168975 -0.0187989 0.091003 0.000172753 -0.000443078 -0.000112506 0.000172753 0.00970843 -0.0179428 0.000168975 -0.000443078 -0.0179428 0.0887637 
0.0103705 -0.0188226 -0.000127356 0.000127864 -0.0188226 0.0910575 0.00013515 -0.00036708 -0.000127356 0.00013515 0.00973688 -0.0179597 0.000127864 -0.00036708 -0.0179597 0.0887982 
