0.00705356 0 0.000314473 0 0 0.01 0 0 0.000314473 0 0.00756189 0 0 0 0 0.01 
0.00999318 -0.0124114 0.000365694 -0.000453268 -0.0124114 0.0329721 -0.000453268 0.000869157 0.000365694 -0.000453268 0.0106136 -0.0131784 -0.000453268 0.000869157 -0.0131784 0.0344428 
0.0100868 -0.0189232 0.00027143 -0.000506126 -0.0189232 0.069666 -0.000506126 0.00162757 0.00027143 -0.000506126 0.010633 -0.0197912 -0.000506126 0.00162757 -0.0197912 0.0724446 
0.00954464 -0.0186674 0.000241995 -0.000338386 -0.0186674 0.0838402 -0.00034781 0.00128936 0.000241995 -0.00034781 0.0100589 -0.0193915 -0.000338386 0.00128936 -0.0193915 0.086344 
0.00954637 -0.018019 0.000284634 -0.00030232 -0.018019 0.0872861 -0.000315398 0.000871217 0.000284634 -0.000315398 0.0100457 -0.0186853 -0.00030232 0.000871217 -0.0186853 0.089207 
0.0097277 -0.0179549 0.000339192 -0.00037559 -0.0179549 0.0883856 -0.000386454 0.00086391 0.000339192 -0.000386454 0.0102264 -0.018622 -0.00037559 0.00086391 -0.018622 0.0900856 
0.00984936 -0.0180898 0.000383764 -0.000481661 -0.0180898 0.0890007 -0.000488701 0.0011265 0.000383764 -0.000488701 0.0103331 -0.0187366 -0.000481661 0.0011265 -0.0187366 0.090624 
0.00990155 -0.018204 0.000405953 -0.000513871 -0.018204 0.0893969 -0.00051733 0.00128648 0.000405953 -0.00051733 0.0103957 -0.0187877 -0.000513871 0.00128648 -0.0187877 0.0908852 
0.00991502 -0.0182192 0.000425925 -0.000538181 -0.0182192 0.0894942 -0.000538318 0.00137629 0.000425925 -0.000538318 0.0103826 -0.0188255 -0.000538181 0.00137629 -0.0188255 0.0909708 
0.00990867 -0.0182442 0.00040466 -0.000524031 -0.0182442 0.0895555 -0.0005235 0.00134289 0.00040466 -0.0005235 0.0103702 -0.0188004 -0.000524031 0.00134289 -0.0188004 0.0909458 
0.00991378 -0.0182385 0.000367466 -0.000484422 -0.0182385 0.0895639 -0.000486096 0.00125167 0.000367466 -0.000486096 0.0103413 -0.0187879 -0.000484422 0.00125167 -0.0187879 0.0909082 
0.00991958 -0.0182483 0.000349602 -0.000457771 -0.0182483 0.0895823 -0.000462688 0.00119429 0.000349602 -0.000462688 0.0103473 -0.018769 -0.000457771 0.00119429 -0.018769 0.0908948 
0.00992021 -0.0182527 0.000341933 -0.000444385 -0.0182527 0.0896007 -0.000449637 0.00115964 0.000341933 -0.000449637 0.0103926 -0.0187946 -0.000444385 0.00115964 -0.0187946 0.0909518 
0.00993028 -0.018235 0.000313039 -0.000422427 -0.018235 0.0895575 -0.000426874 0.0010936 0.000313039 -0.000426874 0.0104041 -0.0188653 -0.000422427 0.0010936 -0.0188653 0.091104 
0.00994909 -0.01823 0.000335304 -0.00042701 -0.01823 0.089514 -0.000432467 0.00111986 0.000335304 -0.000432467 0.0103565 -0.0188869 -0.00042701 0.00111986 -0.0188869 0.0912122 
0.00995421 -0.0182707 0.000357319 -0.000431819 -0.0182707 0.0895882 -0.000437846 0.00110847 0.000357319 -0.000437846 0.0103273 -0.0188151 -0.000431819 0.00110847 -0.0188151 0.0911205 
0.00995205 -0.0183077 0.000345375 -0.000449148 -0.0183077 0.089717 -0.000451275 0.00112088 0.000345375 -0.000451275 0.0103248 -0.0187584 -0.000449148 0.00112088 -0.0187584 0.0909626 
0.00994969 -0.018286 0.000307138 -0.000438217 -0.018286 0.0897058 -0.000437007 0.00111273 0.000307138 -0.000437007 0.0103107 -0.018765 -0.000438217 0.00111273 -0.018765 0.0909201 
0.00994623 -0.0182707 0.000283865 -0.000391789 -0.0182707 0.0896494 -0.00039135 0.0010337 0.000283865 -0.00039135 0.0102796 -0.0187458 -0.000391789 0.0010337 -0.0187458 0.0908804 
0.00994038 -0.0182705 0.000280186 -0.000350786 -0.0182705 0.0896348 -0.000351229 0.000915796 0.000280186 -0.000351229 0.0102541 -0.0187052 -0.000350786 0.000915796 -0.0187052 0.0907986 
0.00993407 -0.0182575 0.000303718 -0.000360817 -0.0182575 0.0896061 -0.00036099 0.000899855 0.000303718 -0.00036099 0.0102185 -0.018659 -0.000360817 0.000899855 -0.018659 0.0906634 
0.00995122 -0.0182422 0.000321133 -0.000399338 -0.0182422 0.0895621 -0.000395415 0.000968997 0.000321133 -0.000395415 0.010184 -0.0186251 -0.000399338 0.000968997 -0.0186251 0.0905726 
0.00997126 -0.0182756 0.000327106 -0.000402354 -0.0182756 0.0896103 -0.000395403 0.000986337 0.000327106 -0.000395403 0.0101739 -0.0185819 -0.000402354 0.000986337 -0.0185819 0.0904743 
0.00995613 -0.0183277 0.000322953 -0.000423612 -0.0183277 0.0897515 -0.000419157 0.0010469 0.000322953 -0.000419157 0.0101989 -0.0185455 -0.000423612 0.0010469 -0.0185455 0.0903488 
0.00992801 -0.0182837 0.000311414 -0.000430617 -0.0182837 0.0897129 -0.000433625 0.00110507 0.000311414 -0.000433625 0.0102239 -0.0185997 -0.000430617 0.00110507 -0.0185997 0.090415 
0.00990279 -0.0182454 0.000291492 -0.000407211 -0.0182454 0.0896195 -0.00041511 0.00108522 0.000291492 -0.00041511 0.0102334 -0.018638 -0.000407211 0.00108522 -0.018638 0.0905284 
0.00988059 -0.0182063 0.000310352 -0.000385301 -0.0182063 0.0895074 -0.000391058 0.00103604 0.000310352 -0.000391058 0.0102274 -0.0186508 -0.000385301 0.00103604 -0.0186508 0.0905962 
0.00987294 -0.0181925 0.000328498 -0.00039122 -0.0181925 0.0894683 -0.00038851 0.000997126 0.000328498 -0.00038851 0.010254 -0.0186549 -0.00039122 0.000997126 -0.0186549 0.0906449 
0.00989829 -0.0181692 0.000352876 -0.000417154 -0.0181692 0.0894026 -0.000407091 0.00102151 0.000352876 -0.000407091 0.0102451 -0.0186932 -0.000417154 0.00102151 -0.0186932 0.0907217 
0.00991863 -0.0182125 0.000364512 -0.000434556 -0.0182125 0.0894554 -0.000422822 0.00104753 0.000364512 -0.000422822 0.0102766 -0.0186795 -0.000434556 0.00104753 -0.0186795 0.0907365 
0.00993413 -0.0182295 0.000364174 -0.000469353 -0.0182295 0.0895045 -0.000463319 0.00114152 0.000364174 -0.000463319 0.0102987 -0.0187247 -0.000469353 0.00114152 -0.0187247 0.0908067 
0.00993649 -0.0182623 0.000353854 -0.000457824 -0.0182623 0.0895861 -0.000463241 0.00115932 0.000353854 -0.000463241 0.0102923 -0.0187321 -0.000457824 0.00115932 -0.0187321 0.0908263 
0.00992773 -0.0183061 0.000342682 -0.000433245 -0.0183061 0.0897407 -0.000446885 0.00112453 0.000342682 -0.000446885 0.0103105 -0.0187089 -0.000433245 0.00112453 -0.0187089 0.0907849 
0.00992069 -0.0183046 0.000319736 -0.000402022 -0.0183046 0.0898102 -0.000415683 0.00103983 0.000319736 -0.000415683 0.0103468 -0.0187302 -0.000402022 0.00103983 -0.0187302 0.0907969 
0.00991196 -0.0182877 0.000297554 -0.000391657 -0.0182877 0.0897883 -0.000398027 0.000997984 0.000297554 -0.000398027 0.010365 -0.0187748 -0.000391657 0.000997984 -0.0187748 0.0908778 
0.00989001 -0.0182317 0.000297581 -0.000399136 -0.0182317 0.0896328 -0.000398781 0.00101967 0.000297581 -0.000398781 0.0103583 -0.0188223 -0.000399136 0.00101967 -0.0188223 0.0910142 
0.00987148 -0.0182184 0.000299644 -0.000380572 -0.0182184 0.0895698 -0.000375892 0.000979892 0.000299644 -0.000375892 0.010381 -0.0188146 -0.000380572 0.000979892 -0.0188146 0.0910596 
0.00987485 -0.0182033 0.000307468 -0.000390783 -0.0182033 0.0895361 -0.000379776 0.000979246 0.000307468 -0.000379776 0.0103666 -0.0188252 -0.000390783 0.000979246 -0.0188252 0.0910544 
0.00989473 -0.0182055 0.00031794 -0.000409802 -0.0182055 0.0895216 -0.000397894 0.00102167 0.00031794 -0.000397894 0.0103332 -0.0188048 -0.000409802 0.00102167 -0.0188048 0.0910204 
0.00994522 -0.0182421 0.000329165 -0.000404407 -0.0182421 0.0895921 -0.000401184 0.00102461 0.000329165 -0.000401184 0.0103087 -0.018768 -0.000404407 0.00102461 -0.018768 0.0909585 
0.00998975 -0.0182542 0.000347845 -0.000440183 -0.0182542 0.0895773 -0.000450491 0.00111682 0.000347845 -0.000450491 0.010253 -0.0187486 -0.000440183 0.00111682 -0.0187486 0.0908983 
0.00996753 -0.0182998 0.000332593 -0.000453595 -0.0182998 0.0896288 -0.000469646 0.00117484 0.000332593 -0.000469646 0.0102258 -0.0186744 -0.000453595 0.00117484 -0.0186744 0.0907487 
0.00996458 -0.018298 0.000322296 -0.000414297 -0.018298 0.0896894 -0.000426281 0.00111087 0.000322296 -0.000426281 0.0102291 -0.0186406 -0.000414297 0.00111087 -0.0186406 0.0906362 
0.00997406 -0.018313 0.000322766 -0.000397315 -0.018313 0.0897475 -0.000399116 0.00102863 0.000322766 -0.000399116 0.0102428 -0.0186266 -0.000397315 0.00102863 -0.0186266 0.0905519 
0.00995386 -0.0183024 0.00032355 -0.000404634 -0.0183024 0.0897222 -0.000399525 0.00100494 0.00032355 -0.000399525 0.010245 -0.018655 -0.000404634 0.00100494 -0.018655 0.0905806 
0.00992448 -0.0182546 0.000335346 -0.000422561 -0.0182546 0.0896162 -0.000416169 0.00104592 0.000335346 -0.000416169 0.0102326 -0.0186785 -0.000422561 0.00104592 -0.0186785 0.090657 
0.00992439 -0.0182345 0.000363685 -0.00043719 -0.0182345 0.089561 -0.000433544 0.00109221 0.000363685 -0.000433544 0.0102174 -0.0186611 -0.00043719 0.00109221 -0.0186611 0.0906668 
0.00994467 -0.0182668 0.000366113 -0.00043651 -0.0182668 0.0896272 -0.000435124 0.00107474 0.000366113 -0.000435124 0.0102214 -0.0186279 -0.00043651 0.00107474 -0.0186279 0.0906075 
0.00996663 -0.0182869 0.000343336 -0.000444138 -0.0182869 0.0896823 -0.000441796 0.00108713 0.000343336 -0.000441796 0.0102314 -0.018633 -0.000444138 0.00108713 -0.018633 0.090586 
0.0100118 -0.0183113 0.000318767 -0.000432492 -0.0183113 0.0897381 -0.000430095 0.00109147 0.000318767 -0.000430095 0.010201 -0.0186438 -0.000432492 0.00109147 -0.0186438 0.090596 
0.0100397 -0.0183501 0.000327105 -0.000399353 -0.0183501 0.0898023 -0.000401728 0.00104057 0.000327105 -0.000401728 0.0101805 -0.0186223 -0.000399353 0.00104057 -0.0186223 0.0905864 
0.0100149 -0.0183537 0.000352108 -0.000441946 -0.0183537 0.0898021 -0.000445974 0.00111492 0.000352108 -0.000445974 0.0101686 -0.0186008 -0.000441946 0.00111492 -0.0186008 0.0905366 
0.00998403 -0.0183737 0.000319424 -0.000447073 -0.0183737 0.089893 -0.00044302 0.00112503 0.000319424 -0.00044302 0.0101736 -0.0185533 -0.000447073 0.00112503 -0.0185533 0.0904067 
0.00992723 -0.018313 0.000275264 -0.000400352 -0.018313 0.0898009 -0.000390519 0.00103733 0.000275264 -0.000390519 0.0102028 -0.0185684 -0.000400352 0.00103733 -0.0185684 0.0903837 
0.00990727 -0.0182346 0.000286838 -0.000363424 -0.0182346 0.0896197 -0.000354722 0.000957089 0.000286838 -0.000354722 0.0102158 -0.0186098 -0.000363424 0.000957089 -0.0186098 0.0904591 
0.00989696 -0.0181895 0.000286212 -0.00036963 -0.0181895 0.0894458 -0.00036987 0.0009326 0.000286212 -0.00036987 0.0102107 -0.0186319 -0.00036963 0.0009326 -0.0186319 0.0905317 
0.00990059 -0.0181909 0.000289302 -0.000349638 -0.0181909 0.0894034 -0.000361495 0.000895513 0.000289302 -0.000361495 0.0101784 -0.0186125 -0.000349638 0.000895513 -0.0186125 0.0905072 
0.00992903 -0.0182093 0.000332107 -0.000373827 -0.0182093 0.0894424 -0.000387082 0.000945407 0.000332107 -0.000387082 0.0101328 -0.0185612 -0.000373827 0.000945407 -0.0185612 0.0904031 
0.00997699 -0.018247 0.000368548 -0.000421293 -0.018247 0.0895298 -0.000426612 0.00102724 0.000368548 -0.000426612 0.0100918 -0.0185087 -0.000421293 0.00102724 -0.0185087 0.090276 
0.00997554 -0.0182951 0.000379478 -0.000458331 -0.0182951 0.089634 -0.000456436 0.0011087 0.000379478 -0.000456436 0.0101446 -0.0184959 -0.000458331 0.0011087 -0.0184959 0.0902598 
0.00996525 -0.0183334 0.000388869 -0.000476732 -0.0183334 0.0897809 -0.00046864 0.00116867 0.000388869 -0.00046864 0.0101859 -0.0185199 -0.000476732 0.00116867 -0.0185199 0.0902429 
0.00996752 -0.0183089 0.000402289 -0.000503692 -0.0183089 0.089781 -0.00049531 0.00124537 0.000402289 -0.00049531 0.0101859 -0.0185736 -0.000503692 0.00124537 -0.0185736 0.0903322 
0.00998981 -0.0183347 0.00038078 -0.000479348 -0.0183347 0.0898401 -0.000478152 0.0012019 0.00038078 -0.000478152 0.0101951 -0.0185797 -0.000479348 0.0012019 -0.0185797 0.0904034 
0.0100146 -0.0183321 0.000374626 -0.000469317 -0.0183321 0.0898231 -0.000475547 0.0011915 0.000374626 -0.000475547 0.0101738 -0.0186076 -0.000469317 0.0011915 -0.0186076 0.0904835 
0.0100145 -0.0183777 0.000365963 -0.000464888 -0.0183777 0.0899014 -0.000472962 0.00118828 0.000365963 -0.000472962 0.0101927 -0.0185692 -0.000464888 0.00118828 -0.0185692 0.0904462 
0.0100176 -0.0183644 0.000356489 -0.00045654 -0.0183644 0.0899037 -0.000462475 0.00116997 0.000356489 -0.000462475 0.0101867 -0.0185946 -0.00045654 0.00116997 -0.0185946 0.0904552 
0.00999622 -0.018345 0.000364877 -0.000466749 -0.018345 0.0898385 -0.000472348 0.00120017 0.000364877 -0.000472348 0.010186 -0.0186021 -0.000466749 0.00120017 -0.0186021 0.0904951 
0.00996652 -0.0183223 0.000353407 -0.000456943 -0.0183223 0.0897843 -0.000460953 0.00117117 0.000353407 -0.000460953 0.0101919 -0.0185959 -0.000456943 0.00117117 -0.0185959 0.090489 
0.00994932 -0.0183028 0.000334264 -0.000425432 -0.0183028 0.0897419 -0.000427595 0.00109083 0.000334264 -0.000427595 0.0101884 -0.0185838 -0.000425432 0.00109083 -0.0185838 0.0904476 
0.00997231 -0.0182889 0.000336046 -0.000422016 -0.0182889 0.089713 -0.000420089 0.00106817 0.000336046 -0.000420089 0.0101608 -0.0185767 -0.000422016 0.00106817 -0.0185767 0.0904208 
0.00997619 -0.0182732 0.00036937 -0.000436397 -0.0182732 0.0896232 -0.000432878 0.00109153 0.00036937 -0.000432878 0.0101314 -0.0185708 -0.000436397 0.00109153 -0.0185708 0.0904322 
0.00997197 -0.0182494 0.000388968 -0.000496723 -0.0182494 0.0895253 -0.000491509 0.00121475 0.000388968 -0.000491509 0.0100922 -0.0185417 -0.000496723 0.00121475 -0.0185417 0.0903858 
0.009995 -0.0182891 0.000365881 -0.000489183 -0.0182891 0.0896005 -0.000484178 0.00122847 0.000365881 -0.000484178 0.0100658 -0.0184619 -0.000489183 0.00122847 -0.0184619 0.0902093 
0.0100076 -0.0183245 0.000344704 -0.000448688 -0.0183245 0.0896973 -0.000446361 0.00115622 0.000344704 -0.000446361 0.0100505 -0.0184152 -0.000448688 0.00115622 -0.0184152 0.0900391 
0.00997235 -0.0183242 0.000321287 -0.000432299 -0.0183242 0.0897225 -0.000433196 0.00110821 0.000321287 -0.000433196 0.0100741 -0.0184138 -0.000432299 0.00110821 -0.0184138 0.0899929 
0.00997304 -0.01829 0.000326677 -0.000398016 -0.01829 0.0896859 -0.000400945 0.0010343 0.000326677 -0.000400945 0.0100622 -0.0184386 -0.000398016 0.0010343 -0.0184386 0.0900196 
0.00996932 -0.018259 0.000348581 -0.000418872 -0.018259 0.0895821 -0.000424661 0.00105339 0.000348581 -0.000424661 0.0100615 -0.0184535 -0.000418872 0.00105339 -0.0184535 0.0900937 
0.00995945 -0.0182722 0.000331998 -0.000428393 -0.0182722 0.0895797 -0.000438986 0.00107008 0.000331998 -0.000438986 0.0100581 -0.0184339 -0.000428393 0.00107008 -0.0184339 0.0900696 
0.00993271 -0.0182763 0.000302884 -0.000405827 -0.0182763 0.089606 -0.000418459 0.00104606 0.000302884 -0.000418459 0.0100566 -0.0184084 -0.000405827 0.00104606 -0.0184084 0.089993 
0.00991565 -0.0182426 0.000314476 -0.000374691 -0.0182426 0.0895636 -0.000389841 0.000992277 0.000314476 -0.000389841 0.0100696 -0.018411 -0.000374691 0.000992277 -0.018411 0.0899768 
0.00992989 -0.0182399 0.000316267 -0.000363449 -0.0182399 0.0895501 -0.000375947 0.000915111 0.000316267 -0.000375947 0.0100434 -0.0184006 -0.000363449 0.000915111 -0.0184006 0.0899274 
0.00995411 -0.0182321 0.000319585 -0.000385329 -0.0182321 0.0895065 -0.000391476 0.00093962 0.000319585 -0.000391476 0.010019 -0.01839 -0.000385329 0.00093962 -0.01839 0.0899174 
0.00994764 -0.0182406 0.000305867 -0.00040314 -0.0182406 0.0894833 -0.000401127 0.000990206 0.000305867 -0.000401127 0.010031 -0.0183831 -0.00040314 0.000990206 -0.0183831 0.0899268 
0.00992297 -0.018216 0.000294922 -0.000400144 -0.018216 0.0894216 -0.000392515 0.00100838 0.000294922 -0.000392515 0.0100204 -0.0183967 -0.000400144 0.00100838 -0.0183967 0.0899361 
0.0099247 -0.0182345 0.000293423 -0.000379199 -0.0182345 0.0894689 -0.000370406 0.000967556 0.000293423 -0.000370406 0.00997761 -0.0183282 -0.000379199 0.000967556 -0.0183282 0.0897796 
0.00991278 -0.0182192 0.000302277 -0.000371601 -0.0182192 0.0894518 -0.000363275 0.000931894 0.000302277 -0.000363275 0.00997662 -0.0182999 -0.000371601 0.000931894 -0.0182999 0.0896996 
0.0098931 -0.0181841 0.000323665 -0.000402527 -0.0181841 0.0893587 -0.000396152 0.000991911 0.000323665 -0.000396152 0.0099609 -0.0182947 -0.000402527 0.000991911 -0.0182947 0.089647 
0.00989356 -0.0181801 0.000321853 -0.000401767 -0.0181801 0.0893367 -0.000396677 0.000995024 0.000321853 -0.000396677 0.00994517 -0.0182561 -0.000401767 0.000995024 -0.0182561 0.0895536 
0.00988534 -0.018166 0.000301805 -0.00039254 -0.018166 0.0892929 -0.000387936 0.00097224 0.000301805 -0.000387936 0.00993911 -0.0182531 -0.00039254 0.00097224 -0.0182531 0.0895288 
0.00989384 -0.0181726 0.000292306 -0.00037192 -0.0181726 0.0893074 -0.000364848 0.000933498 0.000292306 -0.000364848 0.00992597 -0.018235 -0.00037192 0.000933498 -0.018235 0.0894863 
0.00988007 -0.0181888 0.000275398 -0.000360427 -0.0181888 0.0893563 -0.000356051 0.000899281 0.000275398 -0.000356051 0.00994182 -0.0182241 -0.000360427 0.000899281 -0.0182241 0.0894602 
0.00987203 -0.0181422 0.000261255 -0.000341387 -0.0181422 0.0892689 -0.000342237 0.000865838 0.000261255 -0.000342237 0.00994352 -0.0182672 -0.000341387 0.000865838 -0.0182672 0.0895429 
0.00989492 -0.0181441 0.000281193 -0.000314393 -0.0181441 0.0892362 -0.00032179 0.000808914 0.000281193 -0.00032179 0.00990397 -0.0182555 -0.000314393 0.000808914 -0.0182555 0.0895565 
0.00990412 -0.0181776 0.000301186 -0.000343362 -0.0181776 0.0892857 -0.000353839 0.000840921 0.000301186 -0.000353839 0.00987869 -0.018195 -0.000343362 0.000840921 -0.018195 0.0894475 
0.00990899 -0.0181798 0.000293802 -0.000362744 -0.0181798 0.0893086 -0.000369633 0.000887184 0.000293802 -0.000369633 0.00989685 -0.0181797 -0.000362744 0.000887184 -0.0181797 0.0893932 
0.00987883 -0.0181742 0.000284224 -0.00036403 -0.0181742 0.0892885 -0.000363847 0.000908213 0.000284224 -0.000363847 0.00994054 -0.0182058 -0.00036403 0.000908213 -0.0182058 0.0894141 
0.00985353 -0.0181272 0.000277129 -0.00036465 -0.0181272 0.0891914 -0.000361696 0.000920792 0.000277129 -0.000361696 0.00996144 -0.0182612 -0.00036465 0.000920792 -0.0182612 0.089514 
0.00983467 -0.0180912 0.000262522 -0.000367767 -0.0180912 0.0890863 -0.000369373 0.000948873 0.000262522 -0.000369373 0.0099603 -0.0182885 -0.000367767 0.000948873 -0.0182885 0.0896024 
0.00985281 -0.0180933 0.000236869 -0.000322167 -0.0180933 0.0890799 -0.00032792 0.000863344 0.000236869 -0.00032792 0.00992635 -0.0182648 -0.000322167 0.000863344 -0.0182648 0.0895717 
0.00988177 -0.0181332 0.00022796 -0.000288031 -0.0181332 0.08917 -0.000297283 0.000773471 0.00022796 -0.000297283 0.0099014 -0.0182139 -0.000288031 0.000773471 -0.0182139 0.0894652 
0.00988284 -0.0181496 0.000258397 -0.000316058 -0.0181496 0.0892124 -0.000324713 0.000822059 0.000258397 -0.000324713 0.0098642 -0.0181754 -0.000316058 0.000822059 -0.0181754 0.0893324 
0.00987926 -0.0181431 0.000260662 -0.00034987 -0.0181431 0.0892091 -0.000351354 0.000886679 0.000260662 -0.000351354 0.00983417 -0.0181344 -0.00034987 0.000886679 -0.0181344 0.0892274 
0.00988911 -0.0181561 0.000232891 -0.000328844 -0.0181561 0.0892435 -0.000326741 0.000853801 0.000232891 -0.000326741 0.00980949 -0.0180794 -0.000328844 0.000853801 -0.0180794 0.0890834 
0.00986064 -0.0181599 0.000252147 -0.000305192 -0.0181599 0.0892471 -0.000306681 0.000812832 0.000252147 -0.000306681 0.00980717 -0.0180434 -0.000305192 0.000812832 -0.0180434 0.0889626 
0.00984279 -0.0181302 0.000255175 -0.000312083 -0.0181302 0.0892068 -0.000311631 0.000781194 0.000255175 -0.000311631 0.00978923 -0.0180304 -0.000312083 0.000781194 -0.0180304 0.0888871 
0.00983271 -0.0181122 0.00023931 -0.000291895 -0.0181122 0.0891635 -0.000287061 0.000711921 0.00023931 -0.000287061 0.00978281 -0.018004 -0.000291895 0.000711921 -0.018004 0.0888195 
0.00981451 -0.0180733 0.000230347 -0.00030098 -0.0180733 0.0890559 -0.00029624 0.000732414 0.000230347 -0.00029624 0.00979534 -0.0180139 -0.00030098 0.000732414 -0.0180139 0.0888261 
0.00983451 -0.0180301 0.000229908 -0.00027621 -0.0180301 0.0889258 -0.00027601 0.000695766 0.000229908 -0.00027601 0.00978861 -0.0180578 -0.00027621 0.000695766 -0.0180578 0.0889352 
0.0098315 -0.0180342 0.000246807 -0.000292581 -0.0180342 0.0888591 -0.000296564 0.000727896 0.000246807 -0.000296564 0.00981453 -0.0180778 -0.000292581 0.000727896 -0.0180778 0.0890481 
0.00986154 -0.0180863 0.000257111 -0.000306017 -0.0180863 0.0889851 -0.000309361 0.000760294 0.000257111 -0.000309361 0.00980729 -0.0180645 -0.000306017 0.000760294 -0.0180645 0.089021 
0.00987645 -0.0181225 0.000268658 -0.000329898 -0.0181225 0.0890972 -0.000329593 0.000821173 0.000268658 -0.000329593 0.00982736 -0.0180693 -0.000329898 0.000821173 -0.0180693 0.0890372 
0.009855 -0.0181421 0.000277754 -0.000345513 -0.0181421 0.0891691 -0.000344016 0.000869857 0.000277754 -0.000344016 0.00986449 -0.0180918 -0.000345513 0.000869857 -0.0180918 0.0890751 
0.00984904 -0.0181275 0.000258976 -0.000351736 -0.0181275 0.0891896 -0.000350212 0.000889953 0.000258976 -0.000350212 0.00987016 -0.0181321 -0.000351736 0.000889953 -0.0181321 0.0891503 
0.00983599 -0.0181208 0.000233975 -0.000321734 -0.0181208 0.0891781 -0.000318737 0.00083853 0.000233975 -0.000318737 0.0098603 -0.0181349 -0.000321734 0.00083853 -0.0181349 0.0891825 
0.00981926 -0.0181179 0.000234977 -0.000292555 -0.0181179 0.0891904 -0.000287803 0.000766341 0.000234977 -0.000287803 0.00986459 -0.0181133 -0.000292555 0.000766341 -0.0181133 0.089148 
0.00980018 -0.0180786 0.000228263 -0.00027186 -0.0180786 0.0891129 -0.000266214 0.000675349 0.000228263 -0.000266214 0.00987639 -0.0181323 -0.00027186 0.000675349 -0.0181323 0.0891713 
0.00978324 -0.0180602 0.000222636 -0.000282903 -0.0180602 0.0890521 -0.000279312 0.000684286 0.000222636 -0.000279312 0.00989136 -0.0181302 -0.000282903 0.000684286 -0.0181302 0.0891594 
0.00976348 -0.0180171 0.000234307 -0.000297872 -0.0180171 0.0889346 -0.000297389 0.000745658 0.000234307 -0.000297389 0.00990803 -0.0181641 -0.000297872 0.000745658 -0.0181641 0.0892225 
0.00975486 -0.0179902 0.000244654 -0.000301666 -0.0179902 0.0888404 -0.000300777 0.000763769 0.000244654 -0.000300777 0.0099225 -0.018188 -0.000301666 0.000763769 -0.018188 0.0892933 
0.00975226 -0.0179941 0.000234808 -0.000298237 -0.0179941 0.0888226 -0.000294654 0.000744795 0.000234808 -0.000294654 0.00993214 -0.0181947 -0.000298237 0.000744795 -0.0181947 0.0893211 
0.0097881 -0.0179966 0.000214594 -0.000273513 -0.0179966 0.0888315 -0.00027195 0.000688381 0.000214594 -0.00027195 0.00991523 -0.0182143 -0.000273513 0.000688381 -0.0182143 0.0893756 
0.0098202 -0.0180144 0.000231483 -0.00027604 -0.0180144 0.0888335 -0.000277567 0.000701987 0.000231483 -0.000277567 0.00989437 -0.0182142 -0.00027604 0.000701987 -0.0182142 0.0894173 
0.00983917 -0.0180445 0.00025036 -0.000308478 -0.0180445 0.0888774 -0.000313407 0.000773701 0.00025036 -0.000313407 0.00986488 -0.01819 -0.000308478 0.000773701 -0.01819 0.089385 
0.0098279 -0.0180731 0.000234074 -0.000305256 -0.0180731 0.0889503 -0.000310658 0.000773508 0.000234074 -0.000310658 0.0098647 -0.018155 -0.000305256 0.000773508 -0.018155 0.089317 
0.00979477 -0.0180746 0.000228266 -0.000283591 -0.0180746 0.0890009 -0.000286316 0.000733985 0.000228266 -0.000286316 0.0098963 -0.0181419 -0.000283591 0.000733985 -0.0181419 0.0892546 
0.00978373 -0.0180554 0.000195382 -0.000274594 -0.0180554 0.0890111 -0.000271483 0.00068932 0.000195382 -0.000271483 0.00991783 -0.0181604 -0.000274594 0.00068932 -0.0181604 0.0892381 
0.00980391 -0.0180378 0.000196355 -0.000260325 -0.0180378 0.0889729 -0.000257173 0.000679872 0.000196355 -0.000257173 0.00991145 -0.0181842 -0.000260325 0.000679872 -0.0181842 0.0892733 
0.00978783 -0.0180159 0.000219909 -0.000263636 -0.0180159 0.0888662 -0.00025989 0.00067826 0.000219909 -0.00025989 0.00993693 -0.0182229 -0.000263636 0.00067826 -0.0182229 0.0894036 
0.00979875 -0.0180357 0.000207361 -0.000267068 -0.0180357 0.0889015 -0.000263663 0.000657212 0.000207361 -0.000263663 0.00991332 -0.0182112 -0.000267068 0.000657212 -0.0182112 0.0893808 
0.00982285 -0.0180394 0.000205606 -0.000277311 -0.0180394 0.0889159 -0.000278696 0.00070444 0.000205606 -0.000278696 0.00985864 -0.0181892 -0.000277311 0.00070444 -0.0181892 0.0893421 
0.00981827 -0.0180764 0.000207616 -0.000287637 -0.0180764 0.0889888 -0.000290845 0.000755269 0.000207616 -0.000290845 0.00983807 -0.0181083 -0.000287637 0.000755269 -0.0181083 0.0891817 
0.00980889 -0.0180636 0.000200671 -0.000256868 -0.0180636 0.0889979 -0.00026042 0.000689469 0.000200671 -0.00026042 0.00985413 -0.0180945 -0.000256868 0.000689469 -0.0180945 0.0891013 
0.00980992 -0.0180485 0.000203291 -0.000248754 -0.0180485 0.0889675 -0.00025224 0.000649333 0.000203291 -0.00025224 0.00988168 -0.0181257 -0.000248754 0.000649333 -0.0181257 0.0891442 
0.00979281 -0.0180582 0.000205176 -0.000258802 -0.0180582 0.0889765 -0.000261186 0.000656393 0.000205176 -0.000261186 0.00991094 -0.0181524 -0.000258802 0.000656393 -0.0181524 0.0891992 
0.00978201 -0.018016 0.000210403 -0.000273045 -0.018016 0.0888952 -0.000272057 0.000690765 0.000210403 -0.000272057 0.00991803 -0.018211 -0.000273045 0.000690765 -0.018211 0.0893398 
0.00978443 -0.0180206 0.000223405 -0.00026804 -0.0180206 0.0888861 -0.000262337 0.000681027 0.000223405 -0.000262337 0.00992963 -0.0182138 -0.00026804 0.000681027 -0.0182138 0.0894053 
0.00977954 -0.0180539 0.000242952 -0.00028207 -0.0180539 0.0889765 -0.000273918 0.000691439 0.000242952 -0.000273918 0.00994692 -0.0181945 -0.00028207 0.000691439 -0.0181945 0.0893479 
0.00974539 -0.0180116 0.000243718 -0.000322919 -0.0180116 0.0889101 -0.000312524 0.000778732 0.000243718 -0.000312524 0.010004 -0.0182581 -0.000322919 0.000778732 -0.0182581 0.0894716 
0.0097571 -0.0179629 0.000255882 -0.000342407 -0.0179629 0.0887893 -0.000336843 0.00087391 0.000255882 -0.000336843 0.00999693 -0.0183315 -0.000342407 0.00087391 -0.0183315 0.0896442 
0.00978818 -0.0179896 0.000246179 -0.000339011 -0.0179896 0.0887892 -0.000339731 0.000888837 0.000246179 -0.000339731 0.00996173 -0.0183127 -0.000339011 0.000888837 -0.0183127 0.0896794 
0.00979912 -0.0180375 0.000237901 -0.000306656 -0.0180375 0.0888925 -0.000309155 0.000820944 0.000237901 -0.000309155 0.00995928 -0.0182695 -0.000306656 0.000820944 -0.0182695 0.0896143 
0.00980182 -0.0180766 0.000229024 -0.000277557 -0.0180766 0.0890361 -0.000281165 0.000727415 0.000229024 -0.000281165 0.00997329 -0.0182526 -0.000277557 0.000727415 -0.0182526 0.0895379 
0.00978307 -0.0180678 0.000215859 -0.000277227 -0.0180678 0.0890583 -0.000279259 0.000696222 0.000215859 -0.000279259 0.00998881 -0.0182768 -0.000277227 0.000696222 -0.0182768 0.0895553 
0.00979673 -0.0180772 0.000224011 -0.00027366 -0.0180772 0.0891156 -0.000272332 0.0006908 0.000224011 -0.000272332 0.00996591 -0.0182645 -0.00027366 0.0006908 -0.0182645 0.0895134 
0.00981874 -0.0180702 0.000244041 -0.000289757 -0.0180702 0.0890989 -0.000284358 0.000715548 0.000244041 -0.000284358 0.00996125 -0.018269 -0.000289757 0.000715548 -0.018269 0.0895491 
0.00981534 -0.0180645 0.000240315 -0.000305279 -0.0180645 0.0890466 -0.000297523 0.00073837 0.000240315 -0.000297523 0.00999931 -0.0182979 -0.000305279 0.00073837 -0.0182979 0.0896435 
0.00983246 -0.0180759 0.000218888 -0.000284966 -0.0180759 0.0890593 -0.000279434 0.000705297 0.000218888 -0.000279434 0.010026 -0.0183311 -0.000284966 0.000705297 -0.0183311 0.0897157 
0.00983486 -0.0180851 0.000238201 -0.000275857 -0.0180851 0.0890625 -0.000275792 0.000699459 0.000238201 -0.000275792 0.0100485 -0.018376 -0.000275857 0.000699459 -0.018376 0.0898306 
0.00982381 -0.0180823 0.000261137 -0.000323308 -0.0180823 0.0890561 -0.000327474 0.000800136 0.000261137 -0.000327474 0.0100603 -0.01841 -0.000323308 0.000800136 -0.01841 0.0899338 
0.0098518 -0.0181122 0.000272401 -0.000341754 -0.0181122 0.0891513 -0.00034784 0.000870003 0.000272401 -0.00034784 0.0100387 -0.0183918 -0.000341754 0.000870003 -0.0183918 0.0899094 
