0.00786684 0 -0.000199796 0 0 0.01 0 0 -0.000199796 0 0.00682234 0 0 0 0 0.01 
0.0109879 -0.0136368 -0.000240745 0.000297927 -0.0136368 0.0353222 0.000297927 -0.000571503 -0.000240745 0.000297927 0.00972008 -0.0120806 0.000297927 -0.000571503 -0.0120806 0.0323378 
0.0108315 -0.0202966 -0.000147691 0.000301754 -0.0202966 0.0740373 0.000301754 -0.000970478 -0.000147691 0.000301754 0.00993541 -0.0186173 0.000301754 -0.000970478 -0.0186173 0.0687267 
0.0101627 -0.0196153 -8.07867e-05 0.000186902 -0.0196153 0.0873619 0.000182219 -0.000737604 -8.07867e-05 0.000182219 0.00944825 -0.0185676 0.000186902 -0.000737604 -0.0185676 0.0835109 
0.010158 -0.0188075 -8.06795e-05 0.000112628 -0.0188075 0.0897215 0.000113592 -0.000407543 -8.06795e-05 0.000113592 0.00943998 -0.0179398 0.000112628 -0.000407543 -0.0179398 0.0871951 
0.0103734 -0.0187148 -0.000110756 0.000133279 -0.0187148 0.0903 0.00014731 -0.000351966 -0.000110756 0.00014731 0.00953492 -0.0178458 0.000133279 -0.000351966 -0.0178458 0.0882349 
0.0105302 -0.0188905 -0.000151112 0.000160347 -0.0188905 0.0908859 0.000177021 -0.000401329 -0.000151112 0.000177021 0.00958842 -0.0178657 0.000160347 -0.000401329 -0.0178657 0.0886145 
0.0105982 -0.0190179 -0.000183729 0.000195186 -0.0190179 0.0913265 0.000204468 -0.000471397 -0.000183729 0.000204468 0.00960112 -0.0178698 0.000195186 -0.000471397 -0.0178698 0.08869 
0.0105899 -0.0190533 -0.000202856 0.000229621 -0.0190533 0.0914944 0.000231731 -0.000544819 -0.000202856 0.000231731 0.00965492 -0.0178863 0.000229621 -0.000544819 -0.0178863 0.0887213 
0.0105677 -0.0190441 -0.000201319 0.000243212 -0.0190441 0.0915229 0.000240689 -0.000582682 -0.000201319 0.000240689 0.00970427 -0.0179411 0.000243212 -0.000582682 -0.0179411 0.0887931 
0.0105719 -0.0190216 -0.000207593 0.000272849 -0.0190216 0.0914884 0.000267393 -0.000668925 -0.000207593 0.000267393 0.00971432 -0.0180133 0.000272849 -0.000668925 -0.0180133 0.0889598 
0.0105542 -0.0190234 -0.00018296 0.000259861 -0.0190234 0.0914679 0.000251156 -0.000654609 -0.00018296 0.000251156 0.00974537 -0.0180424 0.000259861 -0.000654609 -0.0180424 0.0890967 
0.0105244 -0.0190139 -0.000172473 0.000258261 -0.0190139 0.0914633 0.000248027 -0.000667801 -0.000172473 0.000248027 0.00975578 -0.018061 0.000258261 -0.000667801 -0.018061 0.0891462 
0.0104935 -0.0189861 -0.000155522 0.000222615 -0.0189861 0.0914238 0.000217709 -0.000595942 -0.000155522 0.000217709 0.0097338 -0.0180577 0.000222615 -0.000595942 -0.0180577 0.0891426 
0.0104934 -0.0189595 -0.000162012 0.00021129 -0.0189595 0.0913795 0.000211474 -0.000564028 -0.000162012 0.000211474 0.00968149 -0.0180141 0.00021129 -0.000564028 -0.0180141 0.0890537 
0.010464 -0.0189345 -0.000162627 0.000212177 -0.0189345 0.0912942 0.000214024 -0.000550024 -0.000162627 0.000214024 0.00965652 -0.0179678 0.000212177 -0.000550024 -0.0179678 0.0889601 
0.0104487 -0.0189061 -0.000148817 0.000204427 -0.0189061 0.0912357 0.000204655 -0.000525439 -0.000148817 0.000204655 0.00965959 -0.0179314 0.000204427 -0.000525439 -0.0179314 0.0888558 
0.0104583 -0.0188785 -0.000149041 0.000199301 -0.0188785 0.0911549 0.000196334 -0.000515479 -0.000149041 0.000196334 0.00964697 -0.0179272 0.000199301 -0.000515479 -0.0179272 0.0887958 
0.0104846 -0.0188877 -0.000149267 0.000194948 -0.0188877 0.0911296 0.000194414 -0.000499803 -0.000149267 0.000194414 0.0096161 -0.0179061 0.000194948 -0.000499803 -0.0179061 0.0887384 
0.0104993 -0.0189169 -0.000138289 0.000172427 -0.0189169 0.0911755 0.000175021 -0.000439555 -0.000138289 0.000175021 0.00963379 -0.0178924 0.000172427 -0.000439555 -0.0178924 0.0887242 
0.0104848 -0.018951 -0.000160573 0.000186349 -0.018951 0.0912694 0.000188871 -0.000465757 -0.000160573 0.000188871 0.00966904 -0.0178955 0.000186349 -0.000465757 -0.0178955 0.0886988 
0.010431 -0.0189463 -0.000164364 0.00021254 -0.0189463 0.0913144 0.000213685 -0.000515843 -0.000164364 0.000213685 0.00970953 -0.0179306 0.00021254 -0.000515843 -0.0179306 0.0887409 
0.0103844 -0.0188714 -0.000181433 0.000243919 -0.0188714 0.0912043 0.000244217 -0.000615118 -0.000181433 0.000244217 0.00973222 -0.0179993 0.000243919 -0.000615118 -0.0179993 0.0888981 
0.0103347 -0.0187997 -0.000162584 0.000213157 -0.0187997 0.0910226 0.000216615 -0.000554851 -0.000162584 0.000216615 0.0097547 -0.0180498 0.000213157 -0.000554851 -0.0180498 0.0890752 
0.0103608 -0.0187652 -0.000147715 0.000188469 -0.0187652 0.0909285 0.000197163 -0.000495431 -0.000147715 0.000197163 0.00970499 -0.0180405 0.000188469 -0.000495431 -0.0180405 0.0890842 
0.010433 -0.0187961 -0.000149063 0.000186982 -0.0187961 0.090943 0.000199087 -0.00049175 -0.000149063 0.000199087 0.00964111 -0.0179748 0.000186982 -0.00049175 -0.0179748 0.0889724 
0.0104784 -0.0188931 -0.000139316 0.000189459 -0.0188931 0.0911223 0.000199189 -0.000494934 -0.000139316 0.000199189 0.00962032 -0.0178875 0.000189459 -0.000494934 -0.0178875 0.088767 
0.0104713 -0.018949 -0.000130654 0.000186593 -0.018949 0.0912917 0.000186141 -0.000488599 -0.000130654 0.000186141 0.00963671 -0.0178603 0.000186593 -0.000488599 -0.0178603 0.0886312 
0.0104402 -0.018923 -0.000132252 0.000162801 -0.018923 0.0912936 0.000155449 -0.000424853 -0.000132252 0.000155449 0.00966875 -0.0179103 0.000162801 -0.000424853 -0.0179103 0.0887045 
0.0104292 -0.0188726 -0.000133329 0.000161988 -0.0188726 0.091189 0.000152898 -0.000389874 -0.000133329 0.000152898 0.00967307 -0.0179677 0.000161988 -0.000389874 -0.0179677 0.0888588 
0.0104292 -0.0188344 -0.000127423 0.000175156 -0.0188344 0.0910515 0.000168884 -0.000416786 -0.000127423 0.000168884 0.00967975 -0.0179988 0.000175156 -0.000416786 -0.0179988 0.089005 
0.0104342 -0.0188339 -0.000125948 0.00019172 -0.0188339 0.0909959 0.000187404 -0.000485613 -0.000125948 0.000187404 0.00968778 -0.0180002 0.00019172 -0.000485613 -0.0180002 0.0890499 
0.0104428 -0.0188441 -0.000112954 0.000171238 -0.0188441 0.0910003 0.000165468 -0.000457089 -0.000112954 0.000165468 0.00968899 -0.018007 0.000171238 -0.000457089 -0.018007 0.089066 
0.0104943 -0.0188793 -0.000111814 0.000141037 -0.0188793 0.0910883 0.000139541 -0.000385864 -0.000111814 0.000139541 0.00963642 -0.0179834 0.000141037 -0.000385864 -0.0179834 0.0890072 
0.0105818 -0.0189579 -0.000124481 0.000132717 -0.0189579 0.091272 0.000139385 -0.000348751 -0.000124481 0.000139385 0.00956591 -0.0179149 0.000132717 -0.000348751 -0.0179149 0.088872 
0.0106159 -0.0190592 -0.000144229 0.00015208 -0.0190592 0.0915014 0.000159333 -0.000373344 -0.000144229 0.000159333 0.00954894 -0.0178317 0.00015208 -0.000373344 -0.0178317 0.0886811 
0.0106289 -0.0191207 -0.000163299 0.000185823 -0.0191207 0.0917227 0.000189908 -0.000447703 -0.000163299 0.000189908 0.00956442 -0.0178017 0.000185823 -0.000447703 -0.0178017 0.088544 
0.0106406 -0.0191434 -0.000151591 0.000178648 -0.0191434 0.0918411 0.000180992 -0.000432592 -0.000151591 0.000180992 0.00958548 -0.0178081 0.000178648 -0.000432592 -0.0178081 0.0884917 
0.0106579 -0.0191345 -0.000147486 0.000193848 -0.0191345 0.0918337 0.000195328 -0.000480076 -0.000147486 0.000195328 0.00958623 -0.0178613 0.000193848 -0.000480076 -0.0178613 0.0885962 
0.0106529 -0.0191367 -0.000132316 0.000170514 -0.0191367 0.0918078 0.000174292 -0.000449169 -0.000132316 0.000174292 0.00962518 -0.0179019 0.000170514 -0.000449169 -0.0179019 0.0887598 
0.0106417 -0.0191482 -0.000123756 0.000162276 -0.0191482 0.0918317 0.000170125 -0.000433667 -0.000123756 0.000170125 0.00962533 -0.0179127 0.000162276 -0.000433667 -0.0179127 0.0887903 
0.0106328 -0.0191348 -0.000132538 0.000162025 -0.0191348 0.0918283 0.000170035 -0.000440118 -0.000132538 0.000170035 0.00964261 -0.017937 0.000162025 -0.000440118 -0.017937 0.0888754 
0.0105911 -0.0191209 -0.000135753 0.000166085 -0.0191209 0.0917967 0.000172129 -0.000437574 -0.000135753 0.000172129 0.00968183 -0.0179588 0.000166085 -0.000437574 -0.0179588 0.0889417 
0.0105475 -0.0190907 -0.000147998 0.000190054 -0.0190907 0.0917593 0.00019281 -0.000486654 -0.000147998 0.00019281 0.00970283 -0.0179736 0.000190054 -0.000486654 -0.0179736 0.0889507 
0.0105257 -0.0190269 -0.000145385 0.000189713 -0.0190269 0.0916223 0.000188343 -0.000485971 -0.000145385 0.000188343 0.00969409 -0.0179978 0.000189713 -0.000485971 -0.0179978 0.0889913 
0.0105277 -0.0189741 -0.000146118 0.000196584 -0.0189741 0.0914511 0.000190457 -0.000498339 -0.000146118 0.000190457 0.00968648 -0.0180156 0.000196584 -0.000498339 -0.0180156 0.0890727 
0.010545 -0.0189864 -0.00013374 0.000160584 -0.0189864 0.0914192 0.000151309 -0.000406526 -0.00013374 0.000151309 0.00968906 -0.0179998 0.000160584 -0.000406526 -0.0179998 0.0890675 
0.0105734 -0.0189884 -0.000120762 0.000165934 -0.0189884 0.0913941 0.000157005 -0.00039374 -0.000120762 0.000157005 0.00968107 -0.0180206 0.000165934 -0.00039374 -0.0180206 0.0891105 
0.0105545 -0.0190272 -0.000115343 0.000179471 -0.0190272 0.0914446 0.000173777 -0.000448913 -0.000115343 0.000173777 0.00967915 -0.0179912 0.000179471 -0.000448913 -0.0179912 0.0890611 
0.0105124 -0.019021 -0.000131325 0.000170932 -0.019021 0.0914804 0.000167488 -0.000455573 -0.000131325 0.000167488 0.00967845 -0.0179669 0.000170932 -0.000455573 -0.0179669 0.0889716 
0.0104956 -0.0189602 -0.000154659 0.000180511 -0.0189602 0.0913895 0.000177884 -0.000461107 -0.000154659 0.000177884 0.00966646 -0.0179877 0.000180511 -0.000461107 -0.0179877 0.0889991 
0.0105237 -0.0189323 -0.000154206 0.00017849 -0.0189323 0.0912935 0.000175219 -0.000428144 -0.000154206 0.000175219 0.0096163 -0.0179749 0.00017849 -0.000428144 -0.0179749 0.0889948 
0.010557 -0.0189582 -0.000162592 0.000202003 -0.0189582 0.0912934 0.000199788 -0.000482381 -0.000162592 0.000199788 0.00959062 -0.0179211 0.000202003 -0.000482381 -0.0179211 0.0889139 
0.0105624 -0.0190001 -0.000163781 0.000212949 -0.0190001 0.0913714 0.00021071 -0.000522694 -0.000163781 0.00021071 0.00959448 -0.0178869 0.000212949 -0.000522694 -0.0178869 0.0888132 
0.0105544 -0.0190206 -0.000153227 0.000198878 -0.0190206 0.0914524 0.000194023 -0.000492379 -0.000153227 0.000194023 0.00959522 -0.0178652 0.000198878 -0.000492379 -0.0178652 0.0887045 
0.0105329 -0.0190394 -0.000137405 0.00019022 -0.0190394 0.0915471 0.000185249 -0.000469655 -0.000137405 0.000185249 0.00961058 -0.0178374 0.00019022 -0.000469655 -0.0178374 0.0885905 
0.0104959 -0.0190095 -0.000127695 0.000189354 -0.0190095 0.0915329 0.000185215 -0.000480131 -0.000127695 0.000185215 0.00963338 -0.0178629 0.000189354 -0.000480131 -0.0178629 0.0885938 
0.0104898 -0.0189679 -0.000122494 0.000171628 -0.0189679 0.0914589 0.000170188 -0.000456071 -0.000122494 0.000170188 0.00962428 -0.0178839 0.000171628 -0.000456071 -0.0178839 0.0886286 
0.0104577 -0.0189482 -0.00011226 0.000147002 -0.0189482 0.0913767 0.000149964 -0.000396141 -0.00011226 0.000149964 0.00963995 -0.0178824 0.000147002 -0.000396141 -0.0178824 0.0886549 
0.0104679 -0.0189302 -0.00011958 0.000142882 -0.0189302 0.0913493 0.000150664 -0.000381004 -0.00011958 0.000150664 0.00963855 -0.0178841 0.000142882 -0.000381004 -0.0178841 0.088645 
0.0104886 -0.018921 -0.000124285 0.000151155 -0.018921 0.0912951 0.000157642 -0.000387801 -0.000124285 0.000157642 0.00964686 -0.0179055 0.000151155 -0.000387801 -0.0179055 0.0887027 
0.0104819 -0.0189267 -0.000155039 0.000174275 -0.0189267 0.0912527 0.000180496 -0.00044719 -0.000155039 0.000180496 0.0096401 -0.0179146 0.000174275 -0.00044719 -0.0179146 0.0887334 
0.0104634 -0.0189092 -0.0001647 0.000186588 -0.0189092 0.0912044 0.000193021 -0.000466228 -0.0001647 0.000193021 0.00966077 -0.0179321 0.000186588 -0.000466228 -0.0179321 0.0888079 
0.010469 -0.0188797 -0.000166504 0.000205129 -0.0188797 0.091127 0.000206536 -0.000508481 -0.000166504 0.000206536 0.00965388 -0.0179682 0.000205129 -0.000508481 -0.0179682 0.0889086 
0.0104831 -0.0189005 -0.000155882 0.000217451 -0.0189005 0.0911428 0.000213592 -0.000544352 -0.000155882 0.000213592 0.00964271 -0.0179518 0.000217451 -0.000544352 -0.0179518 0.088922 
0.0104665 -0.0189179 -0.000146112 0.000196964 -0.0189179 0.0911829 0.000188694 -0.000510321 -0.000146112 0.000188694 0.00965854 -0.017937 0.000196964 -0.000510321 -0.017937 0.0888946 
0.0104732 -0.0189099 -0.00015071 0.000185445 -0.0189099 0.0912116 0.000176814 -0.000474682 -0.00015071 0.000176814 0.00966573 -0.0179549 0.000185445 -0.000474682 -0.0179549 0.0889073 
0.0105097 -0.0189314 -0.000163951 0.000193868 -0.0189314 0.0912719 0.000189486 -0.000483022 -0.000163951 0.000189486 0.00967559 -0.0179639 0.000193868 -0.000483022 -0.0179639 0.0889332 
0.0105941 -0.0189847 -0.000179004 0.000192401 -0.0189847 0.0913899 0.00019611 -0.000481726 -0.000179004 0.00019611 0.00962551 -0.0179662 0.000192401 -0.000481726 -0.0179662 0.0889312 
0.0106523 -0.0191029 -0.000178614 0.000220993 -0.0191029 0.0916455 0.000226257 -0.000534228 -0.000178614 0.000226257 0.00959688 -0.0178968 0.000220993 -0.000534228 -0.0178968 0.0888137 
0.0106486 -0.0191722 -0.000177912 0.00023137 -0.0191722 0.0918621 0.000236676 -0.000584653 -0.000177912 0.000236676 0.00961174 -0.0178604 0.00023137 -0.000584653 -0.0178604 0.0886941 
0.0105845 -0.0191282 -0.000170288 0.000237831 -0.0191282 0.0918215 0.000242643 -0.000618051 -0.000170288 0.000242643 0.0096477 -0.0179122 0.000237831 -0.000618051 -0.0179122 0.088768 
0.0105585 -0.0190554 -0.000150529 0.000220943 -0.0190554 0.0916861 0.000221439 -0.000588491 -0.000150529 0.000221439 0.0096526 -0.0179636 0.000220943 -0.000588491 -0.0179636 0.088906 
0.0105368 -0.0190293 -0.000134412 0.000176191 -0.0190293 0.0915908 0.00017247 -0.000478554 -0.000134412 0.00017247 0.00968668 -0.0179741 0.000176191 -0.000478554 -0.0179741 0.0889918 
0.0105305 -0.0189989 -0.000135959 0.000172303 -0.0189989 0.0915035 0.000168556 -0.000438088 -0.000135959 0.000168556 0.00969587 -0.0180063 0.000172303 -0.000438088 -0.0180063 0.0890534 
0.0105778 -0.0189836 -0.000149079 0.000200831 -0.0189836 0.0914356 0.000195754 -0.000498502 -0.000149079 0.000195754 0.00965152 -0.018016 0.000200831 -0.000498502 -0.018016 0.0890913 
0.0105875 -0.0190439 -0.0001547 0.000207886 -0.0190439 0.0915088 0.000202648 -0.000527092 -0.0001547 0.000202648 0.00965685 -0.0179606 0.000207886 -0.000527092 -0.0179606 0.0890135 
0.0105625 -0.0190612 -0.000145096 0.000194049 -0.0190612 0.0915786 0.000189599 -0.000493649 -0.000145096 0.000189599 0.00966124 -0.0179486 0.000194049 -0.000493649 -0.0179486 0.088926 
0.010521 -0.019018 -0.000156577 0.00018369 -0.019018 0.0915182 0.000180785 -0.000464034 -0.000156577 0.000180785 0.00967466 -0.0179668 0.00018369 -0.000464034 -0.0179668 0.0889423 
0.010534 -0.0189792 -0.000133398 0.000162565 -0.0189792 0.0914436 0.000158512 -0.000383664 -0.000133398 0.000158512 0.00966248 -0.0179878 0.000162565 -0.000383664 -0.0179878 0.0889997 
0.0105474 -0.0189848 -0.000114459 0.000145839 -0.0189848 0.0914019 0.000141887 -0.000342407 -0.000114459 0.000141887 0.00963014 -0.0179698 0.000145839 -0.000342407 -0.0179698 0.088989 
0.0105509 -0.0190062 -0.000130443 0.000157807 -0.0190062 0.0914347 0.000157636 -0.000388132 -0.000130443 0.000157636 0.00961548 -0.0179181 0.000157807 -0.000388132 -0.0179181 0.0888837 
0.0105407 -0.0190138 -0.000152216 0.000177211 -0.0190138 0.0914733 0.000181115 -0.000441477 -0.000152216 0.000181115 0.00964068 -0.0179024 0.000177211 -0.000441477 -0.0179024 0.0888137 
0.0105555 -0.0190092 -0.000165873 0.000213611 -0.0190092 0.0914874 0.000219795 -0.000532292 -0.000165873 0.000219795 0.00964201 -0.0179217 0.000213611 -0.000532292 -0.0179217 0.0888007 
0.01054 -0.0190267 -0.000148671 0.000205487 -0.0190267 0.0915149 0.00021405 -0.00053688 -0.000148671 0.00021405 0.00967199 -0.0179296 0.000205487 -0.00053688 -0.0179296 0.0888244 
0.0105262 -0.0189894 -0.000134412 0.000182066 -0.0189894 0.0914425 0.000190837 -0.000496774 -0.000134412 0.000190837 0.00966337 -0.0179742 0.000182066 -0.000496774 -0.0179742 0.0889115 
0.010511 -0.0189741 -0.000111157 0.000153311 -0.0189741 0.0913926 0.000159244 -0.000414378 -0.000111157 0.000159244 0.00967926 -0.0179773 0.000153311 -0.000414378 -0.0179773 0.0889766 
0.0104963 -0.0189598 -9.34167e-05 0.000121361 -0.0189598 0.0913582 0.000127292 -0.000329884 -9.34167e-05 0.000127292 0.00969372 -0.0179911 0.000121361 -0.000329884 -0.0179911 0.0890077 
0.0105037 -0.0189427 -0.00010602 0.000135018 -0.0189427 0.0913283 0.000139172 -0.000352891 -0.00010602 0.000139172 0.00969779 -0.0180246 0.000135018 -0.000352891 -0.0180246 0.0890953 
0.01055 -0.0189743 -0.000114366 0.000140303 -0.0189743 0.0913893 0.000139109 -0.000356784 -0.000114366 0.000139109 0.00966464 -0.0180042 0.000140303 -0.000356784 -0.0180042 0.0890712 
0.0106167 -0.0190455 -0.000137326 0.000151401 -0.0190455 0.0915436 0.000146453 -0.000376893 -0.000137326 0.000146453 0.0096123 -0.017937 0.000151401 -0.000376893 -0.017937 0.0889183 
0.0106465 -0.0191178 -0.000170459 0.000185186 -0.0191178 0.0917044 0.000183385 -0.000446925 -0.000170459 0.000183385 0.00955812 -0.0178601 0.000185186 -0.000446925 -0.0178601 0.0887098 
0.0106594 -0.0191475 -0.000180634 0.000205914 -0.0191475 0.0918143 0.000209215 -0.000496033 -0.000180634 0.000209215 0.00954126 -0.0178169 0.000205914 -0.000496033 -0.0178169 0.0885871 
0.010653 -0.0191514 -0.000167024 0.00019635 -0.0191514 0.0918437 0.000200078 -0.00048056 -0.000167024 0.000200078 0.00954997 -0.0178112 0.00019635 -0.00048056 -0.0178112 0.0885503 
0.0105751 -0.0191379 -0.000145339 0.000185307 -0.0191379 0.0918184 0.000186383 -0.000455993 -0.000145339 0.000186383 0.00961272 -0.0178212 0.000185307 -0.000455993 -0.0178212 0.088554 
0.0105131 -0.0190529 -0.000154166 0.000184228 -0.0190529 0.0916869 0.000183517 -0.000464646 -0.000154166 0.000183517 0.00966114 -0.0178869 0.000184228 -0.000464646 -0.0178869 0.0886527 
0.0105016 -0.0189791 -0.000155581 0.000194082 -0.0189791 0.0915144 0.000188253 -0.000474076 -0.000155581 0.000188253 0.00968432 -0.0179568 0.000194082 -0.000474076 -0.0179568 0.0888295 
0.0105061 -0.0189519 -0.00013711 0.000206895 -0.0189519 0.0913858 0.000195095 -0.000503141 -0.00013711 0.000195095 0.00971069 -0.0180015 0.000206895 -0.000503141 -0.0180015 0.08899 
0.0104805 -0.0189521 -0.000128691 0.000199462 -0.0189521 0.0913341 0.000188768 -0.000519323 -0.000128691 0.000188768 0.00974405 -0.0180293 0.000199462 -0.000519323 -0.0180293 0.0890814 
0.0104565 -0.0189208 -0.000130767 0.000184518 -0.0189208 0.0912666 0.000179971 -0.000500337 -0.000130767 0.000179971 0.00974819 -0.0180624 0.000184518 -0.000500337 -0.0180624 0.0891578 
0.0104281 -0.0188922 -0.000132287 0.000168746 -0.0188922 0.0911875 0.000169749 -0.00045489 -0.000132287 0.000169749 0.00974544 -0.018061 0.000168746 -0.00045489 -0.018061 0.0891813 
0.0104183 -0.018846 -0.000143865 0.000169687 -0.018846 0.0910715 0.000174278 -0.000441331 -0.000143865 0.000174278 0.00972326 -0.018066 0.000169687 -0.000441331 -0.018066 0.0892043 
0.0104223 -0.0188365 -0.000133574 0.000151929 -0.0188365 0.0910142 0.000158647 -0.000380725 -0.000133574 0.000158647 0.00970119 -0.018035 0.000151929 -0.000380725 -0.018035 0.0891578 
0.0104793 -0.0188691 -0.000146409 0.00014598 -0.0188691 0.0910827 0.000154478 -0.000360217 -0.000146409 0.000154478 0.00965718 -0.0179781 0.00014598 -0.000360217 -0.0179781 0.0890098 
0.0105147 -0.0189246 -0.000164436 0.000198557 -0.0189246 0.09118 0.000202867 -0.000464619 -0.000164436 0.000202867 0.00961282 -0.0179234 0.000198557 -0.000464619 -0.0179234 0.0888583 
0.010502 -0.0189504 -0.000161161 0.000231152 -0.0189504 0.0912476 0.000230843 -0.000572308 -0.000161161 0.000230843 0.00961736 -0.0178959 0.000231152 -0.000572308 -0.0178959 0.0887867 
0.0105141 -0.0189453 -0.000147749 0.000225793 -0.0189453 0.0912817 0.00022354 -0.000597841 -0.000147749 0.00022354 0.0096007 -0.0178984 0.000225793 -0.000597841 -0.0178984 0.0887626 
0.0105053 -0.0189493 -0.000126842 0.000191048 -0.0189493 0.0912787 0.000192057 -0.000533477 -0.000126842 0.000192057 0.00960237 -0.0178905 0.000191048 -0.000533477 -0.0178905 0.0887662 
0.0105061 -0.0189374 -0.000142141 0.00017212 -0.0189374 0.0912601 0.00017702 -0.000484567 -0.000142141 0.00017702 0.00958659 -0.0178888 0.00017212 -0.000484567 -0.0178888 0.0887565 
0.0104791 -0.0189282 -0.000143454 0.000172683 -0.0189282 0.0912232 0.000174985 -0.000439487 -0.000143454 0.000174985 0.00958599 -0.0178753 0.000172683 -0.000439487 -0.0178753 0.0887377 
0.0104342 -0.0189182 -0.000134302 0.000173073 -0.0189182 0.0912248 0.000169107 -0.000420208 -0.000134302 0.000169107 0.00959598 -0.0178399 0.000173073 -0.000420208 -0.0178399 0.0886285 
0.0103866 -0.018862 -0.00013371 0.000170708 -0.018862 0.0911397 0.000166871 -0.000424552 -0.00013371 0.000166871 0.009633 -0.0178532 0.000170708 -0.000424552 -0.0178532 0.0886062 
0.0103717 -0.018802 -0.00014604 0.000173816 -0.018802 0.0909998 0.000175447 -0.000441525 -0.00014604 0.000175447 0.00963144 -0.0178868 0.000173816 -0.000441525 -0.0178868 0.0886377 
0.0103751 -0.0187615 -0.000137943 0.000174973 -0.0187615 0.0908562 0.000177055 -0.00043842 -0.000137943 0.000177055 0.00962845 -0.0179149 0.000174973 -0.00043842 -0.0179149 0.088737 
0.0103879 -0.0187991 -0.000126817 0.000175894 -0.0187991 0.0908993 0.000170601 -0.000441962 -0.000126817 0.000170601 0.00959045 -0.0178596 0.000175894 -0.000441962 -0.0178596 0.0886213 
0.0104065 -0.0188365 -0.00010338 0.000148225 -0.0188365 0.0910194 0.000138159 -0.000377405 -0.00010338 0.000138159 0.00958237 -0.0178036 0.000148225 -0.000377405 -0.0178036 0.088471 
0.0103936 -0.018829 -8.79958e-05 0.000139192 -0.018829 0.0910201 0.000130383 -0.000353923 -8.79958e-05 0.000130383 0.00960917 -0.0178208 0.000139192 -0.000353923 -0.0178208 0.0884635 
0.0104274 -0.0188408 -0.000109425 0.00013475 -0.0188408 0.0910692 0.000132792 -0.00036354 -0.000109425 0.000132792 0.00958633 -0.0178291 0.00013475 -0.00036354 -0.0178291 0.0884534 
0.0104669 -0.0188784 -0.000134669 0.000158147 -0.0188784 0.0911429 0.000158264 -0.000403099 -0.000134669 0.000158264 0.00957268 -0.0178175 0.000158147 -0.000403099 -0.0178175 0.0884584 
0.0105094 -0.0189398 -0.000160824 0.000183866 -0.0189398 0.0912951 0.000185303 -0.000460857 -0.000160824 0.000185303 0.00958625 -0.0178107 0.000183866 -0.000460857 -0.0178107 0.0884611 
0.0105303 -0.0189837 -0.0001599 0.000193565 -0.0189837 0.0914164 0.000197109 -0.000480969 -0.0001599 0.000197109 0.00961038 -0.0178478 0.000193565 -0.000480969 -0.0178478 0.0885429 
0.0105129 -0.0190283 -0.00017018 0.000188291 -0.0190283 0.0915568 0.000193708 -0.000479249 -0.00017018 0.000193708 0.00966381 -0.0178748 0.000188291 -0.000479249 -0.0178748 0.088624 
0.0105137 -0.0189909 -0.000204036 0.000220073 -0.0189909 0.0915299 0.000226987 -0.000542408 -0.000204036 0.000226987 0.00968381 -0.0179579 0.000220073 -0.000542408 -0.0179579 0.08881 
0.0105131 -0.0189775 -0.000211194 0.000264936 -0.0189775 0.0914649 0.000275907 -0.000651893 -0.000211194 0.000275907 0.00970683 -0.0180036 0.000264936 -0.000651893 -0.0180036 0.0889934 
0.010513 -0.0189651 -0.000190658 0.000241163 -0.0189651 0.0913999 0.000253125 -0.000626073 -0.000190658 0.000253125 0.00969097 -0.0180252 0.000241163 -0.000626073 -0.0180252 0.0890781 
0.0105502 -0.0189665 -0.000179914 0.000231914 -0.0189665 0.0913757 0.000237544 -0.000603479 -0.000179914 0.000237544 0.00963218 -0.0179952 0.000231914 -0.000603479 -0.0179952 0.0890503 
0.0105733 -0.019009 -0.000149733 0.000214335 -0.019009 0.0914332 0.000211793 -0.000548262 -0.000149733 0.000211793 0.00961905 -0.0179332 0.000214335 -0.000548262 -0.0179332 0.0889465 
0.0105611 -0.0190178 -0.000127212 0.000173511 -0.0190178 0.0914507 0.000165117 -0.000456048 -0.000127212 0.000165117 0.00964232 -0.0179349 0.000173511 -0.000456048 -0.0179349 0.0889173 
0.0105376 -0.019013 -0.000139647 0.000176773 -0.019013 0.0914569 0.000166107 -0.000448464 -0.000139647 0.000166107 0.00966471 -0.0179445 0.000176773 -0.000448464 -0.0179445 0.0889041 
0.0105512 -0.018995 -0.000164194 0.000193823 -0.018995 0.0914448 0.000183864 -0.000478677 -0.000164194 0.000183864 0.00966086 -0.0179695 0.000193823 -0.000478677 -0.0179695 0.0889424 
0.0105793 -0.0190269 -0.000187311 0.000223704 -0.0190269 0.091507 0.000218204 -0.000543424 -0.000187311 0.000218204 0.00964405 -0.0179583 0.000223704 -0.000543424 -0.0179583 0.0889375 
0.0105707 -0.0190501 -0.000194058 0.000239587 -0.0190501 0.0915573 0.000238099 -0.000588084 -0.000194058 0.000238099 0.00963597 -0.0179414 0.000239587 -0.000588084 -0.0179414 0.0889061 
0.0105774 -0.0190442 -0.000190293 0.000229368 -0.0190442 0.0915816 0.000227663 -0.000572126 -0.000190293 0.000227663 0.00963813 -0.0179423 0.000229368 -0.000572126 -0.0179423 0.0889085 
0.0105643 -0.0190719 -0.000194245 0.000242009 -0.0190719 0.0916511 0.000241946 -0.000600847 -0.000194245 0.000241946 0.00965342 -0.0179104 0.000242009 -0.000600847 -0.0179104 0.0888174 
0.010572 -0.0190722 -0.000185387 0.000255711 -0.0190722 0.0917019 0.000257579 -0.000646761 -0.000185387 0.000257579 0.00963818 -0.0179066 0.000255711 -0.000646761 -0.0179066 0.0887443 
0.0105804 -0.0190636 -0.000176432 0.000243793 -0.0190636 0.0916859 0.000244963 -0.000646426 -0.000176432 0.000244963 0.00964868 -0.0179196 0.000243793 -0.000646426 -0.0179196 0.0887813 
0.0105656 -0.019058 -0.000165088 0.000230955 -0.019058 0.091642 0.000228464 -0.000612415 -0.000165088 0.000228464 0.00966713 -0.017935 0.000230955 -0.000612415 -0.017935 0.0888194 
0.0105925 -0.0190529 -0.000178819 0.000228793 -0.0190529 0.0916395 0.000219179 -0.000598232 -0.000178819 0.000219179 0.0096627 -0.0179624 0.000228793 -0.000598232 -0.0179624 0.0888881 
0.0105809 -0.0190733 -0.000176812 0.000220197 -0.0190733 0.0916446 0.000207739 -0.000545765 -0.000176812 0.000207739 0.00966272 -0.0179539 0.000220197 -0.000545765 -0.0179539 0.0888958 
0.0105618 -0.0190475 -0.000183511 0.000226641 -0.0190475 0.0915969 0.000215115 -0.000548078 -0.000183511 0.000215115 0.00967035 -0.0179653 0.000226641 -0.000548078 -0.0179653 0.0889271 
0.0105365 -0.0190228 -0.000186826 0.000237631 -0.0190228 0.0915312 0.000230197 -0.000577868 -0.000186826 0.000230197 0.00967332 -0.0179671 0.000237631 -0.000577868 -0.0179671 0.0889313 
0.010494 -0.018995 -0.000197565 0.000266799 -0.018995 0.0914609 0.000266368 -0.000669842 -0.000197565 0.000266368 0.00967266 -0.0179514 0.000266799 -0.000669842 -0.0179514 0.0888854 
0.0104657 -0.0189311 -0.000173862 0.000240731 -0.0189311 0.0913271 0.00024587 -0.000632607 -0.000173862 0.00024587 0.0096833 -0.0179803 0.000240731 -0.000632607 -0.0179803 0.0889489 
0.0104191 -0.0188964 -0.000152519 0.000233684 -0.0188964 0.0912149 0.000237379 -0.000620538 -0.000152519 0.000237379 0.00971016 -0.0179843 0.000233684 -0.000620538 -0.0179843 0.0889725 
0.0103958 -0.0188523 -0.000135337 0.00018693 -0.0188523 0.0911223 0.000186403 -0.000516345 -0.000135337 0.000186403 0.00973773 -0.0180056 0.00018693 -0.000516345 -0.0180056 0.0890014 
0.0104095 -0.0188292 -0.000143247 0.00019472 -0.0188292 0.0910557 0.000190662 -0.000506191 -0.000143247 0.000190662 0.00974684 -0.018033 0.00019472 -0.000506191 -0.018033 0.0890528 
0.0104113 -0.0188346 -0.000140464 0.000190242 -0.0188346 0.0910257 0.000185795 -0.000483543 -0.000140464 0.000185795 0.00976101 -0.0180608 0.000190242 -0.000483543 -0.0180608 0.0891354 
0.0104066 -0.018861 -0.000150197 0.000201964 -0.018861 0.0910949 0.000199071 -0.000514047 -0.000150197 0.000199071 0.00977816 -0.0180604 0.000201964 -0.000514047 -0.0180604 0.0891463 
0.0104007 -0.0188494 -0.000162535 0.000215792 -0.0188494 0.0910951 0.000215414 -0.000553523 -0.000162535 0.000215414 0.00975719 -0.0180784 0.000215792 -0.000553523 -0.0180784 0.0891692 
0.0104056 -0.0188403 -0.000162112 0.000199606 -0.0188403 0.0910783 0.00020478 -0.000515439 -0.000162112 0.00020478 0.0097212 -0.0180592 0.000199606 -0.000515439 -0.0180592 0.0891596 
