0.00687464 0 -0.000111652 0 0 0.01 0 0 -0.000111652 0 0.00777261 0 0 0 0 0.01 
0.00978722 -0.0121609 -0.000141959 0.000172419 -0.0121609 0.0324922 0.000172419 -0.00033055 -0.000141959 0.000172419 0.010866 -0.0134881 0.000172419 -0.00033055 -0.0134881 0.0350368 
0.00992319 -0.0186554 -0.000123561 0.000135157 -0.0186554 0.0688331 0.000135157 -0.000418062 -0.000123561 0.000135157 0.010762 -0.0201294 0.000135157 -0.000418062 -0.0201294 0.0735123 
0.00935061 -0.0184983 -0.00014417 0.000125007 -0.0184983 0.0833249 0.00013492 -0.000329662 -0.00014417 0.00013492 0.0102094 -0.0195777 0.000125007 -0.000329662 -0.0195777 0.0871859 
0.00931026 -0.0178065 -0.000147973 0.00017056 -0.0178065 0.086887 0.000180174 -0.000384458 -0.000147973 0.000180174 0.010247 -0.0188797 0.00017056 -0.000384458 -0.0188797 0.0898186 
0.00942225 -0.0177029 -0.000151009 0.000186482 -0.0177029 0.0879093 0.000189016 -0.000440708 -0.000151009 0.000189016 0.0104968 -0.0188428 0.000186482 -0.000440708 -0.0188428 0.0906213 
0.00948927 -0.0176997 -0.000105094 0.000148431 -0.0176997 0.0881874 0.000149444 -0.000365539 -0.000105094 0.000149444 0.0106095 -0.0190704 0.000148431 -0.000365539 -0.0190704 0.091345 
0.00954822 -0.0177246 -7.82359e-05 9.40735e-05 -0.0177246 0.0882736 9.63469e-05 -0.000251292 -7.82359e-05 9.63469e-05 0.0106229 -0.0191461 9.40735e-05 -0.000251292 -0.0191461 0.0917596 
0.00955218 -0.0177736 -9.42377e-05 8.66242e-05 -0.0177736 0.0883289 8.79021e-05 -0.000215853 -9.42377e-05 8.79021e-05 0.0106041 -0.0190973 8.66242e-05 -0.000215853 -0.0190973 0.0917328 
0.00958107 -0.0177992 -0.000116403 0.000111612 -0.0177992 0.0884124 0.000113197 -0.000248736 -0.000116403 0.000113197 0.010577 -0.0190575 0.000111612 -0.000248736 -0.0190575 0.0916142 
0.00962811 -0.0178426 -0.000119946 0.000130171 -0.0178426 0.088512 0.000131082 -0.000285406 -0.000119946 0.000131082 0.010551 -0.0190219 0.000130171 -0.000285406 -0.0190219 0.0915003 
0.00968203 -0.0178947 -9.20268e-05 0.000135172 -0.0178947 0.0886298 0.000136505 -0.000309995 -9.20268e-05 0.000136505 0.0105182 -0.0190078 0.000135172 -0.000309995 -0.0190078 0.0914546 
0.00968889 -0.0179801 -8.78191e-05 9.19027e-05 -0.0179801 0.0888405 9.25611e-05 -0.000242728 -8.78191e-05 9.25611e-05 0.0105067 -0.0189582 9.19027e-05 -0.000242728 -0.0189582 0.0913454 
0.00966254 -0.0179857 -7.01764e-05 7.55307e-05 -0.0179857 0.0889407 7.44798e-05 -0.000163081 -7.01764e-05 7.44798e-05 0.0105284 -0.0189565 7.55307e-05 -0.000163081 -0.0189565 0.0913144 
0.00963873 -0.0179537 -9.3077e-05 7.82145e-05 -0.0179537 0.0889214 7.93821e-05 -0.000169142 -9.3077e-05 7.93821e-05 0.0105367 -0.0189883 7.82145e-05 -0.000169142 -0.0189883 0.0913694 
0.00963841 -0.0179347 -9.25386e-05 9.67918e-05 -0.0179347 0.088887 0.000100142 -0.000192725 -9.25386e-05 0.000100142 0.0105023 -0.0189866 9.67918e-05 -0.000192725 -0.0189866 0.0913837 
0.00969203 -0.0179502 -7.68741e-05 0.00011632 -0.0179502 0.0889207 0.000116559 -0.000255291 -7.68741e-05 0.000116559 0.0104547 -0.0189446 0.00011632 -0.000255291 -0.0189446 0.0913327 
0.00970231 -0.0179761 -5.93857e-05 7.29026e-05 -0.0179761 0.088933 7.04038e-05 -0.00018647 -5.93857e-05 7.04038e-05 0.0104276 -0.0189061 7.29026e-05 -0.00018647 -0.0189061 0.0912598 
0.00968845 -0.0180025 -4.9527e-05 4.25084e-05 -0.0180025 0.0890041 4.07282e-05 -9.43278e-05 -4.9527e-05 4.07282e-05 0.010446 -0.0188654 4.25084e-05 -9.43278e-05 -0.0188654 0.0911592 
0.00964947 -0.0179947 -5.13874e-05 2.17854e-05 -0.0179947 0.0890267 2.32307e-05 -2.40467e-05 -5.13874e-05 2.32307e-05 0.0104665 -0.0188582 2.17854e-05 -2.40467e-05 -0.0188582 0.0910616 
0.00964346 -0.0179317 -3.98607e-05 3.74635e-05 -0.0179317 0.0889109 4.14283e-05 -4.01912e-05 -3.98607e-05 4.14283e-05 0.0104549 -0.0188979 3.74635e-05 -4.01912e-05 -0.0188979 0.0911147 
0.00969215 -0.0179284 -2.29229e-05 4.66826e-05 -0.0179284 0.0888542 5.01769e-05 -9.02424e-05 -2.29229e-05 5.01769e-05 0.0104217 -0.0188917 4.66826e-05 -9.02424e-05 -0.0188917 0.0911539 
0.00971312 -0.0179617 -2.71057e-06 1.49869e-05 -0.0179617 0.0888576 1.70886e-05 -4.36436e-05 -2.71057e-06 1.70886e-05 0.0104145 -0.0188671 1.49869e-05 -4.36436e-05 -0.0188671 0.0911371 
0.00968609 -0.0179645 -1.37651e-05 -1.28258e-05 -0.0179645 0.0888455 -1.35653e-05 2.89607e-05 -1.37651e-05 -1.35653e-05 0.0104276 -0.0188652 -1.28258e-05 2.89607e-05 -0.0188652 0.091122 
0.00964172 -0.0179565 -3.79878e-05 9.20297e-06 -0.0179565 0.0888575 6.60698e-06 1.61364e-05 -3.79878e-05 6.60698e-06 0.0104697 -0.0188712 9.20297e-06 1.61364e-05 -0.0188712 0.0911229 
0.00965391 -0.0179351 -6.70615e-05 4.23805e-05 -0.0179351 0.0888646 3.64578e-05 -4.84259e-05 -6.70615e-05 3.64578e-05 0.010497 -0.0189156 4.23805e-05 -4.84259e-05 -0.0189156 0.0911986 
0.00964906 -0.0179129 -8.80587e-05 8.0827e-05 -0.0179129 0.0887772 7.29387e-05 -0.000141214 -8.80587e-05 7.29387e-05 0.0105002 -0.0189651 8.0827e-05 -0.000141214 -0.0189651 0.0913227 
0.00965538 -0.0179167 -9.69783e-05 9.98211e-05 -0.0179167 0.0887682 9.47288e-05 -0.000204913 -9.69783e-05 9.47288e-05 0.0104892 -0.0189714 9.98211e-05 -0.000204913 -0.0189714 0.0913898 
0.0096352 -0.0179083 -9.60607e-05 9.63893e-05 -0.0179083 0.0887373 9.59442e-05 -0.00021582 -9.60607e-05 9.59442e-05 0.0105014 -0.0189688 9.63893e-05 -0.00021582 -0.0189688 0.0914154 
0.00961085 -0.0178894 -0.000115772 0.000134971 -0.0178894 0.0887005 0.000138419 -0.000322932 -0.000115772 0.000138419 0.0105259 -0.0189673 0.000134971 -0.000322932 -0.0189673 0.0913965 
0.00960987 -0.0178598 -0.000112717 0.000145195 -0.0178598 0.0886359 0.000150485 -0.000369864 -0.000112717 0.000150485 0.0105371 -0.0190014 0.000145195 -0.000369864 -0.0190014 0.0914493 
0.00961226 -0.0178585 -0.000105517 0.000102858 -0.0178585 0.088609 0.000109343 -0.000280365 -0.000105517 0.000109343 0.01054 -0.0190204 0.000102858 -0.000280365 -0.0190204 0.0915092 
0.00963275 -0.0178997 -9.94489e-05 0.000106933 -0.0178997 0.0887127 0.00011485 -0.000257704 -9.94489e-05 0.00011485 0.0105206 -0.0189956 0.000106933 -0.000257704 -0.0189956 0.0914608 
0.00964876 -0.0179036 -9.80879e-05 0.00010827 -0.0179036 0.0887407 0.000118314 -0.000269037 -9.80879e-05 0.000118314 0.0104857 -0.0189889 0.00010827 -0.000269037 -0.0189889 0.0914461 
0.00966653 -0.0179137 -8.17647e-05 9.11578e-05 -0.0179137 0.0887592 0.000100895 -0.000227877 -8.17647e-05 0.000100895 0.0104708 -0.018959 9.11578e-05 -0.000227877 -0.018959 0.0914109 
0.00966401 -0.0179526 -0.000112787 0.000106114 -0.0179526 0.0888471 0.000109648 -0.000264407 -0.000112787 0.000109648 0.0104913 -0.0189254 0.000106114 -0.000264407 -0.0189254 0.0913224 
0.00966529 -0.0180018 -0.000132592 0.000146512 -0.0180018 0.089024 0.000143062 -0.000335342 -0.000132592 0.000143062 0.0105149 -0.0189123 0.000146512 -0.000335342 -0.0189123 0.0912212 
0.00967901 -0.0179743 -0.000109998 0.000146501 -0.0179743 0.0890138 0.000139991 -0.000339555 -0.000109998 0.000139991 0.0104959 -0.0189611 0.000146501 -0.000339555 -0.0189611 0.091283 
0.00971233 -0.0180127 -9.48209e-05 0.000141699 -0.0180127 0.0890826 0.000134169 -0.000350597 -9.48209e-05 0.000134169 0.0104509 -0.0189139 0.000141699 -0.000350597 -0.0189139 0.0912138 
0.0096906 -0.0180275 -8.58641e-05 0.000104874 -0.0180275 0.0891109 9.66174e-05 -0.000275406 -8.58641e-05 9.66174e-05 0.0104569 -0.0188726 0.000104874 -0.000275406 -0.0188726 0.0911215 
0.00966741 -0.0179667 -8.11505e-05 7.48069e-05 -0.0179667 0.0889878 6.98533e-05 -0.000179749 -8.11505e-05 6.98533e-05 0.0104793 -0.0189011 7.48069e-05 -0.000179749 -0.0189011 0.0911474 
0.0096765 -0.0179371 -9.00894e-05 8.17642e-05 -0.0179371 0.0888758 8.39445e-05 -0.000174879 -9.00894e-05 8.39445e-05 0.0104776 -0.018936 8.17642e-05 -0.000174879 -0.018936 0.0912376 
0.00967185 -0.0179625 -8.94964e-05 8.79465e-05 -0.0179625 0.088889 9.32132e-05 -0.00018485 -8.94964e-05 9.32132e-05 0.0104982 -0.0189315 8.79465e-05 -0.00018485 -0.0189315 0.0912688 
0.0096232 -0.0179543 -0.000110764 9.98624e-05 -0.0179543 0.088889 0.000104523 -0.00021944 -0.000110764 0.000104523 0.0105537 -0.0189692 9.98624e-05 -0.00021944 -0.0189692 0.091355 
0.00957854 -0.0179061 -0.000131266 0.000125235 -0.0179061 0.0888248 0.000127546 -0.000266932 -0.000131266 0.000127546 0.0106193 -0.0190332 0.000125235 -0.000266932 -0.0190332 0.0914928 
0.00957402 -0.0178719 -0.000143354 0.000153422 -0.0178719 0.0887577 0.000154079 -0.000331954 -0.000143354 0.000154079 0.0106414 -0.019092 0.000153422 -0.000331954 -0.019092 0.0916213 
0.00959135 -0.0178665 -0.00012279 0.000180551 -0.0178665 0.0887169 0.000181562 -0.000412182 -0.00012279 0.000181562 0.0106416 -0.0191226 0.000180551 -0.000412182 -0.0191226 0.0917301 
0.00959814 -0.0178507 -0.00010552 0.000140745 -0.0178507 0.0886391 0.000143519 -0.000370417 -0.00010552 0.000143519 0.0106258 -0.0191525 0.000140745 -0.000370417 -0.0191525 0.0918465 
0.00963818 -0.0178633 -8.47062e-05 0.0001134 -0.0178633 0.0886398 0.000113634 -0.000291144 -8.47062e-05 0.000113634 0.0105497 -0.0191254 0.0001134 -0.000291144 -0.0191254 0.091834 
0.00964983 -0.0179204 -9.25599e-05 0.000107505 -0.0179204 0.0887483 0.000101899 -0.000265537 -9.25599e-05 0.000101899 0.0105262 -0.0190384 0.000107505 -0.000265537 -0.0190384 0.0916985 
0.00966265 -0.0179336 -8.91327e-05 7.67132e-05 -0.0179336 0.088818 6.82989e-05 -0.00016377 -8.91327e-05 6.82989e-05 0.010494 -0.0189952 7.67132e-05 -0.00016377 -0.0189952 0.0915381 
0.00966218 -0.0179379 -0.000114374 9.68149e-05 -0.0179379 0.08883 8.67481e-05 -0.000181483 -0.000114374 8.67481e-05 0.0104939 -0.0189618 9.68149e-05 -0.000181483 -0.0189618 0.09144 
0.00963577 -0.0179192 -0.000136434 0.000135839 -0.0179192 0.0887812 0.000125783 -0.000265056 -0.000136434 0.000125783 0.0105162 -0.0189709 0.000135839 -0.000265056 -0.0189709 0.0914252 
0.00963019 -0.0179217 -0.00015345 0.000180628 -0.0179217 0.0888056 0.000173355 -0.000395756 -0.00015345 0.000173355 0.0105307 -0.0189762 0.000180628 -0.000395756 -0.0189762 0.091411 
0.00964345 -0.0179529 -0.000138806 0.000188815 -0.0179529 0.0889095 0.000186041 -0.00045274 -0.000138806 0.000186041 0.0105417 -0.0189719 0.000188815 -0.00045274 -0.0189719 0.0913796 
0.00965963 -0.0179417 -0.000101653 0.000161741 -0.0179417 0.088902 0.000165044 -0.000426684 -0.000101653 0.000165044 0.0105441 -0.0190036 0.000161741 -0.000426684 -0.0190036 0.0914333 
0.00964257 -0.0179211 -9.38355e-05 9.87799e-05 -0.0179211 0.0888142 0.000106771 -0.00029957 -9.38355e-05 0.000106771 0.0105283 -0.0190192 9.87799e-05 -0.00029957 -0.0190192 0.0914837 
0.00965949 -0.0179228 -0.000112886 0.00010606 -0.0179228 0.0888114 0.000115581 -0.000269235 -0.000112886 0.000115581 0.0105058 -0.0189897 0.00010606 -0.000269235 -0.0189897 0.0914515 
0.00968226 -0.0179493 -0.000109719 9.83854e-05 -0.0179493 0.0888594 0.000107484 -0.000222303 -0.000109719 0.000107484 0.010482 -0.0189645 9.83854e-05 -0.000222303 -0.0189645 0.0913976 
0.00965446 -0.0179773 -0.000118264 0.000113253 -0.0179773 0.0889252 0.000123594 -0.00024898 -0.000118264 0.000123594 0.0104864 -0.0189267 0.000113253 -0.00024898 -0.0189267 0.0913027 
0.00962752 -0.0179578 -0.000127297 0.000142622 -0.0179578 0.0889417 0.00015502 -0.000331738 -0.000127297 0.00015502 0.0104921 -0.0189189 0.000142622 -0.000331738 -0.0189189 0.0912373 
0.00959445 -0.0178995 -0.000138722 0.000165154 -0.0178995 0.0888153 0.00017612 -0.000411414 -0.000138722 0.00017612 0.0105082 -0.0189374 0.000165154 -0.000411414 -0.0189374 0.0912605 
0.00956518 -0.0178567 -0.000154598 0.000172638 -0.0178567 0.0886887 0.000178885 -0.000438174 -0.000154598 0.000178885 0.0105391 -0.0189579 0.000172638 -0.000438174 -0.0189579 0.0913083 
0.00955373 -0.0178073 -0.000151061 0.000183844 -0.0178073 0.0885392 0.000186348 -0.000447906 -0.000151061 0.000186348 0.0105365 -0.0189944 0.000183844 -0.000447906 -0.0189944 0.091379 
0.00958209 -0.0177839 -0.0001423 0.000172724 -0.0177839 0.0884348 0.00017228 -0.000427674 -0.0001423 0.00017228 0.0105013 -0.0190083 0.000172724 -0.000427674 -0.0190083 0.0914572 
0.00959153 -0.0178028 -0.000129305 0.000163387 -0.0178028 0.0884085 0.00016077 -0.00040014 -0.000129305 0.00016077 0.0104784 -0.0189681 0.000163387 -0.00040014 -0.0189681 0.0914191 
0.00959959 -0.0178375 -0.000115826 0.000159511 -0.0178375 0.0884901 0.000157271 -0.000394746 -0.000115826 0.000157271 0.0104513 -0.0189191 0.000159511 -0.000394746 -0.0189191 0.091293 
0.00961748 -0.017856 -0.000103486 0.00013158 -0.017856 0.0885671 0.000132423 -0.000338545 -0.000103486 0.000132423 0.0104483 -0.0188935 0.00013158 -0.000338545 -0.0188935 0.0912199 
0.00964779 -0.0178822 -0.000101174 0.00010601 -0.0178822 0.0886405 0.000106563 -0.000264272 -0.000101174 0.000106563 0.0104254 -0.018884 0.00010601 -0.000264272 -0.018884 0.0911684 
0.00965757 -0.0179161 -9.80712e-05 0.000119729 -0.0179161 0.0887167 0.000115885 -0.000268733 -9.80712e-05 0.000115885 0.010393 -0.0188574 0.000119729 -0.000268733 -0.0188574 0.0911134 
0.00963014 -0.0179337 -0.000113613 0.000134798 -0.0179337 0.0887871 0.000124272 -0.000310142 -0.000113613 0.000124272 0.0103866 -0.0188116 0.000134798 -0.000310142 -0.0188116 0.0910119 
0.00960222 -0.0179038 -0.000126404 0.00017552 -0.0179038 0.0887718 0.000164177 -0.000410549 -0.000126404 0.000164177 0.0103947 -0.0187972 0.00017552 -0.000410549 -0.0187972 0.0909425 
0.00960236 -0.0178602 -9.86945e-05 0.000156803 -0.0178602 0.0886737 0.000150776 -0.000396037 -9.86945e-05 0.000150776 0.0103842 -0.0188083 0.000156803 -0.000396037 -0.0188083 0.0909375 
0.0095749 -0.0178435 -7.19275e-05 6.45715e-05 -0.0178435 0.0885905 6.28467e-05 -0.000186785 -7.19275e-05 6.28467e-05 0.0104343 -0.0188208 6.45715e-05 -0.000186785 -0.0188208 0.0909956 
0.00953931 -0.0178217 -8.33199e-05 6.13614e-05 -0.0178217 0.0885379 6.4029e-05 -0.000124443 -8.33199e-05 6.4029e-05 0.0104762 -0.0188624 6.13614e-05 -0.000124443 -0.0188624 0.0910524 
0.00954359 -0.0177892 -8.50739e-05 8.4519e-05 -0.0177892 0.0884771 8.57114e-05 -0.000152554 -8.50739e-05 8.57114e-05 0.0104729 -0.0189034 8.4519e-05 -0.000152554 -0.0189034 0.0911324 
0.00959226 -0.0177769 -6.16628e-05 9.55963e-05 -0.0177769 0.0884085 9.80092e-05 -0.000198244 -6.16628e-05 9.80092e-05 0.0104389 -0.0189242 9.55963e-05 -0.000198244 -0.0189242 0.0912366 
0.00964945 -0.017834 -5.91774e-05 6.77975e-05 -0.017834 0.0884702 7.24874e-05 -0.000175402 -5.91774e-05 7.24874e-05 0.0104019 -0.0188817 6.77975e-05 -0.000175402 -0.0188817 0.0912009 
0.00968351 -0.017907 -7.47946e-05 7.86182e-05 -0.017907 0.0886264 8.37493e-05 -0.00019406 -7.47946e-05 8.37493e-05 0.0103893 -0.0188391 7.86182e-05 -0.00019406 -0.0188391 0.0911114 
0.00969977 -0.0179413 -7.71269e-05 8.7198e-05 -0.0179413 0.0887357 8.72944e-05 -0.000201229 -7.71269e-05 8.72944e-05 0.0103633 -0.0188184 8.7198e-05 -0.000201229 -0.0188184 0.0910254 
0.00971158 -0.017982 -8.67612e-05 0.00011851 -0.017982 0.0888675 0.000112695 -0.000275331 -8.67612e-05 0.000112695 0.0103617 -0.0187846 0.00011851 -0.000275331 -0.0187846 0.0909484 
0.00970003 -0.0180119 -8.27144e-05 0.000103868 -0.0180119 0.0889864 9.77236e-05 -0.000256087 -8.27144e-05 9.77236e-05 0.010395 -0.0187781 0.000103868 -0.000256087 -0.0187781 0.0909007 
0.00969561 -0.0179878 -9.33123e-05 0.000104734 -0.0179878 0.0889801 0.000100347 -0.000255028 -9.33123e-05 0.000100347 0.0103971 -0.018819 0.000104734 -0.000255028 -0.018819 0.090945 
0.00965416 -0.0179724 -0.000100564 0.000100092 -0.0179724 0.0889338 9.76537e-05 -0.00023507 -0.000100564 9.76537e-05 0.0104271 -0.0188279 0.000100092 -0.00023507 -0.0188279 0.0909912 
0.00960338 -0.017914 -0.000132704 0.000135642 -0.017914 0.0888156 0.000137041 -0.000317194 -0.000132704 0.000137041 0.0104544 -0.0188664 0.000135642 -0.000317194 -0.0188664 0.0910668 
0.00953996 -0.0178468 -0.000144639 0.000148133 -0.0178468 0.0886521 0.000153928 -0.000350642 -0.000144639 0.000153928 0.0104879 -0.0188965 0.000148133 -0.000350642 -0.0188965 0.0911396 
0.00950923 -0.0177712 -0.00013366 0.000135275 -0.0177712 0.088473 0.000142453 -0.000317502 -0.00013366 0.000142453 0.0105016 -0.0189385 0.000135275 -0.000317502 -0.0189385 0.0912384 
0.00952501 -0.0177491 -0.00012218 0.000134918 -0.0177491 0.0883805 0.000139486 -0.00031097 -0.00012218 0.000139486 0.0104743 -0.0189355 0.000134918 -0.00031097 -0.0189355 0.0912499 
0.0095852 -0.0177768 -0.000107532 0.000132 -0.0177768 0.0884032 0.000134287 -0.000311209 -0.000107532 0.000134287 0.0104219 -0.0188934 0.000132 -0.000311209 -0.0188934 0.0911755 
0.00963039 -0.01784 -0.000126128 0.000134312 -0.01784 0.0885074 0.000136427 -0.000335967 -0.000126128 0.000136427 0.0104251 -0.0188574 0.000134312 -0.000335967 -0.0188574 0.0911261 
0.00968428 -0.0179079 -0.0001313 0.000152263 -0.0179079 0.088675 0.000151841 -0.000361886 -0.0001313 0.000151841 0.0103853 -0.0188427 0.000152263 -0.000361886 -0.0188427 0.0910513 
0.00972326 -0.0179787 -0.00012176 0.000180157 -0.0179787 0.0888594 0.000174279 -0.000434466 -0.00012176 0.000174279 0.0103354 -0.0187976 0.000180157 -0.000434466 -0.0187976 0.0909651 
0.00968036 -0.0180086 -0.000137151 0.000170677 -0.0180086 0.0889613 0.000161825 -0.000446744 -0.000137151 0.000161825 0.0103712 -0.0187511 0.000170677 -0.000446744 -0.0187511 0.0908704 
0.00964172 -0.0179293 -0.000136061 0.000174121 -0.0179293 0.0888447 0.000165552 -0.000436147 -0.000136061 0.000165552 0.0104092 -0.0188114 0.000174121 -0.000436147 -0.0188114 0.0909384 
0.00965035 -0.017903 -0.000123781 0.000150781 -0.017903 0.0887626 0.000147832 -0.000382361 -0.000123781 0.000147832 0.0104262 -0.0188559 0.000150781 -0.000382361 -0.0188559 0.0910578 
0.00970145 -0.0179309 -0.000107858 0.000126038 -0.0179309 0.0887946 0.000130095 -0.000318008 -0.000107858 0.000130095 0.0104067 -0.0188678 0.000126038 -0.000318008 -0.0188678 0.0911162 
0.00970081 -0.0179941 -0.000110701 0.000110674 -0.0179941 0.0889141 0.000117118 -0.000274533 -0.000110701 0.000117118 0.0104284 -0.0188413 0.000110674 -0.000274533 -0.0188413 0.0910862 
0.00966328 -0.017972 -0.000145186 0.000135525 -0.017972 0.0889103 0.000143242 -0.000321919 -0.000145186 0.000143242 0.0104566 -0.0188798 0.000135525 -0.000321919 -0.0188798 0.0911364 
0.00966101 -0.0179595 -0.000154714 0.000179039 -0.0179595 0.0889203 0.000185842 -0.000409671 -0.000154714 0.000185842 0.0104561 -0.0188927 0.000179039 -0.000409671 -0.0188927 0.0911645 
0.00964972 -0.017959 -0.000132244 0.000180386 -0.017959 0.0889205 0.000186525 -0.000440917 -0.000132244 0.000186525 0.010451 -0.0188821 0.000180386 -0.000440917 -0.0188821 0.0911414 
0.00964992 -0.0179215 -0.000121477 0.000150289 -0.0179215 0.0888418 0.00015484 -0.000399929 -0.000121477 0.00015484 0.0104564 -0.0189028 0.000150289 -0.000399929 -0.0189028 0.0911935 
0.00963274 -0.0179261 -0.000106328 0.00011329 -0.0179261 0.088818 0.000116813 -0.000290459 -0.000106328 0.000116813 0.0104824 -0.0189003 0.00011329 -0.000290459 -0.0189003 0.0911963 
0.00963729 -0.0179173 -9.98157e-05 0.000112103 -0.0179173 0.0888159 0.000114276 -0.000264079 -9.98157e-05 0.000114276 0.0105151 -0.0189316 0.000112103 -0.000264079 -0.0189316 0.0912473 
0.00966152 -0.0179248 -0.000116339 0.000127085 -0.0179248 0.0888253 0.000124549 -0.000298994 -0.000116339 0.000124549 0.0105182 -0.0189717 0.000127085 -0.000298994 -0.0189717 0.0913325 
0.00966369 -0.0179552 -0.000128789 0.000135496 -0.0179552 0.0888778 0.000128147 -0.000307204 -0.000128789 0.000128147 0.0105135 -0.0189726 0.000135496 -0.000307204 -0.0189726 0.0913629 
0.00964633 -0.0179931 -0.000148739 0.000179655 -0.0179931 0.0890065 0.000171484 -0.000407204 -0.000148739 0.000171484 0.0105233 -0.0189453 0.000179655 -0.000407204 -0.0189453 0.0913079 
0.00962499 -0.0179435 -0.000145622 0.000178006 -0.0179435 0.0889483 0.000176077 -0.000429708 -0.000145622 0.000176077 0.0105345 -0.0189849 0.000178006 -0.000429708 -0.0189849 0.0913762 
0.00960735 -0.0178928 -0.000176048 0.000187455 -0.0178928 0.0888034 0.000193429 -0.000475169 -0.000176048 0.000193429 0.0105447 -0.0190072 0.000187455 -0.000475169 -0.0190072 0.0914538 
0.00961284 -0.0178901 -0.000187847 0.000217635 -0.0178901 0.0887608 0.000229368 -0.000534915 -0.000187847 0.000229368 0.0105555 -0.0190011 0.000217635 -0.000534915 -0.0190011 0.091451 
0.00961095 -0.017889 -0.000195524 0.000229354 -0.017889 0.0887379 0.000240481 -0.000581179 -0.000195524 0.000240481 0.0105772 -0.0190209 0.000229354 -0.000581179 -0.0190209 0.0914802 
0.00961901 -0.0178982 -0.000185939 0.000229205 -0.0178982 0.0887602 0.000231411 -0.000575502 -0.000185939 0.000231411 0.0105886 -0.0190457 0.000229205 -0.000575502 -0.0190457 0.0915325 
0.00962552 -0.0179261 -0.00019534 0.000244354 -0.0179261 0.0888315 0.000238273 -0.000610283 -0.00019534 0.000238273 0.0105769 -0.0190403 0.000244354 -0.000610283 -0.0190403 0.0915229 
0.00961514 -0.0179107 -0.000198251 0.000243105 -0.0179107 0.0888119 0.00023244 -0.000600612 -0.000198251 0.00023244 0.0105842 -0.0190568 0.000243105 -0.000600612 -0.0190568 0.0915855 
0.00959894 -0.0179022 -0.000190734 0.000247009 -0.0179022 0.0887936 0.000238001 -0.000604316 -0.000190734 0.000238001 0.0106059 -0.0190653 0.000247009 -0.000604316 -0.0190653 0.0916242 
0.00959143 -0.0178834 -0.000196217 0.000242063 -0.0178834 0.0887523 0.000237727 -0.000607458 -0.000196217 0.000237727 0.0105991 -0.0190757 0.000242063 -0.000607458 -0.0190757 0.0916309 
0.00957401 -0.0178494 -0.000187598 0.000235082 -0.0178494 0.0886489 0.000236853 -0.000589075 -0.000187598 0.000236853 0.0105689 -0.0190756 0.000235082 -0.000589075 -0.0190756 0.0916389 
0.00957963 -0.0178245 -0.000175773 0.000207218 -0.0178245 0.0885724 0.000212864 -0.000528032 -0.000175773 0.000212864 0.0105477 -0.0190499 0.000207218 -0.000528032 -0.0190499 0.0916182 
0.0096037 -0.0178502 -0.000161691 0.000190443 -0.0178502 0.0886073 0.000197103 -0.000473392 -0.000161691 0.000197103 0.0105453 -0.0190139 0.000190443 -0.000473392 -0.0190139 0.0915378 
0.00964344 -0.0178848 -0.000144786 0.000172003 -0.0178848 0.0886852 0.000175174 -0.000419881 -0.000144786 0.000175174 0.0105156 -0.0189988 0.000172003 -0.000419881 -0.0189988 0.0914591 
0.00964841 -0.0179315 -0.000132853 0.000176336 -0.0179315 0.0887864 0.00017811 -0.000426418 -0.000132853 0.00017811 0.010482 -0.0189493 0.000176336 -0.000426418 -0.0189493 0.0913349 
0.00966649 -0.0179584 -0.000128787 0.000186456 -0.0179584 0.0888964 0.000189898 -0.000476224 -0.000128787 0.000189898 0.0104283 -0.0188935 0.000186456 -0.000476224 -0.0188935 0.0911847 
0.00963841 -0.017959 -0.00012516 0.000154654 -0.017959 0.0889129 0.000159219 -0.000420391 -0.00012516 0.000159219 0.0104394 -0.018856 0.000154654 -0.000420391 -0.018856 0.091107 
0.0096119 -0.0178976 -0.000137468 0.000153333 -0.0178976 0.0887873 0.000159182 -0.000399854 -0.000137468 0.000159182 0.0104682 -0.0188881 0.000153333 -0.000399854 -0.0188881 0.0911484 
0.00959545 -0.017857 -0.000160847 0.000166536 -0.017857 0.0886562 0.000169345 -0.000409842 -0.000160847 0.000169345 0.0105247 -0.0189444 0.000166536 -0.000409842 -0.0189444 0.0912956 
0.00959141 -0.0178689 -0.00016487 0.000208697 -0.0178689 0.0886571 0.000206216 -0.000485172 -0.00016487 0.000206216 0.010548 -0.0189768 0.000208697 -0.000485172 -0.0189768 0.0913604 
0.00959585 -0.017866 -0.000175288 0.000222351 -0.017866 0.0886617 0.000217624 -0.000548087 -0.000175288 0.000217624 0.0105429 -0.0190093 0.000222351 -0.000548087 -0.0190093 0.0914437 
0.00961777 -0.0178746 -0.000173691 0.000218459 -0.0178746 0.0886811 0.000214779 -0.000542566 -0.000173691 0.000214779 0.0105124 -0.0190019 0.000218459 -0.000542566 -0.0190019 0.091463 
0.00964289 -0.0178926 -0.000166108 0.000189728 -0.0178926 0.0887123 0.000186251 -0.000464563 -0.000166108 0.000186251 0.0104862 -0.018978 0.000189728 -0.000464563 -0.018978 0.091443 
0.00965838 -0.017913 -0.000166983 0.000191074 -0.017913 0.0887456 0.000190815 -0.000450615 -0.000166983 0.000190815 0.0104503 -0.0189413 0.000191074 -0.000450615 -0.0189413 0.091361 
0.00964044 -0.01794 -0.000172925 0.000202648 -0.01794 0.0888137 0.000206407 -0.000482797 -0.000172925 0.000206407 0.0104587 -0.0188898 0.000202648 -0.000482797 -0.0188898 0.091237 
0.00963724 -0.017934 -0.00017704 0.000224327 -0.017934 0.0888461 0.000227205 -0.000546718 -0.00017704 0.000227205 0.0104322 -0.0188653 0.000224327 -0.000546718 -0.0188653 0.0910996 
0.00963149 -0.0179198 -0.000175816 0.000245488 -0.0179198 0.0888165 0.000242897 -0.000613012 -0.000175816 0.000242897 0.0104177 -0.0188409 0.000245488 -0.000613012 -0.0188409 0.0910271 
0.00962918 -0.0178993 -0.000149843 0.00021285 -0.0178993 0.0887578 0.000208206 -0.000553653 -0.000149843 0.000208206 0.0104058 -0.0188369 0.00021285 -0.000553653 -0.0188369 0.0910074 
0.0096252 -0.017891 -0.000124756 0.000176528 -0.017891 0.0887136 0.000174754 -0.000468714 -0.000124756 0.000174754 0.0103929 -0.018821 0.000176528 -0.000468714 -0.018821 0.0909735 
0.00962786 -0.0178679 -0.000128333 0.000142575 -0.0178679 0.0886411 0.000141703 -0.000381729 -0.000128333 0.000141703 0.0103782 -0.0188183 0.000142575 -0.000381729 -0.0188183 0.090971 
0.00963981 -0.0178766 -0.000129248 0.00013809 -0.0178766 0.0886321 0.000137105 -0.00032959 -0.000129248 0.000137105 0.0103747 -0.0188036 0.00013809 -0.00032959 -0.0188036 0.0909593 
0.00965325 -0.0179255 -0.000134751 0.000157267 -0.0179255 0.0887484 0.000153248 -0.000356019 -0.000134751 0.000153248 0.0103785 -0.0187668 0.000157267 -0.000356019 -0.0187668 0.0908542 
0.00967771 -0.0179148 -0.000146919 0.000178654 -0.0179148 0.0887478 0.000171742 -0.00041467 -0.000146919 0.000171742 0.0103646 -0.0187937 0.000178654 -0.00041467 -0.0187937 0.0908799 
0.00967382 -0.0179351 -0.000154442 0.000177766 -0.0179351 0.088761 0.000172691 -0.000418978 -0.000154442 0.000172691 0.0103877 -0.0187907 0.000177766 -0.000418978 -0.0187907 0.0909114 
0.00965272 -0.0179334 -0.000143638 0.000183035 -0.0179334 0.0887727 0.000180744 -0.000429614 -0.000143638 0.000180744 0.0104082 -0.0188153 0.000183035 -0.000429614 -0.0188153 0.0909494 
0.00960344 -0.017913 -0.000135559 0.000178999 -0.017913 0.088747 0.000179148 -0.000441123 -0.000135559 0.000179148 0.0104292 -0.018829 0.000178999 -0.000441123 -0.018829 0.0909752 
0.00955482 -0.0178886 -0.000122058 0.000158933 -0.0178886 0.0887451 0.000159394 -0.000405134 -0.000122058 0.000159394 0.0104718 -0.0188393 0.000158933 -0.000405134 -0.0188393 0.0909919 
0.0095506 -0.0178272 -0.000103027 0.000135126 -0.0178272 0.0886417 0.000130479 -0.000335987 -0.000103027 0.000130479 0.0104916 -0.0189013 0.000135126 -0.000335987 -0.0189013 0.0911129 
0.00956219 -0.0177922 -0.000107322 0.000130488 -0.0177922 0.0885034 0.000126107 -0.000320964 -0.000107322 0.000126107 0.0105094 -0.0189559 0.000130488 -0.000320964 -0.0189559 0.091294 
0.00959138 -0.0178105 -0.000100607 0.000109793 -0.0178105 0.0884863 0.000113084 -0.000264565 -0.000100607 0.000113084 0.0104926 -0.0189729 0.000109793 -0.000264565 -0.0189729 0.0913794 
0.00960754 -0.0178426 -0.000123442 0.000124584 -0.0178426 0.0885338 0.000133158 -0.0002983 -0.000123442 0.000133158 0.0104723 -0.0189519 0.000124584 -0.0002983 -0.0189519 0.091373 
0.0096214 -0.0178822 -0.000126737 0.000136681 -0.0178822 0.0886471 0.000146265 -0.000318458 -0.000126737 0.000146265 0.0104558 -0.0189159 0.000136681 -0.000318458 -0.0189159 0.0912935 
0.00965463 -0.0178845 -0.000127657 0.00015479 -0.0178845 0.0886782 0.000160863 -0.000366585 -0.000127657 0.000160863 0.0104299 -0.0189071 0.00015479 -0.000366585 -0.0189071 0.0912597 
0.00967983 -0.0179212 -0.000119673 0.000166597 -0.0179212 0.0887372 0.000168462 -0.000409393 -0.000119673 0.000168462 0.010421 -0.0188773 0.000166597 -0.000409393 -0.0188773 0.0912036 
0.00965338 -0.0179444 -0.000137238 0.000156708 -0.0179444 0.088793 0.000156959 -0.000411046 -0.000137238 0.000156959 0.0104686 -0.018875 0.000156708 -0.000411046 -0.018875 0.0911803 
