0.00738942 0 -0.00041905 0 0 0.01 0 0 -0.00041905 0 0.00725207 0 0 0 0 0.01 
0.0103991 -0.0129113 -0.000495954 0.000613339 -0.0129113 0.0339311 0.000613339 -0.00117609 -0.000495954 0.000613339 0.0102456 -0.0127258 0.000613339 -0.00117609 -0.0127258 0.0335754 
0.0104299 -0.0194578 -0.00038112 0.000668714 -0.0194578 0.0713688 0.000668714 -0.00214443 -0.00038112 0.000668714 0.0103455 -0.0193617 0.000668714 -0.00214443 -0.0193617 0.0710863 
0.00988968 -0.0190804 -0.000362306 0.000513292 -0.0190804 0.0852271 0.000506937 -0.00184991 -0.000362306 0.000506937 0.00975339 -0.0190802 0.000513292 -0.00184991 -0.0190802 0.0853691 
0.00989511 -0.0184117 -0.000398974 0.000467207 -0.0184117 0.0882926 0.000460716 -0.00131424 -0.000398974 0.000460716 0.00970986 -0.0183498 0.000467207 -0.00131424 -0.0183498 0.0884763 
0.0100574 -0.0183936 -0.00042664 0.000523741 -0.0183936 0.0893695 0.000520562 -0.00122221 -0.00042664 0.000520562 0.00983101 -0.0181642 0.000523741 -0.00122221 -0.0181642 0.0890932 
0.0101224 -0.018496 -0.000436168 0.000568195 -0.018496 0.0899753 0.000564282 -0.00134672 -0.000436168 0.000564282 0.00997111 -0.0182411 0.000568195 -0.00134672 -0.0182411 0.0894855 
0.0101641 -0.0185178 -0.000410506 0.0005642 -0.0185178 0.0902105 0.000556067 -0.00139861 -0.000410506 0.000556067 0.0100012 -0.0183267 0.0005642 -0.00139861 -0.0183267 0.0897032 
0.0101676 -0.0185376 -0.000384263 0.000517037 -0.0185376 0.0902612 0.000509284 -0.00133505 -0.000384263 0.000509284 0.00998992 -0.0183173 0.000517037 -0.00133505 -0.0183173 0.0897094 
0.0101853 -0.0185361 -0.000372821 0.000493332 -0.0185361 0.0902665 0.000489318 -0.00127896 -0.000372821 0.000489318 0.00994626 -0.0182903 0.000493332 -0.00127896 -0.0182903 0.0896252 
0.0101939 -0.0185464 -0.000359826 0.000482541 -0.0185464 0.0902679 0.000485295 -0.00125398 -0.000359826 0.000485295 0.00994485 -0.0182662 0.000482541 -0.00125398 -0.0182662 0.0895858 
0.0101833 -0.0185683 -0.000367553 0.000470696 -0.0185683 0.0903175 0.000477005 -0.00123598 -0.000367553 0.000477005 0.00995813 -0.018264 0.000470696 -0.00123598 -0.018264 0.0895654 
0.0101615 -0.018566 -0.000383909 0.000467094 -0.018566 0.0903518 0.000471801 -0.00120405 -0.000383909 0.000471801 0.0099896 -0.0182882 0.000467094 -0.00120405 -0.0182882 0.0896139 
0.0101439 -0.0185149 -0.000370075 0.000469245 -0.0185149 0.0902508 0.000472355 -0.00117421 -0.000370075 0.000472355 0.00999547 -0.0183543 0.000469245 -0.00117421 -0.0183543 0.0897766 
0.0101362 -0.0185074 -0.000346865 0.000447551 -0.0185074 0.0902108 0.000447672 -0.00112135 -0.000346865 0.000447672 0.00997831 -0.0183489 0.000447551 -0.00112135 -0.0183489 0.0898262 
0.0101236 -0.0184919 -0.000331225 0.00042788 -0.0184919 0.0901704 0.000424323 -0.00107307 -0.000331225 0.000424323 0.00996835 -0.0183333 0.00042788 -0.00107307 -0.0183333 0.0898242 
0.0101176 -0.0184815 -0.000360795 0.000433426 -0.0184815 0.0901507 0.000425048 -0.00108305 -0.000360795 0.000425048 0.00995328 -0.0183156 0.000433426 -0.00108305 -0.0183156 0.0897856 
0.010116 -0.0184716 -0.000356979 0.000449203 -0.0184716 0.0901259 0.000439263 -0.00109297 -0.000356979 0.000439263 0.00996656 -0.0183091 0.000449203 -0.00109297 -0.0183091 0.0897795 
0.0100916 -0.0184874 -0.000339888 0.000459111 -0.0184874 0.0901558 0.000453053 -0.0011429 -0.000339888 0.000453053 0.00999445 -0.0182957 0.000459111 -0.0011429 -0.0182957 0.0897191 
0.0100776 -0.01845 -0.000325944 0.000433622 -0.01845 0.0901035 0.000430863 -0.00111752 -0.000325944 0.000430863 0.01002 -0.0183376 0.000433622 -0.00111752 -0.0183376 0.0897709 
0.0100681 -0.018446 -0.000330744 0.000425285 -0.018446 0.0900844 0.000424963 -0.00110059 -0.000330744 0.000424963 0.0100306 -0.0183506 0.000425285 -0.00110059 -0.0183506 0.0897968 
0.0100644 -0.018404 -0.000331186 0.000424102 -0.018404 0.0899814 0.000424817 -0.00108494 -0.000331186 0.000424817 0.0100332 -0.0183934 0.000424102 -0.00108494 -0.0183934 0.0899039 
0.0100684 -0.018391 -0.000332657 0.000432337 -0.018391 0.0899078 0.000431668 -0.00109994 -0.000332657 0.000431668 0.0100214 -0.0183988 0.000432337 -0.00109994 -0.0183988 0.0899544 
0.0100792 -0.0184135 -0.000322546 0.00042125 -0.0184135 0.0899394 0.000422432 -0.00107884 -0.000322546 0.000422432 0.0100069 -0.0183733 0.00042125 -0.00107884 -0.0183733 0.089919 
0.0101128 -0.0184599 -0.000318247 0.000409094 -0.0184599 0.0900736 0.000416011 -0.00105954 -0.000318247 0.000416011 0.00998405 -0.0183379 0.000409094 -0.00105954 -0.0183379 0.0898284 
0.0101378 -0.0184856 -0.000303202 0.000397197 -0.0184856 0.0901523 0.000402592 -0.00102213 -0.000303202 0.000402592 0.00995892 -0.0183268 0.000397197 -0.00102213 -0.0183268 0.089793 
0.0101502 -0.0184974 -0.000332982 0.000399612 -0.0184974 0.0901835 0.000401751 -0.00102855 -0.000332982 0.000401751 0.00994631 -0.0183132 0.000399612 -0.00102855 -0.0183132 0.0897787 
0.0101339 -0.0185339 -0.000331446 0.000415027 -0.0185339 0.0902787 0.000413551 -0.0010291 -0.000331446 0.000413551 0.00998328 -0.018298 0.000415027 -0.0010291 -0.018298 0.0897586 
0.0101073 -0.0185288 -0.000324302 0.000415284 -0.0185288 0.0903237 0.000410831 -0.00103169 -0.000324302 0.000410831 0.0100067 -0.018316 0.000415284 -0.00103169 -0.018316 0.0897391 
0.0101021 -0.0184929 -0.00032085 0.000411264 -0.0184929 0.0902704 0.000406097 -0.00102891 -0.00032085 0.000406097 0.00999886 -0.0183413 0.000411264 -0.00102891 -0.0183413 0.0897758 
0.0100972 -0.0184754 -0.000323738 0.000409205 -0.0184754 0.0902043 0.000406815 -0.00102952 -0.000323738 0.000406815 0.0100055 -0.0183408 0.000409205 -0.00102952 -0.0183408 0.0898035 
0.010077 -0.0184482 -0.000333801 0.000410015 -0.0184482 0.0901053 0.000410225 -0.00103099 -0.000333801 0.000410225 0.0100029 -0.0183514 0.000410015 -0.00103099 -0.0183514 0.0898226 
0.0100839 -0.0184343 -0.000364625 0.000433734 -0.0184343 0.0900628 0.000436955 -0.0010886 -0.000364625 0.000436955 0.010014 -0.0183502 0.000433734 -0.0010886 -0.0183502 0.0898375 
0.0100998 -0.0184207 -0.000366348 0.000448682 -0.0184207 0.0900022 0.000452318 -0.00111433 -0.000366348 0.000452318 0.0100495 -0.0184025 0.000448682 -0.00111433 -0.0184025 0.0899705 
0.0101308 -0.018454 -0.000390888 0.000475741 -0.018454 0.0900465 0.000478352 -0.0011943 -0.000390888 0.000478352 0.0100659 -0.0184378 0.000475741 -0.0011943 -0.0184378 0.090074 
0.0101334 -0.018513 -0.000407229 0.000507487 -0.018513 0.0901875 0.000508009 -0.00127491 -0.000407229 0.000508009 0.0100948 -0.018447 0.000507487 -0.00127491 -0.018447 0.0901177 
0.0101367 -0.0185114 -0.000404084 0.000545532 -0.0185114 0.0902379 0.000544225 -0.00138132 -0.000404084 0.000544225 0.010063 -0.0184686 0.000545532 -0.00138132 -0.0184686 0.0901407 
0.0101184 -0.01851 -0.000390465 0.000523272 -0.01851 0.0902395 0.000523508 -0.00136921 -0.000390465 0.000523508 0.010051 -0.0184403 0.000523272 -0.00136921 -0.0184403 0.0901264 
0.0100982 -0.0185108 -0.000374376 0.000482817 -0.0185108 0.0902756 0.000487533 -0.00127481 -0.000374376 0.000487533 0.0100886 -0.0184237 0.000482817 -0.00127481 -0.0184237 0.0900919 
0.0100814 -0.0184821 -0.000395978 0.000485148 -0.0184821 0.0902421 0.000489145 -0.00125864 -0.000395978 0.000489145 0.0101376 -0.0184769 0.000485148 -0.00125864 -0.0184769 0.0901667 
0.010106 -0.0184729 -0.000388947 0.000482135 -0.0184729 0.0902194 0.000483611 -0.00121408 -0.000388947 0.000483611 0.0101594 -0.0185371 0.000482135 -0.00121408 -0.0185371 0.0903039 
0.0101137 -0.0184906 -0.000404276 0.000490435 -0.0184906 0.0902239 0.000487561 -0.00122931 -0.000404276 0.000487561 0.0101746 -0.0185696 0.000490435 -0.00122931 -0.0185696 0.0904124 
0.0101112 -0.0184668 -0.000418415 0.000532815 -0.0184668 0.0901479 0.000528161 -0.00131939 -0.000418415 0.000528161 0.0101326 -0.0185919 0.000532815 -0.00131939 -0.0185919 0.0904814 
0.0101109 -0.0184726 -0.000396183 0.000537152 -0.0184726 0.0901377 0.000534249 -0.00135344 -0.000396183 0.000534249 0.010091 -0.0185397 0.000537152 -0.00135344 -0.0185397 0.0904296 
0.0101183 -0.0184876 -0.000380986 0.000490849 -0.0184876 0.0901793 0.000489945 -0.001277 -0.000380986 0.000489945 0.0100697 -0.0184725 0.000490849 -0.001277 -0.0184725 0.0902704 
0.010118 -0.0184862 -0.0003709 0.000472985 -0.0184862 0.0901783 0.000475368 -0.0012133 -0.0003709 0.000475368 0.0100564 -0.018441 0.000472985 -0.0012133 -0.018441 0.090144 
0.010137 -0.0184873 -0.000368959 0.000466083 -0.0184873 0.0901804 0.000470448 -0.00119229 -0.000368959 0.000470448 0.0100468 -0.018424 0.000466083 -0.00119229 -0.018424 0.0900726 
0.0101567 -0.018535 -0.000376206 0.000470705 -0.018535 0.0902864 0.000472387 -0.00119745 -0.000376206 0.000472387 0.0100549 -0.0183961 0.000470705 -0.00119745 -0.0183961 0.0899856 
0.0101352 -0.0185748 -0.000372262 0.000481633 -0.0185748 0.0904133 0.000480785 -0.00121674 -0.000372262 0.000480785 0.0100942 -0.0183956 0.000481633 -0.00121674 -0.0183956 0.0899394 
0.0101263 -0.0185323 -0.000362855 0.000476749 -0.0185323 0.0903748 0.000475186 -0.00121517 -0.000362855 0.000475186 0.0101104 -0.0184589 0.000476749 -0.00121517 -0.0184589 0.0900437 
0.0101005 -0.0184943 -0.000340472 0.000443849 -0.0184943 0.0902565 0.000442155 -0.00113863 -0.000340472 0.000442155 0.0101216 -0.0185127 0.000443849 -0.00113863 -0.0185127 0.0902218 
0.0100778 -0.0184851 -0.000328818 0.000437165 -0.0184851 0.0902274 0.000433199 -0.00111633 -0.000328818 0.000433199 0.0101332 -0.0185025 0.000437165 -0.00111633 -0.0185025 0.0902449 
0.0100669 -0.0184502 -0.000342068 0.000447852 -0.0184502 0.0901549 0.000440486 -0.00114513 -0.000342068 0.000440486 0.0101316 -0.0185081 0.000447852 -0.00114513 -0.0185081 0.0902408 
0.0100359 -0.0184055 -0.000360594 0.000470632 -0.0184055 0.0900173 0.000461949 -0.00119685 -0.000360594 0.000461949 0.0101555 -0.0185269 0.000470632 -0.00119685 -0.0185269 0.0902892 
0.0100307 -0.0183874 -0.000383584 0.000473165 -0.0183874 0.0899575 0.000469856 -0.00121053 -0.000383584 0.000469856 0.0101765 -0.0185504 0.000473165 -0.00121053 -0.0185504 0.0903434 
0.0100584 -0.0183941 -0.000387702 0.000489062 -0.0183941 0.0899585 0.000490307 -0.00123068 -0.000387702 0.000490307 0.0101561 -0.0185646 0.000489062 -0.00123068 -0.0185646 0.0903747 
0.0101168 -0.0184227 -0.000371766 0.000474552 -0.0184227 0.0900031 0.000476012 -0.00120118 -0.000371766 0.000476012 0.0101147 -0.0185588 0.000474552 -0.00120118 -0.0185588 0.0904046 
0.0101577 -0.0185072 -0.000388251 0.000482018 -0.0185072 0.0901778 0.000479457 -0.00122361 -0.000388251 0.000479457 0.0100981 -0.0185026 0.000482018 -0.00122361 -0.0185026 0.090319 
0.0101579 -0.0185734 -0.000389404 0.000493083 -0.0185734 0.0903829 0.000485101 -0.00122901 -0.000389404 0.000485101 0.0101237 -0.0184771 0.000493083 -0.00122901 -0.0184771 0.0902288 
0.0100664 -0.0185726 -0.000366769 0.000484653 -0.0185726 0.090455 0.000474796 -0.00120452 -0.000366769 0.000474796 0.0102073 -0.0184966 0.000484653 -0.00120452 -0.0184966 0.0902071 
0.0100105 -0.0184487 -0.000347457 0.000470566 -0.0184487 0.0902665 0.000463324 -0.00119032 -0.000347457 0.000463324 0.0102455 -0.0186005 0.000470566 -0.00119032 -0.0186005 0.0903693 
0.0100008 -0.0183797 -0.000349971 0.000456167 -0.0183797 0.0900576 0.000455266 -0.0011775 -0.000349971 0.000455266 0.010249 -0.0186454 0.000456167 -0.0011775 -0.0186454 0.0905227 
0.00999216 -0.0183561 -0.00036771 0.000462669 -0.0183561 0.0899261 0.000464186 -0.00118584 -0.00036771 0.000464186 0.0102388 -0.0186517 0.000462669 -0.00118584 -0.0186517 0.0905868 
0.00998938 -0.0183383 -0.000372962 0.000479047 -0.0183383 0.0898475 0.000479304 -0.00121021 -0.000372962 0.000479304 0.0102152 -0.0186482 0.000479047 -0.00121021 -0.0186482 0.090608 
0.0100046 -0.0183116 -0.000351172 0.00048703 -0.0183116 0.0897501 0.000485642 -0.00123311 -0.000351172 0.000485642 0.0101653 -0.0186296 0.00048703 -0.00123311 -0.0186296 0.0905923 
0.0100308 -0.018357 -0.000322411 0.000440007 -0.018357 0.089817 0.000442085 -0.00115392 -0.000322411 0.000442085 0.0101166 -0.0185471 0.000440007 -0.00115392 -0.0185471 0.0904311 
0.0100298 -0.0183846 -0.000331675 0.000412895 -0.0183846 0.0898909 0.000417486 -0.00108338 -0.000331675 0.000417486 0.0101155 -0.0184898 0.000412895 -0.00108338 -0.0184898 0.0902726 
0.00998312 -0.0183784 -0.000337962 0.000427585 -0.0183784 0.0899063 0.000429669 -0.00108072 -0.000337962 0.000429669 0.0101645 -0.0184971 0.000427585 -0.00108072 -0.0184971 0.0902328 
0.00996924 -0.0183154 -0.000353257 0.000412169 -0.0183154 0.0898074 0.000414808 -0.00104454 -0.000353257 0.000414808 0.0102163 -0.0185828 0.000412169 -0.00104454 -0.0185828 0.0903959 
0.00997522 -0.0183193 -0.000357049 0.000436781 -0.0183193 0.0897812 0.000444387 -0.00107923 -0.000357049 0.000444387 0.0102298 -0.0186212 0.000436781 -0.00107923 -0.0186212 0.0905036 
0.0100297 -0.0183431 -0.000355138 0.000456856 -0.0183431 0.0898406 0.000461658 -0.00114416 -0.000355138 0.000461658 0.0102121 -0.0186357 0.000456856 -0.00114416 -0.0186357 0.0905677 
0.0100567 -0.0184147 -0.00036344 0.000462694 -0.0184147 0.0899875 0.000460137 -0.00117582 -0.00036344 0.000460137 0.0102169 -0.0186133 0.000462694 -0.00117582 -0.0186133 0.0905511 
0.0100398 -0.0184509 -0.000366369 0.000455278 -0.0184509 0.090115 0.000449499 -0.00114956 -0.000366369 0.000449499 0.0102314 -0.0186102 0.000455278 -0.00114956 -0.0186102 0.0905115 
0.0100132 -0.0184343 -0.00037422 0.000483639 -0.0184343 0.0901408 0.000479353 -0.00120757 -0.00037422 0.000479353 0.010246 -0.0186209 0.000483639 -0.00120757 -0.0186209 0.0905099 
0.0099797 -0.0183747 -0.000370665 0.000474096 -0.0183747 0.0900143 0.000469567 -0.00119793 -0.000370665 0.000469567 0.0102837 -0.0186646 0.000474096 -0.00119793 -0.0186646 0.0906114 
0.0099388 -0.0183199 -0.000370176 0.000474139 -0.0183199 0.0898526 0.000470411 -0.00119575 -0.000370176 0.000470411 0.0103331 -0.01872 0.000474139 -0.00119575 -0.01872 0.0907521 
0.0098927 -0.0182642 -0.000376048 0.000473822 -0.0182642 0.0896892 0.000467097 -0.0011888 -0.000376048 0.000467097 0.0103461 -0.0187669 0.000473822 -0.0011888 -0.0187669 0.0908587 
0.00989428 -0.0182125 -0.000393686 0.000485486 -0.0182125 0.0895545 0.00047962 -0.00121094 -0.000393686 0.00047962 0.0103217 -0.0187902 0.000485486 -0.00121094 -0.0187902 0.0909522 
0.00993798 -0.0182462 -0.000377598 0.000481317 -0.0182462 0.0895936 0.000480714 -0.00119477 -0.000377598 0.000480714 0.0102862 -0.0187349 0.000481317 -0.00119477 -0.0187349 0.0908689 
0.00994291 -0.0182946 -0.00036593 0.000481479 -0.0182946 0.089688 0.000481683 -0.00121489 -0.00036593 0.000481683 0.0102733 -0.0186824 0.000481479 -0.00121489 -0.0186824 0.0907248 
0.00994958 -0.0182943 -0.000347278 0.000476773 -0.0182943 0.0897244 0.00047449 -0.00121942 -0.000347278 0.00047449 0.0102364 -0.0186678 0.000476773 -0.00121942 -0.0186678 0.0906449 
0.00995629 -0.0183167 -0.000373273 0.000479689 -0.0183167 0.0897855 0.000478731 -0.00125287 -0.000373273 0.000478731 0.0102148 -0.0186082 0.000479689 -0.00125287 -0.0186082 0.0905161 
0.00992812 -0.0183052 -0.000369069 0.000474151 -0.0183052 0.0897672 0.000475696 -0.0012166 -0.000369069 0.000475696 0.0102195 -0.0185948 0.000474151 -0.0012166 -0.0185948 0.0904488 
0.00992586 -0.0182735 -0.00035133 0.000463661 -0.0182735 0.0897095 0.000466079 -0.00118366 -0.00035133 0.000466079 0.0101766 -0.0185935 0.000463661 -0.00118366 -0.0185935 0.0904172 
0.00995288 -0.0182741 -0.000314496 0.000424047 -0.0182741 0.0896924 0.000425195 -0.00108998 -0.000314496 0.000425195 0.0101444 -0.0185516 0.000424047 -0.00108998 -0.0185516 0.090365 
0.00996177 -0.0182968 -0.000277337 0.00036604 -0.0182968 0.0897125 0.000364993 -0.000945396 -0.000277337 0.000364993 0.0101439 -0.0185202 0.00036604 -0.000945396 -0.0185202 0.0902959 
0.00996624 -0.0182862 -0.000283511 0.000365383 -0.0182862 0.0896797 0.000364889 -0.000931576 -0.000283511 0.000364889 0.0101324 -0.0185221 0.000365383 -0.000931576 -0.0185221 0.0902706 
0.00994922 -0.0182708 -0.000300456 0.000382736 -0.0182708 0.0896101 0.00038046 -0.000963008 -0.000300456 0.00038046 0.0101108 -0.0185057 0.000382736 -0.000963008 -0.0185057 0.0902326 
0.00991902 -0.0182584 -0.000306849 0.000388357 -0.0182584 0.0895768 0.000386034 -0.000971694 -0.000306849 0.000386034 0.0101082 -0.0184774 0.000388357 -0.000971694 -0.0184774 0.0901708 
0.00992979 -0.0182508 -0.000310321 0.000383541 -0.0182508 0.0895859 0.000383882 -0.000961537 -0.000310321 0.000383882 0.0100973 -0.0184507 0.000383541 -0.000961537 -0.0184507 0.0900805 
0.00988785 -0.0182375 -0.000307562 0.000399061 -0.0182375 0.0895321 0.000404116 -0.000999094 -0.000307562 0.000404116 0.0101324 -0.0184521 0.000399061 -0.000999094 -0.0184521 0.0900622 
0.00986341 -0.0181759 -0.000311285 0.000397579 -0.0181759 0.0894048 0.000402709 -0.00101893 -0.000311285 0.000402709 0.0101504 -0.0185108 0.000397579 -0.00101893 -0.0185108 0.0901707 
0.00984946 -0.0181589 -0.000319652 0.000411703 -0.0181589 0.0893345 0.000414474 -0.00105189 -0.000319652 0.000414474 0.0101604 -0.0185219 0.000411703 -0.00105189 -0.0185219 0.0902331 
0.00989322 -0.0181556 -0.000302178 0.000385327 -0.0181556 0.0893299 0.000384195 -0.000984609 -0.000302178 0.000384195 0.0101345 -0.0185346 0.000385327 -0.000984609 -0.0185346 0.0902719 
0.00990394 -0.0182004 -0.000308673 0.000394979 -0.0182004 0.0893845 0.00039071 -0.000998884 -0.000308673 0.00039071 0.0101241 -0.0184991 0.000394979 -0.000998884 -0.0184991 0.0902244 
0.00989221 -0.0182195 -0.000311023 0.000401289 -0.0182195 0.089459 0.000398502 -0.00101622 -0.000311023 0.000398502 0.010126 -0.0184812 0.000401289 -0.00101622 -0.0184812 0.0901585 
0.00988585 -0.0182152 -0.000294831 0.000375411 -0.0182152 0.0894929 0.000375005 -0.000956529 -0.000294831 0.000375005 0.0101558 -0.0184879 0.000375411 -0.000956529 -0.0184879 0.0901567 
0.00987077 -0.0181839 -0.000292479 0.000372824 -0.0181839 0.0894185 0.000372266 -0.000946681 -0.000292479 0.000372266 0.0101725 -0.0185296 0.000372824 -0.000946681 -0.0185296 0.0902234 
0.00987498 -0.0181784 -0.000309507 0.000386232 -0.0181784 0.0893972 0.000385837 -0.000980847 -0.000309507 0.000385837 0.0101833 -0.0185546 0.000386232 -0.000980847 -0.0185546 0.0903086 
0.00986788 -0.0182015 -0.00030949 0.000401864 -0.0182015 0.0894473 0.000405183 -0.00101729 -0.00030949 0.000405183 0.0101847 -0.0185525 0.000401864 -0.00101729 -0.0185525 0.090318 
0.0098366 -0.0181962 -0.000330032 0.00042569 -0.0181962 0.089471 0.000430319 -0.00109801 -0.000330032 0.000430319 0.0102034 -0.0185531 0.00042569 -0.00109801 -0.0185531 0.0903196 
0.0097924 -0.0181465 -0.000334985 0.000426275 -0.0181465 0.0893839 0.000427322 -0.00109719 -0.000334985 0.000427322 0.010222 -0.0185823 0.000426275 -0.00109719 -0.0185823 0.0903716 
0.00979526 -0.0181025 -0.000308568 0.000407688 -0.0181025 0.0892903 0.000406721 -0.00103875 -0.000308568 0.000406721 0.0102096 -0.0185982 0.000407688 -0.00103875 -0.0185982 0.0904132 
0.00979356 -0.0181049 -0.000292845 0.00035236 -0.0181049 0.089255 0.00035057 -0.000903868 -0.000292845 0.00035057 0.0102176 -0.0185805 0.00035236 -0.000903868 -0.0185805 0.0903939 
0.00982317 -0.0181096 -0.000282151 0.000338488 -0.0181096 0.0892644 0.000338762 -0.00083378 -0.000282151 0.000338762 0.0102236 -0.0185939 0.000338488 -0.00083378 -0.0185939 0.0904085 
0.00983781 -0.0181397 -0.000296781 0.00036714 -0.0181397 0.0892998 0.000367487 -0.000900379 -0.000296781 0.000367487 0.0102137 -0.0185851 0.00036714 -0.000900379 -0.0185851 0.090379 
0.009875 -0.018166 -0.000290004 0.000392392 -0.018166 0.0893698 0.000391269 -0.000974017 -0.000290004 0.000391269 0.0101921 -0.0185684 0.000392392 -0.000974017 -0.0185684 0.0903374 
0.00988303 -0.0181987 -0.000298124 0.000395814 -0.0181987 0.0894283 0.000390555 -0.00101813 -0.000298124 0.000390555 0.0101904 -0.0185486 0.000395814 -0.00101813 -0.0185486 0.0902948 
0.00985718 -0.0181803 -0.0003064 0.000401495 -0.0181803 0.0893905 0.000390022 -0.00102477 -0.0003064 0.000390022 0.0101955 -0.0185681 0.000401495 -0.00102477 -0.0185681 0.0903271 
0.00985664 -0.018142 -0.000330171 0.00043395 -0.018142 0.0893013 0.00042215 -0.0010996 -0.000330171 0.00042215 0.010172 -0.018578 0.00043395 -0.0010996 -0.018578 0.0903676 
0.00983892 -0.0181447 -0.000336306 0.0004313 -0.0181447 0.0892723 0.000424032 -0.00109972 -0.000336306 0.000424032 0.0101756 -0.0185514 0.0004313 -0.00109972 -0.0185514 0.0903441 
0.00980977 -0.0181231 -0.000335947 0.000413837 -0.0181231 0.0892357 0.000410323 -0.00105037 -0.000335947 0.000410323 0.0102058 -0.0185589 0.000413837 -0.00105037 -0.0185589 0.090343 
0.00979463 -0.0181161 -0.000340324 0.000423468 -0.0181161 0.0892403 0.000421645 -0.00106009 -0.000340324 0.000421645 0.0102277 -0.0185761 0.000423468 -0.00106009 -0.0185761 0.0903561 
0.00977764 -0.0180841 -0.000351491 0.000426546 -0.0180841 0.0891781 0.000427708 -0.00107408 -0.000351491 0.000427708 0.0102444 -0.0186172 0.000426546 -0.00107408 -0.0186172 0.0904454 
0.00980277 -0.0180557 -0.000329875 0.000433612 -0.0180557 0.0890992 0.00043823 -0.001089 -0.000329875 0.00043823 0.010205 -0.0186419 0.000433612 -0.001089 -0.0186419 0.0905255 
0.00982723 -0.0180854 -0.000304977 0.000408448 -0.0180854 0.0891147 0.000413778 -0.00105818 -0.000304977 0.000413778 0.0101709 -0.0185907 0.000408448 -0.00105818 -0.0185907 0.0904701 
0.00984955 -0.0181279 -0.000285675 0.000383216 -0.0181279 0.0892107 0.000388316 -0.0010037 -0.000285675 0.000388316 0.0101326 -0.0185285 0.000383216 -0.0010037 -0.0185285 0.0903143 
0.00988735 -0.0181662 -0.00027305 0.000347911 -0.0181662 0.0893294 0.000351591 -0.000915022 -0.00027305 0.000351591 0.0101155 -0.0184854 0.000347911 -0.000915022 -0.0184854 0.0901902 
0.00990201 -0.0182089 -0.000289966 0.000360358 -0.0182089 0.0894344 0.000360822 -0.000922756 -0.000289966 0.000360822 0.0101068 -0.0184555 0.000360358 -0.000922756 -0.0184555 0.0900807 
0.00987758 -0.0182374 -0.000306732 0.000379977 -0.0182374 0.0895322 0.00038 -0.000957417 -0.000306732 0.00038 0.0101148 -0.0184304 0.000379977 -0.000957417 -0.0184304 0.0899807 
0.00986024 -0.0181938 -0.000307545 0.000384074 -0.0181938 0.0894907 0.000383861 -0.00096414 -0.000307545 0.000383861 0.0101288 -0.0184695 0.000384074 -0.00096414 -0.0184695 0.0900466 
0.009846 -0.0181697 -0.000303845 0.000394584 -0.0181697 0.0894177 0.000395474 -0.000993528 -0.000303845 0.000395474 0.0101247 -0.0184767 0.000394584 -0.000993528 -0.0184767 0.0900782 
0.00982974 -0.0181388 -0.000300595 0.000388532 -0.0181388 0.0893289 0.000389957 -0.000995936 -0.000300595 0.000389957 0.0101358 -0.0184856 0.000388532 -0.000995936 -0.0184856 0.0901194 
0.00984345 -0.0181397 -0.000303333 0.000380094 -0.0181397 0.0893181 0.000382324 -0.000975611 -0.000303333 0.000382324 0.0101157 -0.018474 0.000380094 -0.000975611 -0.018474 0.0900843 
0.00984779 -0.0181295 -0.000298131 0.000371478 -0.0181295 0.0892666 0.000374259 -0.000940524 -0.000298131 0.000374259 0.0100948 -0.018467 0.000371478 -0.000940524 -0.018467 0.0900757 
0.0098282 -0.0181399 -0.000313061 0.000394778 -0.0181399 0.0892695 0.000398798 -0.000997484 -0.000313061 0.000398798 0.0101024 -0.0184338 0.000394778 -0.000997484 -0.0184338 0.0900143 
0.00982383 -0.0181059 -0.000309854 0.00038856 -0.0181059 0.089208 0.000392187 -0.000987072 -0.000309854 0.000392187 0.0101088 -0.0184614 0.00038856 -0.000987072 -0.0184614 0.0900563 
0.00981257 -0.0181118 -0.000275894 0.000364067 -0.0181118 0.0891957 0.000365219 -0.000917661 -0.000275894 0.000365219 0.0101056 -0.0184566 0.000364067 -0.000917661 -0.0184566 0.0900583 
0.00980074 -0.0180968 -0.000279912 0.00035748 -0.0180968 0.0891737 0.000355051 -0.000916331 -0.000279912 0.000355051 0.0101054 -0.0184499 0.00035748 -0.000916331 -0.0184499 0.0900431 
0.0097883 -0.0180911 -0.000287023 0.000360481 -0.0180911 0.0891625 0.000358821 -0.000915766 -0.000287023 0.000358821 0.0101162 -0.0184297 0.000360481 -0.000915766 -0.0184297 0.089977 
0.00981041 -0.0180602 -0.000272089 0.000365735 -0.0180602 0.089094 0.000365816 -0.000925714 -0.000272089 0.000365816 0.0101044 -0.0184586 0.000365735 -0.000925714 -0.0184586 0.0900135 
0.00985006 -0.0180777 -0.000236948 0.000326844 -0.0180777 0.0890775 0.000324756 -0.000846688 -0.000236948 0.000324756 0.0100715 -0.0184561 0.000326844 -0.000846688 -0.0184561 0.0900418 
0.00989026 -0.0181396 -0.000219468 0.000313604 -0.0181396 0.0891898 0.000308967 -0.000813151 -0.000219468 0.000308967 0.0100102 -0.0183956 0.000313604 -0.000813151 -0.0183956 0.0899297 
0.00988404 -0.0182102 -0.000230507 0.000289706 -0.0182102 0.0893837 0.000285119 -0.000760955 -0.000230507 0.000285119 0.0100171 -0.0183138 0.000289706 -0.000760955 -0.0183138 0.0897466 
0.00986849 -0.0182002 -0.000237431 0.000288223 -0.0182002 0.089444 0.000287513 -0.000723391 -0.000237431 0.000287513 0.0100553 -0.0183292 0.000288223 -0.000723391 -0.0183292 0.0897034 
0.00988366 -0.0181798 -0.000256732 0.000292584 -0.0181798 0.0894185 0.000293094 -0.000719228 -0.000256732 0.000293094 0.0100656 -0.0183761 0.000292584 -0.000719228 -0.0183761 0.0897728 
0.00990132 -0.018167 -0.00026274 0.000317712 -0.018167 0.0893471 0.00031727 -0.000758654 -0.00026274 0.00031727 0.0100563 -0.0184206 0.000317712 -0.000758654 -0.0184206 0.0899129 
0.00988752 -0.0181873 -0.000282265 0.000357011 -0.0181873 0.089352 0.000355995 -0.000872943 -0.000282265 0.000355995 0.0100579 -0.0184065 0.000357011 -0.000872943 -0.0184065 0.0899413 
0.00983804 -0.0181802 -0.000281605 0.000367539 -0.0181802 0.0893599 0.000368825 -0.000925757 -0.000281605 0.000368825 0.0100894 -0.0183992 0.000367539 -0.000925757 -0.0183992 0.0899224 
0.00983146 -0.0181379 -0.000288164 0.000366241 -0.0181379 0.0893177 0.000371593 -0.000947084 -0.000288164 0.000371593 0.0100934 -0.0184312 0.000366241 -0.000947084 -0.0184312 0.0899646 
0.00985577 -0.018131 -0.000281899 0.000334602 -0.018131 0.0892819 0.000342459 -0.000865903 -0.000281899 0.000342459 0.0100857 -0.0184402 0.000334602 -0.000865903 -0.0184402 0.0900104 
0.00986976 -0.0181619 -0.000267573 0.000328048 -0.0181619 0.0893234 0.000334982 -0.000820827 -0.000267573 0.000334982 0.0100901 -0.0184339 0.000328048 -0.000820827 -0.0184339 0.0900169 
0.00988002 -0.0181758 -0.000273324 0.000342045 -0.0181758 0.0893666 0.000348284 -0.000860967 -0.000273324 0.000348284 0.0100935 -0.018439 0.000342045 -0.000860967 -0.018439 0.0900215 
0.00986051 -0.0181934 -0.00029164 0.000369325 -0.0181934 0.0894163 0.000371071 -0.000935036 -0.00029164 0.000371071 0.0101195 -0.0184403 0.000369325 -0.000935036 -0.0184403 0.0900248 
0.00987103 -0.0181777 -0.000312705 0.000383933 -0.0181777 0.0894259 0.000379343 -0.000974153 -0.000312705 0.000379343 0.0101354 -0.018482 0.000383933 -0.000974153 -0.018482 0.0901067 
0.00989363 -0.0181984 -0.000308969 0.000408685 -0.0181984 0.0894582 0.000403035 -0.00102244 -0.000308969 0.000403035 0.0101265 -0.0184833 0.000408685 -0.00102244 -0.0184833 0.0901229 
0.0099172 -0.0181956 -0.000315741 0.000412344 -0.0181956 0.0894333 0.000409201 -0.00106416 -0.000315741 0.000409201 0.0101217 -0.0185081 0.000412344 -0.00106416 -0.0185081 0.0902106 
0.00992051 -0.0182233 -0.000315754 0.000407591 -0.0182233 0.0894573 0.000407329 -0.00105275 -0.000315754 0.000407329 0.0100937 -0.0184837 0.000407591 -0.00105275 -0.0184837 0.0901753 
0.0098936 -0.018244 -0.000321654 0.000420482 -0.018244 0.0895286 0.00042123 -0.00108344 -0.000321654 0.00042123 0.0101204 -0.0184486 0.000420482 -0.00108344 -0.0184486 0.0901082 
0.00987883 -0.0182127 -0.000324374 0.000418644 -0.0182127 0.0895076 0.000421738 -0.00108513 -0.000324374 0.000421738 0.0101438 -0.0184855 0.000418644 -0.00108513 -0.0184855 0.0901429 
