0.007097 0 -0.000421561 0 0 0.01 0 0 -0.000421561 0 0.00761619 0 0 0 0 0.01 
0.0100683 -0.0125079 -0.00050732 0.000627303 -0.0125079 0.033157 0.000627303 -0.00120264 -0.00050732 0.000627303 0.010677 -0.013256 0.000627303 -0.00120264 -0.013256 0.0345917 
0.0101538 -0.0191059 -0.0003507 0.000642557 -0.0191059 0.0702733 0.000642557 -0.00206128 -0.0003507 0.000642557 0.0106994 -0.0199163 0.000642557 -0.00206128 -0.0199163 0.0728411 
0.0095589 -0.0188286 -0.000265844 0.000433306 -0.0188286 0.0845901 0.000421837 -0.00157634 -0.000265844 0.000421837 0.0100734 -0.0194417 0.000433306 -0.00157634 -0.0194417 0.0865327 
0.00951668 -0.0180797 -0.000257714 0.000326021 -0.0180797 0.0877608 0.000307595 -0.000929493 -0.000257714 0.000307595 0.0100337 -0.0186843 0.000326021 -0.000929493 -0.0186843 0.089256 
0.0096534 -0.0179025 -0.000292026 0.000362577 -0.0179025 0.0884305 0.000351575 -0.000825221 -0.000292026 0.000351575 0.0101879 -0.0185912 0.000362577 -0.000825221 -0.0185912 0.0900305 
0.00977288 -0.0179841 -0.000288631 0.000373084 -0.0179841 0.0888015 0.000372344 -0.000860163 -0.000288631 0.000372344 0.010286 -0.0186769 0.000373084 -0.000860163 -0.0186769 0.0904919 
0.00981313 -0.0180816 -0.000290887 0.000380214 -0.0180816 0.0890724 0.000386526 -0.000940413 -0.000290887 0.000386526 0.0103424 -0.0187117 0.000380214 -0.000940413 -0.0187117 0.09068 
0.00982384 -0.0181012 -0.000311235 0.000391772 -0.0181012 0.089155 0.000401626 -0.00101014 -0.000311235 0.000401626 0.0103438 -0.0187387 0.000391772 -0.00101014 -0.0187387 0.0907313 
0.00985783 -0.0181207 -0.000325249 0.000397242 -0.0181207 0.0892049 0.000404737 -0.00102228 -0.000325249 0.000404737 0.0103256 -0.0187384 0.000397242 -0.00102228 -0.0187384 0.0907414 
0.00986419 -0.0181451 -0.000340227 0.000434051 -0.0181451 0.089237 0.000438076 -0.00109741 -0.000340227 0.000438076 0.0102969 -0.0187233 0.000434051 -0.00109741 -0.0187233 0.0907145 
0.00986014 -0.0181624 -0.000332469 0.000439251 -0.0181624 0.0892954 0.00044117 -0.00112132 -0.000332469 0.00044117 0.0102992 -0.0187029 0.000439251 -0.00112132 -0.0187029 0.0906909 
0.00985955 -0.0181581 -0.000316857 0.000435491 -0.0181581 0.0893124 0.000437136 -0.00112707 -0.000316857 0.000437136 0.0102732 -0.0187096 0.000435491 -0.00112707 -0.0187096 0.0906949 
0.00986738 -0.018165 -0.000297298 0.000404054 -0.018165 0.0893345 0.000407564 -0.00106483 -0.000297298 0.000407564 0.0102235 -0.0186656 0.000404054 -0.00106483 -0.0186656 0.0906193 
0.00988882 -0.0181877 -0.000302478 0.000380832 -0.0181877 0.0894052 0.000385551 -0.00100548 -0.000302478 0.000385551 0.0101965 -0.0186098 0.000380832 -0.00100548 -0.0186098 0.0905126 
0.00990877 -0.0182247 -0.000300686 0.000382108 -0.0182247 0.089505 0.00038705 -0.000974675 -0.000300686 0.00038705 0.010177 -0.0185649 0.000382108 -0.000974675 -0.0185649 0.090384 
0.00989075 -0.0182586 -0.00027027 0.000337087 -0.0182586 0.0896124 0.000338843 -0.000852219 -0.00027027 0.000338843 0.0102119 -0.0185423 0.000337087 -0.000852219 -0.0185423 0.0903022 
0.0098698 -0.0182252 -0.000252611 0.000322681 -0.0182252 0.0895883 0.000318172 -0.000796617 -0.000252611 0.000318172 0.0102499 -0.0185957 0.000322681 -0.000796617 -0.0185957 0.0903706 
0.00986716 -0.0181611 -0.000275557 0.000346144 -0.0181611 0.0894199 0.000336843 -0.0008543 -0.000275557 0.000336843 0.0102356 -0.0186577 0.000346144 -0.0008543 -0.0186577 0.0905195 
0.00987314 -0.0181533 -0.00029329 0.000366706 -0.0181533 0.0893315 0.000354358 -0.000899393 -0.00029329 0.000354358 0.0102198 -0.0186479 0.000366706 -0.000899393 -0.0186479 0.0905801 
0.00989456 -0.0181883 -0.000318867 0.000404164 -0.0181883 0.089391 0.000395599 -0.00100169 -0.000318867 0.000395599 0.0101979 -0.0186014 0.000404164 -0.00100169 -0.0186014 0.090489 
0.00992117 -0.0182173 -0.000328068 0.000425142 -0.0182173 0.0894678 0.000422056 -0.00107239 -0.000328068 0.000422056 0.0101775 -0.0185653 0.000425142 -0.00107239 -0.0185653 0.0903755 
0.00991352 -0.0182498 -0.000324072 0.000436645 -0.0182498 0.0895493 0.000436815 -0.001122 -0.000324072 0.000436815 0.010178 -0.0185418 0.000436645 -0.001122 -0.0185418 0.0902956 
0.00989399 -0.018223 -0.000318476 0.000413258 -0.018223 0.0895241 0.000413835 -0.00108585 -0.000318476 0.000413835 0.010218 -0.0185803 0.000413258 -0.00108585 -0.0185803 0.0903794 
0.00992766 -0.0182213 -0.000310773 0.000386734 -0.0182213 0.0895358 0.000384175 -0.001 -0.000310773 0.000384175 0.0102214 -0.0186304 0.000386734 -0.001 -0.0186304 0.090505 
0.00993813 -0.01823 -0.000325814 0.000420871 -0.01823 0.0895104 0.000419481 -0.00106326 -0.000325814 0.000419481 0.010205 -0.0186465 0.000420871 -0.00106326 -0.0186465 0.0905932 
0.0099109 -0.0182527 -0.000318239 0.000421312 -0.0182527 0.0895549 0.000424695 -0.00108104 -0.000318239 0.000424695 0.0102075 -0.0186194 0.000421312 -0.00108104 -0.0186194 0.0905719 
0.00990832 -0.0182392 -0.000321777 0.000400907 -0.0182392 0.0895807 0.00040906 -0.00104927 -0.000321777 0.00040906 0.0102118 -0.0186099 0.000400907 -0.00104927 -0.0186099 0.0905299 
0.00990355 -0.0182476 -0.000304807 0.000395943 -0.0182476 0.0896064 0.000401974 -0.00101446 -0.000304807 0.000401974 0.0102409 -0.0186089 0.000395943 -0.00101446 -0.0186089 0.0905119 
0.00992724 -0.0182468 -0.000283552 0.000383365 -0.0182468 0.0896203 0.000385373 -0.000983514 -0.000283552 0.000385373 0.0102289 -0.0186349 0.000383365 -0.000983514 -0.0186349 0.0905322 
0.00994671 -0.0182707 -0.000271916 0.000358924 -0.0182707 0.0896515 0.000359589 -0.000927812 -0.000271916 0.000359589 0.0101759 -0.0186146 0.000358924 -0.000927812 -0.0186146 0.0905054 
0.00991608 -0.0182865 -0.000278612 0.000340615 -0.0182865 0.0896893 0.000342566 -0.000872223 -0.000278612 0.000342566 0.0101978 -0.0185636 0.000340615 -0.000872223 -0.0185636 0.0904284 
0.00989899 -0.0182705 -0.000279337 0.000348836 -0.0182705 0.0897086 0.000348893 -0.000864495 -0.000279337 0.000348893 0.010245 -0.0185758 0.000348836 -0.000864495 -0.0185758 0.0903914 
0.00988623 -0.0182183 -0.000293897 0.000367267 -0.0182183 0.0895828 0.00036259 -0.000907439 -0.000293897 0.00036259 0.0102471 -0.0186423 0.000367267 -0.000907439 -0.0186423 0.0904909 
0.0098793 -0.0181957 -0.000294115 0.000386179 -0.0181957 0.0894827 0.000377916 -0.000952395 -0.000294115 0.000377916 0.0102266 -0.0186508 0.000386179 -0.000952395 -0.0186508 0.090562 
0.00986938 -0.0181751 -0.000296865 0.000402469 -0.0181751 0.0894038 0.000393792 -0.00101352 -0.000296865 0.000393792 0.010208 -0.0186321 0.000402469 -0.00101352 -0.0186321 0.0905617 
0.00985 -0.0181761 -0.000304366 0.000396615 -0.0181761 0.0893946 0.000391871 -0.0010246 -0.000304366 0.000391871 0.0101995 -0.0185969 0.000396615 -0.0010246 -0.0185969 0.090484 
0.00983863 -0.0181625 -0.000290793 0.000393438 -0.0181625 0.089386 0.000392223 -0.00101213 -0.000290793 0.000392223 0.0102131 -0.0185748 0.000393438 -0.00101213 -0.0185748 0.0904027 
0.00984542 -0.0181134 -0.000294135 0.00036618 -0.0181134 0.0892584 0.000368679 -0.000961947 -0.000294135 0.000368679 0.0102344 -0.0186213 0.00036618 -0.000961947 -0.0186213 0.0904791 
0.00986194 -0.0181301 -0.000301408 0.000369728 -0.0181301 0.0892366 0.000373229 -0.000943837 -0.000301408 0.000373229 0.0102291 -0.0186367 0.000369728 -0.000943837 -0.0186367 0.0905247 
0.00986145 -0.0181611 -0.000300758 0.000387041 -0.0181611 0.0892984 0.00039222 -0.000977402 -0.000300758 0.00039222 0.0102311 -0.0186295 0.000387041 -0.000977402 -0.0186295 0.0905347 
0.00985814 -0.0181654 -0.000308626 0.000393707 -0.0181654 0.0893426 0.00040029 -0.00101105 -0.000308626 0.00040029 0.0102313 -0.0186381 0.000393707 -0.00101105 -0.0186381 0.0905619 
0.00984443 -0.0181829 -0.000301838 0.000395764 -0.0181829 0.0894094 0.000396593 -0.00101175 -0.000301838 0.000396593 0.0102413 -0.0186258 0.000395764 -0.00101175 -0.0186258 0.0905445 
0.00982588 -0.0181602 -0.000287182 0.000385985 -0.0181602 0.0893935 0.000379111 -0.000983446 -0.000287182 0.000379111 0.0102439 -0.0186398 0.000385985 -0.000983446 -0.0186398 0.0905583 
0.00983034 -0.018136 -0.000270961 0.000372121 -0.018136 0.0893393 0.000364514 -0.000951673 -0.000270961 0.000364514 0.0102153 -0.018629 0.000372121 -0.000951673 -0.018629 0.0905302 
0.00981613 -0.0181258 -0.000266508 0.000350564 -0.0181258 0.0892793 0.000351045 -0.000909843 -0.000266508 0.000351045 0.0101851 -0.0185904 0.000350564 -0.000909843 -0.0185904 0.0904468 
0.00980885 -0.0180965 -0.000236367 0.000327877 -0.0180965 0.0891994 0.000332987 -0.000845548 -0.000236367 0.000332987 0.0101506 -0.0185601 0.000327877 -0.000845548 -0.0185601 0.0903692 
0.00979754 -0.0180881 -0.0002226 0.000303798 -0.0180881 0.0891544 0.000308817 -0.000800791 -0.0002226 0.000308817 0.0101514 -0.0185134 0.000303798 -0.000800791 -0.0185134 0.0902629 
0.0097612 -0.0180548 -0.000204131 0.000263727 -0.0180548 0.0890635 0.000267825 -0.000691693 -0.000204131 0.000267825 0.0101974 -0.01853 0.000263727 -0.000691693 -0.01853 0.0902601 
0.00977051 -0.0179993 -0.000223664 0.000270018 -0.0179993 0.0889187 0.000274699 -0.000688155 -0.000223664 0.000274699 0.0101758 -0.0185756 0.000270018 -0.000688155 -0.0185756 0.0903186 
0.00977713 -0.0180159 -0.000234361 0.000289416 -0.0180159 0.0888866 0.000296179 -0.000724233 -0.000234361 0.000296179 0.0101538 -0.0185453 0.000289416 -0.000724233 -0.0185453 0.0903009 
0.00981594 -0.0180578 -0.000243416 0.000306473 -0.0180578 0.0889976 0.000310534 -0.000772091 -0.000243416 0.000310534 0.0101149 -0.0184966 0.000306473 -0.000772091 -0.0184966 0.090183 
0.00983359 -0.0181078 -0.000235565 0.000310729 -0.0181078 0.0891267 0.000306965 -0.00077977 -0.000235565 0.000306965 0.010106 -0.0184519 0.000310729 -0.00077977 -0.0184519 0.0900678 
0.00981644 -0.0181273 -0.000256715 0.000339928 -0.0181273 0.0892116 0.000328748 -0.000860491 -0.000256715 0.000328748 0.0101271 -0.018439 0.000339928 -0.000860491 -0.018439 0.0899952 
0.00983507 -0.0180928 -0.00027362 0.00035706 -0.0180928 0.0891726 0.00034591 -0.000906478 -0.00027362 0.00034591 0.010102 -0.0184831 0.00035706 -0.000906478 -0.0184831 0.090066 
0.00982793 -0.0180955 -0.000278185 0.000346361 -0.0180955 0.0891255 0.000341399 -0.000883086 -0.000278185 0.000341399 0.0100885 -0.0184694 0.000346361 -0.000883086 -0.0184694 0.0901025 
0.00982462 -0.0180952 -0.000294201 0.000353498 -0.0180952 0.0891253 0.000352305 -0.000889738 -0.000294201 0.000352305 0.0100831 -0.0184438 0.000353498 -0.000889738 -0.0184438 0.0900582 
0.00982492 -0.0181092 -0.000293422 0.000371006 -0.0181092 0.0891674 0.000369847 -0.000920276 -0.000293422 0.000369847 0.0100689 -0.0184161 0.000371006 -0.000920276 -0.0184161 0.0899685 
0.009831 -0.018148 -0.000266904 0.000356529 -0.018148 0.0892958 0.00035502 -0.000899326 -0.000266904 0.00035502 0.0100834 -0.0183816 0.000356529 -0.000899326 -0.0183816 0.0898701 
0.00981966 -0.0181413 -0.000269051 0.00035971 -0.0181413 0.0893134 0.000358497 -0.000929248 -0.000269051 0.000358497 0.010091 -0.0183927 0.00035971 -0.000929248 -0.0183927 0.0898355 
0.00979499 -0.0180795 -0.000262306 0.000348697 -0.0180795 0.089166 0.000350173 -0.000911922 -0.000262306 0.000350173 0.0101192 -0.0184546 0.000348697 -0.000911922 -0.0184546 0.0899893 
0.00978455 -0.0180435 -0.000232635 0.000315514 -0.0180435 0.0890343 0.000318494 -0.000826757 -0.000232635 0.000318494 0.0101347 -0.0184872 0.000315514 -0.000826757 -0.0184872 0.0901 
0.00980184 -0.0180411 -0.000217892 0.000272725 -0.0180411 0.0889985 0.000278654 -0.000726902 -0.000217892 0.000278654 0.0101497 -0.0185137 0.000272725 -0.000726902 -0.0185137 0.090196 
0.00983178 -0.01808 -0.000222042 0.00026369 -0.01808 0.0890664 0.000270337 -0.00067855 -0.000222042 0.000270337 0.0101414 -0.0185135 0.00026369 -0.00067855 -0.0185135 0.0902067 
0.00982583 -0.0181119 -0.000268357 0.000311363 -0.0181119 0.0891461 0.000316825 -0.000780344 -0.000268357 0.000316825 0.010145 -0.0185017 0.000311363 -0.000780344 -0.0185017 0.090184 
0.00983316 -0.0181254 -0.000290363 0.000342121 -0.0181254 0.0892293 0.000348213 -0.000847599 -0.000290363 0.000348213 0.0101612 -0.0185089 0.000342121 -0.000847599 -0.0185089 0.0901946 
0.00984949 -0.0181284 -0.000311932 0.00039997 -0.0181284 0.0892539 0.000404157 -0.000997248 -0.000311932 0.000404157 0.0101635 -0.018529 0.00039997 -0.000997248 -0.018529 0.0902306 
0.00985435 -0.018143 -0.000303827 0.000413173 -0.018143 0.0892783 0.000413446 -0.00105976 -0.000303827 0.000413446 0.0101694 -0.0185456 0.000413173 -0.00105976 -0.0185456 0.0902909 
0.00986547 -0.0181551 -0.000292313 0.000392559 -0.0181551 0.0893155 0.000392147 -0.00103368 -0.000292313 0.000392147 0.0101659 -0.018557 0.000392559 -0.00103368 -0.018557 0.0903413 
0.00987567 -0.0181879 -0.000276463 0.000352378 -0.0181879 0.0894023 0.000354171 -0.000927846 -0.000276463 0.000354171 0.0101497 -0.0185312 0.000352378 -0.000927846 -0.0185312 0.0902912 
0.00986117 -0.018189 -0.000284372 0.000344322 -0.018189 0.0894297 0.000346938 -0.000885338 -0.000284372 0.000346938 0.0101759 -0.0185317 0.000344322 -0.000885338 -0.0185317 0.0902979 
0.0098586 -0.0181742 -0.000291711 0.000352721 -0.0181742 0.089418 0.00035559 -0.000885755 -0.000291711 0.00035559 0.010213 -0.0185681 0.000352721 -0.000885755 -0.0185681 0.0903657 
0.00989219 -0.0181531 -0.000302171 0.000370001 -0.0181531 0.0893492 0.000375396 -0.000928255 -0.000302171 0.000375396 0.0101993 -0.0186202 0.000370001 -0.000928255 -0.0186202 0.0904822 
0.00992512 -0.0181846 -0.000309357 0.000406524 -0.0181846 0.089362 0.000413562 -0.00103086 -0.000309357 0.000413562 0.0101844 -0.0186175 0.000406524 -0.00103086 -0.0186175 0.090544 
0.00995487 -0.0182609 -0.000294071 0.000393788 -0.0182609 0.089537 0.000400136 -0.00102903 -0.000294071 0.000400136 0.0101601 -0.0185658 0.000393788 -0.00102903 -0.0185658 0.090435 
0.00992837 -0.0182866 -0.000303168 0.000388242 -0.0182866 0.0896395 0.000389087 -0.00101749 -0.000303168 0.000389087 0.0101791 -0.0185428 0.000388242 -0.00101749 -0.0185428 0.0903555 
0.009901 -0.0182681 -0.000306903 0.000401152 -0.0182681 0.0896644 0.000394829 -0.00102366 -0.000306903 0.000394829 0.0102087 -0.0185545 0.000401152 -0.00102366 -0.0185545 0.0903304 
0.00988454 -0.0182499 -0.000314747 0.000393575 -0.0182499 0.0896545 0.000382325 -0.000999832 -0.000314747 0.000382325 0.0102451 -0.0185872 0.000393575 -0.000999832 -0.0185872 0.0903777 
0.00987296 -0.0181956 -0.000338079 0.00040366 -0.0181956 0.0895203 0.000392896 -0.00100099 -0.000338079 0.000392896 0.0102773 -0.018669 0.00040366 -0.00100099 -0.018669 0.0905768 
0.00989953 -0.0181838 -0.000334172 0.000430673 -0.0181838 0.089445 0.000424387 -0.00104669 -0.000334172 0.000424387 0.0102492 -0.0186934 0.000430673 -0.00104669 -0.0186934 0.0906747 
0.00993459 -0.0182248 -0.000342389 0.000433156 -0.0182248 0.089494 0.000432216 -0.00109338 -0.000342389 0.000432216 0.010228 -0.0186547 0.000433156 -0.00109338 -0.0186547 0.0906453 
0.00994982 -0.0182581 -0.000342538 0.000433205 -0.0182581 0.0895602 0.000435836 -0.0010996 -0.000342538 0.000435836 0.0102168 -0.018635 0.000433205 -0.0010996 -0.018635 0.0905953 
0.00991727 -0.0182633 -0.000350487 0.00045575 -0.0182633 0.0895818 0.000459313 -0.00115966 -0.000350487 0.000459313 0.0102469 -0.0186322 0.00045575 -0.00115966 -0.0186322 0.0905835 
0.00986749 -0.0182508 -0.000338015 0.000436173 -0.0182508 0.0896025 0.000437341 -0.00112172 -0.000338015 0.000437341 0.0103232 -0.0186586 0.000436173 -0.00112172 -0.0186586 0.0906128 
0.0098645 -0.0181882 -0.000332575 0.000423247 -0.0181882 0.0895015 0.000421569 -0.00107757 -0.000332575 0.000421569 0.0103391 -0.0187534 0.000423247 -0.00107757 -0.0187534 0.0907804 
0.00988729 -0.0181735 -0.000309652 0.000401903 -0.0181735 0.0894184 0.000397712 -0.00100863 -0.000309652 0.000397712 0.0103233 -0.0187914 0.000401903 -0.00100863 -0.0187914 0.0909428 
0.0098892 -0.0181897 -0.000311123 0.000405496 -0.0181897 0.0894076 0.000401598 -0.00102347 -0.000311123 0.000401598 0.0103127 -0.0187762 0.000405496 -0.00102347 -0.0187762 0.0909747 
0.00990916 -0.0182236 -0.000312228 0.000390571 -0.0182236 0.0895055 0.000387892 -0.000989266 -0.000312228 0.000387892 0.0103019 -0.0187484 0.000390571 -0.000989266 -0.0187484 0.0909204 
0.00995054 -0.0182571 -0.000311042 0.000381678 -0.0182571 0.0896024 0.00037898 -0.000949518 -0.000311042 0.00037898 0.0102381 -0.0187079 0.000381678 -0.000949518 -0.0187079 0.0907933 
0.00994109 -0.0182878 -0.00031068 0.000401663 -0.0182878 0.0896684 0.00040021 -0.00099235 -0.00031068 0.00040021 0.0102304 -0.0186486 0.000401663 -0.00099235 -0.0186486 0.0906769 
0.00992562 -0.0182954 -0.000311792 0.000407597 -0.0182954 0.0897346 0.000411004 -0.00103632 -0.000311792 0.000411004 0.0102458 -0.0186251 0.000407597 -0.00103632 -0.0186251 0.0905714 
0.00992104 -0.0182745 -0.00032012 0.000413481 -0.0182745 0.0897183 0.00042062 -0.00107108 -0.00032012 0.00042062 0.0102497 -0.0186373 0.000413481 -0.00107108 -0.0186373 0.090544 
0.00993546 -0.0182478 -0.000323294 0.000420556 -0.0182478 0.0896405 0.000427423 -0.00108873 -0.000323294 0.000427423 0.0102403 -0.0186624 0.000420556 -0.00108873 -0.0186624 0.0906024 
0.0099258 -0.0182623 -0.000308498 0.000402417 -0.0182623 0.0896217 0.000408585 -0.0010425 -0.000308498 0.000408585 0.0102311 -0.0186495 0.000402417 -0.0010425 -0.0186495 0.0906035 
0.00991462 -0.0182294 -0.000320967 0.000382482 -0.0182294 0.089547 0.000387395 -0.000991749 -0.000320967 0.000387395 0.0102312 -0.018659 0.000382482 -0.000991749 -0.018659 0.0906381 
0.00992385 -0.0182135 -0.000333348 0.000405733 -0.0182135 0.0894823 0.000405861 -0.00100705 -0.000333348 0.000405861 0.0102081 -0.0186533 0.000405733 -0.00100705 -0.0186533 0.0906383 
0.00992947 -0.0182346 -0.000354701 0.000447797 -0.0182346 0.0895015 0.00044598 -0.00111019 -0.000354701 0.00044598 0.0101709 -0.0186068 0.000447797 -0.00111019 -0.0186068 0.0905428 
0.00995193 -0.0182612 -0.000357506 0.000446444 -0.0182612 0.0895783 0.000446158 -0.00112662 -0.000357506 0.000446158 0.0101381 -0.0185454 0.000446444 -0.00112662 -0.0185454 0.0903883 
0.00996486 -0.0182968 -0.000360804 0.000436137 -0.0182968 0.0896781 0.00043883 -0.00110607 -0.000360804 0.00043883 0.0101652 -0.018507 0.000436137 -0.00110607 -0.018507 0.0902688 
0.00998955 -0.0183082 -0.000380894 0.000467276 -0.0183082 0.0897323 0.000473299 -0.00117715 -0.000380894 0.000473299 0.0101874 -0.0185465 0.000467276 -0.00117715 -0.0185465 0.0902889 
0.00997967 -0.018312 -0.000393756 0.000515908 -0.018312 0.0897209 0.000521115 -0.00130402 -0.000393756 0.000521115 0.0101998 -0.0185879 0.000515908 -0.00130402 -0.0185879 0.0903877 
0.00998872 -0.018307 -0.000394319 0.000510026 -0.018307 0.08972 0.000512028 -0.0013197 -0.000394319 0.000512028 0.0101978 -0.0186142 0.000510026 -0.0013197 -0.0186142 0.090489 
0.00997486 -0.018339 -0.000363742 0.000472103 -0.018339 0.0897877 0.000472713 -0.00121454 -0.000363742 0.000472713 0.0101948 -0.0185959 0.000472103 -0.00121454 -0.0185959 0.0904817 
0.00994895 -0.0183211 -0.000341869 0.000439134 -0.0183211 0.0897868 0.000442799 -0.00112859 -0.000341869 0.000442799 0.0101926 -0.0185889 0.000439134 -0.00112859 -0.0185889 0.0904602 
0.00993253 -0.0182569 -0.000335817 0.000437316 -0.0182569 0.0896431 0.000442076 -0.00112044 -0.000335817 0.000442076 0.0101908 -0.0186129 0.000437316 -0.00112044 -0.0186129 0.0905255 
0.00990573 -0.0182287 -0.000309215 0.000431935 -0.0182287 0.0895173 0.000435808 -0.00110828 -0.000309215 0.000435808 0.0101699 -0.0185918 0.000431935 -0.00110828 -0.0185918 0.0904934 
0.00989251 -0.0181992 -0.000305919 0.000422739 -0.0181992 0.0894342 0.000422385 -0.00111272 -0.000305919 0.000422385 0.0101332 -0.0185507 0.000422739 -0.00111272 -0.0185507 0.0903881 
0.00988953 -0.0181742 -0.000302421 0.000394644 -0.0181742 0.0893576 0.000389478 -0.00103492 -0.000302421 0.000389478 0.0101092 -0.0185166 0.000394644 -0.00103492 -0.0185166 0.0903043 
0.00991655 -0.0181854 -0.000327228 0.000395628 -0.0181854 0.0893703 0.000389961 -0.00101563 -0.000327228 0.000389961 0.0101081 -0.0184905 0.000395628 -0.00101563 -0.0184905 0.0902414 
0.00994027 -0.0182421 -0.00035453 0.000416599 -0.0182421 0.0894934 0.000412597 -0.00103465 -0.00035453 0.000412597 0.0101106 -0.0184678 0.000416599 -0.00103465 -0.0184678 0.0901528 
0.00993293 -0.0182693 -0.000387668 0.000471091 -0.0182693 0.0895864 0.000469914 -0.00115986 -0.000387668 0.000469914 0.0101089 -0.0184604 0.000471091 -0.00115986 -0.0184604 0.0900921 
0.009912 -0.0182835 -0.000350797 0.000483596 -0.0182835 0.0896743 0.000483472 -0.00120634 -0.000350797 0.000483472 0.0101327 -0.0184499 0.000483596 -0.00120634 -0.0184499 0.0900517 
0.00990676 -0.0182392 -0.000328188 0.000447797 -0.0182392 0.0896133 0.00044696 -0.00117741 -0.000328188 0.00044696 0.0101457 -0.0184997 0.000447797 -0.00117741 -0.0184997 0.0901391 
0.00993015 -0.0182274 -0.000334928 0.00043353 -0.0182274 0.0895556 0.000426774 -0.00114026 -0.000334928 0.000426774 0.0101425 -0.0185211 0.00043353 -0.00114026 -0.0185211 0.0902226 
0.00994458 -0.0182212 -0.000334801 0.000433835 -0.0182212 0.0894808 0.000424188 -0.00110758 -0.000334801 0.000424188 0.0101072 -0.0185324 0.000433835 -0.00110758 -0.0185324 0.0902779 
0.00999392 -0.018276 -0.000308559 0.000407227 -0.018276 0.0895904 0.000401797 -0.00103522 -0.000308559 0.000401797 0.0100667 -0.0184764 0.000407227 -0.00103522 -0.0184764 0.0902051 
0.0100242 -0.0183473 -0.000278077 0.000372122 -0.0183473 0.0897621 0.000373586 -0.000953781 -0.000278077 0.000373586 0.0100326 -0.018412 0.000372122 -0.000953781 -0.018412 0.090047 
0.0100142 -0.0183569 -0.000276078 0.000341578 -0.0183569 0.0898194 0.00035261 -0.000891852 -0.000276078 0.00035261 0.0100461 -0.0184062 0.000341578 -0.000891852 -0.0184062 0.0900198 
0.0100152 -0.0183537 -0.000282404 0.000345205 -0.0183537 0.089839 0.000358158 -0.00088076 -0.000282404 0.000358158 0.0100448 -0.0184076 0.000345205 -0.00088076 -0.0184076 0.0899986 
0.009998 -0.0183363 -0.000273458 0.000341449 -0.0183363 0.0897866 0.000352485 -0.000860496 -0.000273458 0.000352485 0.0100663 -0.0184177 0.000341449 -0.000860496 -0.0184177 0.090025 
0.00995848 -0.0183152 -0.000249658 0.000334405 -0.0183152 0.0897295 0.000339676 -0.000839714 -0.000249658 0.000339676 0.0100985 -0.0184325 0.000334405 -0.000839714 -0.0184325 0.0900372 
0.00991615 -0.0182779 -0.000245487 0.000327321 -0.0182779 0.0896638 0.000327861 -0.000837609 -0.000245487 0.000327861 0.0101448 -0.018465 0.000327321 -0.000837609 -0.018465 0.0900893 
0.0099077 -0.018218 -0.000263321 0.000322208 -0.018218 0.0895254 0.000320371 -0.00082342 -0.000263321 0.000320371 0.0101513 -0.0185234 0.000322208 -0.00082342 -0.0185234 0.0902051 
0.00990033 -0.0181822 -0.000288768 0.000359686 -0.0181822 0.0893868 0.000357061 -0.000892526 -0.000288768 0.000357061 0.0101772 -0.0185647 0.000359686 -0.000892526 -0.0185647 0.0903622 
0.00990276 -0.0181793 -0.000304536 0.000384 -0.0181793 0.0893409 0.00038178 -0.00095828 -0.000304536 0.00038178 0.0101721 -0.0185845 0.000384 -0.00095828 -0.0185845 0.0904274 
0.00990842 -0.0182122 -0.000313934 0.000409607 -0.0182122 0.0894206 0.000408359 -0.00103311 -0.000313934 0.000408359 0.0101422 -0.0185527 0.000409607 -0.00103311 -0.0185527 0.0903692 
0.00990385 -0.0182438 -0.000303462 0.000389099 -0.0182438 0.0895385 0.00038809 -0.000996819 -0.000303462 0.00038809 0.01014 -0.0185081 0.000389099 -0.000996819 -0.0185081 0.090267 
0.00991544 -0.0182439 -0.000289517 0.00037557 -0.0182439 0.0895916 0.000370557 -0.000953243 -0.000289517 0.000370557 0.0101451 -0.0185035 0.00037557 -0.000953243 -0.0185035 0.0902177 
0.00988731 -0.0182222 -0.000307463 0.000414248 -0.0182222 0.0895288 0.000405601 -0.00104765 -0.000307463 0.000405601 0.0101664 -0.0185238 0.000414248 -0.00104765 -0.0185238 0.0902463 
0.00988068 -0.0182076 -0.000314161 0.000420829 -0.0182076 0.0895006 0.00040979 -0.00107767 -0.000314161 0.00040979 0.0101498 -0.0185244 0.000420829 -0.00107767 -0.0185244 0.0902294 
0.00988138 -0.0181999 -0.000317634 0.000392714 -0.0181999 0.0894751 0.000384115 -0.00101038 -0.000317634 0.000384115 0.0101595 -0.0185176 0.000392714 -0.00101038 -0.0185176 0.0902381 
0.00987123 -0.0181851 -0.00032544 0.000406133 -0.0181851 0.089422 0.000401837 -0.00101507 -0.00032544 0.000401837 0.0101583 -0.0185289 0.000406133 -0.00101507 -0.0185289 0.0902453 
0.00985692 -0.0181703 -0.000308723 0.000402481 -0.0181703 0.0893743 0.000403091 -0.00100825 -0.000308723 0.000403091 0.0101445 -0.0185251 0.000402481 -0.00100825 -0.0185251 0.0902414 
0.00984149 -0.0181581 -0.000288605 0.00038933 -0.0181581 0.0893471 0.000391738 -0.000998912 -0.000288605 0.000391738 0.0101501 -0.0185092 0.00038933 -0.000998912 -0.0185092 0.0902181 
0.0098278 -0.018127 -0.000292592 0.000371276 -0.018127 0.0892772 0.000370277 -0.000967271 -0.000292592 0.000370277 0.0101798 -0.0185316 0.000371276 -0.000967271 -0.0185316 0.0902606 
0.00986379 -0.0181334 -0.000275687 0.000359844 -0.0181334 0.0892797 0.00035419 -0.000910651 -0.000275687 0.00035419 0.0101673 -0.0185485 0.000359844 -0.000910651 -0.0185485 0.090286 
0.00986724 -0.0181624 -0.00028685 0.000373276 -0.0181624 0.089311 0.000365679 -0.000947466 -0.00028685 0.000365679 0.0101667 -0.0185414 0.000373276 -0.000947466 -0.0185414 0.0902948 
0.00986908 -0.0181657 -0.0002947 0.00038237 -0.0181657 0.0893375 0.00037996 -0.000976271 -0.0002947 0.00037996 0.0101687 -0.0185503 0.00038237 -0.000976271 -0.0185503 0.0903214 
0.00988119 -0.0181744 -0.000302942 0.000384502 -0.0181744 0.089367 0.000387861 -0.000989573 -0.000302942 0.000387861 0.0101629 -0.0185487 0.000384502 -0.000989573 -0.0185487 0.0903246 
0.00988548 -0.0181554 -0.000313122 0.000396937 -0.0181554 0.0893084 0.00040071 -0.00101699 -0.000313122 0.00040071 0.0101567 -0.0185662 0.000396937 -0.00101699 -0.0185662 0.0903778 
0.00987643 -0.018171 -0.00030494 0.000385814 -0.018171 0.0893166 0.000387336 -0.000985428 -0.00030494 0.000387336 0.0101585 -0.0185442 0.000385814 -0.000985428 -0.0185442 0.0903449 
0.00985988 -0.0181776 -0.00031732 0.000387199 -0.0181776 0.0893542 0.000387049 -0.000981379 -0.00031732 0.000387049 0.010162 -0.0185238 0.000387199 -0.000981379 -0.0185238 0.0902667 
0.00984749 -0.0181572 -0.000340125 0.000404458 -0.0181572 0.0893341 0.000404343 -0.00100875 -0.000340125 0.000404343 0.010163 -0.018524 0.000404458 -0.00100875 -0.018524 0.0902312 
0.00982379 -0.0181426 -0.000341592 0.000441043 -0.0181426 0.0892984 0.00044029 -0.00108701 -0.000341592 0.00044029 0.010168 -0.0185173 0.000441043 -0.00108701 -0.0185173 0.0901987 
0.00979738 -0.0180852 -0.000310307 0.000445724 -0.0180852 0.0891627 0.000443272 -0.00113226 -0.000310307 0.000443272 0.0101707 -0.0185492 0.000445724 -0.00113226 -0.0185492 0.0902671 
0.00981291 -0.0180746 -0.000289981 0.000414317 -0.0180746 0.0891181 0.000413905 -0.00111204 -0.000289981 0.000413905 0.010165 -0.0185525 0.000414317 -0.00111204 -0.0185525 0.0903164 
0.00983055 -0.0181089 -0.000281685 0.000378357 -0.0181089 0.0891778 0.000381089 -0.00103111 -0.000281685 0.000381089 0.0101763 -0.0185369 0.000378357 -0.00103111 -0.0185369 0.0902988 
0.00985992 -0.0181303 -0.000284751 0.000354597 -0.0181303 0.0892404 0.000357407 -0.000942637 -0.000284751 0.000357407 0.0101665 -0.0185535 0.000354597 -0.000942637 -0.0185535 0.0903177 
0.00991158 -0.0181936 -0.000277061 0.000333612 -0.0181936 0.0893935 0.000332105 -0.000843218 -0.000277061 0.000332105 0.0101108 -0.0185204 0.000333612 -0.000843218 -0.0185204 0.0902542 
0.00994582 -0.0182399 -0.000283577 0.000345288 -0.0182399 0.0895201 0.000343114 -0.000848485 -0.000283577 0.000343114 0.0100865 -0.0184839 0.000345288 -0.000848485 -0.0184839 0.0902105 
