0.00703355 0 -0.000196978 0 0 0.01 0 0 -0.000196978 0 0.00763718 0 0 0 0 0.01 
0.00999899 -0.0124194 -0.000226927 0.000282513 -0.0124194 0.0329875 0.000282513 -0.000541637 -0.000226927 0.000282513 0.0106854 -0.0132677 0.000282513 -0.000541637 -0.0132677 0.0346139 
0.0101257 -0.0189797 -0.000169009 0.000309007 -0.0189797 0.0698523 0.000309007 -0.00100152 -0.000169009 0.000309007 0.0106406 -0.0198786 0.000309007 -0.00100152 -0.0198786 0.0727267 
0.00952991 -0.0187116 -0.00015867 0.000248178 -0.0187116 0.0840319 0.000261188 -0.000941145 -0.00015867 0.000261188 0.0100871 -0.0194289 0.000248178 -0.000941145 -0.0194289 0.0865741 
0.00946834 -0.018044 -0.000182961 0.000188218 -0.018044 0.087533 0.000207153 -0.000587718 -0.000182961 0.000207153 0.0100993 -0.0186798 0.000188218 -0.000587718 -0.0186798 0.0891542 
0.00958773 -0.0179159 -0.000223321 0.000255195 -0.0179159 0.0885168 0.000264412 -0.000596211 -0.000223321 0.000264412 0.0102657 -0.0186143 0.000255195 -0.000596211 -0.0186143 0.0899024 
0.00969127 -0.0179483 -0.000238767 0.00030118 -0.0179483 0.0888657 0.00029542 -0.00069752 -0.000238767 0.00029542 0.0103947 -0.0187617 0.00030118 -0.00069752 -0.0187617 0.0905635 
0.00972036 -0.0179343 -0.000230851 0.000328555 -0.0179343 0.0888163 0.000317283 -0.000799468 -0.000230851 0.000317283 0.0104515 -0.0188911 0.000328555 -0.000799468 -0.0188911 0.0910446 
0.00978059 -0.0179484 -0.00023307 0.000315638 -0.0179484 0.0887696 0.000305204 -0.000821821 -0.00023307 0.000305204 0.0104337 -0.0189259 0.000315638 -0.000821821 -0.0189259 0.0912416 
0.00981925 -0.0180279 -0.000243154 0.000320471 -0.0180279 0.0888691 0.000311848 -0.000834121 -0.000243154 0.000311848 0.010416 -0.0188857 0.000320471 -0.000834121 -0.0188857 0.0912058 
0.00983636 -0.0181074 -0.000241661 0.000309483 -0.0181074 0.0890798 0.000307578 -0.000803528 -0.000241661 0.000307578 0.010402 -0.0188477 0.000309483 -0.000803528 -0.0188477 0.0910928 
0.00981866 -0.0181126 -0.000249311 0.000314975 -0.0181126 0.0891609 0.000318508 -0.000811355 -0.000249311 0.000318508 0.010408 -0.0188638 0.000314975 -0.000811355 -0.0188638 0.0911121 
0.00980423 -0.0181123 -0.000247139 0.000314722 -0.0181123 0.0892075 0.000321416 -0.000804743 -0.000247139 0.000321416 0.010385 -0.0188496 0.000314722 -0.000804743 -0.0188496 0.0910782 
0.00976528 -0.0180755 -0.000256191 0.000312346 -0.0180755 0.0891463 0.000319314 -0.00079845 -0.000256191 0.000319314 0.0103862 -0.0188438 0.000312346 -0.00079845 -0.0188438 0.0910863 
0.00974565 -0.0180396 -0.000244664 0.000320521 -0.0180396 0.0890759 0.00032375 -0.000802129 -0.000244664 0.00032375 0.0103729 -0.0188336 0.000320521 -0.000802129 -0.0188336 0.091063 
0.00972817 -0.0180392 -0.00022304 0.000310535 -0.0180392 0.0890683 0.000312494 -0.000793856 -0.00022304 0.000312494 0.0103878 -0.0187978 0.000310535 -0.000793856 -0.0187978 0.0909857 
0.00971226 -0.0179893 -0.000216915 0.00029829 -0.0179893 0.0889563 0.000300107 -0.00078283 -0.000216915 0.000300107 0.0103971 -0.018827 0.00029829 -0.00078283 -0.018827 0.0910041 
0.00974072 -0.01798 -0.000191238 0.000269069 -0.01798 0.0889029 0.000270088 -0.000708015 -0.000191238 0.000270088 0.0103674 -0.0188254 0.000269069 -0.000708015 -0.0188254 0.091002 
0.00975784 -0.0180347 -0.000157593 0.00022648 -0.0180347 0.0889925 0.000229585 -0.00060413 -0.000157593 0.000229585 0.0103575 -0.0187752 0.00022648 -0.00060413 -0.0187752 0.0909073 
0.00977676 -0.0180572 -0.000144409 0.000185437 -0.0180572 0.089078 0.00018775 -0.000499137 -0.000144409 0.00018775 0.0103383 -0.0187607 0.000185437 -0.000499137 -0.0187607 0.0908328 
0.00976437 -0.0180372 -0.00016592 0.000204596 -0.0180372 0.0890305 0.0002062 -0.000522744 -0.00016592 0.0002062 0.0103227 -0.0187704 0.000204596 -0.000522744 -0.0187704 0.0908596 
0.00979608 -0.0180354 -0.000196871 0.000216226 -0.0180354 0.0890284 0.000218306 -0.000537866 -0.000196871 0.000218306 0.0102773 -0.0187501 0.000216226 -0.000537866 -0.0187501 0.0908436 
0.00981476 -0.0180882 -0.000207025 0.000252003 -0.0180882 0.0891246 0.000252263 -0.000601172 -0.000207025 0.000252263 0.0102772 -0.0186909 0.000252003 -0.000601172 -0.0186909 0.090746 
0.00982592 -0.0181081 -0.000204545 0.000267015 -0.0181081 0.089198 0.000264414 -0.000657055 -0.000204545 0.000264414 0.0102753 -0.0186919 0.000267015 -0.000657055 -0.0186919 0.0906996 
0.00982703 -0.0181175 -0.000208228 0.00026749 -0.0181175 0.0892361 0.000260668 -0.000675069 -0.000208228 0.000260668 0.0102984 -0.0187064 0.00026749 -0.000675069 -0.0187064 0.0907384 
0.00980233 -0.018097 -0.000219666 0.000286166 -0.018097 0.0891895 0.000279254 -0.000718319 -0.000219666 0.000279254 0.0103198 -0.0187416 0.000286166 -0.000718319 -0.0187416 0.0908126 
0.00978993 -0.0180964 -0.000217695 0.000288774 -0.0180964 0.0892005 0.00028768 -0.000737426 -0.000217695 0.00028768 0.0103443 -0.0187459 0.000288774 -0.000737426 -0.0187459 0.0908308 
0.00978332 -0.0181015 -0.000200798 0.000283382 -0.0181015 0.0892383 0.000288038 -0.000740722 -0.000200798 0.000288038 0.010372 -0.0187644 0.000283382 -0.000740722 -0.0187644 0.0908525 
0.00976707 -0.0180754 -0.000187052 0.000262044 -0.0180754 0.0891905 0.000270315 -0.00071219 -0.000187052 0.000270315 0.0103972 -0.0188185 0.000262044 -0.00071219 -0.0188185 0.0909714 
0.00977242 -0.0180684 -0.00020079 0.000241466 -0.0180684 0.089173 0.00024818 -0.000660223 -0.00020079 0.00024818 0.0103892 -0.018843 0.000241466 -0.000660223 -0.018843 0.0910537 
0.00975758 -0.018036 -0.000200732 0.000260423 -0.018036 0.0890728 0.00026165 -0.000660629 -0.000200732 0.00026165 0.010379 -0.018862 0.000260423 -0.000660629 -0.018862 0.091144 
0.00973466 -0.0180417 -0.000190481 0.000258711 -0.0180417 0.0890673 0.000258776 -0.000663379 -0.000190481 0.000258776 0.0103636 -0.0188155 0.000258711 -0.000663379 -0.0188155 0.0910605 
0.00972581 -0.018033 -0.000178418 0.000265163 -0.018033 0.0890793 0.000263983 -0.000693354 -0.000178418 0.000263983 0.0103389 -0.0187751 0.000265163 -0.000693354 -0.0187751 0.0909322 
0.00972626 -0.0180157 -0.000178317 0.000253778 -0.0180157 0.0890427 0.00024809 -0.000684774 -0.000178317 0.00024809 0.0103314 -0.0187485 0.000253778 -0.000684774 -0.0187485 0.0908497 
0.00972548 -0.0179493 -0.000224155 0.000252579 -0.0179493 0.0888444 0.000244003 -0.00066865 -0.000224155 0.000244003 0.0103182 -0.0187833 0.000252579 -0.00066865 -0.0187833 0.0909159 
0.00969607 -0.0179541 -0.000215255 0.000283652 -0.0179541 0.0887745 0.000278087 -0.000685275 -0.000215255 0.000278087 0.0103283 -0.0187566 0.000283652 -0.000685275 -0.0187566 0.0908929 
0.00967796 -0.0179342 -0.000216373 0.000286774 -0.0179342 0.0887429 0.000283853 -0.000724454 -0.000216373 0.000283853 0.0103091 -0.0187435 0.000286774 -0.000724454 -0.0187435 0.0908217 
0.00969911 -0.0179337 -0.000220053 0.000265224 -0.0179337 0.0887485 0.000261943 -0.000676139 -0.000220053 0.000261943 0.0102824 -0.0187094 0.000265224 -0.000676139 -0.0187094 0.0907429 
0.0097349 -0.0179532 -0.000212059 0.000265502 -0.0179532 0.0887717 0.000261933 -0.000647195 -0.000212059 0.000261933 0.010232 -0.0186756 0.000265502 -0.000647195 -0.0186756 0.0906533 
0.00977842 -0.0180017 -0.000194321 0.000248988 -0.0180017 0.0888709 0.000246413 -0.000611629 -0.000194321 0.000246413 0.0101927 -0.0186186 0.000248988 -0.000611629 -0.0186186 0.090537 
0.00980039 -0.0180613 -0.000163912 0.000256182 -0.0180613 0.089015 0.000257623 -0.000642099 -0.000163912 0.000257623 0.010152 -0.0185548 0.000256182 -0.000642099 -0.0185548 0.0903652 
0.00979307 -0.0181032 -0.000148353 0.000211276 -0.0181032 0.0891603 0.000217571 -0.000585591 -0.000148353 0.000217571 0.0101407 -0.0184912 0.000211276 -0.000585591 -0.0184912 0.0901825 
0.00974648 -0.0180788 -0.000118795 0.000172403 -0.0180788 0.0891634 0.000181162 -0.000474945 -0.000118795 0.000181162 0.0101951 -0.0185006 0.000172403 -0.000474945 -0.0185006 0.0901583 
0.00969283 -0.0180048 -0.000115271 0.000144487 -0.0180048 0.0890169 0.000151821 -0.00039708 -0.000115271 0.000151821 0.0102443 -0.018569 0.000144487 -0.00039708 -0.018569 0.0902601 
0.00967667 -0.0179285 -0.000120606 0.000154961 -0.0179285 0.0888142 0.00015919 -0.000394946 -0.000120606 0.00015919 0.0102581 -0.0186393 0.000154961 -0.000394946 -0.0186393 0.0904392 
0.00972006 -0.0179113 -0.000135335 0.000158231 -0.0179113 0.0887071 0.000158091 -0.000399553 -0.000135335 0.000158091 0.0102263 -0.0186618 0.000158231 -0.000399553 -0.0186618 0.0905596 
0.00977256 -0.0179617 -0.000165034 0.000183525 -0.0179617 0.0887494 0.000184277 -0.000451081 -0.000165034 0.000184277 0.0101844 -0.0186283 0.000183525 -0.000451081 -0.0186283 0.0905544 
0.00977893 -0.0180102 -0.000204545 0.000235575 -0.0180102 0.0888424 0.000237936 -0.000573792 -0.000204545 0.000237936 0.0101861 -0.0185948 0.000235575 -0.000573792 -0.0185948 0.0905065 
0.00974544 -0.0180312 -0.000217883 0.000275886 -0.0180312 0.0889329 0.000273725 -0.000675857 -0.000217883 0.000273725 0.010205 -0.0185766 0.000275886 -0.000675857 -0.0185766 0.0904232 
0.00972147 -0.017999 -0.000215195 0.000288946 -0.017999 0.0889261 0.00028368 -0.000729527 -0.000215195 0.00028368 0.0102439 -0.0186031 0.000288946 -0.000729527 -0.0186031 0.0904454 
0.00969847 -0.0179929 -0.000186301 0.00027599 -0.0179929 0.0889248 0.000271583 -0.000715814 -0.000186301 0.000271583 0.0102763 -0.0186236 0.00027599 -0.000715814 -0.0186236 0.090461 
0.00968797 -0.0179492 -0.000173362 0.000239407 -0.0179492 0.0888393 0.000235958 -0.000647439 -0.000173362 0.000235958 0.0103059 -0.0186907 0.000239407 -0.000647439 -0.0186907 0.0906129 
0.00968712 -0.0179368 -0.000178505 0.000230818 -0.0179368 0.0887805 0.000227231 -0.000609522 -0.000178505 0.000227231 0.0103242 -0.0187247 0.000230818 -0.000609522 -0.0187247 0.0907264 
0.00969742 -0.0179472 -0.000162134 0.000204942 -0.0179472 0.0887921 0.000202176 -0.000523828 -0.000162134 0.000202176 0.010341 -0.0187467 0.000204942 -0.000523828 -0.0187467 0.0908029 
0.00969505 -0.0179571 -0.000161364 0.000211668 -0.0179571 0.0888122 0.000211515 -0.000533659 -0.000161364 0.000211515 0.0103342 -0.0187641 0.000211668 -0.000533659 -0.0187641 0.0908488 
0.00969001 -0.0179492 -0.000164404 0.000223487 -0.0179492 0.0888016 0.000222273 -0.00056754 -0.000164404 0.000222273 0.0102932 -0.0187467 0.000223487 -0.00056754 -0.0187467 0.0908229 
0.00970589 -0.0179443 -0.000152104 0.000209903 -0.0179443 0.0887937 0.000208294 -0.000541831 -0.000152104 0.000208294 0.0102593 -0.018702 0.000209903 -0.000541831 -0.018702 0.0907515 
0.0097192 -0.0179668 -0.000153618 0.000201073 -0.0179668 0.0888252 0.000202048 -0.000525211 -0.000153618 0.000202048 0.010226 -0.0186446 0.000201073 -0.000525211 -0.0186446 0.0906048 
0.00974587 -0.0179887 -0.000182306 0.000202946 -0.0179887 0.088887 0.00020744 -0.000530546 -0.000182306 0.00020744 0.0101953 -0.0186039 0.000202946 -0.000530546 -0.0186039 0.0904825 
0.00978071 -0.0180144 -0.000191777 0.000252439 -0.0180144 0.0889445 0.000256409 -0.000626999 -0.000191777 0.000256409 0.0101627 -0.0185665 0.000252439 -0.000626999 -0.0185665 0.090374 
0.00978524 -0.0180712 -0.000182561 0.000246759 -0.0180712 0.0890686 0.000248588 -0.000643226 -0.000182561 0.000248588 0.0101721 -0.0185152 0.000246759 -0.000643226 -0.0185152 0.0902428 
0.00976344 -0.0180868 -0.00017365 0.000222519 -0.0180868 0.089157 0.000224416 -0.000591937 -0.00017365 0.000224416 0.0102103 -0.0185226 0.000222519 -0.000591937 -0.0185226 0.0901976 
0.00975466 -0.0180565 -0.000160683 0.000209645 -0.0180565 0.0891316 0.000210723 -0.000546367 -0.000160683 0.000210723 0.0102425 -0.0185792 0.000209645 -0.000546367 -0.0185792 0.0902927 
0.00974513 -0.0180096 -0.000166059 0.00020058 -0.0180096 0.0890028 0.000199093 -0.00051526 -0.000166059 0.000199093 0.0102698 -0.018658 0.00020058 -0.00051526 -0.018658 0.090509 
0.00972471 -0.0179772 -0.000182451 0.000226424 -0.0179772 0.0888764 0.000223898 -0.000564678 -0.000182451 0.000223898 0.0102982 -0.0186995 0.000226424 -0.000564678 -0.0186995 0.0906619 
0.00975146 -0.0179534 -0.000205036 0.000251711 -0.0179534 0.0887955 0.000248813 -0.000631484 -0.000205036 0.000248813 0.0102624 -0.0187274 0.000251711 -0.000631484 -0.0187274 0.0907444 
0.0097595 -0.0179995 -0.000233893 0.000305535 -0.0179995 0.0888528 0.000302897 -0.00077304 -0.000233893 0.000302897 0.010236 -0.0186684 0.000305535 -0.00077304 -0.0186684 0.0906627 
0.00974894 -0.0180391 -0.000246825 0.000315857 -0.0180391 0.0889807 0.000313938 -0.000822082 -0.000246825 0.000313938 0.0102237 -0.0186113 0.000315857 -0.000822082 -0.0186113 0.0905044 
0.0097359 -0.0180281 -0.000253636 0.000310353 -0.0180281 0.0890133 0.000306877 -0.000798367 -0.000253636 0.000306877 0.0102079 -0.0185892 0.000310353 -0.000798367 -0.0185892 0.0903974 
0.00973704 -0.01802 -0.000237401 0.000309691 -0.01802 0.0890171 0.000307133 -0.000777821 -0.000237401 0.000307133 0.0101983 -0.0185722 0.000309691 -0.000777821 -0.0185722 0.0903465 
0.00975845 -0.0180015 -0.000208426 0.000296731 -0.0180015 0.0889647 0.000296655 -0.000761324 -0.000208426 0.000296655 0.0101866 -0.018579 0.000296731 -0.000761324 -0.018579 0.0903632 
0.0097833 -0.0180203 -0.000164578 0.000241497 -0.0180203 0.0889601 0.000246155 -0.000652474 -0.000164578 0.000246155 0.0101963 -0.0185729 0.000241497 -0.000652474 -0.0185729 0.090375 
0.00979376 -0.0180244 -0.00016993 0.00021038 -0.0180244 0.0889401 0.000218678 -0.000580514 -0.00016993 0.000218678 0.0102081 -0.0186049 0.00021038 -0.000580514 -0.0186049 0.0904446 
0.00975777 -0.0180559 -0.000161953 0.000232534 -0.0180559 0.0890014 0.000241885 -0.000602026 -0.000161953 0.000241885 0.0102202 -0.0185887 0.000232534 -0.000602026 -0.0185887 0.0904069 
0.00972306 -0.0180539 -0.000135659 0.000205584 -0.0180539 0.0890797 0.000212381 -0.000559724 -0.000135659 0.000212381 0.0102395 -0.01858 0.000205584 -0.000559724 -0.01858 0.0903534 
0.00969869 -0.0179979 -0.000149352 0.000178273 -0.0179979 0.0890017 0.000177487 -0.000494402 -0.000149352 0.000177487 0.0102663 -0.0186229 0.000178273 -0.000494402 -0.0186229 0.0904292 
0.00971179 -0.0179698 -0.000169723 0.000208537 -0.0179698 0.0889171 0.000202332 -0.000521646 -0.000169723 0.000202332 0.0102543 -0.0186511 0.000208537 -0.000521646 -0.0186511 0.0905066 
0.00974094 -0.0179599 -0.000180162 0.000242869 -0.0179599 0.0888411 0.000233996 -0.000601348 -0.000180162 0.000233996 0.0102282 -0.0186575 0.000242869 -0.000601348 -0.0186575 0.0905686 
0.0097699 -0.0179905 -0.00017116 0.000237409 -0.0179905 0.0888583 0.000230716 -0.000609674 -0.00017116 0.000230716 0.0101849 -0.0186221 0.000237409 -0.000609674 -0.0186221 0.0905227 
0.00977758 -0.0180319 -0.000156725 0.000211704 -0.0180319 0.0889459 0.000211739 -0.000560649 -0.000156725 0.000211739 0.0101696 -0.018568 0.000211704 -0.000560649 -0.018568 0.0904137 
0.00975127 -0.0180428 -0.000168713 0.000204637 -0.0180428 0.0890011 0.000210973 -0.000543437 -0.000168713 0.000210973 0.0101559 -0.0185339 0.000204637 -0.000543437 -0.0185339 0.0902905 
0.00971785 -0.0179992 -0.000183528 0.000222224 -0.0179992 0.0889401 0.000229111 -0.000566212 -0.000183528 0.000229111 0.0101627 -0.0185274 0.000222224 -0.000566212 -0.0185274 0.0902516 
0.00972761 -0.017964 -0.000191973 0.000227727 -0.017964 0.0888568 0.000230575 -0.000571762 -0.000191973 0.000230575 0.0101632 -0.0185342 0.000227727 -0.000571762 -0.0185342 0.090256 
0.00972448 -0.0179696 -0.000206399 0.000247743 -0.0179696 0.0888149 0.000246137 -0.000610407 -0.000206399 0.000246137 0.0101668 -0.0185338 0.000247743 -0.000610407 -0.0185338 0.0902586 
0.00972138 -0.0179622 -0.000222415 0.000290787 -0.0179622 0.0887943 0.000286213 -0.000718239 -0.000222415 0.000286213 0.0101914 -0.0185456 0.000290787 -0.000718239 -0.0185456 0.0902862 
0.00971653 -0.0179513 -0.000235685 0.000301005 -0.0179513 0.088759 0.000295743 -0.000766676 -0.000235685 0.000295743 0.010207 -0.0185836 0.000301005 -0.000766676 -0.0185836 0.0903655 
0.00972222 -0.0179509 -0.000242552 0.000308823 -0.0179509 0.0887539 0.000305451 -0.000784302 -0.000242552 0.000305451 0.0101938 -0.0186012 0.000308823 -0.000784302 -0.0186012 0.0904231 
0.00969468 -0.0179793 -0.000203668 0.000288488 -0.0179793 0.0888218 0.000288506 -0.00073598 -0.000203668 0.000288506 0.0102195 -0.0185716 0.000288488 -0.00073598 -0.0185716 0.0903881 
0.00967878 -0.0179355 -0.000180233 0.000244786 -0.0179355 0.0887767 0.000251121 -0.000660944 -0.000180233 0.000251121 0.0102428 -0.0186193 0.000244786 -0.000660944 -0.0186193 0.0904623 
0.00969511 -0.0179492 -0.00016411 0.000224777 -0.0179492 0.0888007 0.000234727 -0.000607844 -0.00016411 0.000234727 0.0102233 -0.0186061 0.000224777 -0.000607844 -0.0186061 0.0904316 
0.00970118 -0.017974 -0.000150154 0.000202445 -0.017974 0.0888622 0.000208907 -0.000548041 -0.000150154 0.000208907 0.0102304 -0.0185921 0.000202445 -0.000548041 -0.0185921 0.0904121 
0.00971043 -0.0179623 -0.000149968 0.000203416 -0.0179623 0.0888473 0.000204923 -0.000539797 -0.000149968 0.000204923 0.0102174 -0.0186094 0.000203416 -0.000539797 -0.0186094 0.0904333 
0.00971393 -0.0179674 -0.000157849 0.000209699 -0.0179674 0.0888396 0.000208417 -0.000552137 -0.000157849 0.000208417 0.0102084 -0.0185958 0.000209699 -0.000552137 -0.0185958 0.090425 
0.00970846 -0.017951 -0.000186214 0.000231513 -0.017951 0.0887888 0.00022838 -0.000601198 -0.000186214 0.00022838 0.0101844 -0.0185835 0.000231513 -0.000601198 -0.0185835 0.0903861 
0.00968717 -0.0179415 -0.000186842 0.000247696 -0.0179415 0.0887474 0.000242465 -0.000623722 -0.000186842 0.000242465 0.0101798 -0.0185481 0.000247696 -0.000623722 -0.0185481 0.0903055 
0.00968954 -0.0179334 -0.000196146 0.000240691 -0.0179334 0.0887413 0.000235659 -0.000614908 -0.000196146 0.000235659 0.0101528 -0.0185241 0.000240691 -0.000614908 -0.0185241 0.0902102 
0.00971342 -0.0179173 -0.000204573 0.000241046 -0.0179173 0.088687 0.000239308 -0.000600094 -0.000204573 0.000239308 0.0101332 -0.0185119 0.000241046 -0.000600094 -0.0185119 0.0901859 
0.00971292 -0.0179399 -0.000210703 0.000256169 -0.0179399 0.0886904 0.000260502 -0.000637597 -0.000210703 0.000260502 0.0101485 -0.0184917 0.000256169 -0.000637597 -0.0184917 0.0901505 
0.00972808 -0.0179456 -0.000199464 0.000258934 -0.0179456 0.0887135 0.000264097 -0.000652132 -0.000199464 0.000264097 0.0101351 -0.018502 0.000258934 -0.000652132 -0.018502 0.0901378 
0.00971611 -0.017947 -0.000195206 0.000264971 -0.017947 0.0887049 0.000264202 -0.000681175 -0.000195206 0.000264202 0.0101384 -0.0185002 0.000264971 -0.000681175 -0.0185002 0.0901519 
0.00971375 -0.017941 -0.000179043 0.000262996 -0.017941 0.0887044 0.00025833 -0.000685316 -0.000179043 0.00025833 0.0101254 -0.0184977 0.000262996 -0.000685316 -0.0184977 0.0901458 
0.00972427 -0.0179407 -0.000180035 0.000236646 -0.0179407 0.0887071 0.00023048 -0.000636273 -0.000180035 0.00023048 0.0100961 -0.0184829 0.000236646 -0.000636273 -0.0184829 0.090125 
0.0097475 -0.0179726 -0.000176396 0.000227032 -0.0179726 0.0887866 0.000222338 -0.000588183 -0.000176396 0.000222338 0.0100709 -0.018439 0.000227032 -0.000588183 -0.018439 0.0900408 
0.00977828 -0.0180478 -0.000138812 0.000192499 -0.0180478 0.0889894 0.000193845 -0.000493709 -0.000138812 0.000193845 0.0100459 -0.0183614 0.000192499 -0.000493709 -0.0183614 0.0898295 
0.00979424 -0.0180335 -0.000144671 0.000173089 -0.0180335 0.088993 0.00018226 -0.000464775 -0.000144671 0.00018226 0.0100352 -0.0183747 0.000173089 -0.000464775 -0.0183747 0.0898112 
0.00982209 -0.0180383 -0.000165982 0.000176677 -0.0180383 0.0889769 0.000190903 -0.00045831 -0.000165982 0.000190903 0.0100117 -0.0183769 0.000176677 -0.00045831 -0.0183769 0.089835 
0.00984855 -0.0180748 -0.000212863 0.00024321 -0.0180748 0.0890323 0.000255008 -0.000607107 -0.000212863 0.000255008 0.00998908 -0.0183455 0.00024321 -0.000607107 -0.0183455 0.0897936 
0.00985096 -0.0181368 -0.000242798 0.000286388 -0.0181368 0.0891857 0.000291569 -0.000712216 -0.000242798 0.000291569 0.00995733 -0.0182777 0.000286388 -0.000712216 -0.0182777 0.0896119 
0.00980446 -0.0181202 -0.000230008 0.000299363 -0.0181202 0.0892012 0.000300084 -0.000742321 -0.000230008 0.000300084 0.00999772 -0.0182709 0.000299363 -0.000742321 -0.0182709 0.0895766 
0.00973409 -0.0180474 -0.00020478 0.00029203 -0.0180474 0.0890661 0.000289789 -0.000745281 -0.00020478 0.000289789 0.0100728 -0.0183339 0.00029203 -0.000745281 -0.0183339 0.089681 
0.00967908 -0.0179568 -0.000204644 0.000277233 -0.0179568 0.088848 0.000273447 -0.000734525 -0.000204644 0.000273447 0.0101097 -0.0184142 0.000277233 -0.000734525 -0.0184142 0.0898415 
0.00967025 -0.0178975 -0.000206591 0.000277136 -0.0178975 0.088673 0.000271893 -0.000724739 -0.000206591 0.000271893 0.0101135 -0.0184556 0.000277136 -0.000724739 -0.0184556 0.089978 
0.00969033 -0.0178988 -0.000196099 0.000259362 -0.0178988 0.0886204 0.000252964 -0.000672149 -0.000196099 0.000252964 0.0100923 -0.0184484 0.000259362 -0.000672149 -0.0184484 0.090004 
0.00970726 -0.0178972 -0.000200142 0.000254345 -0.0178972 0.0885797 0.000250213 -0.000654524 -0.000200142 0.000250213 0.0100602 -0.0184418 0.000254345 -0.000654524 -0.0184418 0.0900119 
0.009723 -0.0179277 -0.000193593 0.000262939 -0.0179277 0.08863 0.000263511 -0.000674059 -0.000193593 0.000263511 0.0100416 -0.018397 0.000262939 -0.000674059 -0.018397 0.0899377 
0.00975042 -0.0179529 -0.000187047 0.000230176 -0.0179529 0.0887017 0.000235496 -0.000614656 -0.000187047 0.000235496 0.0100357 -0.0183752 0.000230176 -0.000614656 -0.0183752 0.0898718 
0.00977407 -0.0179939 -0.000218423 0.000242698 -0.0179939 0.0888029 0.000249869 -0.000631893 -0.000218423 0.000249869 0.0100397 -0.018368 0.000242698 -0.000631893 -0.018368 0.0898393 
0.00978682 -0.0180232 -0.000228635 0.000286288 -0.0180232 0.0888913 0.000292936 -0.00071176 -0.000228635 0.000292936 0.0100188 -0.018365 0.000286288 -0.00071176 -0.018365 0.0898056 
0.0098004 -0.0180631 -0.000220656 0.00028684 -0.0180631 0.0890185 0.000292641 -0.000736252 -0.000220656 0.000292641 0.0100061 -0.0183256 0.00028684 -0.000736252 -0.0183256 0.0897226 
0.00978382 -0.0180599 -0.00021163 0.000288913 -0.0180599 0.0890405 0.000290683 -0.000754472 -0.00021163 0.000290683 0.0100316 -0.0183275 0.000288913 -0.000754472 -0.0183275 0.0897076 
0.00978178 -0.0180556 -0.000202483 0.000257989 -0.0180556 0.089054 0.000258024 -0.000685613 -0.000202483 0.000258024 0.0100337 -0.0183347 0.000257989 -0.000685613 -0.0183347 0.089683 
0.00981154 -0.0180619 -0.00019275 0.000218472 -0.0180619 0.089075 0.000219047 -0.000559875 -0.00019275 0.000219047 0.0100214 -0.0183427 0.000218472 -0.000559875 -0.0183427 0.0897026 
0.0098017 -0.0180403 -0.000202195 0.000240052 -0.0180403 0.0889875 0.000238965 -0.000576162 -0.000202195 0.000238965 0.0100265 -0.0183748 0.000240052 -0.000576162 -0.0183748 0.0898078 
0.00977701 -0.0180232 -0.000195238 0.000254159 -0.0180232 0.0889224 0.000250321 -0.000609695 -0.000195238 0.000250321 0.0100283 -0.0183862 0.000254159 -0.000609695 -0.0183862 0.0898712 
0.00975604 -0.0180195 -0.000180445 0.000251851 -0.0180195 0.08892 0.000245698 -0.000624451 -0.000180445 0.000245698 0.0100104 -0.0183535 0.000251851 -0.000624451 -0.0183535 0.0898013 
0.00975683 -0.0180017 -0.000179866 0.000238078 -0.0180017 0.0888971 0.000230731 -0.00060994 -0.000179866 0.000230731 0.00998362 -0.0183203 0.000238078 -0.00060994 -0.0183203 0.0897124 
0.00976281 -0.0180067 -0.000176452 0.00022523 -0.0180067 0.0888947 0.000220634 -0.000570952 -0.000176452 0.000220634 0.00998421 -0.0182826 0.00022523 -0.000570952 -0.0182826 0.0896184 
0.00979339 -0.0180241 -0.000188758 0.000229137 -0.0180241 0.0889306 0.000228289 -0.000577509 -0.000188758 0.000228289 0.00997034 -0.0182671 0.000229137 -0.000577509 -0.0182671 0.0895343 
0.00981843 -0.0180476 -0.000201522 0.000245304 -0.0180476 0.0889682 0.000248349 -0.00061495 -0.000201522 0.000248349 0.00996443 -0.0182663 0.000245304 -0.00061495 -0.0182663 0.0895195 
0.00983375 -0.018097 -0.000186263 0.000241461 -0.018097 0.0890833 0.000247171 -0.000609498 -0.000186263 0.000247171 0.00997675 -0.0182488 0.000241461 -0.000609498 -0.0182488 0.0894781 
0.00980694 -0.0180847 -0.000183851 0.000244916 -0.0180847 0.0890745 0.000250025 -0.000632824 -0.000183851 0.000250025 0.00998534 -0.0182717 0.000244916 -0.000632824 -0.0182717 0.0894906 
0.00975444 -0.0180434 -0.000167579 0.000225214 -0.0180434 0.0889959 0.000230866 -0.000588205 -0.000167579 0.000230866 0.010023 -0.0183051 0.000225214 -0.000588205 -0.0183051 0.0895878 
0.00972129 -0.0179812 -0.000180818 0.000217405 -0.0179812 0.0888639 0.000225293 -0.000573942 -0.000180818 0.000225293 0.0100309 -0.0183441 0.000217405 -0.000573942 -0.0183441 0.0896776 
0.00969289 -0.0179244 -0.000216082 0.000243107 -0.0179244 0.0886969 0.000251744 -0.00061646 -0.000216082 0.000251744 0.0100259 -0.0183588 0.000243107 -0.00061646 -0.0183588 0.0897454 
0.00971729 -0.0179052 -0.000246735 0.000280913 -0.0179052 0.088621 0.000284321 -0.000688882 -0.000246735 0.000284321 0.00998663 -0.0183389 0.000280913 -0.000688882 -0.0183389 0.0897256 
0.00973629 -0.0179517 -0.000258552 0.000320943 -0.0179517 0.0886818 0.000320514 -0.000783693 -0.000258552 0.000320514 0.00995769 -0.0182743 0.000320943 -0.000783693 -0.0182743 0.0896002 
0.00971722 -0.0179544 -0.000237128 0.00032374 -0.0179544 0.0886961 0.000317681 -0.000805531 -0.000237128 0.000317681 0.00996252 -0.0182541 0.00032374 -0.000805531 -0.0182541 0.0895284 
0.00971488 -0.0179474 -0.000220564 0.000298576 -0.0179474 0.0887084 0.000288209 -0.000764675 -0.000220564 0.000288209 0.00996517 -0.0182443 0.000298576 -0.000764675 -0.0182443 0.0894728 
0.00973854 -0.0179639 -0.000177148 0.000251721 -0.0179639 0.0887552 0.000244232 -0.000645087 -0.000177148 0.000244232 0.00997974 -0.018244 0.000251721 -0.000645087 -0.018244 0.0894629 
0.00973128 -0.0179486 -0.000163383 0.00022331 -0.0179486 0.0886959 0.000223466 -0.000587873 -0.000163383 0.000223466 0.00997938 -0.0182961 0.00022331 -0.000587873 -0.0182961 0.0895728 
0.00971794 -0.0179175 -0.000149383 0.000227962 -0.0179175 0.0886001 0.000232065 -0.000600434 -0.000149383 0.000232065 0.00997341 -0.0183134 0.000227962 -0.000600434 -0.0183134 0.0896703 
0.00970233 -0.0178932 -0.000142617 0.000192872 -0.0178932 0.0885189 0.000196482 -0.000535736 -0.000142617 0.000196482 0.00999163 -0.0183161 0.000192872 -0.000535736 -0.0183161 0.0897201 
0.00971047 -0.0179193 -0.000136485 0.000175801 -0.0179193 0.0885765 0.000178494 -0.000468043 -0.000136485 0.000178494 0.00996728 -0.0182802 0.000175801 -0.000468043 -0.0182802 0.0896039 
0.00969631 -0.0179182 -0.000142529 0.000166495 -0.0179182 0.0885915 0.000165433 -0.000422028 -0.000142529 0.000165433 0.0099722 -0.0182591 0.000166495 -0.000422028 -0.0182591 0.0895287 
0.00972319 -0.0179112 -0.000153079 0.000174871 -0.0179112 0.0885978 0.000167228 -0.000414318 -0.000153079 0.000167228 0.00994271 -0.0182521 0.000174871 -0.000414318 -0.0182521 0.0894719 
0.009731 -0.0179385 -0.000169835 0.000219893 -0.0179385 0.0886324 0.000212063 -0.000518759 -0.000169835 0.000212063 0.0099269 -0.0182154 0.000219893 -0.000518759 -0.0182154 0.0893938 
0.00969862 -0.0179364 -0.000169433 0.00021937 -0.0179364 0.0886394 0.000216763 -0.000548091 -0.000169433 0.000216763 0.00996782 -0.0182179 0.00021937 -0.000548091 -0.0182179 0.0893929 
0.00967689 -0.0179092 -0.000180076 0.000217328 -0.0179092 0.0886124 0.000220804 -0.000559576 -0.000180076 0.000220804 0.0099842 -0.0182537 0.000217328 -0.000559576 -0.0182537 0.0894288 
0.00966114 -0.017874 -0.000189453 0.000231337 -0.017874 0.0885308 0.000234157 -0.000585141 -0.000189453 0.000234157 0.0099824 -0.0182856 0.000231337 -0.000585141 -0.0182856 0.0895195 
0.00967364 -0.0178809 -0.000185424 0.000245028 -0.0178809 0.0885383 0.000243682 -0.000615169 -0.000185424 0.000243682 0.00996833 -0.0182616 0.000245028 -0.000615169 -0.0182616 0.0895005 
