0.00724271 0 0.000381863 0 0 0.01 0 0 0.000381863 0 0.00741338 0 0 0 0 0.01 
0.0102305 -0.0127068 0.000438009 -0.00054166 -0.0127068 0.0335388 -0.00054166 0.00103851 0.000438009 -0.00054166 0.0104343 -0.0129558 -0.00054166 0.00103851 -0.0129558 0.0340161 
0.0103514 -0.0193171 0.00028989 -0.000500382 -0.0193171 0.070943 -0.000500382 0.00160818 0.00028989 -0.000500382 0.0104584 -0.0195687 -0.000500382 0.00160818 -0.0195687 0.0717283 
0.00974943 -0.0190446 0.000280852 -0.000375881 -0.0190446 0.0851494 -0.000387262 0.00135136 0.000280852 -0.000387262 0.00989437 -0.0191495 -0.000375881 0.00135136 -0.0191495 0.0855797 
0.00973683 -0.0183355 0.000328952 -0.000344342 -0.0183355 0.088367 -0.000364354 0.00093863 0.000328952 -0.000364354 0.00987328 -0.0184348 -0.000344342 0.00093863 -0.0184348 0.0884873 
0.0098718 -0.0182238 0.000393874 -0.000444764 -0.0182238 0.0891885 -0.000464338 0.00100491 0.000393874 -0.000464338 0.0100322 -0.0183442 -0.000444764 0.00100491 -0.0183442 0.0893297 
0.00999006 -0.0182719 0.000428776 -0.000567437 -0.0182719 0.0895585 -0.000578686 0.0013279 0.000428776 -0.000578686 0.0101017 -0.0184671 -0.000567437 0.0013279 -0.0184671 0.0899058 
0.0100682 -0.0183526 0.000419148 -0.00058805 -0.0183526 0.0897804 -0.000592574 0.00149441 0.000419148 -0.000592574 0.0101149 -0.0184888 -0.00058805 0.00149441 -0.0184888 0.090137 
0.0100673 -0.0183985 0.000409288 -0.000550796 -0.0183985 0.0898667 -0.000549952 0.0014677 0.000409288 -0.000549952 0.0101321 -0.0184849 -0.000550796 0.0014677 -0.0184849 0.0901631 
0.0100589 -0.0184194 0.000395237 -0.000517062 -0.0184194 0.0899451 -0.000513803 0.00136457 0.000395237 -0.000513803 0.0101495 -0.0184792 -0.000517062 0.00136457 -0.0184792 0.0901164 
0.0100317 -0.0184097 0.000387724 -0.000510162 -0.0184097 0.0899464 -0.000509512 0.00132208 0.000387724 -0.000509512 0.0101688 -0.0184966 -0.000510162 0.00132208 -0.0184966 0.0901189 
0.00997875 -0.0183767 0.000375603 -0.000490432 -0.0183767 0.0898918 -0.00049035 0.00126759 0.000375603 -0.00049035 0.0101982 -0.0185349 -0.000490432 0.00126759 -0.0185349 0.0902033 
0.00993404 -0.018316 0.000376242 -0.000481445 -0.018316 0.0897833 -0.000479388 0.00123474 0.000376242 -0.000479388 0.0102106 -0.0185772 -0.000481445 0.00123474 -0.0185772 0.0903141 
0.00992669 -0.0182602 0.000343948 -0.000451342 -0.0182602 0.0896479 -0.000449857 0.00114234 0.000343948 -0.000449857 0.0101906 -0.0185943 -0.000451342 0.00114234 -0.0185943 0.0903892 
0.00997696 -0.0182547 0.000352874 -0.000454432 -0.0182547 0.0895963 -0.00045675 0.00116464 0.000352874 -0.00045675 0.0101378 -0.0185685 -0.000454432 0.00116464 -0.0185685 0.0903812 
0.00995689 -0.0183141 0.00036026 -0.00047724 -0.0183141 0.0896728 -0.000480899 0.00122443 0.00036026 -0.000480899 0.0101414 -0.0184954 -0.00047724 0.00122443 -0.0184954 0.0902419 
0.00996433 -0.0183115 0.000371046 -0.000493056 -0.0183115 0.0897437 -0.000493151 0.00127949 0.000371046 -0.000493151 0.0101328 -0.0184801 -0.000493056 0.00127949 -0.0184801 0.09013 
0.00996128 -0.018291 0.000346196 -0.000475593 -0.018291 0.0896897 -0.000469711 0.00123199 0.000346196 -0.000469711 0.0101317 -0.0184957 -0.000475593 0.00123199 -0.0184957 0.090148 
0.00995252 -0.0182792 0.000315304 -0.000425394 -0.0182792 0.0896376 -0.000415935 0.00110546 0.000315304 -0.000415935 0.0101222 -0.0184925 -0.000425394 0.00110546 -0.0184925 0.0901458 
0.00993923 -0.0182742 0.000307756 -0.000399206 -0.0182742 0.089624 -0.000393098 0.00102906 0.000307756 -0.000393098 0.0101276 -0.0184856 -0.000399206 0.00102906 -0.0184856 0.090142 
0.00991904 -0.0182882 0.000331031 -0.000396427 -0.0182882 0.0896786 -0.00039776 0.00101347 0.000331031 -0.00039776 0.0101476 -0.0184632 -0.000396427 0.00101347 -0.0184632 0.0900713 
0.00993302 -0.0182588 0.000349615 -0.000443988 -0.0182588 0.0896428 -0.000452299 0.00110977 0.000349615 -0.000452299 0.0101124 -0.0184731 -0.000443988 0.00110977 -0.0184731 0.0900404 
0.00997126 -0.0182712 0.00032655 -0.000426581 -0.0182712 0.0896396 -0.000433776 0.00108704 0.00032655 -0.000433776 0.0100613 -0.0184475 -0.000426581 0.00108704 -0.0184475 0.0900184 
0.00998669 -0.018318 0.000306151 -0.00039895 -0.018318 0.0897193 -0.000401674 0.00102327 0.000306151 -0.000401674 0.0100228 -0.0183847 -0.00039895 0.00102327 -0.0183847 0.0899054 
0.00999546 -0.0183293 0.000306846 -0.000396753 -0.0183293 0.0897703 -0.000396081 0.00101429 0.000306846 -0.000396081 0.0100125 -0.0183495 -0.000396753 0.00101429 -0.0183495 0.0898173 
0.00998883 -0.0183332 0.000319008 -0.000392811 -0.0183332 0.0897863 -0.000389673 0.000999828 0.000319008 -0.000389673 0.0100368 -0.0183543 -0.000392811 0.000999828 -0.0183543 0.0898212 
0.00996964 -0.0183031 0.000328336 -0.000408399 -0.0183031 0.0897136 -0.000405483 0.00101771 0.000328336 -0.000405483 0.0100533 -0.0184003 -0.000408399 0.00101771 -0.0184003 0.0899171 
0.00994428 -0.0183003 0.000334025 -0.000449981 -0.0183003 0.0896956 -0.000453326 0.00113324 0.000334025 -0.000453326 0.0100467 -0.0183892 -0.000449981 0.00113324 -0.0183892 0.0899108 
0.00992711 -0.0182801 0.000324592 -0.000443224 -0.0182801 0.0896767 -0.000447864 0.00115985 0.000324592 -0.000447864 0.0100617 -0.0183833 -0.000443224 0.00115985 -0.0183833 0.0899041 
0.00991233 -0.0182458 0.000317628 -0.000399829 -0.0182458 0.0895971 -0.000398072 0.00105619 0.000317628 -0.000398072 0.0100975 -0.0184191 -0.000399829 0.00105619 -0.0184191 0.089977 
0.0099179 -0.018226 0.000335801 -0.000408351 -0.018226 0.0895304 -0.000401093 0.00103499 0.000335801 -0.000401093 0.0100971 -0.0184632 -0.000408351 0.00103499 -0.0184632 0.0900749 
0.00993099 -0.0182431 0.000356131 -0.00043042 -0.0182431 0.0895506 -0.000423961 0.00106662 0.000356131 -0.000423961 0.0100992 -0.0184631 -0.00043042 0.00106662 -0.0184631 0.0901189 
0.00992015 -0.0182416 0.000365086 -0.000450011 -0.0182416 0.0895416 -0.000445204 0.00111039 0.000365086 -0.000445204 0.010102 -0.0184682 -0.000450011 0.00111039 -0.0184682 0.0901287 
0.0099341 -0.0182287 0.000367643 -0.000456131 -0.0182287 0.0895219 -0.000456195 0.00114029 0.000367643 -0.000456195 0.0100922 -0.0184785 -0.000456131 0.00114029 -0.0184785 0.0901564 
0.00993392 -0.0182559 0.000349802 -0.000442956 -0.0182559 0.0895632 -0.000446651 0.00111764 0.000349802 -0.000446651 0.0100901 -0.0184536 -0.000442956 0.00111764 -0.0184536 0.0901123 
0.00994885 -0.0182915 0.000345758 -0.000436315 -0.0182915 0.0896838 -0.000438551 0.00110968 0.000345758 -0.000438551 0.0100798 -0.0184157 -0.000436315 0.00110968 -0.0184157 0.0899914 
0.00994311 -0.0183023 0.000328886 -0.000426722 -0.0183023 0.089732 -0.000423695 0.00107386 0.000328886 -0.000423695 0.0100687 -0.0183919 -0.000426722 0.00107386 -0.0183919 0.0898856 
0.00992066 -0.0182601 0.000310546 -0.000425696 -0.0182601 0.0896376 -0.000419489 0.00107651 0.000310546 -0.000419489 0.0100575 -0.0183933 -0.000425696 0.00107651 -0.0183933 0.0898596 
0.00988623 -0.0182026 0.00028244 -0.000393488 -0.0182026 0.0894684 -0.000393583 0.00102276 0.00028244 -0.000393583 0.0100718 -0.0184148 -0.000393488 0.00102276 -0.0184148 0.0899348 
0.00986839 -0.018163 0.000247493 -0.000355247 -0.018163 0.0893426 -0.000359357 0.000940489 0.000247493 -0.000359357 0.0100857 -0.0184323 -0.000355247 0.000940489 -0.0184323 0.0899935 
0.00986743 -0.0181602 0.000239196 -0.000323999 -0.0181602 0.0893122 -0.000330654 0.000874128 0.000239196 -0.000330654 0.010072 -0.0184268 -0.000323999 0.000874128 -0.0184268 0.0899815 
0.00988373 -0.018179 0.000252868 -0.000315121 -0.018179 0.0893597 -0.000323067 0.000835889 0.000252868 -0.000323067 0.0100402 -0.0183924 -0.000315121 0.000835889 -0.0183924 0.0899044 
0.00991801 -0.018187 0.000289216 -0.000353272 -0.018187 0.0893857 -0.000362086 0.000909145 0.000289216 -0.000362086 0.010013 -0.0183675 -0.000353272 0.000909145 -0.0183675 0.089849 
0.00996439 -0.0182462 0.000283134 -0.00035484 -0.0182462 0.0895067 -0.000360636 0.00089815 0.000283134 -0.000360636 0.00998457 -0.0183206 -0.00035484 0.00089815 -0.0183206 0.0897356 
0.00995975 -0.0182967 0.000297056 -0.000356114 -0.0182967 0.0896337 -0.000358417 0.000902174 0.000297056 -0.000358417 0.00999593 -0.0182907 -0.000356114 0.000902174 -0.0182907 0.0896431 
0.00990985 -0.0182861 0.000300751 -0.000356668 -0.0182861 0.0896597 -0.000357825 0.000880876 0.000300751 -0.000357825 0.0100234 -0.0183072 -0.000356668 0.000880876 -0.0183072 0.0896361 
0.00989288 -0.0182312 0.000306153 -0.000367781 -0.0182312 0.089589 -0.000368532 0.000901789 0.000306153 -0.000368532 0.0100555 -0.0183548 -0.000367781 0.000901789 -0.0183548 0.089744 
0.00988757 -0.0181849 0.000311869 -0.000403645 -0.0181849 0.0894445 -0.000404929 0.000999375 0.000311869 -0.000404929 0.0100791 -0.0184128 -0.000403645 0.000999375 -0.0184128 0.0899069 
0.00993385 -0.0181954 0.000330832 -0.00042758 -0.0181954 0.0894283 -0.000430772 0.00109827 0.000330832 -0.000430772 0.0100847 -0.0184394 -0.00042758 0.00109827 -0.0184394 0.090015 
0.00996051 -0.0182759 0.000339782 -0.00043572 -0.0182759 0.0895741 -0.000438834 0.00112852 0.000339782 -0.000438834 0.0100671 -0.0184145 -0.00043572 0.00112852 -0.0184145 0.0899708 
0.00997162 -0.018317 0.00033134 -0.000426155 -0.018317 0.0897218 -0.000425824 0.00109594 0.00033134 -0.000425824 0.0100496 -0.0183987 -0.000426155 0.00109594 -0.0183987 0.0899322 
0.00997814 -0.0183239 0.000318911 -0.000422902 -0.0183239 0.0897798 -0.000423394 0.00108322 0.000318911 -0.000423394 0.0100364 -0.0183886 -0.000422902 0.00108322 -0.0183886 0.0899186 
0.0100052 -0.0183324 0.000313768 -0.000400565 -0.0183324 0.0898151 -0.000399597 0.00103964 0.000313768 -0.000399597 0.0100182 -0.0183754 -0.000400565 0.00103964 -0.0183754 0.0898963 
0.0100485 -0.0183393 0.000327685 -0.000383852 -0.0183393 0.0898063 -0.000380941 0.000978502 0.000327685 -0.000380941 0.00999214 -0.0183821 -0.000383852 0.000978502 -0.0183821 0.0899307 
0.010062 -0.0183721 0.000345384 -0.000408856 -0.0183721 0.0898319 -0.0004064 0.000999896 0.000345384 -0.0004064 0.0100016 -0.018369 -0.000408856 0.000999896 -0.018369 0.0899436 
0.0100758 -0.0184286 0.000366685 -0.000456889 -0.0184286 0.0899797 -0.000459611 0.00112363 0.000366685 -0.000459611 0.00999073 -0.0183301 -0.000456889 0.00112363 -0.0183301 0.0898217 
0.0100845 -0.0184498 0.000358049 -0.000460353 -0.0184498 0.0900767 -0.000466977 0.00116111 0.000358049 -0.000466977 0.00997941 -0.0183154 -0.000460353 0.00116111 -0.0183154 0.0897471 
0.0100863 -0.0184626 0.00033294 -0.000454644 -0.0184626 0.0901264 -0.000456738 0.00116054 0.00033294 -0.000456738 0.00995359 -0.0182841 -0.000454644 0.00116054 -0.0182841 0.0896487 
0.0100914 -0.0184424 0.000316569 -0.00040978 -0.0184424 0.0900883 -0.00040125 0.00105838 0.000316569 -0.00040125 0.00993414 -0.0182878 -0.00040978 0.00105838 -0.0182878 0.0896634 
0.0100623 -0.0184408 0.000296637 -0.000371871 -0.0184408 0.0900545 -0.000358865 0.000926395 0.000296637 -0.000358865 0.00995465 -0.0182684 -0.000371871 0.000926395 -0.0182684 0.0896461 
0.0100254 -0.0183971 0.000309424 -0.00040433 -0.0183971 0.089966 -0.000397423 0.000995098 0.000309424 -0.000397423 0.00998394 -0.0182888 -0.00040433 0.000995098 -0.0182888 0.089663 
0.00998377 -0.0183682 0.000337095 -0.000420929 -0.0183682 0.0898944 -0.000424557 0.00107173 0.000337095 -0.000424557 0.0100273 -0.0183065 -0.000420929 0.00107173 -0.0183065 0.0896859 
0.00992606 -0.0183086 0.000321067 -0.000419169 -0.0183086 0.0897572 -0.000427039 0.00106537 0.000321067 -0.000427039 0.0100626 -0.0183617 -0.000419169 0.00106537 -0.0183617 0.0897806 
0.00988493 -0.018243 0.000307449 -0.000407989 -0.018243 0.0896043 -0.000411693 0.00105023 0.000307449 -0.000411693 0.0100733 -0.0183957 -0.000407989 0.00105023 -0.0183957 0.0898648 
0.00989191 -0.0181802 0.000292223 -0.000376108 -0.0181802 0.0894357 -0.000372462 0.000969215 0.000292223 -0.000372462 0.0100436 -0.0184236 -0.000376108 0.000969215 -0.0184236 0.0899567 
0.00992591 -0.0181752 0.000286362 -0.00037661 -0.0181752 0.0893408 -0.000373263 0.000952371 0.000286362 -0.000373263 0.00998541 -0.0183815 -0.00037661 0.000952371 -0.0183815 0.0899145 
0.00994267 -0.0182018 0.000288268 -0.000381784 -0.0182018 0.0893376 -0.000383939 0.000979011 0.000288268 -0.000383939 0.00994027 -0.0183106 -0.000381784 0.000979011 -0.0183106 0.0897731 
0.00994845 -0.0182422 0.000310781 -0.00038814 -0.0182422 0.0894317 -0.000395801 0.00101374 0.000310781 -0.000395801 0.00992439 -0.018231 -0.00038814 0.00101374 -0.018231 0.0895565 
0.00995671 -0.0182636 0.000297627 -0.000381506 -0.0182636 0.0895214 -0.000391149 0.000984449 0.000297627 -0.000391149 0.00993627 -0.0182036 -0.000381506 0.000984449 -0.0182036 0.0894179 
0.00995643 -0.0182737 0.000265923 -0.000356938 -0.0182737 0.0895691 -0.000364814 0.000924615 0.000265923 -0.000364814 0.00995912 -0.0182265 -0.000356938 0.000924615 -0.0182265 0.0894187 
0.00996761 -0.0182588 0.000252262 -0.000336753 -0.0182588 0.0895435 -0.000339669 0.000880591 0.000252262 -0.000339669 0.00996207 -0.0182815 -0.000336753 0.000880591 -0.0182815 0.0895538 
0.0099856 -0.0182826 0.000234143 -0.000326985 -0.0182826 0.0895795 -0.000323263 0.000842255 0.000234143 -0.000323263 0.00993794 -0.0182795 -0.000326985 0.000842255 -0.0182795 0.0896077 
0.00995757 -0.0182981 0.000253859 -0.000325158 -0.0182981 0.0896163 -0.000317339 0.000841262 0.000253859 -0.000317339 0.00993444 -0.0182488 -0.000325158 0.000841262 -0.0182488 0.0895697 
0.00993867 -0.0182678 0.000262049 -0.000315351 -0.0182678 0.0895971 -0.000310102 0.000793765 0.000262049 -0.000310102 0.0099426 -0.0182504 -0.000315351 0.000793765 -0.0182504 0.089561 
0.00991231 -0.0182345 0.000243483 -0.000329127 -0.0182345 0.0895166 -0.000329482 0.000814097 0.000243483 -0.000329482 0.00996997 -0.0182688 -0.000329127 0.000814097 -0.0182688 0.0896014 
0.00991817 -0.0182104 0.000261377 -0.000322591 -0.0182104 0.0894599 -0.000327445 0.00084164 0.000261377 -0.000327445 0.00998596 -0.0183004 -0.000322591 0.00084164 -0.0183004 0.0896684 
0.00992184 -0.018231 0.000309451 -0.000361847 -0.018231 0.089484 -0.000367927 0.000929489 0.000309451 -0.000367927 0.010007 -0.0183089 -0.000361847 0.000929489 -0.0183089 0.0896996 
0.00994947 -0.0182383 0.000345364 -0.000406795 -0.0182383 0.0895174 -0.000411106 0.00102058 0.000345364 -0.000411106 0.0100179 -0.0183433 -0.000406795 0.00102058 -0.0183433 0.0897712 
0.0099819 -0.0182901 0.000357135 -0.000423159 -0.0182901 0.0896269 -0.000422767 0.00104655 0.000357135 -0.000422767 0.0100233 -0.0183377 -0.000423159 0.00104655 -0.0183377 0.089768 
0.00997686 -0.018324 0.000347002 -0.000442363 -0.018324 0.089718 -0.000437261 0.00108451 0.000347002 -0.000437261 0.0100309 -0.0183516 -0.000442363 0.00108451 -0.0183516 0.0897925 
0.0099625 -0.0182914 0.000340373 -0.000449108 -0.0182914 0.0896766 -0.000442133 0.00112942 0.000340373 -0.000442133 0.010065 -0.0184046 -0.000449108 0.00112942 -0.0184046 0.0899453 
0.00999465 -0.018288 0.000327063 -0.000417995 -0.018288 0.0896654 -0.000406105 0.00106225 0.000327063 -0.000406105 0.0100733 -0.0184452 -0.000417995 0.00106225 -0.0184452 0.0900712 
0.0100051 -0.0183278 0.000329131 -0.000408266 -0.0183278 0.0897233 -0.000394133 0.00101864 0.000329131 -0.000394133 0.0100856 -0.0184565 -0.000408266 0.00101864 -0.0184565 0.0901352 
0.0100186 -0.0183612 0.000340082 -0.000432115 -0.0183612 0.0898317 -0.000422295 0.00106594 0.000340082 -0.000422295 0.0100712 -0.0184464 -0.000432115 0.00106594 -0.0184464 0.0901081 
0.010033 -0.0183607 0.000346024 -0.000448596 -0.0183607 0.0898481 -0.000446578 0.00112745 0.000346024 -0.000446578 0.0100425 -0.0184313 -0.000448596 0.00112745 -0.0184313 0.0900706 
0.0100846 -0.0183851 0.0003419 -0.000435243 -0.0183851 0.0899011 -0.00043953 0.00111759 0.0003419 -0.00043953 0.0099989 -0.0183946 -0.000435243 0.00111759 -0.0183946 0.0899923 
0.0101048 -0.0184356 0.000323701 -0.000420715 -0.0184356 0.0899881 -0.000430146 0.00108431 0.000323701 -0.000430146 0.00998973 -0.0183483 -0.000420715 0.00108431 -0.0183483 0.0898871 
0.0100922 -0.0184562 0.000302356 -0.000409387 -0.0184562 0.0900542 -0.000421522 0.00106989 0.000302356 -0.000421522 0.0100032 -0.018338 -0.000409387 0.00106989 -0.018338 0.0898238 
0.0101041 -0.0184675 0.000290203 -0.00038852 -0.0184675 0.0901356 -0.000400003 0.00103602 0.000290203 -0.000400003 0.0100286 -0.0183543 -0.00038852 0.00103602 -0.0183543 0.0898366 
0.0100941 -0.0185019 0.000295344 -0.000353683 -0.0185019 0.090233 -0.000362004 0.000939463 0.000295344 -0.000362004 0.0100692 -0.0183623 -0.000353683 0.000939463 -0.0183623 0.0898301 
0.0100915 -0.0184953 0.000327453 -0.000381018 -0.0184953 0.0902669 -0.000383558 0.000952634 0.000327453 -0.000383558 0.0100814 -0.0183995 -0.000381018 0.000952634 -0.0183995 0.0898721 
0.0100955 -0.0184792 0.000345285 -0.000420804 -0.0184792 0.0902302 -0.000417993 0.00102125 0.000345285 -0.000417993 0.0100818 -0.0184326 -0.000420804 0.00102125 -0.0184326 0.0899713 
0.0100645 -0.0184569 0.000345244 -0.000458217 -0.0184569 0.0901433 -0.000452637 0.00112168 0.000345244 -0.000452637 0.0100897 -0.0184486 -0.000458217 0.00112168 -0.0184486 0.0900525 
0.0100271 -0.0184255 0.000316796 -0.000439776 -0.0184255 0.0900673 -0.000430728 0.00111072 0.000316796 -0.000430728 0.0101039 -0.0184535 -0.000439776 0.00111072 -0.0184535 0.0900834 
0.0100251 -0.0183738 0.000320929 -0.000411679 -0.0183738 0.0899506 -0.000404431 0.00106682 0.000320929 -0.000404431 0.0100993 -0.0184809 -0.000411679 0.00106682 -0.0184809 0.0901516 
0.0100262 -0.018363 0.000331676 -0.000414072 -0.018363 0.0898681 -0.000411533 0.00104721 0.000331676 -0.000411533 0.0100744 -0.0184676 -0.000414072 0.00104721 -0.0184676 0.090147 
0.0100322 -0.0183682 0.000336886 -0.000427053 -0.0183682 0.08986 -0.000426246 0.00106678 0.000336886 -0.000426246 0.0100526 -0.0184305 -0.000427053 0.00106678 -0.0184305 0.0900712 
0.0100044 -0.0183764 0.000335616 -0.000441018 -0.0183764 0.0898752 -0.00043896 0.00110549 0.000335616 -0.00043896 0.0100698 -0.018401 -0.000441018 0.00110549 -0.018401 0.0899874 
0.00999993 -0.0183419 0.000333705 -0.000434189 -0.0183419 0.0898213 -0.000433822 0.00110822 0.000333705 -0.000433822 0.0100631 -0.0184109 -0.000434189 0.00110822 -0.0184109 0.0899551 
0.0100006 -0.0183231 0.000350483 -0.000439501 -0.0183231 0.0897472 -0.000442917 0.00112846 0.000350483 -0.000442917 0.0100583 -0.0184151 -0.000439501 0.00112846 -0.0184151 0.0899736 
0.00997782 -0.0183179 0.000369608 -0.000452914 -0.0183179 0.089706 -0.000457002 0.00114715 0.000369608 -0.000457002 0.0100611 -0.0184082 -0.000452914 0.00114715 -0.0184082 0.089962 
0.00998456 -0.0183048 0.000379458 -0.000466307 -0.0183048 0.0896953 -0.000468524 0.00116751 0.000379458 -0.000468524 0.0100502 -0.0184144 -0.000466307 0.00116751 -0.0184144 0.0899758 
0.0100329 -0.0183219 0.000374979 -0.000464042 -0.0183219 0.0897298 -0.000466234 0.00115967 0.000374979 -0.000466234 0.0100164 -0.0184114 -0.000464042 0.00115967 -0.0184114 0.0899986 
0.0100685 -0.0183916 0.000393348 -0.000467927 -0.0183916 0.089877 -0.000470834 0.00117713 0.000393348 -0.000470834 0.0100052 -0.0183727 -0.000467927 0.00117713 -0.0183727 0.0899486 
0.0100695 -0.018459 0.000375442 -0.000481288 -0.018459 0.090077 -0.000482456 0.00118942 0.000375442 -0.000482456 0.0100137 -0.0183304 -0.000481288 0.00118942 -0.0183304 0.0898177 
0.0100503 -0.0184636 0.000336078 -0.000459868 -0.0184636 0.0901697 -0.000459652 0.00116567 0.000336078 -0.000459652 0.010025 -0.0183338 -0.000459868 0.00116567 -0.0183338 0.0897585 
0.0100289 -0.0184381 0.000288469 -0.000416659 -0.0184381 0.0901544 -0.000411546 0.0010835 0.000288469 -0.000411546 0.0100489 -0.018346 -0.000416659 0.0010835 -0.018346 0.0897609 
0.0100257 -0.0183931 0.000286737 -0.000416901 -0.0183931 0.0900453 -0.000405578 0.00110028 0.000286737 -0.000405578 0.0100317 -0.0183699 -0.000416901 0.00110028 -0.0183699 0.089792 
0.0100153 -0.0183538 0.000284588 -0.000370359 -0.0183538 0.0898918 -0.000359864 0.000988553 0.000284588 -0.000359864 0.0100336 -0.0183864 -0.000370359 0.000988553 -0.0183864 0.0898768 
0.00997758 -0.0183123 0.000298671 -0.000377593 -0.0183123 0.0897309 -0.000372682 0.000964819 0.000298671 -0.000372682 0.0100312 -0.0183981 -0.000377593 0.000964819 -0.0183981 0.0899291 
0.00994212 -0.0183017 0.000301599 -0.000376855 -0.0183017 0.0896972 -0.000381809 0.000955577 0.000301599 -0.000381809 0.0100404 -0.0183673 -0.000376855 0.000955577 -0.0183673 0.0898723 
0.00992594 -0.0182782 0.00029461 -0.000363754 -0.0182782 0.0896758 -0.000376359 0.000927468 0.00029461 -0.000376359 0.0100586 -0.018366 -0.000363754 0.000927468 -0.018366 0.0898329 
0.00994011 -0.0182533 0.000287708 -0.000361937 -0.0182533 0.0896165 -0.000374134 0.000922437 0.000287708 -0.000374134 0.0100539 -0.0183922 -0.000361937 0.000922437 -0.0183922 0.0898687 
0.00997815 -0.0182723 0.000303544 -0.000363091 -0.0182723 0.0896229 -0.000373662 0.000929743 0.000303544 -0.000373662 0.0100395 -0.0183873 -0.000363091 0.000929743 -0.0183873 0.0898843 
0.0100053 -0.0183159 0.000337163 -0.000421348 -0.0183159 0.089694 -0.000428292 0.00106129 0.000337163 -0.000428292 0.010009 -0.0183653 -0.000421348 0.00106129 -0.0183653 0.0898446 
0.0100103 -0.0183434 0.000319439 -0.000435028 -0.0183434 0.0897664 -0.000436987 0.0011052 0.000319439 -0.000436987 0.0100115 -0.0183531 -0.000435028 0.0011052 -0.0183531 0.0898447 
0.00999519 -0.0183336 0.00030898 -0.00040551 -0.0183336 0.089755 -0.000404448 0.00106302 0.00030898 -0.000404448 0.0100351 -0.0183635 -0.00040551 0.00106302 -0.0183635 0.0898671 
0.0100045 -0.0183266 0.000309337 -0.000376126 -0.0183266 0.0897463 -0.000375814 0.000975418 0.000309337 -0.000375814 0.0100543 -0.0183921 -0.000376126 0.000975418 -0.0183921 0.0899282 
0.0100222 -0.0183343 0.000310184 -0.000394224 -0.0183343 0.0897433 -0.000395371 0.000986198 0.000310184 -0.000395371 0.0100292 -0.0184078 -0.000394224 0.000986198 -0.0184078 0.0899679 
0.0100513 -0.018352 0.000309005 -0.000401054 -0.018352 0.0897758 -0.000403051 0.00101438 0.000309005 -0.000403051 0.0099997 -0.0183923 -0.000401054 0.00101438 -0.0183923 0.0899791 
0.0100809 -0.0184147 0.00031163 -0.000374883 -0.0184147 0.0899296 -0.000372076 0.000953507 0.00031163 -0.000372076 0.0100258 -0.0183565 -0.000374883 0.000953507 -0.0183565 0.0899271 
0.0100819 -0.0184434 0.000318109 -0.000407266 -0.0184434 0.0900245 -0.000401676 0.00100085 0.000318109 -0.000401676 0.0100215 -0.0183705 -0.000407266 0.00100085 -0.0183705 0.0898887 
0.0100684 -0.0184423 0.000315024 -0.000409939 -0.0184423 0.0900553 -0.000400589 0.00101957 0.000315024 -0.000400589 0.010018 -0.0183702 -0.000409939 0.00101957 -0.0183702 0.0898913 
0.0100521 -0.0184323 0.000334651 -0.000435515 -0.0184323 0.0900574 -0.000423846 0.00109196 0.000334651 -0.000423846 0.0100112 -0.0183534 -0.000435515 0.00109196 -0.0183534 0.0898487 
0.0100252 -0.0183811 0.000346284 -0.000447162 -0.0183811 0.0899387 -0.000438092 0.00113118 0.000346284 -0.000438092 0.0100263 -0.0183786 -0.000447162 0.00113118 -0.0183786 0.0899092 
0.0100206 -0.0183612 0.00035822 -0.000450508 -0.0183612 0.0898731 -0.000453087 0.00115853 0.00035822 -0.000453087 0.0100439 -0.018392 -0.000450508 0.00115853 -0.018392 0.0899544 
0.0100252 -0.0183621 0.000381479 -0.000460308 -0.0183621 0.0898585 -0.000471596 0.00119004 0.000381479 -0.000471596 0.0100622 -0.0184007 -0.000460308 0.00119004 -0.0184007 0.0899667 
0.0100411 -0.018387 0.000373048 -0.000456298 -0.018387 0.0899211 -0.000467362 0.00116304 0.000373048 -0.000467362 0.0101059 -0.0184277 -0.000456298 0.00116304 -0.0184277 0.0900216 
0.01008 -0.0184076 0.000361925 -0.000467067 -0.0184076 0.0899778 -0.000472232 0.00118338 0.000361925 -0.000472232 0.0100974 -0.0184753 -0.000467067 0.00118338 -0.0184753 0.0901073 
0.0101141 -0.0184739 0.000354682 -0.000459425 -0.0184739 0.0901304 -0.000459743 0.00117729 0.000354682 -0.000459743 0.0100832 -0.0184598 -0.000459425 0.00117729 -0.0184598 0.0901186 
0.0101308 -0.0185196 0.000343143 -0.000452866 -0.0185196 0.0902711 -0.000450923 0.00115582 0.000343143 -0.000450923 0.0100622 -0.0184358 -0.000452866 0.00115582 -0.0184358 0.0900707 
0.0101521 -0.0185408 0.000349532 -0.000430008 -0.0185408 0.0903625 -0.00042632 0.00110084 0.000349532 -0.00042632 0.010059 -0.0184225 -0.000430008 0.00110084 -0.0184225 0.0900466 
0.0101715 -0.0185508 0.000374884 -0.000458691 -0.0185508 0.0903917 -0.00045417 0.00114308 0.000374884 -0.00045417 0.0100601 -0.0184341 -0.000458691 0.00114308 -0.0184341 0.0900711 
0.0101652 -0.0185439 0.000404093 -0.000495455 -0.0185439 0.0903478 -0.000492274 0.001228 0.000404093 -0.000492274 0.0100409 -0.0184453 -0.000495455 0.001228 -0.0184453 0.0901055 
0.0101617 -0.0185421 0.000397416 -0.000518506 -0.0185421 0.0903348 -0.000518137 0.00129264 0.000397416 -0.000518137 0.0100223 -0.01842 -0.000518506 0.00129264 -0.01842 0.090079 
0.010168 -0.0185436 0.000380598 -0.000492093 -0.0185436 0.0903353 -0.000494598 0.00126273 0.000380598 -0.000494598 0.00999792 -0.0183882 -0.000492093 0.00126273 -0.0183882 0.0900045 
0.0101809 -0.0185579 0.000362733 -0.000485908 -0.0185579 0.0903654 -0.000491261 0.00124961 0.000362733 -0.000491261 0.00997831 -0.0183512 -0.000485908 0.00124961 -0.0183512 0.0899128 
0.0101691 -0.0185798 0.000343385 -0.000444398 -0.0185798 0.0904192 -0.000449366 0.00116082 0.000343385 -0.000449366 0.00998367 -0.0183183 -0.000444398 0.00116082 -0.0183183 0.0898106 
0.010134 -0.0185679 0.000325518 -0.000414905 -0.0185679 0.0904259 -0.000418759 0.00106614 0.000325518 -0.000418759 0.010018 -0.0183217 -0.000414905 0.00106614 -0.0183217 0.0897713 
0.0101182 -0.0185187 0.000317466 -0.000401851 -0.0185187 0.0903403 -0.000405858 0.00101994 0.000317466 -0.000405858 0.010033 -0.0183621 -0.000401851 0.00101994 -0.0183621 0.0898205 
0.010117 -0.0184852 0.000324114 -0.000415223 -0.0184852 0.0902212 -0.000421485 0.00104791 0.000324114 -0.000421485 0.00999148 -0.0183678 -0.000415223 0.00104791 -0.0183678 0.0898367 
0.0100955 -0.0184825 0.000336011 -0.000439008 -0.0184825 0.0901725 -0.000444515 0.00111503 0.000336011 -0.000444515 0.00998451 -0.0183148 -0.000439008 0.00111503 -0.0183148 0.0897561 
0.0100448 -0.0184413 0.000310696 -0.000401916 -0.0184413 0.0900779 -0.000403444 0.00102537 0.000310696 -0.000403444 0.0100178 -0.0183304 -0.000401916 0.00102537 -0.0183304 0.0897659 
0.01002 -0.0183847 0.000328396 -0.000414985 -0.0183847 0.0899522 -0.000414618 0.00105357 0.000328396 -0.000414618 0.01001 -0.0183549 -0.000414985 0.00105357 -0.0183549 0.0897977 
0.0100272 -0.0183408 0.0003317 -0.000441399 -0.0183408 0.0898147 -0.000439255 0.00111161 0.0003317 -0.000439255 0.00997614 -0.0183537 -0.000441399 0.00111161 -0.0183537 0.0898242 
0.0100512 -0.0183436 0.000321861 -0.000417433 -0.0183436 0.0897618 -0.00041621 0.00107248 0.000321861 -0.00041621 0.00993616 -0.018318 -0.000417433 0.00107248 -0.018318 0.0897809 
0.0100804 -0.0183837 0.000323748 -0.000392839 -0.0183837 0.0898288 -0.000393708 0.00100775 0.000323748 -0.000393708 0.00993294 -0.0182722 -0.000392839 0.00100775 -0.0182722 0.089695 
0.010123 -0.0184274 0.000333417 -0.000422406 -0.0184274 0.0899344 -0.000424582 0.00105754 0.000333417 -0.000424582 0.00990228 -0.018246 -0.000422406 0.00105754 -0.018246 0.0895867 
0.0101247 -0.0185057 0.000340507 -0.000416304 -0.0185057 0.0901303 -0.00041656 0.00105403 0.000340507 -0.00041656 0.00991066 -0.0181916 -0.000416304 0.00105403 -0.0181916 0.0894459 
0.0100994 -0.0185142 0.000324669 -0.000435172 -0.0185142 0.0902342 -0.000434389 0.00108576 0.000324669 -0.000434389 0.00993778 -0.018197 -0.000435172 0.00108576 -0.018197 0.0893897 
