0.00734392 0 0.00040127 0 0 0.01 0 0 0.00040127 0 0.0073203 0 0 0 0 0.01 
0.0103432 -0.0128445 0.000475288 -0.000588856 -0.0128445 0.0338029 -0.000588856 0.00112933 0.000475288 -0.000588856 0.0103344 -0.0128339 -0.000588856 0.00112933 -0.0128339 0.0337821 
0.0104162 -0.0193744 0.000348034 -0.000660387 -0.0193744 0.0711131 -0.000660387 0.00212207 0.000348034 -0.000660387 0.0103373 -0.0194761 -0.000660387 0.00212207 -0.0194761 0.0714391 
0.00989068 -0.0190713 0.000301837 -0.000477734 -0.0190713 0.0851263 -0.000477938 0.00180512 0.000301837 -0.000477938 0.00968346 -0.0190309 -0.000477734 0.00180512 -0.0190309 0.085352 
0.00991407 -0.0184494 0.000310735 -0.000373775 -0.0184494 0.0884045 -0.000373371 0.00112419 0.000310735 -0.000373371 0.0096323 -0.018233 -0.000373775 0.00112419 -0.018233 0.0882205 
0.0100986 -0.0184262 0.000365484 -0.000408333 -0.0184262 0.089512 -0.000408194 0.000970285 0.000365484 -0.000408194 0.00982185 -0.0180986 -0.000408333 0.000970285 -0.0180986 0.0889472 
0.0101993 -0.018581 0.00040762 -0.000492166 -0.018581 0.0902155 -0.000495787 0.00112839 0.00040762 -0.000495787 0.00996707 -0.018208 -0.000492166 0.00112839 -0.018208 0.089358 
0.0102529 -0.0186357 0.000423541 -0.000538157 -0.0186357 0.0905259 -0.000544932 0.00130756 0.000423541 -0.000544932 0.0100057 -0.0183214 -0.000538157 0.00130756 -0.0183214 0.0896647 
0.0102464 -0.018663 0.000428898 -0.000555452 -0.018663 0.0906158 -0.000562572 0.00141226 0.000428898 -0.000562572 0.0100216 -0.0183408 -0.000555452 0.00141226 -0.0183408 0.0897689 
0.0102275 -0.0186385 0.000421881 -0.000541508 -0.0186385 0.0905815 -0.000546152 0.00140282 0.000421881 -0.000546152 0.0100613 -0.0183804 -0.000541508 0.00140282 -0.0183804 0.0898727 
0.0102698 -0.0186274 0.000424612 -0.000532853 -0.0186274 0.0905503 -0.00053028 0.00136584 0.000424612 -0.00053028 0.0100361 -0.0184239 -0.000532853 0.00136584 -0.0184239 0.0899685 
0.0102732 -0.0186605 0.000406323 -0.000527913 -0.0186605 0.0905635 -0.00052265 0.00132748 0.000406323 -0.00052265 0.0100502 -0.0184229 -0.000527913 0.00132748 -0.0184229 0.0900431 
0.0103347 -0.0186974 0.000434397 -0.000519468 -0.0186974 0.0906781 -0.000516361 0.00132075 0.000434397 -0.000516361 0.0100161 -0.0184181 -0.000519468 0.00132075 -0.0184181 0.090031 
0.0103649 -0.0187624 0.000445538 -0.000562361 -0.0187624 0.0908082 -0.000560181 0.00138668 0.000445538 -0.000560181 0.00996698 -0.0183708 -0.000562361 0.00138668 -0.0183708 0.0899401 
0.0103351 -0.018794 0.000442594 -0.000569874 -0.018794 0.0909157 -0.00056792 0.00142724 0.000442594 -0.00056792 0.00997601 -0.0183333 -0.000569874 0.00142724 -0.0183333 0.0898718 
0.010281 -0.0187605 0.000417263 -0.000530744 -0.0187605 0.0909058 -0.000529416 0.00134231 0.000417263 -0.000529416 0.0100185 -0.0183504 -0.000530744 0.00134231 -0.0183504 0.0898819 
0.0102147 -0.0186911 0.000402675 -0.000527306 -0.0186911 0.0907744 -0.000525361 0.00132779 0.000402675 -0.000525361 0.0100439 -0.0183901 -0.000527306 0.00132779 -0.0183901 0.0899432 
0.0101811 -0.0186151 0.000389122 -0.000518663 -0.0186151 0.0906031 -0.000515026 0.00131544 0.000389122 -0.000515026 0.0100231 -0.0184106 -0.000518663 0.00131544 -0.0184106 0.0899964 
0.0101995 -0.0185691 0.00036808 -0.00047671 -0.0185691 0.0904625 -0.000474367 0.00122207 0.00036808 -0.000474367 0.00999248 -0.0184022 -0.00047671 0.00122207 -0.0184022 0.090029 
0.0101781 -0.0185738 0.000358025 -0.000468629 -0.0185738 0.0903973 -0.000470107 0.00119481 0.000358025 -0.000470107 0.0100104 -0.0183687 -0.000468629 0.00119481 -0.0183687 0.0899826 
0.0101802 -0.0185533 0.000362819 -0.000472531 -0.0185533 0.0903555 -0.000477975 0.00121594 0.000362819 -0.000477975 0.0100037 -0.0183701 -0.000472531 0.00121594 -0.0183701 0.0899306 
0.0101954 -0.0185712 0.000351848 -0.00046061 -0.0185712 0.0903772 -0.000469394 0.00119338 0.000351848 -0.000469394 0.0099868 -0.0183431 -0.00046061 0.00119338 -0.0183431 0.0898527 
0.0102615 -0.0185997 0.000340622 -0.000435065 -0.0185997 0.0904458 -0.000442998 0.00113158 0.000340622 -0.000442998 0.00993335 -0.0183194 -0.000435065 0.00113158 -0.0183194 0.0897818 
0.010275 -0.018676 0.000316545 -0.000399871 -0.018676 0.0905887 -0.000402422 0.00102187 0.000316545 -0.000402422 0.00992924 -0.0182635 -0.000399871 0.00102187 -0.0182635 0.0896739 
0.0102344 -0.018665 0.000326034 -0.000421504 -0.018665 0.0906022 -0.000417475 0.0010562 0.000326034 -0.000417475 0.00991729 -0.0182612 -0.000421504 0.0010562 -0.0182612 0.0896197 
0.0101894 -0.0186277 0.000337569 -0.000427162 -0.0186277 0.0905625 -0.000419719 0.0010715 0.000337569 -0.000419719 0.00994307 -0.018254 -0.000427162 0.0010715 -0.018254 0.0896139 
0.0101579 -0.0185783 0.000326691 -0.000435672 -0.0185783 0.0904646 -0.000429045 0.0010846 0.000326691 -0.000429045 0.00997254 -0.018275 -0.000435672 0.0010846 -0.018275 0.0896339 
0.0101774 -0.018515 0.000314928 -0.000421541 -0.018515 0.0902882 -0.000419136 0.00107588 0.000314928 -0.000419136 0.00994092 -0.0183209 -0.000421541 0.00107588 -0.0183209 0.0897269 
0.0102041 -0.0185405 0.00031901 -0.000420484 -0.0185405 0.0902624 -0.000421648 0.00108839 0.00031901 -0.000421648 0.00990073 -0.0182837 -0.000420484 0.00108839 -0.0182837 0.0897139 
0.0102048 -0.0185954 0.000316248 -0.000408555 -0.0185954 0.0903874 -0.000411894 0.00105822 0.000316248 -0.000411894 0.00989363 -0.0182264 -0.000408555 0.00105822 -0.0182264 0.089597 
0.0101932 -0.0185977 0.000303612 -0.000386634 -0.0185977 0.0904546 -0.000391088 0.000993279 0.000303612 -0.000391088 0.00992294 -0.0182316 -0.000386634 0.000993279 -0.0182316 0.0895723 
0.0102336 -0.0185829 0.000311481 -0.000383023 -0.0185829 0.090445 -0.000388337 0.000978337 0.000311481 -0.000388337 0.00988668 -0.0182584 -0.000383023 0.000978337 -0.0182584 0.0896012 
0.0102852 -0.0186282 0.000330506 -0.000395279 -0.0186282 0.0905019 -0.00040006 0.00099419 0.000330506 -0.00040006 0.00985704 -0.018222 -0.000395279 0.00099419 -0.018222 0.0895744 
0.0102718 -0.0186734 0.000331516 -0.0004196 -0.0186734 0.0905769 -0.000423904 0.00104023 0.000331516 -0.000423904 0.00986136 -0.0181884 -0.0004196 0.00104023 -0.0181884 0.0894989 
0.0102497 -0.0186509 0.000330406 -0.000415917 -0.0186509 0.0905708 -0.000417623 0.00104855 0.000330406 -0.000417623 0.0098832 -0.0182039 -0.000415917 0.00104855 -0.0182039 0.0895037 
0.0102631 -0.0186391 0.000354647 -0.000433456 -0.0186391 0.0905555 -0.000431758 0.00109151 0.000354647 -0.000431758 0.00988194 -0.0182134 -0.000433456 0.00109151 -0.0182134 0.0895066 
0.0102589 -0.0186697 0.000365991 -0.000464058 -0.0186697 0.0906087 -0.000461527 0.00115831 0.000365991 -0.000461527 0.00989696 -0.0181975 -0.000464058 0.00115831 -0.0181975 0.0894685 
0.0102308 -0.0186445 0.000354488 -0.000475776 -0.0186445 0.0905729 -0.000474854 0.00120234 0.000354488 -0.000474854 0.00991116 -0.0182309 -0.000475776 0.00120234 -0.0182309 0.0895158 
0.0102275 -0.0186223 0.000338441 -0.000466627 -0.0186223 0.0905351 -0.000469253 0.00121579 0.000338441 -0.000469253 0.00989838 -0.0182401 -0.000466627 0.00121579 -0.0182401 0.0895483 
0.0102185 -0.0185922 0.000324197 -0.000417435 -0.0185922 0.0904344 -0.000422411 0.00110808 0.000324197 -0.000422411 0.00988387 -0.0182474 -0.000417435 0.00110808 -0.0182474 0.0896001 
0.0102258 -0.0185724 0.00032189 -0.000414482 -0.0185724 0.090355 -0.000419115 0.00106706 0.00032189 -0.000419115 0.00985284 -0.0182278 -0.000414482 0.00106706 -0.0182278 0.0895841 
0.0102466 -0.0185803 0.000325538 -0.000410887 -0.0185803 0.0903369 -0.000414647 0.00104818 0.000325538 -0.000414647 0.00980716 -0.0181823 -0.000410887 0.00104818 -0.0181823 0.0894892 
0.0102361 -0.0186135 0.000327103 -0.000409027 -0.0186135 0.090398 -0.0004136 0.00103616 0.000327103 -0.0004136 0.00981499 -0.0181273 -0.000409027 0.00103616 -0.0181273 0.089367 
0.0102159 -0.0186424 0.00030473 -0.000379247 -0.0186424 0.0905163 -0.000384149 0.000955962 0.00030473 -0.000384149 0.00982946 -0.0180948 -0.000379247 0.000955962 -0.0180948 0.0892193 
0.0102145 -0.0186131 0.000299561 -0.000355068 -0.0186131 0.0905095 -0.000356825 0.000887338 0.000299561 -0.000356825 0.00984197 -0.018128 -0.000355068 0.000887338 -0.018128 0.0892437 
0.0102202 -0.0185981 0.000306428 -0.000379474 -0.0185981 0.0904558 -0.00038216 0.000930292 0.000306428 -0.00038216 0.00982001 -0.0181433 -0.000379474 0.000930292 -0.0181433 0.0892851 
0.0101913 -0.0186013 0.000310986 -0.000389094 -0.0186013 0.0904405 -0.000394169 0.000972355 0.000310986 -0.000394169 0.00983003 -0.0181227 -0.000389094 0.000972355 -0.0181227 0.0892781 
0.010186 -0.0185776 0.000331391 -0.000409027 -0.0185776 0.0904221 -0.000412014 0.00103099 0.000331391 -0.000412014 0.00982381 -0.0181158 -0.000409027 0.00103099 -0.0181158 0.0892298 
0.0101677 -0.018561 0.000338667 -0.000443006 -0.018561 0.0903721 -0.000441776 0.00111183 0.000338667 -0.000441776 0.00984406 -0.0181194 -0.000443006 0.00111183 -0.0181194 0.0892331 
0.0101879 -0.0185177 0.00032593 -0.000429838 -0.0185177 0.0902568 -0.000428696 0.00110157 0.00032593 -0.000428696 0.00982794 -0.0181646 -0.000429838 0.00110157 -0.0181646 0.0893275 
0.0102045 -0.0185383 0.00032413 -0.000414018 -0.0185383 0.0902327 -0.000415269 0.00107368 0.00032413 -0.000415269 0.00981459 -0.018149 -0.000414018 0.00107368 -0.018149 0.089352 
0.010195 -0.0185509 0.000353953 -0.000435724 -0.0185509 0.0902443 -0.000439017 0.00112236 0.000353953 -0.000439017 0.00982661 -0.0181377 -0.000435724 0.00112236 -0.0181377 0.0893415 
0.0101915 -0.0185593 0.000363381 -0.000460836 -0.0185593 0.0902868 -0.000463254 0.00116996 0.000363381 -0.000463254 0.00983546 -0.0181328 -0.000460836 0.00116996 -0.0181328 0.089304 
0.0102046 -0.0185773 0.000357346 -0.000453207 -0.0185773 0.0903571 -0.000453259 0.00115553 0.000357346 -0.000453259 0.00982926 -0.0181285 -0.000453207 0.00115553 -0.0181285 0.0892677 
0.0102299 -0.0186118 0.000328397 -0.000420374 -0.0186118 0.0904602 -0.00041764 0.00106617 0.000328397 -0.00041764 0.00982547 -0.0181182 -0.000420374 0.00106617 -0.0181182 0.0892435 
0.0102277 -0.0186109 0.000312112 -0.000396758 -0.0186109 0.0904604 -0.000390892 0.000997177 0.000312112 -0.000390892 0.00981353 -0.0181357 -0.000396758 0.000997177 -0.0181357 0.0892794 
0.0102092 -0.0186008 0.000311663 -0.000392354 -0.0186008 0.0904353 -0.000387751 0.000979185 0.000311663 -0.000387751 0.00978272 -0.018113 -0.000392354 0.000979185 -0.018113 0.0892469 
0.0102026 -0.018594 0.0002978 -0.000381667 -0.018594 0.0904279 -0.000381279 0.000951388 0.0002978 -0.000381279 0.00974603 -0.0180449 -0.000381667 0.000951388 -0.0180449 0.089089 
0.0101897 -0.0185531 0.000274475 -0.000363703 -0.0185531 0.0903172 -0.00036657 0.000916605 0.000274475 -0.00036657 0.0097331 -0.0180216 -0.000363703 0.000916605 -0.0180216 0.0890109 
0.0101936 -0.0185411 0.000261045 -0.000313747 -0.0185411 0.0902553 -0.000316907 0.000804802 0.000261045 -0.000316907 0.00973687 -0.0180065 -0.000313747 0.000804802 -0.0180065 0.0889641 
0.0102163 -0.0185472 0.000296429 -0.000336042 -0.0185472 0.0902483 -0.000337862 0.000834091 0.000296429 -0.000337862 0.00973278 -0.0180107 -0.000336042 0.000834091 -0.0180107 0.0889503 
0.0102288 -0.0185797 0.000314855 -0.000383024 -0.0185797 0.0903003 -0.000384925 0.000929828 0.000314855 -0.000384925 0.00971807 -0.0179964 -0.000383024 0.000929828 -0.0179964 0.0889151 
0.0102217 -0.0186137 0.000301528 -0.00039832 -0.0186137 0.0903993 -0.000399595 0.000988748 0.000301528 -0.000399595 0.0096948 -0.0179594 -0.00039832 0.000988748 -0.0179594 0.0888221 
0.0102041 -0.0185833 0.000272625 -0.000367584 -0.0185833 0.0903734 -0.000367725 0.000942978 0.000272625 -0.000367725 0.00969851 -0.0179621 -0.000367584 0.000942978 -0.0179621 0.0888275 
0.0101698 -0.0185417 0.000234246 -0.000330214 -0.0185417 0.0902663 -0.000330251 0.000857705 0.000234246 -0.000330251 0.00973771 -0.0179846 -0.000330214 0.000857705 -0.0179846 0.0888888 
0.0101546 -0.0184986 0.000201283 -0.000276489 -0.0184986 0.0901527 -0.000276738 0.000728055 0.000201283 -0.000276738 0.00973762 -0.0180262 -0.000276489 0.000728055 -0.0180262 0.0889693 
0.010175 -0.018499 0.000217789 -0.000251715 -0.018499 0.09013 -0.000252206 0.00065351 0.000217789 -0.000252206 0.00968542 -0.0180003 -0.000251715 0.00065351 -0.0180003 0.0889342 
0.0101796 -0.0185358 0.000231401 -0.00026207 -0.0185358 0.0902007 -0.000264768 0.000635742 0.000231401 -0.000264768 0.00967447 -0.017931 -0.00026207 0.000635742 -0.017931 0.0888067 
0.0101656 -0.0185409 0.000251661 -0.000291488 -0.0185409 0.0902492 -0.000296627 0.000701905 0.000251661 -0.000296627 0.00969186 -0.0179237 -0.000291488 0.000701905 -0.0179237 0.0887418 
0.0101837 -0.018535 0.000257981 -0.000289335 -0.018535 0.090268 -0.00029818 0.000706455 0.000257981 -0.00029818 0.00969039 -0.0179404 -0.000289335 0.000706455 -0.0179404 0.0887471 
0.0102111 -0.0185516 0.000279599 -0.000318654 -0.0185516 0.09029 -0.000329886 0.0007817 0.000279599 -0.000329886 0.00969605 -0.0179476 -0.000318654 0.0007817 -0.0179476 0.0887791 
0.01024 -0.018582 0.000281703 -0.000338601 -0.018582 0.0903389 -0.000342406 0.000826548 0.000281703 -0.000342406 0.00968511 -0.0179521 -0.000338601 0.000826548 -0.0179521 0.0887926 
0.0102325 -0.0186057 0.000269615 -0.000354985 -0.0186057 0.0903878 -0.000349215 0.000872778 0.000269615 -0.000349215 0.00970702 -0.0179551 -0.000354985 0.000872778 -0.0179551 0.0888199 
0.0102184 -0.0186275 0.000254882 -0.000316105 -0.0186275 0.0904727 -0.000309127 0.000805341 0.000254882 -0.000309127 0.00972627 -0.017955 -0.000316105 0.000805341 -0.017955 0.0888016 
0.0102015 -0.0185992 0.000263703 -0.000318086 -0.0185992 0.090454 -0.000313639 0.000795962 0.000263703 -0.000313639 0.00975749 -0.0180024 -0.000318086 0.000795962 -0.0180024 0.0888984 
0.0101995 -0.0185873 0.000286294 -0.000354822 -0.0185873 0.0904276 -0.000352198 0.000882158 0.000286294 -0.000352198 0.00974785 -0.0180185 -0.000354822 0.000882158 -0.0180185 0.0889376 
0.0101817 -0.0185591 0.000287625 -0.00038937 -0.0185591 0.0903524 -0.000385166 0.000978589 0.000287625 -0.000385166 0.00977179 -0.0180471 -0.00038937 0.000978589 -0.0180471 0.0890437 
0.0101863 -0.0185248 0.000291754 -0.000385107 -0.0185248 0.0902509 -0.000381793 0.00100383 0.000291754 -0.000381793 0.00976135 -0.0180812 -0.000385107 0.00100383 -0.0180812 0.0891397 
0.0102326 -0.0185478 0.000308393 -0.000343401 -0.0185478 0.0902685 -0.000346309 0.000898411 0.000308393 -0.000346309 0.00973457 -0.0180693 -0.000343401 0.000898411 -0.0180693 0.0891693 
0.0102578 -0.0186128 0.000328037 -0.000375435 -0.0186128 0.0903909 -0.000380733 0.000916811 0.000328037 -0.000380733 0.00970521 -0.0180133 -0.000375435 0.000916811 -0.0180133 0.0890517 
0.0102736 -0.0186516 0.000336423 -0.000400672 -0.0186516 0.0905214 -0.000402851 0.000973866 0.000336423 -0.000402851 0.00970437 -0.0179757 -0.000400672 0.000973866 -0.0179757 0.0889381 
0.010248 -0.0186768 0.000321297 -0.000411488 -0.0186768 0.090608 -0.000415389 0.00101529 0.000321297 -0.000415389 0.00972674 -0.0179523 -0.000411488 0.00101529 -0.0179523 0.0888271 
0.0102497 -0.018629 0.000303816 -0.000385196 -0.018629 0.0905406 -0.000389639 0.000981867 0.000303816 -0.000389639 0.00970923 -0.017997 -0.000385196 0.000981867 -0.017997 0.0888813 
0.0102333 -0.0186325 0.000271263 -0.000361803 -0.0186325 0.0905059 -0.00036365 0.000922449 0.000271263 -0.00036365 0.0097173 -0.017974 -0.000361803 0.000922449 -0.017974 0.0888789 
0.0102272 -0.0186181 0.000251686 -0.00032811 -0.0186181 0.0904877 -0.000329012 0.000851244 0.000251686 -0.000329012 0.00972697 -0.0179824 -0.00032811 0.000851244 -0.0179824 0.088879 
0.0102009 -0.0185716 0.000242314 -0.000318915 -0.0185716 0.0903565 -0.000321445 0.000820857 0.000242314 -0.000321445 0.00974381 -0.0180226 -0.000318915 0.000820857 -0.0180226 0.0889747 
0.010154 -0.0185367 0.000252489 -0.000318307 -0.0185367 0.090245 -0.000320616 0.000822866 0.000252489 -0.000320616 0.00978522 -0.0180434 -0.000318307 0.000822866 -0.0180434 0.0890489 
0.0101458 -0.0185026 0.000270059 -0.00033256 -0.0185026 0.0901754 -0.0003301 0.000843573 0.000270059 -0.0003301 0.00979206 -0.0180677 -0.00033256 0.000843573 -0.0180677 0.0890818 
0.010128 -0.0184914 0.000262125 -0.000334005 -0.0184914 0.0901187 -0.000329362 0.000831051 0.000262125 -0.000329362 0.00979974 -0.0180705 -0.000334005 0.000831051 -0.0180705 0.089098 
0.0101472 -0.0184768 0.000238869 -0.000307576 -0.0184768 0.0900931 -0.000306223 0.000771613 0.000238869 -0.000306223 0.00978508 -0.0180823 -0.000307576 0.000771613 -0.0180823 0.0891229 
0.0101589 -0.0184892 0.000232735 -0.000291043 -0.0184892 0.0900872 -0.000292724 0.000734615 0.000232735 -0.000292724 0.00976268 -0.0180716 -0.000291043 0.000734615 -0.0180716 0.0891229 
0.0101558 -0.0185298 0.000240708 -0.000283702 -0.0185298 0.090183 -0.000288452 0.000713395 0.000240708 -0.000288452 0.00973561 -0.0180102 -0.000283702 0.000713395 -0.0180102 0.0889836 
0.0101471 -0.0185149 0.000241024 -0.000306687 -0.0185149 0.0901954 -0.000313521 0.000760662 0.000241024 -0.000313521 0.00971578 -0.0179897 -0.000306687 0.000760662 -0.0179897 0.0889071 
0.0101632 -0.0185039 0.000223273 -0.000282476 -0.0185039 0.0901744 -0.000287995 0.000722461 0.000223273 -0.000287995 0.00969438 -0.0179699 -0.000282476 0.000722461 -0.0179699 0.0888619 
0.01015 -0.0185308 0.000218402 -0.000266252 -0.0185308 0.0902122 -0.000266839 0.000674739 0.000218402 -0.000266839 0.0096872 -0.017918 -0.000266252 0.000674739 -0.017918 0.088726 
0.0101364 -0.0184943 0.000211938 -0.000266924 -0.0184943 0.0901519 -0.000259649 0.00065075 0.000211938 -0.000259649 0.00967806 -0.0179235 -0.000266924 0.00065075 -0.0179235 0.0886937 
0.0101155 -0.0184652 0.000224887 -0.00027829 -0.0184652 0.0900626 -0.000266408 0.00067625 0.000224887 -0.000266408 0.00969768 -0.0179223 -0.00027829 0.00067625 -0.0179223 0.0886988 
0.0100866 -0.0184335 0.000196169 -0.000273892 -0.0184335 0.0899707 -0.000262084 0.000655524 0.000196169 -0.000262084 0.00971983 -0.0179506 -0.000273892 0.000655524 -0.0179506 0.0887473 
0.0100852 -0.0184079 0.000187005 -0.000238896 -0.0184079 0.0899089 -0.000233501 0.000604006 0.000187005 -0.000233501 0.00971701 -0.0179721 -0.000238896 0.000604006 -0.0179721 0.0887975 
0.0100929 -0.0184076 0.000158273 -0.000215579 -0.0184076 0.089886 -0.00021526 0.000535594 0.000158273 -0.00021526 0.00971041 -0.0179704 -0.000215579 0.000535594 -0.0179704 0.0888212 
0.0101212 -0.0183925 0.000187489 -0.000211087 -0.0183925 0.0898332 -0.000212454 0.000542193 0.000187489 -0.000212454 0.00968968 -0.0179925 -0.000211087 0.000542193 -0.0179925 0.0888956 
0.0101502 -0.0184574 0.000230327 -0.000262205 -0.0184574 0.0899486 -0.000262566 0.000638988 0.000230327 -0.000262566 0.00966143 -0.0179308 -0.000262205 0.000638988 -0.0179308 0.0887844 
0.0101693 -0.0184985 0.000231073 -0.000286115 -0.0184985 0.0900814 -0.000286711 0.000692227 0.000231073 -0.000286711 0.00965665 -0.0179026 -0.000286115 0.000692227 -0.0179026 0.0886967 
0.0101616 -0.0185385 0.000218208 -0.00028821 -0.0185385 0.0902106 -0.000293769 0.000726868 0.000218208 -0.000293769 0.00966047 -0.0178765 -0.00028821 0.000726868 -0.0178765 0.0885983 
0.0101519 -0.0185472 0.000205427 -0.000264799 -0.0185472 0.0902946 -0.000274412 0.000697201 0.000205427 -0.000274412 0.00966893 -0.0178617 -0.000264799 0.000697201 -0.0178617 0.0885182 
0.010145 -0.0185216 0.000186952 -0.000235862 -0.0185216 0.0902581 -0.000245564 0.000618795 0.000186952 -0.000245564 0.00964517 -0.0178736 -0.000235862 0.000618795 -0.0178736 0.0885079 
0.0100988 -0.0184859 0.00016605 -0.000234339 -0.0184859 0.0901497 -0.000241608 0.000604032 0.00016605 -0.000241608 0.00965552 -0.017866 -0.000234339 0.000604032 -0.017866 0.0885241 
0.0100667 -0.0184073 0.00012686 -0.000196435 -0.0184073 0.089963 -0.000201057 0.000526707 0.00012686 -0.000201057 0.00967289 -0.0178991 -0.000196435 0.000526707 -0.0178991 0.0886009 
0.0100453 -0.018371 0.000127459 -0.000167705 -0.018371 0.0898306 -0.00017078 0.000467411 0.000127459 -0.00017078 0.0096927 -0.0179125 -0.000167705 0.000467411 -0.0179125 0.0886457 
0.0100877 -0.0183593 0.000151025 -0.00014677 -0.0183593 0.089781 -0.000150522 0.000386579 0.000151025 -0.000150522 0.00965821 -0.0179238 -0.00014677 0.000386579 -0.0179238 0.0886652 
0.010131 -0.0184065 0.000190027 -0.000180263 -0.0184065 0.0898322 -0.000186536 0.000417943 0.000190027 -0.000186536 0.009635 -0.0178917 -0.000180263 0.000417943 -0.0178917 0.0886366 
0.0101637 -0.0184675 0.000231601 -0.00024808 -0.0184675 0.0899687 -0.00025471 0.000568449 0.000231601 -0.00025471 0.00960999 -0.0178485 -0.00024808 0.000568449 -0.0178485 0.0885265 
0.0101721 -0.0185337 0.000228848 -0.000298983 -0.0185337 0.0901616 -0.000302764 0.000710337 0.000228848 -0.000302764 0.00961083 -0.0177974 -0.000298983 0.000710337 -0.0177974 0.0883793 
0.0101508 -0.0185359 0.000209043 -0.000270284 -0.0185359 0.0902268 -0.000274112 0.000695673 0.000209043 -0.000274112 0.00963719 -0.0178099 -0.000270284 0.000695673 -0.0178099 0.0883587 
0.0101528 -0.0184797 0.000198 -0.000249595 -0.0184797 0.0901314 -0.000250886 0.000645066 0.000198 -0.000250886 0.00966978 -0.0178996 -0.000249595 0.000645066 -0.0178996 0.0885709 
0.0101443 -0.0184908 0.00018597 -0.000225956 -0.0184908 0.0901012 -0.00022232 0.000568181 0.00018597 -0.00022232 0.00968384 -0.0179198 -0.000225956 0.000568181 -0.0179198 0.0886737 
0.0101491 -0.018507 0.000169588 -0.000209709 -0.018507 0.0901582 -0.000204779 0.000511935 0.000169588 -0.000204779 0.00969907 -0.0179246 -0.000209709 0.000511935 -0.0179246 0.0887067 
0.0101577 -0.0185109 0.000163178 -0.00019932 -0.0185109 0.0901825 -0.000196128 0.000484259 0.000163178 -0.000196128 0.00968474 -0.0179411 -0.00019932 0.000484259 -0.0179411 0.0887368 
0.0101595 -0.0185256 0.000160388 -0.000194123 -0.0185256 0.0902128 -0.000190741 0.000469845 0.000160388 -0.000190741 0.00964865 -0.0179057 -0.000194123 0.000469845 -0.0179057 0.0886731 
0.0101409 -0.0185045 0.000131095 -0.000199313 -0.0185045 0.090175 -0.000195849 0.000483182 0.000131095 -0.000195849 0.00965812 -0.0178923 -0.000199313 0.000483182 -0.0178923 0.0886555 
0.0101214 -0.0184872 0.000114671 -0.000180945 -0.0184872 0.0901301 -0.000179852 0.00048593 0.000114671 -0.000179852 0.00965657 -0.0178769 -0.000180945 0.00048593 -0.0178769 0.088586 
0.0100982 -0.0184817 0.000115924 -0.000145262 -0.0184817 0.0901198 -0.000148867 0.000415075 0.000115924 -0.000148867 0.00965494 -0.0178474 -0.000145262 0.000415075 -0.0178474 0.0884822 
0.0100658 -0.0184389 0.000131595 -0.000143947 -0.0184389 0.090026 -0.000148085 0.000380119 0.000131595 -0.000148085 0.00967107 -0.0178458 -0.000143947 0.000380119 -0.0178458 0.0884391 
0.0100641 -0.0184003 0.000143972 -0.000153234 -0.0184003 0.0899276 -0.000155001 0.00037321 0.000143972 -0.000155001 0.009667 -0.0178685 -0.000153234 0.00037321 -0.0178685 0.0884656 
0.0100523 -0.0183666 0.000178625 -0.00017594 -0.0183666 0.0898024 -0.000174383 0.000410663 0.000178625 -0.000174383 0.00970194 -0.017904 -0.00017594 0.000410663 -0.017904 0.0885837 
0.0100496 -0.0183526 0.000197758 -0.00022029 -0.0183526 0.0897353 -0.000219667 0.000499841 0.000197758 -0.000219667 0.00973259 -0.01795 -0.00022029 0.000499841 -0.01795 0.0887027 
0.0100763 -0.0183772 0.00019489 -0.000253215 -0.0183772 0.0897835 -0.000252436 0.000603503 0.00019489 -0.000252436 0.00973061 -0.0179677 -0.000253215 0.000603503 -0.0179677 0.0887576 
0.0100938 -0.0184147 0.00020961 -0.000260262 -0.0184147 0.0898664 -0.000254971 0.000660216 0.00020961 -0.000254971 0.00970693 -0.0179575 -0.000260262 0.000660216 -0.0179575 0.0887533 
0.010088 -0.0184201 0.000204992 -0.000253242 -0.0184201 0.089892 -0.000244508 0.000631781 0.000204992 -0.000244508 0.00969179 -0.0179499 -0.000253242 0.000631781 -0.0179499 0.0887646 
0.0101038 -0.0183958 0.000211184 -0.000253816 -0.0183958 0.0898413 -0.000246636 0.000626913 0.000211184 -0.000246636 0.00966465 -0.0179458 -0.000253816 0.000626913 -0.0179458 0.0887782 
0.0100926 -0.0184134 0.000218922 -0.000271178 -0.0184134 0.0898445 -0.00026587 0.000667738 0.000218922 -0.00026587 0.00965131 -0.0179079 -0.000271178 0.000667738 -0.0179079 0.0887178 
0.0100614 -0.0183961 0.000201357 -0.000281375 -0.0183961 0.0898264 -0.000276422 0.000702071 0.000201357 -0.000276422 0.00967762 -0.0178977 -0.000281375 0.000702071 -0.0178977 0.0886781 
0.0100463 -0.0183685 0.000189763 -0.000255822 -0.0183685 0.089786 -0.000250864 0.000668387 0.000189763 -0.000250864 0.00968278 -0.0179128 -0.000255822 0.000668387 -0.0179128 0.0886638 
0.0100398 -0.0183712 0.000189435 -0.000225485 -0.0183712 0.0898009 -0.00022192 0.000585147 0.000189435 -0.00022192 0.0096933 -0.0179036 -0.000225485 0.000585147 -0.0179036 0.0886336 
0.0100225 -0.0183515 0.000192589 -0.000230435 -0.0183515 0.0897682 -0.000229524 0.000565543 0.000192589 -0.000229524 0.00971373 -0.0179266 -0.000230435 0.000565543 -0.0179266 0.0886619 
0.0100286 -0.0183344 0.000200747 -0.000232376 -0.0183344 0.0897335 -0.000235934 0.000575882 0.000200747 -0.000235934 0.00972319 -0.0179602 -0.000232376 0.000575882 -0.0179602 0.0887465 
0.010065 -0.0183285 0.000211229 -0.000242141 -0.0183285 0.0896903 -0.000251129 0.000600495 0.000211229 -0.000251129 0.00970004 -0.0179825 -0.000242141 0.000600495 -0.0179825 0.0888301 
0.0101052 -0.0184162 0.000216301 -0.000252904 -0.0184162 0.0898637 -0.000262786 0.000632447 0.000216301 -0.000262786 0.00968019 -0.0179194 -0.000252904 0.000632447 -0.0179194 0.0887265 
0.0101057 -0.0184628 0.000206443 -0.000267449 -0.0184628 0.090013 -0.000273766 0.000669817 0.000206443 -0.000273766 0.00966798 -0.0178884 -0.000267449 0.000669817 -0.0178884 0.0886088 
0.0100942 -0.0184635 0.000181028 -0.000268973 -0.0184635 0.0900748 -0.000272405 0.000698177 0.000181028 -0.000272405 0.00966254 -0.0178772 -0.000268973 0.000698177 -0.0178772 0.0885531 
0.010063 -0.0184355 0.000133446 -0.000199946 -0.0184355 0.0900316 -0.000200777 0.000549836 0.000133446 -0.000200777 0.00968764 -0.0178828 -0.000199946 0.000549836 -0.0178828 0.0885581 
0.0100491 -0.018386 0.000149615 -0.000171363 -0.018386 0.0899123 -0.000169156 0.000465104 0.000149615 -0.000169156 0.00969173 -0.01791 -0.000171363 0.000465104 -0.01791 0.0885985 
0.0100233 -0.0183698 0.000159202 -0.000180432 -0.0183698 0.0898359 -0.00017527 0.000429841 0.000159202 -0.00017527 0.00972366 -0.0179219 -0.000180432 0.000429841 -0.0179219 0.0886514 
0.010017 -0.0183233 0.000170854 -0.000198989 -0.0183233 0.0897164 -0.000196071 0.000464423 0.000170854 -0.000196071 0.00972337 -0.01797 -0.000198989 0.000464423 -0.01797 0.0887526 
0.010008 -0.0182891 0.000210034 -0.00022978 -0.0182891 0.089588 -0.000231274 0.000556842 0.000210034 -0.000231274 0.00973793 -0.0180091 -0.00022978 0.000556842 -0.0180091 0.0889083 
0.0100128 -0.0183077 0.000251701 -0.000278751 -0.0183077 0.0895985 -0.000283623 0.000678246 0.000251701 -0.000283623 0.00972638 -0.0179849 -0.000278751 0.000678246 -0.0179849 0.0888761 
0.0100247 -0.0183218 0.00028448 -0.000330553 -0.0183218 0.0896442 -0.000334256 0.000811014 0.00028448 -0.000334256 0.00972653 -0.0179693 -0.000330553 0.000811014 -0.0179693 0.088834 
0.0100719 -0.0183633 0.000315604 -0.000367494 -0.0183633 0.0897595 -0.000363557 0.000907725 0.000315604 -0.000363557 0.00970166 -0.0179434 -0.000367494 0.000907725 -0.0179434 0.088743 
0.0101057 -0.0184035 0.000331576 -0.000405459 -0.0184035 0.0898422 -0.000393781 0.000991667 0.000331576 -0.000393781 0.00966566 -0.0179229 -0.000405459 0.000991667 -0.0179229 0.0886837 
0.0101334 -0.0184443 0.000320511 -0.000410389 -0.0184443 0.0899526 -0.000397182 0.00101374 0.000320511 -0.000397182 0.00966266 -0.0179017 -0.000410389 0.00101374 -0.0179017 0.0886557 
