0.00701757 0 -0.000272378 0 0 0.01 0 0 -0.000272378 0 0.00764985 0 0 0 0 0.01 
0.00996662 -0.0123792 -0.000319465 0.000396699 -0.0123792 0.0329106 0.000396699 -0.000760799 -0.000319465 0.000396699 0.0107099 -0.0132972 0.000396699 -0.000760799 -0.0132972 0.0346713 
0.0100994 -0.018921 -0.000242477 0.000444486 -0.018921 0.0696624 0.000444486 -0.00143439 -0.000242477 0.000444486 0.0106778 -0.0199308 0.000444486 -0.00143439 -0.0199308 0.0728933 
0.00953357 -0.0186559 -0.000229955 0.000366403 -0.0186559 0.0837857 0.000362711 -0.00135194 -0.000229955 0.000362711 0.0100776 -0.0194578 0.000366403 -0.00135194 -0.0194578 0.0866545 
0.00947838 -0.0179999 -0.000232869 0.000321244 -0.0179999 0.0872592 0.000312991 -0.000961951 -0.000232869 0.000312991 0.0100849 -0.0186985 0.000321244 -0.000961951 -0.0186985 0.0892741 
0.00962383 -0.0178759 -0.000242753 0.000306708 -0.0178759 0.0882662 0.000296281 -0.000764462 -0.000242753 0.000296281 0.0102617 -0.0186441 0.000306708 -0.000764462 -0.0186441 0.0900695 
0.00976311 -0.0179591 -0.000278362 0.000332182 -0.0179591 0.0887472 0.000328456 -0.00080046 -0.000278362 0.000328456 0.010358 -0.01877 0.000332182 -0.00080046 -0.01877 0.0906374 
0.00979445 -0.0180592 -0.000293228 0.000391657 -0.0180592 0.0890183 0.000393449 -0.000961831 -0.000293228 0.000393449 0.0104163 -0.018815 0.000391657 -0.000961831 -0.018815 0.0909085 
0.00980142 -0.0180657 -0.000289081 0.000400596 -0.0180657 0.0890819 0.000406831 -0.00104874 -0.000289081 0.000406831 0.0104341 -0.0188673 0.000400596 -0.00104874 -0.0188673 0.0910618 
0.00982376 -0.0181154 -0.000266259 0.000343162 -0.0181154 0.089209 0.000352185 -0.000936212 -0.000266259 0.000352185 0.0104609 -0.0188748 0.000343162 -0.000936212 -0.0188748 0.0911198 
0.00984481 -0.0181405 -0.000250474 0.000336959 -0.0181405 0.0892926 0.000346603 -0.000893768 -0.000250474 0.000346603 0.0104445 -0.0189064 0.000336959 -0.000893768 -0.0189064 0.0911733 
0.00986225 -0.0181713 -0.000254736 0.000310093 -0.0181713 0.0893791 0.000316071 -0.000823726 -0.000254736 0.000316071 0.0104204 -0.0188963 0.000310093 -0.000823726 -0.0188963 0.0911991 
0.00987675 -0.0181775 -0.00027962 0.000336816 -0.0181775 0.0894122 0.000334943 -0.00084606 -0.00027962 0.000334943 0.010411 -0.0188871 0.000336816 -0.00084606 -0.0188871 0.0912142 
0.00986637 -0.0182031 -0.000286508 0.000345115 -0.0182031 0.089467 0.000341288 -0.000847232 -0.000286508 0.000341288 0.0103899 -0.0188578 0.000345115 -0.000847232 -0.0188578 0.0911463 
0.00986579 -0.0181786 -0.000296365 0.000377513 -0.0181786 0.0894438 0.000376854 -0.000928594 -0.000296365 0.000376854 0.0103448 -0.01884 0.000377513 -0.000928594 -0.01884 0.0911007 
0.00986533 -0.0181642 -0.000292077 0.000366123 -0.0181642 0.0893889 0.000368564 -0.000922439 -0.000292077 0.000368564 0.0103187 -0.0188018 0.000366123 -0.000922439 -0.0188018 0.0910518 
0.00985476 -0.0181535 -0.000273799 0.000357034 -0.0181535 0.0893369 0.000359098 -0.000896656 -0.000273799 0.000359098 0.0103376 -0.0187703 0.000357034 -0.000896656 -0.0187703 0.0909793 
0.00989304 -0.0181579 -0.000256591 0.000343632 -0.0181579 0.0893445 0.000344422 -0.000873816 -0.000256591 0.000344422 0.0103256 -0.018773 0.000343632 -0.000873816 -0.018773 0.0909269 
0.00987369 -0.0181756 -0.000240262 0.000344296 -0.0181756 0.0893376 0.000347103 -0.000888128 -0.000240262 0.000347103 0.0103131 -0.0187678 0.000344296 -0.000888128 -0.0187678 0.0909084 
0.00983311 -0.0181752 -0.00022811 0.000308653 -0.0181752 0.0893697 0.000315154 -0.000829072 -0.00022811 0.000315154 0.0103247 -0.0187389 0.000308653 -0.000829072 -0.0187389 0.0908439 
0.00983962 -0.0181501 -0.000221143 0.000294764 -0.0181501 0.0893729 0.000300657 -0.00078156 -0.000221143 0.000300657 0.0103004 -0.0187356 0.000294764 -0.00078156 -0.0187356 0.0907928 
0.00983113 -0.0181384 -0.000215729 0.000283506 -0.0181384 0.0893281 0.000290254 -0.000747016 -0.000215729 0.000290254 0.0103117 -0.0187303 0.000283506 -0.000747016 -0.0187303 0.0908019 
0.00984458 -0.0181194 -0.000234544 0.000289118 -0.0181194 0.0892756 0.000293931 -0.000756739 -0.000234544 0.000293931 0.0103031 -0.0187529 0.000289118 -0.000756739 -0.0187529 0.0908482 
0.00987598 -0.0181677 -0.000257776 0.000292446 -0.0181677 0.0893645 0.000291551 -0.000738784 -0.000257776 0.000291551 0.0102907 -0.0187224 0.000292446 -0.000738784 -0.0187224 0.0908053 
0.00989252 -0.0181819 -0.00028923 0.000331293 -0.0181819 0.0894025 0.000327361 -0.000801932 -0.00028923 0.000327361 0.0102835 -0.0187294 0.000331293 -0.000801932 -0.0187294 0.0908193 
0.00990039 -0.0182154 -0.000315735 0.000365572 -0.0182154 0.0894826 0.000360238 -0.000876505 -0.000315735 0.000360238 0.010268 -0.0187088 0.000365572 -0.000876505 -0.0187088 0.090782 
0.00989953 -0.0182263 -0.000342262 0.000412804 -0.0182263 0.0895403 0.000407909 -0.000997233 -0.000342262 0.000407909 0.0102775 -0.0186931 0.000412804 -0.000997233 -0.0186931 0.0907456 
0.00986448 -0.0181886 -0.000335844 0.000441645 -0.0181886 0.0894549 0.00043934 -0.00108654 -0.000335844 0.00043934 0.0102946 -0.0187192 0.000441645 -0.00108654 -0.0187192 0.090779 
0.00987279 -0.0181802 -0.000312753 0.000428525 -0.0181802 0.0894399 0.000426378 -0.00109488 -0.000312753 0.000426378 0.0102814 -0.0187132 0.000428525 -0.00109488 -0.0187132 0.090762 
0.0098728 -0.0181863 -0.000295709 0.000376427 -0.0181863 0.0894402 0.000375992 -0.000985333 -0.000295709 0.000375992 0.0102975 -0.0187114 0.000376427 -0.000985333 -0.0187114 0.0907707 
0.00987829 -0.0182018 -0.000301388 0.000352785 -0.0182018 0.0894842 0.000360623 -0.000907752 -0.000301388 0.000360623 0.0103168 -0.0187196 0.000352785 -0.000907752 -0.0187196 0.0907719 
0.00986549 -0.0181771 -0.000301201 0.000371506 -0.0181771 0.0894253 0.000382246 -0.000924057 -0.000301201 0.000382246 0.01033 -0.0187582 0.000371506 -0.000924057 -0.0187582 0.0908449 
0.00989266 -0.0181864 -0.000326694 0.000395144 -0.0181864 0.0894419 0.000400304 -0.000996832 -0.000326694 0.000400304 0.0102853 -0.0187508 0.000395144 -0.000996832 -0.0187508 0.0908407 
0.00989152 -0.0182052 -0.000326756 0.000413259 -0.0182052 0.0894571 0.00041161 -0.00102842 -0.000326756 0.00041161 0.0102589 -0.0187089 0.000413259 -0.00102842 -0.0187089 0.0907896 
0.00986397 -0.0181846 -0.000309814 0.000416644 -0.0181846 0.0894128 0.00041135 -0.00104302 -0.000309814 0.00041135 0.0102366 -0.0186773 0.000416644 -0.00104302 -0.0186773 0.0907065 
0.00987941 -0.0181632 -0.000295484 0.000396939 -0.0181632 0.0893729 0.00039317 -0.00102078 -0.000295484 0.00039317 0.0101993 -0.018639 0.000396939 -0.00102078 -0.018639 0.0906078 
0.00989858 -0.0181486 -0.000315724 0.00038522 -0.0181486 0.0892909 0.00038404 -0.000998018 -0.000315724 0.00038404 0.0101525 -0.0186153 0.00038522 -0.000998018 -0.0186153 0.0905545 
0.0099086 -0.0182008 -0.000331675 0.000394734 -0.0182008 0.0893723 0.000397385 -0.000992254 -0.000331675 0.000397385 0.0101153 -0.018529 0.000394734 -0.000992254 -0.018529 0.0903694 
0.00991634 -0.0182226 -0.000314872 0.000392045 -0.0182226 0.0894601 0.000395798 -0.000969922 -0.000314872 0.000395798 0.010115 -0.0184814 0.000392045 -0.000969922 -0.0184814 0.0902158 
0.00989737 -0.0181879 -0.000314771 0.000395693 -0.0181879 0.0893846 0.00039934 -0.000993607 -0.000314771 0.00039934 0.0101239 -0.0185032 0.000395693 -0.000993607 -0.0185032 0.090211 
0.00988738 -0.0181786 -0.000301178 0.000392182 -0.0181786 0.0893498 0.000396713 -0.000991543 -0.000301178 0.000396713 0.01014 -0.0185024 0.000392182 -0.000991543 -0.0185024 0.0902056 
0.00986108 -0.0181743 -0.000262451 0.000363331 -0.0181743 0.0893368 0.000368048 -0.000931902 -0.000262451 0.000368048 0.0101758 -0.0185169 0.000363331 -0.000931902 -0.0185169 0.0902209 
0.00978134 -0.0181216 -0.000246752 0.000334939 -0.0181216 0.0892252 0.000338525 -0.000876645 -0.000246752 0.000338525 0.0102332 -0.0185675 0.000334939 -0.000876645 -0.0185675 0.0903106 
0.00976885 -0.0180802 -0.000246018 0.00030202 -0.0180802 0.0891797 0.000301581 -0.000785433 -0.000246018 0.000301581 0.0102517 -0.0186061 0.00030202 -0.000785433 -0.0186061 0.0903851 
0.00977742 -0.0180462 -0.000242177 0.000315874 -0.0180462 0.0890839 0.000315079 -0.000786199 -0.000242177 0.000315079 0.0102587 -0.0186493 0.000315874 -0.000786199 -0.0186493 0.0905106 
0.0098062 -0.0180457 -0.000239266 0.000305203 -0.0180457 0.0890319 0.000304363 -0.000773277 -0.000239266 0.000304363 0.0102511 -0.018676 0.000305203 -0.000773277 -0.018676 0.0906281 
0.00985265 -0.018079 -0.000273155 0.00033016 -0.018079 0.089069 0.000324857 -0.000832191 -0.000273155 0.000324857 0.0102001 -0.0186631 0.00033016 -0.000832191 -0.0186631 0.0906427 
0.00986951 -0.0181296 -0.000294212 0.000366081 -0.0181296 0.0891648 0.000356745 -0.0009004 -0.000294212 0.000356745 0.0101622 -0.0185987 0.000366081 -0.0009004 -0.0185987 0.0905332 
0.00986893 -0.0181667 -0.000276384 0.000377228 -0.0181667 0.0892881 0.000367892 -0.000930813 -0.000276384 0.000367892 0.0101482 -0.0185368 0.000377228 -0.000930813 -0.0185368 0.0903654 
0.00981115 -0.0181544 -0.000226435 0.000350469 -0.0181544 0.0892992 0.000345142 -0.000902058 -0.000226435 0.000345142 0.0102005 -0.0185303 0.000350469 -0.000902058 -0.0185303 0.0903032 
0.00977599 -0.0180867 -0.000198308 0.000287068 -0.0180867 0.0891966 0.000289077 -0.000794512 -0.000198308 0.000289077 0.0102478 -0.0185944 0.000287068 -0.000794512 -0.0185944 0.0903849 
0.00976829 -0.0180245 -0.000196895 0.00025313 -0.0180245 0.0890219 0.000258141 -0.000692883 -0.000196895 0.000258141 0.0102556 -0.0186663 0.00025313 -0.000692883 -0.0186663 0.0905592 
0.00980643 -0.0180181 -0.000215567 0.000250187 -0.0180181 0.0889506 0.000253627 -0.000646067 -0.000215567 0.000253627 0.0102244 -0.018677 0.000250187 -0.000646067 -0.018677 0.0906485 
0.00978345 -0.0180431 -0.000226257 0.000281507 -0.0180431 0.0889416 0.000281194 -0.000689403 -0.000226257 0.000281194 0.0102234 -0.0186452 0.000281507 -0.000689403 -0.0186452 0.0906251 
0.00977624 -0.0180513 -0.000239085 0.000305004 -0.0180513 0.089008 0.000301846 -0.000758783 -0.000239085 0.000301846 0.0102185 -0.0186145 0.000305004 -0.000758783 -0.0186145 0.0905249 
0.00975366 -0.0180307 -0.000234051 0.000332055 -0.0180307 0.0889824 0.000325622 -0.000832272 -0.000234051 0.000325622 0.0101956 -0.0185989 0.000332055 -0.000832272 -0.0185989 0.0904404 
0.00975491 -0.0180152 -0.000241897 0.000322387 -0.0180152 0.0889631 0.000314908 -0.000840896 -0.000241897 0.000314908 0.0101823 -0.0185685 0.000322387 -0.000840896 -0.0185685 0.0903669 
0.00976759 -0.0180223 -0.000227928 0.00030309 -0.0180223 0.0889686 0.000298605 -0.000781171 -0.000227928 0.000298605 0.0101626 -0.0185469 0.00030309 -0.000781171 -0.0185469 0.090298 
0.00976235 -0.0180406 -0.000217444 0.000289052 -0.0180406 0.0890004 0.000291903 -0.000750131 -0.000217444 0.000291903 0.0101415 -0.0185092 0.000289052 -0.000750131 -0.0185092 0.090196 
0.00975079 -0.0179936 -0.00021659 0.000277724 -0.0179936 0.088897 0.000282445 -0.000723378 -0.00021659 0.000282445 0.0101401 -0.0185181 0.000277724 -0.000723378 -0.0185181 0.0902103 
0.00976782 -0.0179885 -0.000193434 0.000252429 -0.0179885 0.0888496 0.000253446 -0.000641943 -0.000193434 0.000253446 0.0101134 -0.0185036 0.000252429 -0.000641943 -0.0185036 0.0901839 
0.00978949 -0.0180386 -0.000190279 0.000237768 -0.0180386 0.0889443 0.000235052 -0.000599087 -0.000190279 0.000235052 0.0100849 -0.0184458 0.000237768 -0.000599087 -0.0184458 0.0900557 
0.00978752 -0.0180603 -0.000189088 0.00024146 -0.0180603 0.0890189 0.000240135 -0.000595341 -0.000189088 0.000240135 0.0100745 -0.0184142 0.00024146 -0.000595341 -0.0184142 0.0899558 
0.00978267 -0.0180394 -0.000194371 0.000239374 -0.0180394 0.0889919 0.000244553 -0.000602064 -0.000194371 0.000244553 0.0100461 -0.0184091 0.000239374 -0.000602064 -0.0184091 0.0899151 
0.0097749 -0.0180356 -0.000189542 0.000243104 -0.0180356 0.088974 0.000252635 -0.000616218 -0.000189542 0.000252635 0.0100314 -0.0183718 0.000243104 -0.000616218 -0.0183718 0.089846 
0.00974883 -0.018024 -0.000164764 0.000249116 -0.018024 0.0889502 0.000255641 -0.000645226 -0.000164764 0.000255641 0.0100751 -0.0183635 0.000249116 -0.000645226 -0.0183635 0.0898198 
0.00975999 -0.0179704 -0.000156237 0.0002229 -0.0179704 0.0888328 0.000223608 -0.000612645 -0.000156237 0.000223608 0.0100915 -0.01844 0.0002229 -0.000612645 -0.01844 0.0899567 
0.00978696 -0.0180017 -0.000175556 0.000219187 -0.0180017 0.0888476 0.000217387 -0.000588331 -0.000175556 0.000217387 0.0100767 -0.0184443 0.000219187 -0.000588331 -0.0184443 0.0900102 
0.00977205 -0.0180373 -0.000181543 0.000233331 -0.0180373 0.0889291 0.00023111 -0.000590302 -0.000181543 0.00023111 0.0101102 -0.0184386 0.000233331 -0.000590302 -0.0184386 0.0900317 
0.0097632 -0.0180674 -0.000194405 0.000224405 -0.0180674 0.0890684 0.000219801 -0.000563649 -0.000194405 0.000219801 0.0101275 -0.0184385 0.000224405 -0.000563649 -0.0184385 0.0899864 
0.00972631 -0.0180573 -0.000201801 0.00023362 -0.0180573 0.0891013 0.000225912 -0.000553585 -0.000201801 0.000225912 0.0101579 -0.0184582 0.00023362 -0.000553585 -0.0184582 0.0900032 
0.00970114 -0.0179694 -0.000217165 0.000257663 -0.0179694 0.0889229 0.000249228 -0.000607029 -0.000217165 0.000249228 0.0101834 -0.0185359 0.000257663 -0.000607029 -0.0185359 0.0901841 
0.00971 -0.0179165 -0.000236557 0.00028008 -0.0179165 0.0887298 0.000271425 -0.000668427 -0.000236557 0.000271425 0.010188 -0.0185845 0.00028008 -0.000668427 -0.0185845 0.0903585 
0.0097276 -0.0179685 -0.000218428 0.000291545 -0.0179685 0.0887834 0.00028601 -0.000699693 -0.000218428 0.00028601 0.0101705 -0.0185469 0.000291545 -0.000699693 -0.0185469 0.0903108 
0.00973798 -0.0179957 -0.000223654 0.000298887 -0.0179957 0.0888689 0.000299674 -0.00076502 -0.000223654 0.000299674 0.0101648 -0.0185221 0.000298887 -0.00076502 -0.0185221 0.0902383 
0.00973216 -0.0180004 -0.000204188 0.000287074 -0.0180004 0.0889013 0.00029571 -0.000755642 -0.000204188 0.00029571 0.0101633 -0.0185197 0.000287074 -0.000755642 -0.0185197 0.0902072 
0.0097428 -0.0179768 -0.000185854 0.000267094 -0.0179768 0.0888545 0.00027933 -0.000726274 -0.000185854 0.00027933 0.010131 -0.0185233 0.000267094 -0.000726274 -0.0185233 0.0902059 
0.00980979 -0.0180318 -0.000172049 0.000222981 -0.0180318 0.0889607 0.000231794 -0.000618318 -0.000172049 0.000231794 0.0100418 -0.0184412 0.000222981 -0.000618318 -0.0184412 0.0900322 
0.00980363 -0.0180576 -0.000172979 0.000222535 -0.0180576 0.0889857 0.000224336 -0.000580687 -0.000172979 0.000224336 0.010014 -0.0183679 0.000222535 -0.000580687 -0.0183679 0.0898742 
0.00977037 -0.0180182 -0.000179843 0.000231036 -0.0180182 0.0889058 0.00022772 -0.000586127 -0.000179843 0.00022772 0.0100281 -0.0183592 0.000231036 -0.000586127 -0.0183592 0.0898208 
0.00974955 -0.0179784 -0.00019624 0.000246825 -0.0179784 0.0888048 0.000242855 -0.000621788 -0.00019624 0.000242855 0.0100454 -0.01838 0.000246825 -0.000621788 -0.01838 0.0898488 
0.00973164 -0.0179533 -0.000207799 0.000260069 -0.0179533 0.0887206 0.000260356 -0.000656139 -0.000207799 0.000260356 0.0100574 -0.0184016 0.000260069 -0.000656139 -0.0184016 0.0899013 
0.00973126 -0.0179751 -0.000211705 0.000259257 -0.0179751 0.0887726 0.000262215 -0.000659494 -0.000211705 0.000262215 0.0100515 -0.0183717 0.000259257 -0.000659494 -0.0183717 0.0898257 
0.00973828 -0.0179766 -0.000205109 0.000252083 -0.0179766 0.0888047 0.000254028 -0.000636431 -0.000205109 0.000254028 0.0100615 -0.0183706 0.000252083 -0.000636431 -0.0183706 0.0898012 
0.00974658 -0.0179703 -0.000206927 0.000270671 -0.0179703 0.0887867 0.000267122 -0.000679115 -0.000206927 0.000267122 0.0100552 -0.0183908 0.000270671 -0.000679115 -0.0183908 0.0898317 
0.00974585 -0.0179811 -0.000211674 0.000282187 -0.0179811 0.0887988 0.000277 -0.000721272 -0.000211674 0.000277 0.0100549 -0.0183821 0.000282187 -0.000721272 -0.0183821 0.0898288 
0.00972445 -0.0179841 -0.000208939 0.000279249 -0.0179841 0.0888138 0.00027534 -0.000723391 -0.000208939 0.00027534 0.0100626 -0.018374 0.000279249 -0.000723391 -0.018374 0.0898012 
0.00971861 -0.0179741 -0.000197831 0.000263753 -0.0179741 0.0888251 0.000264134 -0.000690428 -0.000197831 0.000264134 0.0100579 -0.0183705 0.000263753 -0.000690428 -0.0183705 0.0897709 
0.00973251 -0.0179628 -0.000196827 0.000253606 -0.0179628 0.0888011 0.000257404 -0.000670724 -0.000196827 0.000257404 0.0100304 -0.0183693 0.000253606 -0.000670724 -0.0183693 0.0897688 
0.00974616 -0.0179653 -0.000183127 0.000235427 -0.0179653 0.088779 0.000242551 -0.000618559 -0.000183127 0.000242551 0.0100176 -0.0183528 0.000235427 -0.000618559 -0.0183528 0.0897657 
0.00975578 -0.0179946 -0.000199674 0.00025148 -0.0179946 0.0888301 0.000261819 -0.000661157 -0.000199674 0.000261819 0.00998371 -0.0183088 0.00025148 -0.000661157 -0.0183088 0.0896539 
0.00976403 -0.0179981 -0.000204678 0.000255365 -0.0179981 0.088855 0.000267583 -0.000672055 -0.000204678 0.000267583 0.00996138 -0.0182815 0.000255365 -0.000672055 -0.0182815 0.089585 
0.00973109 -0.0179802 -0.000207404 0.000271351 -0.0179802 0.088799 0.000280339 -0.000707615 -0.000207404 0.000280339 0.00997711 -0.018274 0.000271351 -0.000707615 -0.018274 0.0895708 
0.00969196 -0.0179307 -0.000210993 0.000274384 -0.0179307 0.0886895 0.000276539 -0.000719154 -0.000210993 0.000276539 0.0100022 -0.0183058 0.000274384 -0.000719154 -0.0183058 0.0896343 
0.00968851 -0.0179182 -0.000194949 0.000262675 -0.0179182 0.0886606 0.00025937 -0.00067885 -0.000194949 0.00025937 0.0100092 -0.0183099 0.000262675 -0.00067885 -0.0183099 0.0896488 
0.00967302 -0.0179033 -0.000183784 0.000255617 -0.0179033 0.0886101 0.000246339 -0.000656345 -0.000183784 0.000246339 0.0100017 -0.0183087 0.000255617 -0.000656345 -0.0183087 0.0896322 
0.00966451 -0.0178877 -0.000174361 0.000246193 -0.0178877 0.0885689 0.000234076 -0.000633974 -0.000174361 0.000234076 0.00998453 -0.0182904 0.000246193 -0.000633974 -0.0182904 0.0895892 
0.00964254 -0.0178451 -0.000170501 0.000215007 -0.0178451 0.0884457 0.000204963 -0.000554771 -0.000170501 0.000204963 0.00997621 -0.0182839 0.000215007 -0.000554771 -0.0182839 0.0895731 
0.0096591 -0.0178028 -0.000186211 0.000218502 -0.0178028 0.0883162 0.000211783 -0.000540016 -0.000186211 0.000211783 0.0099436 -0.0182891 0.000218502 -0.000540016 -0.0182891 0.0895921 
0.00969834 -0.0178468 -0.000187499 0.000234654 -0.0178468 0.0883574 0.000230685 -0.00056661 -0.000187499 0.000230685 0.00989874 -0.018222 0.000234654 -0.00056661 -0.018222 0.0894647 
0.0097282 -0.0178994 -0.000172698 0.000229695 -0.0178994 0.0884755 0.000227941 -0.000573249 -0.000172698 0.000227941 0.00987821 -0.018169 0.000229695 -0.000573249 -0.018169 0.0893282 
0.00973845 -0.0179476 -0.000159681 0.000199728 -0.0179476 0.0886171 0.000202329 -0.000519458 -0.000159681 0.000202329 0.00988888 -0.0181396 0.000199728 -0.000519458 -0.0181396 0.0892229 
0.00969089 -0.0179344 -0.000141475 0.000194239 -0.0179344 0.0886241 0.000201595 -0.000503444 -0.000141475 0.000201595 0.00995574 -0.0181797 0.000194239 -0.000503444 -0.0181797 0.089275 
0.009659 -0.0179052 -0.000144442 0.000200473 -0.0179052 0.0886041 0.000210021 -0.000540698 -0.000144442 0.000210021 0.00998459 -0.0182214 0.000200473 -0.000540698 -0.0182214 0.0893182 
0.00962838 -0.0178439 -0.00014036 0.000198191 -0.0178439 0.0884664 0.000204759 -0.000539291 -0.00014036 0.000204759 0.0100057 -0.0182772 0.000198191 -0.000539291 -0.0182772 0.0894538 
0.00964874 -0.0178108 -0.000129402 0.00018715 -0.0178108 0.0883623 0.000191482 -0.000511958 -0.000129402 0.000191482 0.00997349 -0.0182991 0.00018715 -0.000511958 -0.0182991 0.0895365 
0.00967079 -0.0178316 -0.00012312 0.00017034 -0.0178316 0.0883475 0.000172516 -0.00046935 -0.00012312 0.000172516 0.00993095 -0.0182597 0.00017034 -0.00046935 -0.0182597 0.0895063 
0.00969192 -0.01789 -0.000124121 0.000149241 -0.01789 0.0884802 0.000150168 -0.000400977 -0.000124121 0.000150168 0.00990637 -0.0181816 0.000149241 -0.000400977 -0.0181816 0.0893351 
0.00972947 -0.0179085 -0.000162967 0.000167775 -0.0179085 0.0885629 0.000171176 -0.000423749 -0.000162967 0.000171176 0.00986695 -0.0181571 0.000167775 -0.000423749 -0.0181571 0.0892281 
0.0097317 -0.0179448 -0.000183118 0.000218796 -0.0179448 0.0886356 0.000222221 -0.000521687 -0.000183118 0.000222221 0.00985612 -0.0181195 0.000218796 -0.000521687 -0.0181195 0.0891471 
0.00973265 -0.0179512 -0.00019696 0.000231179 -0.0179512 0.0886843 0.000230893 -0.000569082 -0.00019696 0.000230893 0.00984678 -0.0181071 0.000231179 -0.000569082 -0.0181071 0.0890986 
0.00973533 -0.017974 -0.000199477 0.000260018 -0.017974 0.0887574 0.000254214 -0.000636616 -0.000199477 0.000254214 0.00984179 -0.0180719 0.000260018 -0.000636616 -0.0180719 0.0890041 
0.0097329 -0.0179892 -0.000187424 0.000261857 -0.0179892 0.0888205 0.000253962 -0.000662598 -0.000187424 0.000253962 0.00984462 -0.0180486 0.000261857 -0.000662598 -0.0180486 0.0889093 
0.00971701 -0.0179507 -0.000181317 0.000246561 -0.0179507 0.088742 0.000241324 -0.000647917 -0.000181317 0.000241324 0.00985649 -0.0180804 0.000246561 -0.000647917 -0.0180804 0.0889521 
0.0096984 -0.0179044 -0.000174266 0.000234241 -0.0179044 0.0886013 0.000232764 -0.000618771 -0.000174266 0.000232764 0.00987226 -0.0181219 0.000234241 -0.000618771 -0.0181219 0.0890745 
0.00968838 -0.0178648 -0.000187986 0.000230511 -0.0178648 0.088461 0.000227712 -0.000604986 -0.000187986 0.000227712 0.00986547 -0.0181525 0.000230511 -0.000604986 -0.0181525 0.0891834 
0.00966768 -0.0178335 -0.000177964 0.00023239 -0.0178335 0.0883403 0.000227572 -0.000582737 -0.000177964 0.000227572 0.00989035 -0.0181691 0.00023239 -0.000582737 -0.0181691 0.0892829 
0.00968251 -0.0178505 -0.000173566 0.00022134 -0.0178505 0.088371 0.000218018 -0.000566085 -0.000173566 0.000218018 0.00989452 -0.0181636 0.00022134 -0.000566085 -0.0181636 0.0892704 
0.00970122 -0.0178626 -0.000183657 0.000215928 -0.0178626 0.0884002 0.000214606 -0.000551051 -0.000183657 0.000214606 0.00990881 -0.0181808 0.000215928 -0.000551051 -0.0181808 0.0893047 
0.00969421 -0.0179184 -0.000174497 0.000230928 -0.0179184 0.088536 0.000230698 -0.000572353 -0.000174497 0.000230698 0.0099436 -0.0181679 0.000230928 -0.000572353 -0.0181679 0.0892614 
0.00966605 -0.0178906 -0.000165123 0.000236736 -0.0178906 0.0885308 0.000238505 -0.000613645 -0.000165123 0.000238505 0.00997307 -0.0182301 0.000236736 -0.000613645 -0.0182301 0.0893582 
0.0096594 -0.0178846 -0.000151219 0.000219065 -0.0178846 0.0885442 0.000224476 -0.000598523 -0.000151219 0.000224476 0.00997694 -0.0182469 0.000219065 -0.000598523 -0.0182469 0.0894116 
0.00965615 -0.0178702 -0.000152219 0.000179666 -0.0178702 0.0885208 0.000187503 -0.000505302 -0.000152219 0.000187503 0.00998544 -0.0182659 0.000179666 -0.000505302 -0.0182659 0.0894808 
0.00966295 -0.0178674 -0.000153021 0.000170128 -0.0178674 0.0885104 0.000175 -0.000436816 -0.000153021 0.000175 0.00999207 -0.018278 0.000170128 -0.000436816 -0.018278 0.0895246 
0.00966006 -0.0178611 -0.000156424 0.000194921 -0.0178611 0.088482 0.000193904 -0.000473505 -0.000156424 0.000193904 0.0100019 -0.0182944 0.000194921 -0.000473505 -0.0182944 0.0895693 
0.00964436 -0.0178589 -0.000168284 0.000225752 -0.0178589 0.0884677 0.0002191 -0.000562719 -0.000168284 0.0002191 0.0100188 -0.0183016 0.000225752 -0.000562719 -0.0183016 0.089592 
0.00965142 -0.0178457 -0.000165797 0.000210758 -0.0178457 0.0884502 0.000204043 -0.000540809 -0.000165797 0.000204043 0.0100248 -0.018328 0.000210758 -0.000540809 -0.018328 0.0896515 
0.00966178 -0.0178505 -0.000168999 0.000212599 -0.0178505 0.0884458 0.000209811 -0.000542574 -0.000168999 0.000209811 0.0100358 -0.0183434 0.000212599 -0.000542574 -0.0183434 0.089711 
0.00968123 -0.0178875 -0.000164405 0.000207091 -0.0178875 0.0885281 0.000208363 -0.000531453 -0.000164405 0.000208363 0.0100276 -0.0183345 0.000207091 -0.000531453 -0.0183345 0.0896922 
0.00967422 -0.0179037 -0.000189601 0.00023755 -0.0179037 0.0885795 0.000238537 -0.000613641 -0.000189601 0.000238537 0.0100189 -0.0183208 0.00023755 -0.000613641 -0.0183208 0.0896535 
0.00965896 -0.0178934 -0.00019331 0.000256828 -0.0178934 0.08858 0.000254985 -0.00065675 -0.00019331 0.000254985 0.0100164 -0.0183049 0.000256828 -0.00065675 -0.0183049 0.0896032 
0.00965094 -0.0178601 -0.000191798 0.000262971 -0.0178601 0.0885049 0.000259358 -0.00068335 -0.000191798 0.000259358 0.00999 -0.0183056 0.000262971 -0.00068335 -0.0183056 0.0895842 
0.00964503 -0.0178451 -0.000167111 0.000251577 -0.0178451 0.0884439 0.000248164 -0.000662139 -0.000167111 0.000248164 0.00997357 -0.0182809 0.000251577 -0.000662139 -0.0182809 0.0895554 
0.00964274 -0.0178263 -0.000140554 0.00021252 -0.0178263 0.0883786 0.00021118 -0.000584307 -0.000140554 0.00021118 0.00995376 -0.0182642 0.00021252 -0.000584307 -0.0182642 0.0895153 
0.00966468 -0.0178141 -0.000126384 0.000160343 -0.0178141 0.0883284 0.000163394 -0.000450556 -0.000126384 0.000163394 0.00993784 -0.0182551 0.000160343 -0.000450556 -0.0182551 0.0895078 
0.00967254 -0.01783 -0.000138064 0.000159792 -0.01783 0.0883178 0.000162967 -0.00041434 -0.000138064 0.000162967 0.00994211 -0.018243 0.000159792 -0.00041434 -0.018243 0.0894958 
0.0096448 -0.0178386 -0.000125856 0.00017868 -0.0178386 0.0883374 0.000178457 -0.000436316 -0.000125856 0.000178457 0.0100029 -0.0182603 0.00017868 -0.000436316 -0.0182603 0.0895305 
0.00962924 -0.0178558 -0.000118927 0.000173872 -0.0178558 0.0884325 0.000172169 -0.000453202 -0.000118927 0.000172169 0.0100457 -0.0182952 0.000173872 -0.000453202 -0.0182952 0.089556 
0.00960359 -0.0178535 -0.000122513 0.000158127 -0.0178535 0.0884785 0.000157497 -0.000422382 -0.000122513 0.000157497 0.0100734 -0.0183345 0.000158127 -0.000422382 -0.0183345 0.0896216 
0.00959467 -0.0178319 -0.000122958 0.000147037 -0.0178319 0.0884697 0.000147129 -0.000374113 -0.000122958 0.000147129 0.0100666 -0.0183573 0.000147037 -0.000374113 -0.0183573 0.0896716 
0.00960957 -0.0178 -0.000113402 0.000145107 -0.0178 0.0883894 0.000142841 -0.000349583 -0.000113402 0.000142841 0.0100514 -0.0183761 0.000145107 -0.000349583 -0.0183761 0.0897587 
0.00962607 -0.0178188 -8.89689e-05 0.000127704 -0.0178188 0.0883893 0.00012118 -0.000305036 -8.89689e-05 0.00012118 0.0100454 -0.0183583 0.000127704 -0.000305036 -0.0183583 0.0897628 
0.00963095 -0.0178287 -9.229e-05 0.000128873 -0.0178287 0.0883944 0.000124477 -0.000324505 -9.229e-05 0.000124477 0.0100242 -0.018349 0.000128873 -0.000324505 -0.018349 0.0897363 
0.00963211 -0.0178349 -0.000122938 0.000135482 -0.0178349 0.0884102 0.000135432 -0.000351729 -0.000122938 0.000135432 0.00999938 -0.0183208 0.000135482 -0.000351729 -0.0183208 0.0896778 
0.00964764 -0.0178553 -0.000135464 0.000167696 -0.0178553 0.0884706 0.00017195 -0.000414537 -0.000135464 0.00017195 0.00996762 -0.0182644 0.000167696 -0.000414537 -0.0182644 0.0895321 
0.00967062 -0.0178571 -0.000135761 0.000178719 -0.0178571 0.0884762 0.000183685 -0.000458312 -0.000135761 0.000183685 0.00994178 -0.0182372 0.000178719 -0.000458312 -0.0182372 0.0894431 
0.00968978 -0.0178757 -0.000122828 0.000170243 -0.0178757 0.088492 0.000175268 -0.000452107 -0.000122828 0.000175268 0.00992146 -0.0182041 0.000170243 -0.000452107 -0.0182041 0.0893529 
0.00968547 -0.0178831 -0.000116362 0.000159182 -0.0178831 0.0884959 0.000165241 -0.000436293 -0.000116362 0.000165241 0.00993888 -0.0181979 0.000159182 -0.000436293 -0.0181979 0.0893291 
0.00970455 -0.0178781 -0.000116202 0.000151995 -0.0178781 0.0884905 0.000156927 -0.000414364 -0.000116202 0.000156927 0.00994393 -0.0182276 0.000151995 -0.000414364 -0.0182276 0.0893805 
0.0097066 -0.0178976 -0.000123332 0.000176107 -0.0178976 0.0885082 0.000177345 -0.000466924 -0.000123332 0.000177345 0.00995325 -0.0182401 0.000176107 -0.000466924 -0.0182401 0.0894341 
