0.00775032 0 0.000240234 0 0 0.01 0 0 0.000240234 0 0.00690206 0 0 0 0 0.01 
0.0108408 -0.0134556 0.000287191 -0.000353112 -0.0134556 0.0349744 -0.000353112 0.000677145 0.000287191 -0.000353112 0.00981376 -0.0121945 -0.000353112 0.000677145 -0.0121945 0.0325561 
0.0107908 -0.0200974 0.000242931 -0.000415599 -0.0200974 0.0734074 -0.000415599 0.00131704 0.000242931 -0.000415599 0.00997469 -0.0187324 -0.000415599 0.00131704 -0.0187324 0.0690846 
0.0102092 -0.0195992 0.000236899 -0.000307295 -0.0195992 0.0871066 -0.00030645 0.00107512 0.000236899 -0.00030645 0.00937709 -0.0185082 -0.000307295 0.00107512 -0.0185082 0.0833216 
0.0102113 -0.0188583 0.000252387 -0.000275402 -0.0188583 0.0897121 -0.000274798 0.000737667 0.000252387 -0.000274798 0.00935053 -0.0178442 -0.000275402 0.000737667 -0.0178442 0.0869161 
0.010391 -0.0187898 0.000309795 -0.000334866 -0.0187898 0.0904724 -0.000333147 0.000767028 0.000309795 -0.000333147 0.00948413 -0.0177437 -0.000334866 0.000767028 -0.0177437 0.0879485 
0.0105163 -0.0189211 0.000346697 -0.000410618 -0.0189211 0.091043 -0.000408624 0.000940884 0.000346697 -0.000408624 0.00957863 -0.0178101 -0.000410618 0.000940884 -0.0178101 0.0884053 
0.0105504 -0.0190059 0.000337731 -0.000410952 -0.0190059 0.0913759 -0.000408116 0.000987029 0.000337731 -0.000408116 0.0096337 -0.0178568 -0.000410952 0.000987029 -0.0178568 0.0885891 
0.0105293 -0.0189946 0.000322099 -0.000382431 -0.0189946 0.0914079 -0.000380877 0.000940767 0.000322099 -0.000380877 0.00966491 -0.0179017 -0.000382431 0.000940767 -0.0179017 0.0886803 
0.0104808 -0.0189474 0.000298788 -0.000373903 -0.0189474 0.0912969 -0.000372781 0.000915138 0.000298788 -0.000372781 0.0096915 -0.0179537 -0.000373903 0.000915138 -0.0179537 0.0888016 
0.0104661 -0.0188853 0.000266474 -0.000343124 -0.0188853 0.0911448 -0.00034357 0.000856616 0.000266474 -0.00034357 0.00970842 -0.0180107 -0.000343124 0.000856616 -0.0180107 0.088972 
0.0104478 -0.0188704 0.000235489 -0.000313376 -0.0188704 0.0910586 -0.000318071 0.00079732 0.000235489 -0.000318071 0.00972445 -0.0180323 -0.000313376 0.00079732 -0.0180323 0.0890755 
0.0104476 -0.0188625 0.000218839 -0.000280764 -0.0188625 0.0910345 -0.000286734 0.000726598 0.000218839 -0.000286734 0.0097169 -0.0180316 -0.000280764 0.000726598 -0.0180316 0.0890857 
0.0104457 -0.0188734 0.000209895 -0.000252418 -0.0188734 0.0910636 -0.000254707 0.000638024 0.000209895 -0.000254707 0.00972806 -0.0180255 -0.000252418 0.000638024 -0.0180255 0.0890847 
0.0104775 -0.0188845 0.000249826 -0.000264792 -0.0188845 0.0911124 -0.00026541 0.000648048 0.000249826 -0.00026541 0.00969475 -0.0180225 -0.000264792 0.000648048 -0.0180225 0.0890556 
0.0104951 -0.0189183 0.000278269 -0.000307814 -0.0189183 0.0911766 -0.000308987 0.000718895 0.000278269 -0.000308987 0.00964459 -0.0179771 -0.000307814 0.000718895 -0.0179771 0.0889696 
0.0105059 -0.0189582 0.000254667 -0.000317643 -0.0189582 0.0912982 -0.000317303 0.000740932 0.000254667 -0.000317303 0.00960751 -0.0179073 -0.000317643 0.000740932 -0.0179073 0.0888135 
0.0105055 -0.0189814 0.000250543 -0.00028569 -0.0189814 0.0913998 -0.000283321 0.000695451 0.000250543 -0.000283321 0.0096101 -0.0178595 -0.00028569 0.000695451 -0.0178595 0.0886745 
0.010512 -0.0189727 0.000253601 -0.000282497 -0.0189727 0.0914122 -0.000278374 0.000665472 0.000253601 -0.000278374 0.00961567 -0.0178677 -0.000282497 0.000665472 -0.0178677 0.0886411 
0.0105219 -0.0189727 0.000284932 -0.000307765 -0.0189727 0.0914047 -0.000304753 0.000719307 0.000284932 -0.000304753 0.00961857 -0.0178856 -0.000307765 0.000719307 -0.0178856 0.088675 
0.0105005 -0.0189924 0.000269097 -0.000319848 -0.0189924 0.0914423 -0.000320736 0.000742106 0.000269097 -0.000320736 0.0096667 -0.0178841 -0.000319848 0.000742106 -0.0178841 0.0886841 
0.0104472 -0.018979 0.000225325 -0.000307727 -0.018979 0.0914522 -0.000309417 0.000746465 0.000225325 -0.000309417 0.00972356 -0.0179278 -0.000307727 0.000746465 -0.0179278 0.0887325 
0.0104173 -0.0188989 0.000212041 -0.000269126 -0.0188989 0.0913072 -0.000269121 0.000697481 0.000212041 -0.000269121 0.00974176 -0.0180144 -0.000269126 0.000697481 -0.0180144 0.0889171 
0.0104291 -0.0188674 0.000212245 -0.000243427 -0.0188674 0.0911944 -0.000241317 0.000618446 0.000212245 -0.000241317 0.00970142 -0.0180323 -0.000243427 0.000618446 -0.0180323 0.0890233 
0.0104508 -0.0189008 0.000218268 -0.000248222 -0.0189008 0.0912325 -0.000247815 0.000603134 0.000218268 -0.000247815 0.0096548 -0.0179602 -0.000248222 0.000603134 -0.0179602 0.088919 
0.0104678 -0.0189124 0.000236948 -0.000253273 -0.0189124 0.0912635 -0.000254857 0.000613769 0.000236948 -0.000254857 0.00964406 -0.017927 -0.000253273 0.000613769 -0.017927 0.0888414 
0.0104443 -0.0189098 0.000264902 -0.000309127 -0.0189098 0.0912482 -0.000311736 0.000737926 0.000264902 -0.000311736 0.00968217 -0.0179378 -0.000309127 0.000737926 -0.0179378 0.0888502 
0.0104047 -0.018888 0.000281215 -0.000342696 -0.018888 0.0912096 -0.000344222 0.000841785 0.000281215 -0.000344222 0.00971546 -0.0179644 -0.000342696 0.000841785 -0.0179644 0.0888756 
0.0104108 -0.0188535 0.000283455 -0.000342705 -0.0188535 0.0911537 -0.000341834 0.000858873 0.000283455 -0.000341834 0.00972305 -0.0179997 -0.000342705 0.000858873 -0.0179997 0.0889449 
0.0104062 -0.0188394 0.000270508 -0.000337751 -0.0188394 0.0910697 -0.000336232 0.000841425 0.000270508 -0.000336232 0.00972451 -0.0180201 -0.000337751 0.000841425 -0.0180201 0.0890184 
0.010398 -0.0188229 0.000251393 -0.000318531 -0.0188229 0.0910104 -0.000316935 0.000797042 0.000251393 -0.000316935 0.00975212 -0.0180448 -0.000318531 0.000797042 -0.0180448 0.0891092 
0.0104048 -0.018818 0.000253796 -0.000297906 -0.018818 0.0909787 -0.000300238 0.00075321 0.000253796 -0.000300238 0.00974832 -0.0180638 -0.000297906 0.00075321 -0.0180638 0.0891538 
0.0104405 -0.0188355 0.000255896 -0.00028712 -0.0188355 0.0910122 -0.00028937 0.000702782 0.000255896 -0.00028937 0.00974331 -0.0180666 -0.00028712 0.000702782 -0.0180666 0.0891886 
0.0104995 -0.0188867 0.000272855 -0.000316729 -0.0188867 0.0911135 -0.000316869 0.000756452 0.000272855 -0.000316869 0.0096853 -0.0180424 -0.000316729 0.000756452 -0.0180424 0.089135 
0.0104915 -0.0189529 0.000278704 -0.000338819 -0.0189529 0.0912564 -0.000333143 0.000809596 0.000278704 -0.000333143 0.00967965 -0.0179811 -0.000338819 0.000809596 -0.0179811 0.0890292 
0.0104733 -0.0189337 0.00030039 -0.000345723 -0.0189337 0.091272 -0.000337084 0.000834444 0.00030039 -0.000337084 0.00965542 -0.0179666 -0.000345723 0.000834444 -0.0179666 0.088944 
0.0104669 -0.018917 0.00031234 -0.000363402 -0.018917 0.0912502 -0.000357822 0.000865845 0.00031234 -0.000357822 0.00965363 -0.017942 -0.000363402 0.000865845 -0.017942 0.0888913 
0.0104529 -0.0189121 0.000341128 -0.000391809 -0.0189121 0.0912352 -0.000387624 0.000946546 0.000341128 -0.000387624 0.00965885 -0.0179335 -0.000391809 0.000946546 -0.0179335 0.088847 
0.0104231 -0.0188846 0.000328285 -0.00041054 -0.0188846 0.0911804 -0.000403892 0.000984247 0.000328285 -0.000403892 0.00968893 -0.0179566 -0.00041054 0.000984247 -0.0179566 0.0888875 
0.0104113 -0.0188533 0.00030403 -0.000400139 -0.0188533 0.0911159 -0.000391539 0.000986301 0.00030403 -0.000391539 0.00970093 -0.017989 -0.000400139 0.000986301 -0.017989 0.0889524 
0.0104242 -0.0188389 0.000309268 -0.000383315 -0.0188389 0.0910645 -0.000377099 0.000973455 0.000309268 -0.000377099 0.00967289 -0.0179941 -0.000383315 0.000973455 -0.0179941 0.0889759 
0.0104084 -0.018872 0.000299052 -0.000371704 -0.018872 0.0911169 -0.000370462 0.000935505 0.000299052 -0.000370462 0.00966808 -0.0179385 -0.000371704 0.000935505 -0.0179385 0.0888729 
0.0103884 -0.0188428 0.000279962 -0.000358625 -0.0188428 0.0910875 -0.000359833 0.000903075 0.000279962 -0.000359833 0.00965342 -0.017929 -0.000358625 0.000903075 -0.017929 0.0887983 
0.0103549 -0.0187956 0.000246515 -0.000318293 -0.0187956 0.09097 -0.000320532 0.000810901 0.000246515 -0.000320532 0.00968535 -0.0179454 -0.000318293 0.000810901 -0.0179454 0.0888473 
0.0103299 -0.0187445 0.00023384 -0.000279949 -0.0187445 0.09083 -0.000281519 0.000712453 0.00023384 -0.000281519 0.00971937 -0.0179919 -0.000279949 0.000712453 -0.0179919 0.0889464 
0.0103455 -0.0187342 0.000240965 -0.000294801 -0.0187342 0.0907815 -0.000293427 0.000724886 0.000240965 -0.000293427 0.00972033 -0.0180092 -0.000294801 0.000724886 -0.0180092 0.0889882 
0.0103653 -0.0187326 0.000252274 -0.000310762 -0.0187326 0.0907368 -0.000313477 0.000768051 0.000252274 -0.000313477 0.00970498 -0.0180236 -0.000310762 0.000768051 -0.0180236 0.0890373 
0.0103721 -0.0187606 0.000238607 -0.0003128 -0.0187606 0.0907661 -0.000320531 0.000785402 0.000238607 -0.000320531 0.00968023 -0.0179909 -0.0003128 0.000785402 -0.0179909 0.0889844 
0.0103659 -0.0187879 0.000217925 -0.000264034 -0.0187879 0.0908529 -0.000272677 0.00068721 0.000217925 -0.000272677 0.00968743 -0.0179546 -0.000264034 0.00068721 -0.0179546 0.0888965 
0.0103637 -0.0187855 0.000218051 -0.000244078 -0.0187855 0.0908896 -0.000244925 0.000605154 0.000218051 -0.000244925 0.0096999 -0.0179574 -0.000244078 0.000605154 -0.0179574 0.0888557 
0.0103437 -0.0187658 0.000249458 -0.000297291 -0.0187658 0.0908471 -0.000292832 0.000705061 0.000249458 -0.000292832 0.00972158 -0.0179776 -0.000297291 0.000705061 -0.0179776 0.0888797 
0.0102908 -0.0187637 0.000254494 -0.00033246 -0.0187637 0.0908506 -0.000325533 0.000800864 0.000254494 -0.000325533 0.00976175 -0.0179825 -0.00033246 0.000800864 -0.0179825 0.0888745 
0.0102885 -0.01871 0.000274344 -0.000336158 -0.01871 0.0907859 -0.00032509 0.000837411 0.000274344 -0.00032509 0.00975081 -0.0180283 -0.000336158 0.000837411 -0.0180283 0.0889424 
0.0102892 -0.0186901 0.000269056 -0.000332468 -0.0186901 0.0907042 -0.000318703 0.000809064 0.000269056 -0.000318703 0.00975608 -0.0180498 -0.000332468 0.000809064 -0.0180498 0.0890586 
0.0103169 -0.0186782 0.000279876 -0.000356779 -0.0186782 0.0906495 -0.000347445 0.000876699 0.000279876 -0.000347445 0.0097475 -0.018069 -0.000356779 0.000876699 -0.018069 0.0891395 
0.0103359 -0.0187203 0.000280523 -0.000372462 -0.0187203 0.0907058 -0.000373009 0.000940417 0.000280523 -0.000373009 0.00973543 -0.0180388 -0.000372462 0.000940417 -0.0180388 0.0890935 
0.0103375 -0.0187469 0.000262187 -0.000348449 -0.0187469 0.0907759 -0.000355718 0.000910011 0.000262187 -0.000355718 0.00973354 -0.0180166 -0.000348449 0.000910011 -0.0180166 0.0890256 
0.0103582 -0.0187626 0.000273457 -0.000329664 -0.0187626 0.0908494 -0.000337247 0.000867768 0.000273457 -0.000337247 0.00973075 -0.0180181 -0.000329664 0.000867768 -0.0180181 0.08901 
0.0103853 -0.018784 0.000269515 -0.000325976 -0.018784 0.0908977 -0.000330535 0.000816891 0.000269515 -0.000330535 0.00969184 -0.0180152 -0.000325976 0.000816891 -0.0180152 0.089003 
0.0103815 -0.0188261 0.00026872 -0.000332918 -0.0188261 0.0909982 -0.000333063 0.000823431 0.00026872 -0.000333063 0.00968961 -0.017965 -0.000332918 0.000823431 -0.017965 0.0889233 
0.01036 -0.0188051 0.00028022 -0.000346556 -0.0188051 0.0909929 -0.000348579 0.000865815 0.00028022 -0.000348579 0.00970953 -0.0179779 -0.000346556 0.000865815 -0.0179779 0.08892 
0.0103708 -0.0187581 0.000299595 -0.000351043 -0.0187581 0.0908783 -0.000359567 0.000887191 0.000299595 -0.000359567 0.00970594 -0.0180198 -0.000351043 0.000887191 -0.0180198 0.0890141 
0.0103835 -0.0187985 0.000270543 -0.000335804 -0.0187985 0.0909178 -0.000343771 0.000828083 0.000270543 -0.000343771 0.00968414 -0.0179795 -0.000335804 0.000828083 -0.0179795 0.0889518 
0.0103608 -0.0187981 0.000275361 -0.000317879 -0.0187981 0.0909243 -0.000318495 0.000790379 0.000275361 -0.000318495 0.00970042 -0.0179699 -0.000317879 0.000790379 -0.0179699 0.0889237 
0.0103637 -0.0187744 0.000303866 -0.000360386 -0.0187744 0.0908982 -0.000353465 0.000867796 0.000303866 -0.000353465 0.00969753 -0.0179889 -0.000360386 0.000867796 -0.0179889 0.0889409 
0.0103518 -0.0187653 0.000297603 -0.000390228 -0.0187653 0.090855 -0.00038326 0.000946289 0.000297603 -0.00038326 0.00971452 -0.0180062 -0.000390228 0.000946289 -0.0180062 0.0890076 
0.0103558 -0.0187688 0.000257214 -0.000353068 -0.0187688 0.0908649 -0.000352319 0.000896703 0.000257214 -0.000352319 0.00970771 -0.0180043 -0.000353068 0.000896703 -0.0180043 0.0890017 
0.0103355 -0.0187577 0.000241997 -0.000297247 -0.0187577 0.0908199 -0.000301728 0.000783607 0.000241997 -0.000301728 0.00967542 -0.0179819 -0.000297247 0.000783607 -0.0179819 0.0889436 
0.0103214 -0.0187608 0.000243435 -0.00030396 -0.0187608 0.0908508 -0.0003106 0.000774105 0.000243435 -0.0003106 0.00965642 -0.0179191 -0.00030396 0.000774105 -0.0179191 0.0887948 
0.0103134 -0.0187323 0.000254124 -0.000298942 -0.0187323 0.0908037 -0.000304208 0.000761273 0.000254124 -0.000304208 0.0096431 -0.0179026 -0.000298942 0.000761273 -0.0179026 0.0887131 
0.0102869 -0.0187189 0.0002262 -0.000291855 -0.0187189 0.0907526 -0.000294181 0.000717447 0.0002262 -0.000294181 0.00963818 -0.0178804 -0.000291855 0.000717447 -0.0178804 0.0886426 
0.0102482 -0.0186914 0.000199486 -0.000261098 -0.0186914 0.0906961 -0.000259902 0.000657386 0.000199486 -0.000259902 0.00964307 -0.0178651 -0.000261098 0.000657386 -0.0178651 0.0885845 
0.010203 -0.0186068 0.000179752 -0.000247683 -0.0186068 0.0904981 -0.000244941 0.000624611 0.000179752 -0.000244941 0.00965054 -0.0178987 -0.000247683 0.000624611 -0.0178987 0.0886443 
0.010166 -0.0185236 0.000153818 -0.000211778 -0.0185236 0.0902524 -0.000213022 0.000546918 0.000153818 -0.000213022 0.00966902 -0.0179291 -0.000211778 0.000546918 -0.0179291 0.0887457 
0.0101707 -0.0184856 0.000148895 -0.000184075 -0.0184856 0.0901053 -0.000189391 0.000483703 0.000148895 -0.000189391 0.00967254 -0.0179395 -0.000184075 0.000483703 -0.0179395 0.0887868 
0.0101601 -0.0185007 0.000149135 -0.000175502 -0.0185007 0.09008 -0.000185335 0.000446529 0.000149135 -0.000185335 0.00967375 -0.0179197 -0.000175502 0.000446529 -0.0179197 0.0887379 
0.0101549 -0.0185279 0.000153973 -0.000169611 -0.0185279 0.0901674 -0.000178665 0.000421555 0.000153973 -0.000178665 0.00965787 -0.0178761 -0.000169611 0.000421555 -0.0178761 0.0885947 
0.010136 -0.0185201 0.000167838 -0.000184233 -0.0185201 0.0901915 -0.000187101 0.000438374 0.000167838 -0.000187101 0.00966628 -0.0178624 -0.000184233 0.000438374 -0.0178624 0.0885248 
0.0101331 -0.0184754 0.000175237 -0.000217549 -0.0184754 0.0901069 -0.000213969 0.000508543 0.000175237 -0.000213969 0.00965857 -0.017897 -0.000217549 0.000508543 -0.017897 0.0885806 
0.0101436 -0.0184779 0.000149758 -0.000224858 -0.0184779 0.0900796 -0.000218191 0.000543741 0.000149758 -0.000218191 0.00963868 -0.0178733 -0.000224858 0.000543741 -0.0178733 0.0885526 
0.0101525 -0.0184867 0.000147658 -0.000198706 -0.0184867 0.0900839 -0.000194222 0.000525973 0.000147658 -0.000194222 0.00963377 -0.0178505 -0.000198706 0.000525973 -0.0178505 0.0885008 
0.0101374 -0.018473 0.000175119 -0.000212442 -0.018473 0.0900402 -0.000212112 0.000552435 0.000175119 -0.000212112 0.00966106 -0.0178678 -0.000212442 0.000552435 -0.0178678 0.0885276 
0.0101272 -0.0184668 0.000197247 -0.000239399 -0.0184668 0.0900203 -0.000242053 0.000607035 0.000197247 -0.000242053 0.00966286 -0.0178861 -0.000239399 0.000607035 -0.0178861 0.0885546 
0.0101342 -0.0184601 0.000191668 -0.000237816 -0.0184601 0.0900141 -0.000239433 0.000596841 0.000191668 -0.000239433 0.00964913 -0.0178964 -0.000237816 0.000596841 -0.0178964 0.0885994 
0.0101201 -0.0184661 0.000178047 -0.000232792 -0.0184661 0.0900188 -0.000230583 0.000580129 0.000178047 -0.000230583 0.00965404 -0.0178848 -0.000232792 0.000580129 -0.0178848 0.0886055 
0.010101 -0.0184381 0.000162153 -0.000218142 -0.0184381 0.0899669 -0.000214936 0.000554721 0.000162153 -0.000214936 0.00965838 -0.0178999 -0.000218142 0.000554721 -0.0178999 0.0886407 
0.0101051 -0.0184291 0.000143409 -0.000203633 -0.0184291 0.0899395 -0.000202135 0.000524518 0.000143409 -0.000202135 0.00962636 -0.0178743 -0.000203633 0.000524518 -0.0178743 0.0885809 
0.0101044 -0.0184301 0.000147702 -0.000187318 -0.0184301 0.0899294 -0.000185253 0.000492685 0.000147702 -0.000185253 0.0096101 -0.0178377 -0.000187318 0.000492685 -0.0178377 0.0884996 
0.0101105 -0.0184241 0.000165437 -0.00017774 -0.0184241 0.0899119 -0.000174507 0.000444841 0.000165437 -0.000174507 0.00959257 -0.0178144 -0.00017774 0.000444841 -0.0178144 0.0884212 
0.0100884 -0.0184461 0.000181083 -0.000211074 -0.0184461 0.0899512 -0.000209325 0.000497321 0.000181083 -0.000209325 0.00960116 -0.0177675 -0.000211074 0.000497321 -0.0177675 0.0882861 
0.0100678 -0.0183998 0.000176043 -0.00021858 -0.0183998 0.0898787 -0.000218978 0.000529229 0.000176043 -0.000218978 0.00962593 -0.0177998 -0.00021858 0.000529229 -0.0177998 0.0883069 
0.0100513 -0.0183801 0.000173117 -0.000211419 -0.0183801 0.0898217 -0.000216715 0.000535379 0.000173117 -0.000216715 0.0096523 -0.0178355 -0.000211419 0.000535379 -0.0178355 0.088389 
0.0100343 -0.0183523 0.000161974 -0.000198074 -0.0183523 0.0897486 -0.000206445 0.000507119 0.000161974 -0.000206445 0.00967885 -0.0178808 -0.000198074 0.000507119 -0.0178808 0.0885104 
0.0100246 -0.0183339 0.000159976 -0.000196442 -0.0183339 0.0896932 -0.000202827 0.000502414 0.000159976 -0.000202827 0.00970957 -0.0179128 -0.000196442 0.000502414 -0.0179128 0.0886114 
0.0100307 -0.0183415 0.000143944 -0.00018099 -0.0183415 0.0897045 -0.000183593 0.000457506 0.000143944 -0.000183593 0.00970591 -0.017928 -0.00018099 0.000457506 -0.017928 0.0886454 
0.0100649 -0.0183408 0.000155401 -0.000180508 -0.0183408 0.0896995 -0.000181156 0.000455712 0.000155401 -0.000181156 0.00966273 -0.0179278 -0.000180508 0.000455712 -0.0179278 0.0886617 
0.0100455 -0.0183543 0.000145841 -0.000215299 -0.0183543 0.0896861 -0.000214245 0.000530173 0.000145841 -0.000214245 0.00965934 -0.0179014 -0.000215299 0.000530173 -0.0179014 0.0886541 
0.0100412 -0.0183518 0.000116458 -0.000180262 -0.0183518 0.0897111 -0.00017563 0.000480399 0.000116458 -0.00017563 0.00964206 -0.0178771 -0.000180262 0.000480399 -0.0178771 0.088583 
0.0100295 -0.0183499 7.36318e-05 -0.000119907 -0.0183499 0.0897131 -0.00011131 0.000326031 7.36318e-05 -0.00011131 0.00963157 -0.0178425 -0.000119907 0.000326031 -0.0178425 0.0884877 
0.0100375 -0.0183355 4.43255e-05 -6.01908e-05 -0.0183355 0.0896884 -4.80837e-05 0.000153026 4.43255e-05 -4.80837e-05 0.00960631 -0.0178196 -6.01908e-05 0.000153026 -0.0178196 0.0884011 
0.0100285 -0.0183282 5.69687e-05 -6.70654e-05 -0.0183282 0.0896475 -5.74967e-05 0.000143711 5.69687e-05 -5.74967e-05 0.00959306 -0.0177939 -6.70654e-05 0.000143711 -0.0177939 0.0883284 
0.0100325 -0.0183257 8.88788e-05 -7.64869e-05 -0.0183257 0.0896456 -7.11935e-05 0.000160688 8.88788e-05 -7.11935e-05 0.00958564 -0.0177697 -7.64869e-05 0.000160688 -0.0177697 0.0882504 
0.010018 -0.0183235 0.000129371 -0.000131894 -0.0183235 0.0896296 -0.000130639 0.000281201 0.000129371 -0.000130639 0.00959444 -0.0177616 -0.000131894 0.000281201 -0.0177616 0.0882071 
0.0100057 -0.0183209 0.000139296 -0.000171397 -0.0183209 0.0896425 -0.000175521 0.000394681 0.000139296 -0.000175521 0.00960919 -0.0177651 -0.000171397 0.000394681 -0.0177651 0.0881914 
0.0100088 -0.0182929 0.00011903 -0.000173944 -0.0182929 0.0895911 -0.000181377 0.000439383 0.00011903 -0.000181377 0.00961604 -0.0178062 -0.000173944 0.000439383 -0.0178062 0.0882829 
0.0100037 -0.0183061 0.000117038 -0.000159714 -0.0183061 0.0896005 -0.000165943 0.000442734 0.000117038 -0.000165943 0.00963206 -0.0178107 -0.000159714 0.000442734 -0.0178107 0.0883283 
0.0100128 -0.0182974 0.000116688 -0.000150783 -0.0182974 0.0895945 -0.000155698 0.000412531 0.000116688 -0.000155698 0.00963052 -0.0178346 -0.000150783 0.000412531 -0.0178346 0.0883825 
0.0100258 -0.0183068 0.000126433 -0.000135347 -0.0183068 0.0896037 -0.000137623 0.000357572 0.000126433 -0.000137623 0.00963322 -0.0178422 -0.000135347 0.000357572 -0.0178422 0.0884329 
0.010017 -0.0183141 0.0001361 -0.00015963 -0.0183141 0.0896119 -0.000156457 0.000379021 0.0001361 -0.000156457 0.00966684 -0.0178592 -0.00015963 0.000379021 -0.0178592 0.0884906 
0.010011 -0.0183167 0.000141624 -0.00019179 -0.0183167 0.0896325 -0.000185809 0.000463637 0.000141624 -0.000185809 0.00969178 -0.0178811 -0.00019179 0.000463637 -0.0178811 0.0885231 
0.0100202 -0.0182898 0.000146511 -0.000191408 -0.0182898 0.0895738 -0.000183717 0.000484314 0.000146511 -0.000183717 0.00970024 -0.0179367 -0.000191408 0.000484314 -0.0179367 0.0886515 
0.0100315 -0.0183291 0.000150146 -0.000187355 -0.0183291 0.0896418 -0.000181142 0.000474774 0.000150146 -0.000181142 0.00970681 -0.0179276 -0.000187355 0.000474774 -0.0179276 0.0886706 
0.0100322 -0.0183654 0.000167572 -0.000193255 -0.0183654 0.0897572 -0.000194268 0.000491698 0.000167572 -0.000194268 0.0097013 -0.0179109 -0.000193255 0.000491698 -0.0179109 0.0886146 
0.0100625 -0.018355 0.000196705 -0.000216785 -0.018355 0.0897751 -0.000225172 0.000546567 0.000196705 -0.000225172 0.00966655 -0.0179234 -0.000216785 0.000546567 -0.0179234 0.0886377 
0.0100822 -0.0183734 0.000191613 -0.000250477 -0.0183734 0.0897857 -0.000261392 0.000620652 0.000191613 -0.000261392 0.00965755 -0.0179029 -0.000250477 0.000620652 -0.0179029 0.0886443 
0.0100858 -0.0184135 0.000170824 -0.000241119 -0.0184135 0.0898725 -0.000249634 0.000632324 0.000170824 -0.000249634 0.0096596 -0.0178679 -0.000241119 0.000632324 -0.0178679 0.0885531 
0.0100968 -0.0184088 0.000204644 -0.000239237 -0.0184088 0.0898903 -0.000242088 0.000647561 0.000204644 -0.000242088 0.00964807 -0.0178796 -0.000239237 0.000647561 -0.0178796 0.0885457 
0.0101326 -0.0184358 0.000210332 -0.000253476 -0.0184358 0.0899526 -0.000252231 0.000634349 0.000210332 -0.000252231 0.00962189 -0.0178629 -0.000253476 0.000634349 -0.0178629 0.0885229 
0.0101808 -0.0184662 0.000223749 -0.000257807 -0.0184662 0.0900145 -0.000255126 0.00063741 0.000223749 -0.000255126 0.00960107 -0.0178552 -0.000257807 0.00063741 -0.0178552 0.0885288 
0.0101946 -0.0185464 0.000218418 -0.000260909 -0.0185464 0.0901923 -0.000259568 0.000629814 0.000218418 -0.000259568 0.0096072 -0.0178166 -0.000260909 0.000629814 -0.0178166 0.0884558 
0.0101796 -0.0185545 0.000203543 -0.000264857 -0.0185545 0.0902718 -0.000263511 0.000647659 0.000203543 -0.000263511 0.00961512 -0.0178364 -0.000264857 0.000647659 -0.0178364 0.0884677 
0.0101593 -0.0185533 0.000166195 -0.00022086 -0.0185533 0.0903134 -0.000219703 0.000558532 0.000166195 -0.000219703 0.00963916 -0.0178326 -0.00022086 0.000558532 -0.0178326 0.0884638 
0.0101279 -0.0184979 0.000128516 -0.000190987 -0.0184979 0.090194 -0.000191891 0.00048993 0.000128516 -0.000191891 0.00967686 -0.0178747 -0.000190987 0.00048993 -0.0178747 0.0885375 
0.010087 -0.0184413 0.000109483 -0.000169176 -0.0184413 0.0900275 -0.00017078 0.000455259 0.000109483 -0.00017078 0.00972095 -0.0179344 -0.000169176 0.000455259 -0.0179344 0.0886782 
0.0101116 -0.0184062 0.000137561 -0.000161716 -0.0184062 0.0899232 -0.0001628 0.000445005 0.000137561 -0.0001628 0.00970913 -0.0179769 -0.000161716 0.000445005 -0.0179769 0.088792 
0.0101707 -0.0184697 0.000176873 -0.000188229 -0.0184697 0.0900157 -0.000188736 0.000470695 0.000176873 -0.000188736 0.00963573 -0.0179189 -0.000188229 0.000470695 -0.0179189 0.0886916 
0.0101799 -0.0185248 0.000181236 -0.000223028 -0.0185248 0.0901329 -0.000225212 0.00053094 0.000181236 -0.000225212 0.00960345 -0.017851 -0.000223028 0.00053094 -0.017851 0.0885597 
0.0101723 -0.0185185 0.000172184 -0.00022007 -0.0185185 0.090157 -0.000224538 0.000546992 0.000172184 -0.000224538 0.00959102 -0.017825 -0.00022007 0.000546992 -0.017825 0.0884716 
0.0101749 -0.0185215 0.000152082 -0.00020091 -0.0185215 0.0901813 -0.000203828 0.000510772 0.000152082 -0.000203828 0.0095999 -0.0178016 -0.00020091 0.000510772 -0.0178016 0.0884 
0.0101834 -0.0185112 0.000145878 -0.000195894 -0.0185112 0.0901562 -0.000194999 0.00050027 0.000145878 -0.000194999 0.00961557 -0.0178243 -0.000195894 0.00050027 -0.0178243 0.08842 
0.0101925 -0.0185391 0.000162857 -0.000200694 -0.0185391 0.0902031 -0.00019666 0.000511297 0.000162857 -0.00019666 0.00960757 -0.0178187 -0.000200694 0.000511297 -0.0178187 0.0883946 
0.0102147 -0.0185698 0.000203574 -0.000233548 -0.0185698 0.0903072 -0.000226634 0.000577585 0.000203574 -0.000226634 0.00959936 -0.0178082 -0.000233548 0.000577585 -0.0178082 0.0883682 
0.0102002 -0.0185918 0.000217619 -0.000261852 -0.0185918 0.0903697 -0.0002544 0.000628668 0.000217619 -0.0002544 0.00961671 -0.0177996 -0.000261852 0.000628668 -0.0177996 0.0883466 
0.010176 -0.018581 0.000203623 -0.000265337 -0.018581 0.0903884 -0.000262841 0.000650554 0.000203623 -0.000262841 0.00964578 -0.0178183 -0.000265337 0.000650554 -0.0178183 0.0883654 
0.0101641 -0.0185348 0.000202606 -0.000243823 -0.0185348 0.0902988 -0.000247121 0.000627455 0.000202606 -0.000247121 0.00965836 -0.0178817 -0.000243823 0.000627455 -0.0178817 0.0885158 
0.0101677 -0.0185237 0.000177316 -0.000228156 -0.0185237 0.0902413 -0.000234825 0.000576215 0.000177316 -0.000234825 0.0096432 -0.017893 -0.000228156 0.000576215 -0.017893 0.0885962 
0.0101398 -0.0185039 0.000138556 -0.000193858 -0.0185039 0.0901644 -0.00020273 0.000504 0.000138556 -0.00020273 0.00965853 -0.0179044 -0.000193858 0.000504 -0.0179044 0.0886798 
0.0101536 -0.0184562 0.000130241 -0.000154416 -0.0184562 0.0900444 -0.000162645 0.000418139 0.000130241 -0.000162645 0.00964818 -0.0179305 -0.000154416 0.000418139 -0.0179305 0.0887572 
0.0101757 -0.0184783 0.000138593 -0.000141572 -0.0184783 0.0900256 -0.000146528 0.0003527 0.000138593 -0.000146528 0.00961768 -0.0178937 -0.000141572 0.0003527 -0.0178937 0.0886989 
0.0101861 -0.0185294 0.000142012 -0.000165494 -0.0185294 0.0901422 -0.000169137 0.000385472 0.000142012 -0.000169137 0.00961013 -0.01784 -0.000165494 0.000385472 -0.01784 0.0885674 
0.0102043 -0.0185356 0.00015783 -0.000186924 -0.0185356 0.0902013 -0.000188245 0.000453439 0.00015783 -0.000188245 0.00960763 -0.0178456 -0.000186924 0.000453439 -0.0178456 0.0885342 
0.010228 -0.018592 0.00016449 -0.000208069 -0.018592 0.0903443 -0.000207111 0.00051664 0.00016449 -0.000207111 0.00960594 -0.0178094 -0.000208069 0.00051664 -0.0178094 0.0884364 
0.0102284 -0.0185897 0.000177917 -0.000214859 -0.0185897 0.0903685 -0.000211742 0.000545627 0.000177917 -0.000211742 0.00963425 -0.01785 -0.000214859 0.000545627 -0.01785 0.0885041 
0.0102201 -0.0186137 0.000181713 -0.000224106 -0.0186137 0.090426 -0.000217285 0.000555297 0.000181713 -0.000217285 0.0096171 -0.0178403 -0.000224106 0.000555297 -0.0178403 0.0884688 
0.0101895 -0.0186061 0.000167767 -0.000234152 -0.0186061 0.0904486 -0.000223857 0.000575388 0.000167767 -0.000223857 0.00961967 -0.0178227 -0.000234152 0.000575388 -0.0178227 0.0884302 
0.0101923 -0.0185682 0.000185034 -0.000202837 -0.0185682 0.0903988 -0.00019565 0.000526332 0.000185034 -0.00019565 0.00963988 -0.0178399 -0.000202837 0.000526332 -0.0178399 0.0884623 
0.0102284 -0.0185565 0.000177295 -0.000184485 -0.0185565 0.0903334 -0.000184475 0.000436667 0.000177295 -0.000184475 0.00965554 -0.0178808 -0.000184485 0.000436667 -0.0178808 0.0885608 
0.0102458 -0.0185995 0.000183833 -0.000197093 -0.0185995 0.090369 -0.000200775 0.00045875 0.000183833 -0.000200775 0.0096793 -0.0179009 -0.000197093 0.00045875 -0.0179009 0.0886324 
0.0102827 -0.0186198 0.000219871 -0.000235048 -0.0186198 0.0904276 -0.000238868 0.000561423 0.000219871 -0.000238868 0.00967335 -0.017945 -0.000235048 0.000561423 -0.017945 0.0887444 
0.0102967 -0.0186649 0.00024147 -0.000281974 -0.0186649 0.0905108 -0.000284837 0.000676772 0.00024147 -0.000284837 0.00965423 -0.017934 -0.000281974 0.000676772 -0.017934 0.0887724 
