0.00690215 0 3.61433e-06 0 0 0.01 0 0 3.61433e-06 0 0.00775294 0 0 0 0 0.01 
0.00982526 -0.0122055 -3.7964e-06 1.72838e-06 -0.0122055 0.0325771 1.72838e-06 -3.35995e-06 -3.7964e-06 1.72838e-06 0.0108345 -0.0134509 1.72838e-06 -3.35995e-06 -0.0134509 0.0349655 
0.00997894 -0.0187472 -5.09794e-05 1.96256e-05 -0.0187472 0.0691112 1.96256e-05 -4.53534e-05 -5.09794e-05 1.96256e-05 0.0108178 -0.0201066 1.96256e-05 -4.53534e-05 -0.0201066 0.0734536 
0.00946843 -0.0185325 -3.54907e-05 2.62737e-05 -0.0185325 0.083407 2.45573e-05 2.7907e-05 -3.54907e-05 2.45573e-05 0.0102253 -0.0196596 2.62737e-05 2.7907e-05 -0.0196596 0.0873015 
0.00942351 -0.0179049 1.20098e-05 4.65533e-06 -0.0179049 0.0869767 1.43424e-06 4.40005e-05 1.20098e-05 1.43424e-06 0.0102133 -0.0189114 4.65533e-06 4.40005e-05 -0.0189114 0.0898922 
0.00952891 -0.0177889 3.42302e-05 -3.51099e-05 -0.0177889 0.0880366 -3.63331e-05 7.35187e-05 3.42302e-05 -3.63331e-05 0.0104053 -0.0188426 -3.51099e-05 7.35187e-05 -0.0188426 0.0906555 
0.00959058 -0.0178252 3.43774e-05 -7.08105e-05 -0.0178252 0.0884496 -6.92505e-05 0.000165232 3.43774e-05 -6.92505e-05 0.0105594 -0.018989 -7.08105e-05 0.000165232 -0.018989 0.0912574 
0.00960086 -0.0178513 9.3153e-06 -5.60085e-05 -0.0178513 0.0885839 -5.66373e-05 0.000168412 9.3153e-06 -5.66373e-05 0.0106072 -0.0190744 -5.60085e-05 0.000168412 -0.0190744 0.0915694 
0.00960004 -0.0178369 -2.59372e-05 -2.11602e-05 -0.0178369 0.0885527 -2.39256e-05 0.000108078 -2.59372e-05 -2.39256e-05 0.0106189 -0.0191005 -2.11602e-05 0.000108078 -0.0191005 0.0916945 
0.00961069 -0.0178445 -2.73221e-05 3.22337e-06 -0.0178445 0.0885364 2.70286e-07 5.96974e-05 -2.73221e-05 2.70286e-07 0.0105809 -0.0190754 3.22337e-06 5.96974e-05 -0.0190754 0.0916316 
0.00960183 -0.0178647 -3.62053e-05 1.93075e-05 -0.0178647 0.088572 2.25943e-05 -9.59945e-06 -3.62053e-05 2.25943e-05 0.0105626 -0.0190314 1.93075e-05 -9.59945e-06 -0.0190314 0.0915291 
0.00962912 -0.0178622 -1.88964e-05 1.88795e-05 -0.0178622 0.0885997 3.00133e-05 -3.06321e-05 -1.88964e-05 3.00133e-05 0.0105085 -0.0190064 1.88795e-05 -3.06321e-05 -0.0190064 0.0914362 
0.00967074 -0.0178904 3.16831e-05 -8.84907e-06 -0.0178904 0.0886473 1.33252e-06 1.92618e-05 3.16831e-05 1.33252e-06 0.0104787 -0.0189605 -8.84907e-06 1.92618e-05 -0.0189605 0.091365 
0.0096544 -0.0179237 8.02099e-07 -4.16588e-05 -0.0179237 0.0886998 -3.9041e-05 7.32804e-05 8.02099e-07 -3.9041e-05 0.0104942 -0.0189302 -4.16588e-05 7.32804e-05 -0.0189302 0.0912867 
0.00963736 -0.0178978 -7.95454e-06 -9.74489e-06 -0.0178978 0.0886829 -1.14133e-05 6.35725e-05 -7.95454e-06 -1.14133e-05 0.0105196 -0.0189647 -9.74489e-06 6.35725e-05 -0.0189647 0.091334 
0.00962693 -0.017876 -1.32798e-06 -7.18226e-06 -0.017876 0.0886322 -1.04598e-05 5.36332e-05 -1.32798e-06 -1.04598e-05 0.0105091 -0.0189891 -7.18226e-06 5.36332e-05 -0.0189891 0.0913898 
0.00963497 -0.0178672 1.74462e-05 -2.59736e-05 -0.0178672 0.0886076 -3.01158e-05 9.1625e-05 1.74462e-05 -3.01158e-05 0.0104721 -0.0189751 -2.59736e-05 9.1625e-05 -0.0189751 0.0913909 
0.00967563 -0.0179112 4.80924e-05 -4.20892e-05 -0.0179112 0.088709 -4.21985e-05 0.000125693 4.80924e-05 -4.21985e-05 0.0104452 -0.0189164 -4.20892e-05 0.000125693 -0.0189164 0.0912921 
0.00969917 -0.0179273 7.26956e-05 -7.9619e-05 -0.0179273 0.0887431 -7.63338e-05 0.00019187 7.26956e-05 -7.63338e-05 0.0104254 -0.0189113 -7.9619e-05 0.00019187 -0.0189113 0.0912665 
0.00968866 -0.017944 6.2225e-05 -0.000103261 -0.017944 0.0887656 -0.000101293 0.000253878 6.2225e-05 -0.000101293 0.010425 -0.0188929 -0.000103261 0.000253878 -0.0188929 0.091239 
0.00969026 -0.017951 4.97417e-05 -9.42831e-05 -0.017951 0.0888091 -9.43103e-05 0.000270267 4.97417e-05 -9.43103e-05 0.0104041 -0.0188731 -9.42831e-05 0.000270267 -0.0188731 0.0911757 
0.00968667 -0.0179512 3.80021e-05 -6.77758e-05 -0.0179512 0.0888206 -7.15226e-05 0.000220539 3.80021e-05 -7.15226e-05 0.0103861 -0.0188426 -6.77758e-05 0.000220539 -0.0188426 0.0910994 
0.00970441 -0.0179543 4.77145e-05 -3.76578e-05 -0.0179543 0.0888394 -4.45809e-05 0.000136512 4.77145e-05 -4.45809e-05 0.0103715 -0.0188249 -3.76578e-05 0.000136512 -0.0188249 0.0910518 
0.00968219 -0.017976 5.46555e-05 -7.75587e-05 -0.017976 0.0888804 -8.48537e-05 0.000197623 5.46555e-05 -8.48537e-05 0.0103788 -0.0187983 -7.75587e-05 0.000197623 -0.0187983 0.0909773 
0.00968204 -0.0179511 5.66738e-05 -9.28067e-05 -0.0179511 0.0888658 -9.75092e-05 0.000259787 5.66738e-05 -9.75092e-05 0.0103801 -0.0188122 -9.28067e-05 0.000259787 -0.0188122 0.090979 
0.00969741 -0.0179601 5.49188e-05 -7.14427e-05 -0.0179601 0.0888745 -7.34311e-05 0.000215797 5.49188e-05 -7.34311e-05 0.0104074 -0.0188258 -7.14427e-05 0.000215797 -0.0188258 0.0910362 
0.00972327 -0.0179697 7.93449e-05 -7.552e-05 -0.0179697 0.0888832 -7.61411e-05 0.000204151 7.93449e-05 -7.61411e-05 0.0103999 -0.0188573 -7.552e-05 0.000204151 -0.0188573 0.0910961 
0.00971616 -0.0180072 6.67489e-05 -8.95267e-05 -0.0180072 0.0889556 -8.80679e-05 0.000202753 6.67489e-05 -8.80679e-05 0.0104499 -0.0188583 -8.95267e-05 0.000202753 -0.0188583 0.0911428 
0.00967727 -0.0179768 4.6121e-05 -0.000104467 -0.0179768 0.0889217 -0.000100934 0.000259238 4.6121e-05 -0.000100934 0.0105239 -0.0189399 -0.000104467 0.000259238 -0.0189399 0.0913016 
0.00969353 -0.0179456 4.85335e-05 -8.18667e-05 -0.0179456 0.0888696 -7.54161e-05 0.000241342 4.85335e-05 -7.54161e-05 0.0105362 -0.0190212 -8.18667e-05 0.000241342 -0.0190212 0.091489 
0.0097278 -0.0179959 5.71489e-05 -7.04281e-05 -0.0179959 0.0889529 -6.36716e-05 0.000195633 5.71489e-05 -6.36716e-05 0.0105264 -0.0190152 -7.04281e-05 0.000195633 -0.0190152 0.0915368 
0.00973797 -0.0180227 5.08321e-05 -9.80111e-05 -0.0180227 0.0890241 -9.47831e-05 0.000247898 5.08321e-05 -9.47831e-05 0.0105302 -0.0190134 -9.80111e-05 0.000247898 -0.0190134 0.0915468 
0.00975588 -0.0180311 4.82794e-05 -7.46701e-05 -0.0180311 0.0890555 -7.40824e-05 0.000223764 4.82794e-05 -7.40824e-05 0.0104769 -0.0189989 -7.46701e-05 0.000223764 -0.0189989 0.0914917 
0.00975695 -0.0180497 8.55383e-05 -8.44004e-05 -0.0180497 0.0890919 -8.591e-05 0.000239231 8.55383e-05 -8.591e-05 0.0104158 -0.018927 -8.44004e-05 0.000239231 -0.018927 0.0913455 
0.00976486 -0.0180258 0.000130706 -0.000130782 -0.0180258 0.089046 -0.000134347 0.000323757 0.000130706 -0.000134347 0.0103649 -0.0188724 -0.000130782 0.000323757 -0.0188724 0.0912182 
0.00973194 -0.017982 0.000153406 -0.000185404 -0.017982 0.0888939 -0.000192931 0.000450292 0.000153406 -0.000192931 0.0103578 -0.0188414 -0.000185404 0.000450292 -0.0188414 0.0911483 
0.00974403 -0.0179792 0.000141422 -0.000196183 -0.0179792 0.0888716 -0.000204391 0.000505655 0.000141422 -0.000204391 0.0103579 -0.0188109 -0.000196183 0.000505655 -0.0188109 0.0910583 
0.00974192 -0.0180115 0.000104317 -0.000178779 -0.0180115 0.0889321 -0.000182675 0.000487656 0.000104317 -0.000182675 0.0103805 -0.0187983 -0.000178779 0.000487656 -0.0187983 0.090991 
0.00972713 -0.0180237 5.14784e-05 -0.000121445 -0.0180237 0.0889974 -0.000121406 0.000366696 5.14784e-05 -0.000121406 0.0104423 -0.0188301 -0.000121445 0.000366696 -0.0188301 0.0910303 
0.00971342 -0.0180042 5.50111e-05 -6.75687e-05 -0.0180042 0.0889872 -6.46135e-05 0.000231229 5.50111e-05 -6.46135e-05 0.0104509 -0.0188944 -6.75687e-05 0.000231229 -0.0188944 0.0911318 
0.00969477 -0.0179721 6.19396e-05 -7.96744e-05 -0.0179721 0.088912 -7.459e-05 0.000196513 6.19396e-05 -7.459e-05 0.0104351 -0.0189153 -7.96744e-05 0.000196513 -0.0189153 0.0912248 
0.00969924 -0.0179651 7.5992e-05 -8.45236e-05 -0.0179651 0.0888891 -7.92518e-05 0.000198281 7.5992e-05 -7.92518e-05 0.0104134 -0.018889 -8.45236e-05 0.000198281 -0.018889 0.0912131 
0.00970889 -0.0179581 9.16063e-05 -0.000105114 -0.0179581 0.0888539 -0.000103595 0.000241665 9.16063e-05 -0.000103595 0.0103833 -0.0188565 -0.000105114 0.000241665 -0.0188565 0.0911357 
0.00972029 -0.0179676 9.90445e-05 -0.000117446 -0.0179676 0.0888541 -0.000121534 0.000282017 9.90445e-05 -0.000121534 0.0103694 -0.018825 -0.000117446 0.000282017 -0.018825 0.0910629 
0.00972938 -0.0179716 0.000113662 -0.000135271 -0.0179716 0.0888546 -0.000138482 0.000337542 0.000113662 -0.000138482 0.010383 -0.0188213 -0.000135271 0.000337542 -0.0188213 0.0910434 
0.00970562 -0.0179751 0.000125349 -0.000155563 -0.0179751 0.0888493 -0.000156116 0.000390068 0.000125349 -0.000156116 0.0103956 -0.0188325 -0.000155563 0.000390068 -0.0188325 0.0910407 
0.00971522 -0.0179864 0.000151705 -0.000179663 -0.0179864 0.0889152 -0.00018067 0.000457702 0.000151705 -0.00018067 0.0103779 -0.0188184 -0.000179663 0.000457702 -0.0188184 0.0909895 
0.00974632 -0.0179971 0.00015554 -0.000201279 -0.0179971 0.0889525 -0.000206239 0.000509607 0.00015554 -0.000206239 0.0103412 -0.0187977 -0.000201279 0.000509607 -0.0187977 0.0909413 
0.00975726 -0.0180181 0.000142894 -0.000194101 -0.0180181 0.088979 -0.000202276 0.000512131 0.000142894 -0.000202276 0.010327 -0.0187699 -0.000194101 0.000512131 -0.0187699 0.0908992 
0.00974108 -0.0180272 0.00011587 -0.000175963 -0.0180272 0.089001 -0.000182378 0.000474888 0.00011587 -0.000182378 0.0103296 -0.0187518 -0.000175963 0.000474888 -0.0187518 0.090849 
0.00970085 -0.017987 0.000107604 -0.000153292 -0.017987 0.088917 -0.000155068 0.000424056 0.000107604 -0.000155068 0.0103033 -0.0187511 -0.000153292 0.000424056 -0.0187511 0.0908182 
0.00969812 -0.0179395 0.000115581 -0.00015298 -0.0179395 0.0888115 -0.000150485 0.000405957 0.000115581 -0.000150485 0.0102576 -0.0187235 -0.00015298 0.000405957 -0.0187235 0.0907802 
0.0097135 -0.0179549 0.000110483 -0.00014392 -0.0179549 0.0888103 -0.000141223 0.000369156 0.000110483 -0.000141223 0.0102397 -0.0186542 -0.00014392 0.000369156 -0.0186542 0.0906478 
0.00971835 -0.0179666 0.000103876 -0.000133414 -0.0179666 0.0888224 -0.000131746 0.000337959 0.000103876 -0.000131746 0.0102494 -0.0186351 -0.000133414 0.000337959 -0.0186351 0.0905624 
0.00970736 -0.0179851 5.71741e-05 -0.000109174 -0.0179851 0.0888722 -0.000107369 0.000272342 5.71741e-05 -0.000107369 0.0102946 -0.0186446 -0.000109174 0.000272342 -0.0186446 0.090551 
0.00967385 -0.0179462 2.37177e-05 -6.24217e-05 -0.0179462 0.0888006 -6.20406e-05 0.000183552 2.37177e-05 -6.20406e-05 0.0103342 -0.0187178 -6.24217e-05 0.000183552 -0.0187178 0.0906816 
0.00962168 -0.0179069 9.02023e-06 -3.67078e-05 -0.0179069 0.0887066 -3.52659e-05 0.000118258 9.02023e-06 -3.52659e-05 0.0103808 -0.0187662 -3.67078e-05 0.000118258 -0.0187662 0.0908202 
0.00962695 -0.017834 2.29588e-05 -3.11339e-05 -0.017834 0.088546 -2.86065e-05 9.61013e-05 2.29588e-05 -2.86065e-05 0.0103739 -0.0188323 -3.11339e-05 9.61013e-05 -0.0188323 0.0909876 
0.009654 -0.0178448 2.88456e-05 -4.66435e-05 -0.0178448 0.088496 -4.3648e-05 0.000114716 2.88456e-05 -4.3648e-05 0.0103394 -0.0188085 -4.66435e-05 0.000114716 -0.0188085 0.0909967 
0.00967937 -0.0178768 6.60029e-05 -6.22919e-05 -0.0178768 0.0885379 -6.13745e-05 0.000167008 6.60029e-05 -6.13745e-05 0.010293 -0.0187579 -6.22919e-05 0.000167008 -0.0187579 0.0908916 
0.00969733 -0.0179091 9.91514e-05 -0.000102353 -0.0179091 0.088615 -0.000104579 0.000246986 9.91514e-05 -0.000104579 0.0102515 -0.018704 -0.000102353 0.000246986 -0.018704 0.0907632 
0.0097133 -0.0179365 0.000108654 -0.000154836 -0.0179365 0.0887033 -0.000157769 0.000383214 0.000108654 -0.000157769 0.0102403 -0.0186607 -0.000154836 0.000383214 -0.0186607 0.0906579 
0.00967632 -0.0179362 0.000112142 -0.000164429 -0.0179362 0.0887134 -0.00016639 0.000449064 0.000112142 -0.00016639 0.0102614 -0.0186584 -0.000164429 0.000449064 -0.0186584 0.0906215 
0.00970432 -0.0179546 0.000136341 -0.000139519 -0.0179546 0.0888187 -0.000140749 0.0003973 0.000136341 -0.000140749 0.0102512 -0.0186417 -0.000139519 0.0003973 -0.0186417 0.0905494 
0.0097517 -0.0180047 0.000144979 -0.00016215 -0.0180047 0.0889488 -0.000160248 0.000394225 0.000144979 -0.000160248 0.0102371 -0.0186211 -0.00016215 0.000394225 -0.0186211 0.0904884 
0.0097619 -0.0180377 0.000134239 -0.000179207 -0.0180377 0.0890264 -0.000175063 0.00043136 0.000134239 -0.000175063 0.0102466 -0.018628 -0.000179207 0.00043136 -0.018628 0.090501 
0.00972139 -0.0179903 9.9227e-05 -0.000159541 -0.0179903 0.0889159 -0.000153828 0.000405222 9.9227e-05 -0.000153828 0.0102641 -0.018683 -0.000159541 0.000405222 -0.018683 0.0906367 
0.00968889 -0.0179487 9.41421e-05 -0.000125378 -0.0179487 0.0888129 -0.000122609 0.000347511 9.41421e-05 -0.000122609 0.0102605 -0.0186995 -0.000125378 0.000347511 -0.0186995 0.090717 
0.00967436 -0.0179164 0.00013294 -0.000131367 -0.0179164 0.0887286 -0.000135506 0.000352068 0.00013294 -0.000135506 0.0102606 -0.018685 -0.000131367 0.000352068 -0.018685 0.0907101 
0.00967662 -0.0179419 0.000156962 -0.000177904 -0.0179419 0.0887807 -0.000188273 0.000438114 0.000156962 -0.000188273 0.0102548 -0.0186312 -0.000177904 0.000438114 -0.0186312 0.0905502 
0.00968458 -0.0179611 0.000119253 -0.000185824 -0.0179611 0.0888534 -0.000195005 0.000468008 0.000119253 -0.000195005 0.010274 -0.0186119 -0.000185824 0.000468008 -0.0186119 0.0904426 
0.00968379 -0.0179326 0.000106037 -0.000158722 -0.0179326 0.0887914 -0.000162879 0.000449682 0.000106037 -0.000162879 0.0102855 -0.0186693 -0.000158722 0.000449682 -0.0186693 0.0905304 
0.00968574 -0.0179357 0.000104004 -0.000138839 -0.0179357 0.0887719 -0.000140654 0.000393041 0.000104004 -0.000140654 0.0102887 -0.0186897 -0.000138839 0.000393041 -0.0186897 0.0906194 
0.00969457 -0.0179455 0.000100327 -0.00012798 -0.0179455 0.0887907 -0.000128724 0.000341377 0.000100327 -0.000128724 0.0102848 -0.0186882 -0.00012798 0.000341377 -0.0186882 0.0906446 
0.00970097 -0.0179698 9.93012e-05 -0.000113145 -0.0179698 0.0888552 -0.000111539 0.000286758 9.93012e-05 -0.000111539 0.0102957 -0.0186805 -0.000113145 0.000286758 -0.0186805 0.0906399 
0.00970135 -0.0179719 9.07342e-05 -0.000105417 -0.0179719 0.0888748 -0.000102317 0.000241793 9.07342e-05 -0.000102317 0.0102728 -0.0186816 -0.000105417 0.000241793 -0.0186816 0.0906141 
0.0096713 -0.0179329 8.88078e-05 -0.000118555 -0.0179329 0.0887775 -0.000115031 0.000271247 8.88078e-05 -0.000115031 0.0102829 -0.0186878 -0.000118555 0.000271247 -0.0186878 0.0906559 
0.00966021 -0.0178632 9.04318e-05 -0.000136776 -0.0178632 0.0885905 -0.000135927 0.00033834 9.04318e-05 -0.000135927 0.01029 -0.0187352 -0.000136776 0.00033834 -0.0187352 0.0907911 
0.00968847 -0.0178875 0.000116817 -0.000140641 -0.0178875 0.0885894 -0.000142307 0.000378105 0.000116817 -0.000142307 0.0102633 -0.0187102 -0.000140641 0.000378105 -0.0187102 0.090773 
0.00969809 -0.0179281 0.00012009 -0.00016216 -0.0179281 0.0886683 -0.000163433 0.000412629 0.00012009 -0.000163433 0.01026 -0.0186729 -0.00016216 0.000412629 -0.0186729 0.0906947 
0.00971043 -0.0179682 0.000108893 -0.000151871 -0.0179682 0.0888051 -0.000151686 0.000399261 0.000108893 -0.000151686 0.0102791 -0.0186534 -0.000151871 0.000399261 -0.0186534 0.0906133 
0.00971056 -0.0179656 0.000117278 -0.00014321 -0.0179656 0.0888305 -0.000141539 0.000380197 0.000117278 -0.000141539 0.0102874 -0.0186834 -0.00014321 0.000380197 -0.0186834 0.0906303 
0.00971277 -0.017969 0.000136319 -0.000150958 -0.017969 0.088846 -0.000148832 0.000381486 0.000136319 -0.000148832 0.0103052 -0.0187015 -0.000150958 0.000381486 -0.0187015 0.0906881 
0.00968171 -0.0179584 0.000140118 -0.00018318 -0.0179584 0.0888143 -0.000183597 0.000447211 0.000140118 -0.000183597 0.0103349 -0.018726 -0.00018318 0.000447211 -0.018726 0.0907467 
0.00968724 -0.0179519 0.000136535 -0.000173002 -0.0179519 0.0888289 -0.000177185 0.000451039 0.000136535 -0.000177185 0.0103566 -0.0187514 -0.000173002 0.000451039 -0.0187514 0.0908054 
0.00969454 -0.0179218 0.000138599 -0.000162835 -0.0179218 0.088741 -0.000168385 0.000425005 0.000138599 -0.000168385 0.0103604 -0.0188065 -0.000162835 0.000425005 -0.0188065 0.090944 
0.00968051 -0.017909 0.000138544 -0.000176153 -0.017909 0.0886609 -0.000182171 0.000447234 0.000138544 -0.000182171 0.0103715 -0.0188293 -0.000176153 0.000447234 -0.0188293 0.0910573 
0.00966299 -0.0178992 0.000121395 -0.000181065 -0.0178992 0.0886275 -0.00018405 0.000471449 0.000121395 -0.00018405 0.0103973 -0.0188375 -0.000181065 0.000471449 -0.0188375 0.0911017 
0.00968078 -0.0178961 7.56585e-05 -0.000142905 -0.0178961 0.0886298 -0.000138664 0.000389463 7.56585e-05 -0.000138664 0.0103895 -0.0188493 -0.000142905 0.000389463 -0.0188493 0.0911077 
0.00971128 -0.0179136 7.78759e-05 -0.000102218 -0.0179136 0.088654 -9.14007e-05 0.000294601 7.78759e-05 -9.14007e-05 0.0103785 -0.018855 -0.000102218 0.000294601 -0.018855 0.0911436 
0.00972783 -0.0179829 8.80617e-05 -9.50965e-05 -0.0179829 0.0888138 -8.34857e-05 0.000228505 8.80617e-05 -8.34857e-05 0.0103921 -0.018825 -9.50965e-05 0.000228505 -0.018825 0.0910935 
0.00972172 -0.0180138 7.17769e-05 -0.00012327 -0.0180138 0.0889513 -0.000116175 0.000278766 7.17769e-05 -0.000116175 0.0104268 -0.0188387 -0.00012327 0.000278766 -0.0188387 0.0910803 
0.00969172 -0.0179692 7.25557e-05 -0.000108892 -0.0179692 0.0888857 -0.000106031 0.000293538 7.25557e-05 -0.000106031 0.0104414 -0.0188978 -0.000108892 0.000293538 -0.0188978 0.0911845 
0.00971811 -0.0180036 9.34704e-05 -9.83452e-05 -0.0180036 0.0889835 -9.82831e-05 0.000268858 9.34704e-05 -9.82831e-05 0.0104243 -0.0188676 -9.83452e-05 0.000268858 -0.0188676 0.0911416 
0.00972285 -0.0179852 0.00012849 -0.000145026 -0.0179852 0.0889364 -0.000149213 0.000359321 0.00012849 -0.000149213 0.0103879 -0.0188676 -0.000145026 0.000359321 -0.0188676 0.0911267 
0.00974242 -0.0179724 0.000150168 -0.000171299 -0.0179724 0.0888793 -0.000179354 0.000429306 0.000150168 -0.000179354 0.0103473 -0.0188413 -0.000171299 0.000429306 -0.0188413 0.0911034 
0.00975246 -0.0180087 0.000140765 -0.000193541 -0.0180087 0.0889256 -0.000201367 0.000485955 0.000140765 -0.000201367 0.0103334 -0.0187793 -0.000193541 0.000485955 -0.0187793 0.0909792 
0.0097434 -0.0180114 0.00010421 -0.000177295 -0.0180114 0.0889472 -0.000180638 0.000473718 0.00010421 -0.000180638 0.0103577 -0.0187787 -0.000177295 0.000473718 -0.0187787 0.0909455 
0.00971249 -0.0179931 6.30197e-05 -0.000113586 -0.0179931 0.0889089 -0.000113602 0.0003362 6.30197e-05 -0.000113602 0.0103863 -0.0188069 -0.000113586 0.0003362 -0.0188069 0.0909773 
0.00969906 -0.0179653 7.97023e-05 -8.35819e-05 -0.0179653 0.0888636 -8.15489e-05 0.000244669 7.97023e-05 -8.15489e-05 0.0103872 -0.018839 -8.35819e-05 0.000244669 -0.018839 0.0910457 
0.00969669 -0.01796 0.000122558 -0.000109952 -0.01796 0.0888492 -0.000111089 0.000265566 0.000122558 -0.000111089 0.0103939 -0.0188321 -0.000109952 0.000265566 -0.0188321 0.0910575 
0.00972145 -0.0179966 0.000146035 -0.000166268 -0.0179966 0.0889459 -0.000169661 0.000381533 0.000146035 -0.000169661 0.0103906 -0.0188113 -0.000166268 0.000381533 -0.0188113 0.090997 
0.00972321 -0.0179785 0.000164983 -0.000202956 -0.0179785 0.088906 -0.000203894 0.000497045 0.000164983 -0.000203894 0.0103913 -0.0188467 -0.000202956 0.000497045 -0.0188467 0.0910668 
0.0097195 -0.0179692 0.000153782 -0.000216678 -0.0179692 0.0888625 -0.000213245 0.00054312 0.000153782 -0.000213245 0.0104104 -0.0188689 -0.000216678 0.00054312 -0.0188689 0.0911644 
0.00971148 -0.0179399 0.000166095 -0.000206005 -0.0179399 0.0887695 -0.000201578 0.000542064 0.000166095 -0.000201578 0.010402 -0.0189078 -0.000206005 0.000542064 -0.0189078 0.0912743 
0.0097358 -0.017991 0.000177832 -0.000198865 -0.017991 0.0888849 -0.000199026 0.000505145 0.000177832 -0.000199026 0.0103975 -0.0188675 -0.000198865 0.000505145 -0.0188675 0.0912357 
0.0097861 -0.0180731 0.0001878 -0.000212521 -0.0180731 0.0891228 -0.000217806 0.000522169 0.0001878 -0.000217806 0.0103916 -0.0188166 -0.000212521 0.000522169 -0.0188166 0.0910807 
0.00981373 -0.0181226 0.000200206 -0.000232206 -0.0181226 0.0892803 -0.000237864 0.000571851 0.000200206 -0.000237864 0.0103923 -0.0188197 -0.000232206 0.000571851 -0.0188197 0.0910312 
0.00980617 -0.0181096 0.000204273 -0.000254282 -0.0181096 0.089269 -0.00025777 0.000630042 0.000204273 -0.00025777 0.0104148 -0.0188643 -0.000254282 0.000630042 -0.0188643 0.0911394 
0.00978255 -0.0180682 0.000212734 -0.0002712 -0.0180682 0.0891563 -0.00027423 0.00069054 0.000212734 -0.00027423 0.0104166 -0.0188995 -0.0002712 0.00069054 -0.0188995 0.0912367 
0.00973602 -0.0180283 0.00018194 -0.000262199 -0.0180283 0.0890316 -0.000265206 0.000672319 0.00018194 -0.000265206 0.0104116 -0.0189013 -0.000262199 0.000672319 -0.0189013 0.0912723 
0.0097244 -0.017969 0.00019823 -0.000251193 -0.017969 0.0888838 -0.000252697 0.000672781 0.00019823 -0.000252697 0.0103592 -0.0188834 -0.000251193 0.000672781 -0.0188834 0.0912357 
0.00977084 -0.0179849 0.000205584 -0.000242216 -0.0179849 0.0888804 -0.000244659 0.000628467 0.000205584 -0.000244659 0.0103386 -0.0188227 -0.000242216 0.000628467 -0.0188227 0.091154 
0.00980981 -0.0180551 0.000180503 -0.000244794 -0.0180551 0.0890099 -0.000250347 0.000614685 0.000180503 -0.000250347 0.0103488 -0.0187831 -0.000244794 0.000614685 -0.0187831 0.0910285 
0.00978302 -0.0180893 0.000133517 -0.000218676 -0.0180893 0.0891104 -0.000220677 0.000574572 0.000133517 -0.000220677 0.0103967 -0.0188065 -0.000218676 0.000574572 -0.0188065 0.0910236 
0.0097447 -0.0180687 0.000104823 -0.000166732 -0.0180687 0.0891324 -0.00016174 0.00046665 0.000104823 -0.00016174 0.0104125 -0.0188444 -0.000166732 0.00046665 -0.0188444 0.0910581 
0.0097074 -0.0180056 9.68009e-05 -0.00013327 -0.0180056 0.0890164 -0.000123736 0.000357831 9.68009e-05 -0.000123736 0.010408 -0.0188656 -0.00013327 0.000357831 -0.0188656 0.0911067 
0.00969496 -0.0179522 0.000109789 -0.000137589 -0.0179522 0.088874 -0.000124938 0.000338939 0.000109789 -0.000124938 0.010391 -0.0188621 -0.000137589 0.000338939 -0.0188621 0.0911196 
0.00968505 -0.0179479 0.000120529 -0.000164678 -0.0179479 0.0888167 -0.000153537 0.000393571 0.000120529 -0.000153537 0.0103584 -0.018819 -0.000164678 0.000393571 -0.018819 0.0910264 
0.00970578 -0.0179528 0.000145748 -0.00017536 -0.0179528 0.0888321 -0.000168013 0.000439277 0.000145748 -0.000168013 0.0103182 -0.0187665 -0.00017536 0.000439277 -0.0187665 0.0908903 
0.00973373 -0.0179845 0.000159439 -0.000178965 -0.0179845 0.0888959 -0.000177495 0.000440825 0.000159439 -0.000177495 0.0102961 -0.0187212 -0.000178965 0.000440825 -0.0187212 0.0907762 
0.00973362 -0.0179973 0.000142343 -0.000195098 -0.0179973 0.0889183 -0.00019909 0.000475132 0.000142343 -0.00019909 0.0103002 -0.0187107 -0.000195098 0.000475132 -0.0187107 0.0907348 
0.00972712 -0.0179926 0.000144643 -0.00019914 -0.0179926 0.0889134 -0.000204425 0.00052894 0.000144643 -0.000204425 0.0103085 -0.0187114 -0.00019914 0.00052894 -0.0187114 0.0907154 
0.00973951 -0.0179717 0.00014531 -0.000191057 -0.0179717 0.0888639 -0.000193048 0.000511846 0.00014531 -0.000193048 0.0102888 -0.0187362 -0.000191057 0.000511846 -0.0187362 0.0907683 
0.00974592 -0.0179664 0.000157558 -0.000201019 -0.0179664 0.0888041 -0.000201221 0.00052261 0.000157558 -0.000201221 0.010252 -0.0187186 -0.000201019 0.00052261 -0.0187186 0.0907705 
0.00975406 -0.0180233 0.000158594 -0.000199822 -0.0180233 0.0889286 -0.000202203 0.00051314 0.000158594 -0.000202203 0.0102299 -0.0186421 -0.000199822 0.00051314 -0.0186421 0.0906226 
0.00973782 -0.0180388 0.000144218 -0.000190957 -0.0180388 0.0890165 -0.000194808 0.000487974 0.000144218 -0.000194808 0.0102158 -0.018602 -0.000190957 0.000487974 -0.018602 0.0904722 
0.00969615 -0.0179911 0.000127243 -0.000180862 -0.0179911 0.0889447 -0.000181038 0.000467325 0.000127243 -0.000181038 0.0102579 -0.0186165 -0.000180862 0.000467325 -0.0186165 0.0904835 
0.00968476 -0.0179363 0.000130334 -0.000144002 -0.0179363 0.0888174 -0.000140534 0.000377292 0.000130334 -0.000140534 0.0102911 -0.0186729 -0.000144002 0.000377292 -0.0186729 0.09059 
0.00970767 -0.0179537 0.000139171 -0.000151046 -0.0179537 0.0888236 -0.000145959 0.000352835 0.000139171 -0.000145959 0.0103037 -0.0186976 -0.000151046 0.000352835 -0.0186976 0.0906667 
0.00970947 -0.0179524 0.000165575 -0.000189331 -0.0179524 0.0887997 -0.000185681 0.000442719 0.000165575 -0.000185681 0.0102954 -0.0187319 -0.000189331 0.000442719 -0.0187319 0.0907619 
0.00972682 -0.0179534 0.000161076 -0.000219113 -0.0179534 0.088799 -0.000216227 0.000529753 0.000161076 -0.000216227 0.01029 -0.0187389 -0.000219113 0.000529753 -0.0187389 0.0908375 
0.00976615 -0.0180142 0.000170668 -0.00021693 -0.0180142 0.0889366 -0.00021716 0.000570203 0.000170668 -0.00021716 0.0102669 -0.0186927 -0.00021693 0.000570203 -0.0186927 0.0907413 
0.00976732 -0.0180478 0.000187293 -0.000229387 -0.0180478 0.0890339 -0.000235516 0.000604929 0.000187293 -0.000235516 0.0102601 -0.0186627 -0.000229387 0.000604929 -0.0186627 0.0906368 
0.00977727 -0.0180572 0.000184283 -0.000232931 -0.0180572 0.0890913 -0.000243729 0.000612572 0.000184283 -0.000243729 0.010246 -0.0186447 -0.000232931 0.000612572 -0.0186447 0.0905576 
0.00976046 -0.0180035 0.000178642 -0.000225485 -0.0180035 0.0889507 -0.000238493 0.000599261 0.000178642 -0.000238493 0.0102477 -0.01868 -0.000225485 0.000599261 -0.01868 0.0906405 
0.00975491 -0.0179914 0.000211506 -0.000222795 -0.0179914 0.0888813 -0.000234574 0.000591214 0.000211506 -0.000234574 0.0102621 -0.0186827 -0.000222795 0.000591214 -0.0186827 0.090686 
0.00975367 -0.0180015 0.000202378 -0.000236643 -0.0180015 0.0888889 -0.000243221 0.000570195 0.000202378 -0.000243221 0.0102664 -0.018684 -0.000236643 0.000570195 -0.018684 0.0906796 
0.00977601 -0.0180216 0.00018605 -0.000235429 -0.0180216 0.0889501 -0.000235957 0.000570478 0.00018605 -0.000235957 0.0102478 -0.0186804 -0.000235429 0.000570478 -0.0186804 0.0906715 
0.0097957 -0.0180777 0.00019429 -0.000240597 -0.0180777 0.0891018 -0.000239248 0.000602694 0.00019429 -0.000239248 0.0102504 -0.0186449 -0.000240597 0.000602694 -0.0186449 0.0906038 
0.00979637 -0.0181131 0.000197282 -0.000253423 -0.0181131 0.0892315 -0.000253419 0.000636433 0.000197282 -0.000253419 0.0102737 -0.0186381 -0.000253423 0.000636433 -0.0186381 0.0905503 
0.00979507 -0.0181122 0.000232773 -0.000255813 -0.0181122 0.0892794 -0.00025381 0.00065235 0.000232773 -0.00025381 0.0102935 -0.0186752 -0.000255813 0.00065235 -0.0186752 0.0906023 
0.00980248 -0.0181094 0.000234711 -0.000284748 -0.0181094 0.089284 -0.000280335 0.000682383 0.000234711 -0.000280335 0.0103133 -0.0187085 -0.000284748 0.000682383 -0.0187085 0.0906959 
0.00982566 -0.018124 0.000198631 -0.000267771 -0.018124 0.0893113 -0.000263147 0.000652389 0.000198631 -0.000263147 0.0103455 -0.0187396 -0.000267771 0.000652389 -0.0187396 0.0907952 
0.00981086 -0.0181401 0.000145361 -0.000230952 -0.0181401 0.0893285 -0.000228031 0.000589503 0.000145361 -0.000228031 0.0103666 -0.0187722 -0.000230952 0.000589503 -0.0187722 0.0908656 
0.00974726 -0.0180693 0.000126283 -0.0001794 -0.0180693 0.0891743 -0.000178438 0.000492115 0.000126283 -0.000178438 0.0103849 -0.0188337 -0.0001794 0.000492115 -0.0188337 0.0910223 
0.00970762 -0.0179617 0.000145971 -0.000182784 -0.0179617 0.0889092 -0.000184577 0.000486626 0.000145971 -0.000184577 0.0103872 -0.0188781 -0.000182784 0.000486626 -0.0188781 0.0911771 
0.00969282 -0.0179319 0.000140171 -0.000178064 -0.0179319 0.0887668 -0.000182001 0.000455687 0.000140171 -0.000182001 0.0104172 -0.0188726 -0.000178064 0.000455687 -0.0188726 0.091226 
0.00970868 -0.0179249 0.000153334 -0.00017072 -0.0179249 0.0887154 -0.000172335 0.000432802 0.000153334 -0.000172335 0.0104232 -0.0188921 -0.00017072 0.000432802 -0.0188921 0.0912426 
0.00973025 -0.0179482 0.000166204 -0.000170946 -0.0179482 0.0887369 -0.000170252 0.000401112 0.000166204 -0.000170252 0.0104314 -0.0189049 -0.000170946 0.000401112 -0.0189049 0.0912839 
