0.00734017 0 -0.000446661 0 0 0.01 0 0 -0.000446661 0 0.0072869 0 0 0 0 0.01 
0.0103498 -0.0128538 -0.000532049 0.000657924 -0.0128538 0.0338208 0.000657924 -0.00126149 -0.000532049 0.000657924 0.0102771 -0.0127608 0.000657924 -0.00126149 -0.0127608 0.0336424 
0.0103957 -0.0194279 -0.000354272 0.000647016 -0.0194279 0.0712961 0.000647016 -0.00207508 -0.000354272 0.000647016 0.0103459 -0.0193568 0.000647016 -0.00207508 -0.0193568 0.0710452 
0.00982159 -0.0191274 -0.000309797 0.000459336 -0.0191274 0.0854936 0.000456331 -0.00168842 -0.000309797 0.000456331 0.00979794 -0.0189948 0.000459336 -0.00168842 -0.0189948 0.0850076 
0.00984268 -0.0184146 -0.000352274 0.000419736 -0.0184146 0.0885702 0.000411894 -0.00119304 -0.000352274 0.000411894 0.00977825 -0.018324 0.000419736 -0.00119304 -0.018324 0.0881635 
0.00997656 -0.0183344 -0.00040609 0.000471865 -0.0183344 0.089383 0.000463185 -0.00109144 -0.00040609 0.000463185 0.00995507 -0.0182507 0.000471865 -0.00109144 -0.0182507 0.0891306 
0.0101166 -0.01841 -0.000426901 0.000538032 -0.01841 0.0898527 0.000534892 -0.00124153 -0.000426901 0.000534892 0.0100444 -0.018389 0.000538032 -0.00124153 -0.018389 0.0897437 
0.0101758 -0.0185216 -0.000436879 0.000578303 -0.0185216 0.0901714 0.000584517 -0.0014312 -0.000436879 0.000584517 0.0100621 -0.0184149 0.000578303 -0.0014312 -0.0184149 0.0899627 
0.0101869 -0.0185744 -0.000440665 0.000570336 -0.0185744 0.0903525 0.000575901 -0.00147668 -0.000440665 0.000575901 0.0100857 -0.0184009 0.000570336 -0.00147668 -0.0184009 0.0899528 
0.0101699 -0.0185859 -0.000414542 0.000541089 -0.0185859 0.0904147 0.000537719 -0.00139166 -0.000414542 0.000537719 0.0100956 -0.01841 0.000541089 -0.00139166 -0.01841 0.0899121 
0.0101623 -0.0185536 -0.000398811 0.000542333 -0.0185536 0.0903594 0.000531696 -0.00138158 -0.000398811 0.000531696 0.0100613 -0.0184312 0.000542333 -0.00138158 -0.0184312 0.0899419 
0.0101343 -0.0185652 -0.000396133 0.00051412 -0.0185652 0.0903783 0.000502673 -0.00132115 -0.000396133 0.000502673 0.0100521 -0.0183842 0.00051412 -0.00132115 -0.0183842 0.0898792 
0.0101121 -0.018518 -0.000370205 0.000479821 -0.018518 0.0903104 0.000472526 -0.00121565 -0.000370205 0.000472526 0.0100763 -0.0184071 0.000479821 -0.00121565 -0.0184071 0.0899258 
0.0100965 -0.0184919 -0.00036094 0.000459823 -0.0184919 0.0902344 0.000458216 -0.00116634 -0.00036094 0.000458216 0.0100896 -0.018433 0.000459823 -0.00116634 -0.018433 0.0899895 
0.0101003 -0.0184922 -0.000340694 0.00045635 -0.0184922 0.0902374 0.000459524 -0.00115643 -0.000340694 0.000459524 0.0100968 -0.0184455 0.00045635 -0.00115643 -0.0184455 0.0900391 
0.0100995 -0.018482 -0.000374629 0.000466168 -0.018482 0.0902086 0.000470996 -0.00121176 -0.000374629 0.000470996 0.0100973 -0.0184643 0.000466168 -0.00121176 -0.0184643 0.0901007 
0.0101183 -0.0184748 -0.000368223 0.000459974 -0.0184748 0.0901798 0.000465348 -0.00117044 -0.000368223 0.000465348 0.0100791 -0.0184813 0.000459974 -0.00117044 -0.0184813 0.0901736 
0.0101793 -0.0185085 -0.000370389 0.000457601 -0.0185085 0.0902353 0.000462253 -0.00115994 -0.000370389 0.000462253 0.0100208 -0.0184527 0.000457601 -0.00115994 -0.0184527 0.0901531 
0.0102123 -0.0185606 -0.000347425 0.000466033 -0.0185606 0.0903182 0.000468802 -0.00117041 -0.000347425 0.000468802 0.00999868 -0.0184037 0.000466033 -0.00117041 -0.0184037 0.0900881 
0.0102609 -0.0186101 -0.000325325 0.000423959 -0.0186101 0.0904492 0.000425351 -0.00109625 -0.000325325 0.000425351 0.00998152 -0.0183729 0.000423959 -0.00109625 -0.0183729 0.0899995 
0.0102678 -0.0186738 -0.000335941 0.000435134 -0.0186738 0.0906011 0.000437471 -0.00111661 -0.000335941 0.000437471 0.00999369 -0.0183334 0.000435134 -0.00111661 -0.0183334 0.0898814 
0.0102536 -0.0186962 -0.000348176 0.00042359 -0.0186962 0.0907137 0.000431117 -0.00109204 -0.000348176 0.000431117 0.0100277 -0.0183422 0.00042359 -0.00109204 -0.0183422 0.0898395 
0.0102393 -0.018693 -0.000354814 0.000425439 -0.018693 0.09076 0.00043484 -0.00107191 -0.000354814 0.00043484 0.0100491 -0.0183733 0.000425439 -0.00107191 -0.0183733 0.0898687 
0.0102275 -0.0186551 -0.000350899 0.000440078 -0.0186551 0.0906856 0.000445438 -0.00109149 -0.000350899 0.000445438 0.0100559 -0.0184222 0.000440078 -0.00109149 -0.0184222 0.0899944 
0.0102306 -0.018657 -0.000353493 0.000456502 -0.018657 0.0906789 0.000456886 -0.00114407 -0.000353493 0.000456886 0.0100552 -0.0184273 0.000456502 -0.00114407 -0.0184273 0.0900551 
0.0102288 -0.0186403 -0.000357915 0.000460427 -0.0186403 0.0906309 0.000456793 -0.00116644 -0.000357915 0.000456793 0.0100705 -0.0184512 0.000460427 -0.00116644 -0.0184512 0.0901422 
0.0102359 -0.0186492 -0.000370494 0.000469884 -0.0186492 0.0906367 0.000465393 -0.00119131 -0.000370494 0.000465393 0.0100809 -0.0184596 0.000469884 -0.00119131 -0.0184596 0.090179 
0.0101992 -0.0186547 -0.000397422 0.000499806 -0.0186547 0.0906434 0.000496215 -0.00126227 -0.000397422 0.000496215 0.0100995 -0.0184578 0.000499806 -0.00126227 -0.0184578 0.0901661 
0.0101559 -0.0186211 -0.000365118 0.000482673 -0.0186211 0.0906093 0.000479879 -0.00121371 -0.000365118 0.000479879 0.0101273 -0.0184803 0.000482673 -0.00121371 -0.0184803 0.0901947 
0.0101569 -0.0185864 -0.000347836 0.000467647 -0.0185864 0.090558 0.000463929 -0.00119537 -0.000347836 0.000463929 0.0101363 -0.0184918 0.000467647 -0.00119537 -0.0184918 0.0902015 
0.0101602 -0.0185699 -0.000331069 0.000443548 -0.0185699 0.0904805 0.000437273 -0.00113787 -0.000331069 0.000437273 0.0101097 -0.018498 0.000443548 -0.00113787 -0.018498 0.090199 
0.0101686 -0.0185625 -0.000354242 0.000436537 -0.0185625 0.0904353 0.000430979 -0.00112018 -0.000354242 0.000430979 0.0101147 -0.018487 0.000436537 -0.00112018 -0.018487 0.0902096 
0.0101895 -0.0185522 -0.00038278 0.000460703 -0.0185522 0.0903792 0.000455173 -0.0011462 -0.00038278 0.000455173 0.0101119 -0.0185125 0.000460703 -0.0011462 -0.0185125 0.0902668 
0.0101819 -0.018585 -0.000385228 0.000484737 -0.018585 0.0904139 0.000479217 -0.00118603 -0.000385228 0.000479217 0.0101207 -0.0184966 0.000484737 -0.00118603 -0.0184966 0.0902511 
0.0101677 -0.0186002 -0.000399556 0.000492328 -0.0186002 0.090489 0.000489265 -0.00122567 -0.000399556 0.000489265 0.0101413 -0.0184907 0.000492328 -0.00122567 -0.0184907 0.0902146 
0.0101346 -0.0185755 -0.000403829 0.000508314 -0.0185755 0.0904609 0.000509838 -0.00126341 -0.000403829 0.000509838 0.0101574 -0.0185162 0.000508314 -0.00126341 -0.0185162 0.0902454 
0.0101115 -0.0185321 -0.000353997 0.000499717 -0.0185321 0.0903723 0.000503862 -0.00125586 -0.000353997 0.000503862 0.010134 -0.0185296 0.000499717 -0.00125586 -0.0185296 0.0902725 
0.0101049 -0.018506 -0.000350217 0.000469086 -0.018506 0.0902982 0.000471879 -0.00123627 -0.000350217 0.000471879 0.0101064 -0.0185005 0.000469086 -0.00123627 -0.0185005 0.0902436 
0.0101134 -0.0184875 -0.000350607 0.000451383 -0.0184875 0.0902318 0.000451957 -0.00117406 -0.000350607 0.000451957 0.0100844 -0.0184758 0.000451383 -0.00117406 -0.0184758 0.090195 
0.0100877 -0.0184834 -0.000330276 0.000443647 -0.0184834 0.0901834 0.000440124 -0.00112415 -0.000330276 0.000440124 0.0100978 -0.0184554 0.000443647 -0.00112415 -0.0184554 0.0901475 
0.0100502 -0.0184464 -0.000334418 0.000444958 -0.0184464 0.0901059 0.000436593 -0.00113507 -0.000334418 0.000436593 0.0101068 -0.0184695 0.000444958 -0.00113507 -0.0184695 0.0901453 
0.0100344 -0.0184048 -0.000349429 0.000444767 -0.0184048 0.0900099 0.000435465 -0.00113101 -0.000349429 0.000435465 0.0100926 -0.0184725 0.000444767 -0.00113101 -0.0184725 0.0901462 
0.0100571 -0.018392 -0.000354308 0.000431169 -0.018392 0.0899675 0.00042564 -0.00108463 -0.000354308 0.00042564 0.0100978 -0.0184711 0.000431169 -0.00108463 -0.0184711 0.0901676 
0.0100679 -0.0184219 -0.000367651 0.000440006 -0.0184219 0.0900025 0.000437882 -0.00109078 -0.000367651 0.000437882 0.010109 -0.0184689 0.000440006 -0.00109078 -0.0184689 0.0901527 
0.0100742 -0.0184566 -0.000387267 0.000469924 -0.0184566 0.0901072 0.000471108 -0.00116136 -0.000387267 0.000471108 0.0101136 -0.018465 0.000469924 -0.00116136 -0.018465 0.0901193 
0.0100564 -0.0184774 -0.000404301 0.000508397 -0.0184774 0.0901949 0.000513413 -0.00126964 -0.000404301 0.000513413 0.0101404 -0.0184583 0.000508397 -0.00126964 -0.0184583 0.0900895 
0.0100444 -0.0184524 -0.000414488 0.000531356 -0.0184524 0.0901798 0.000537338 -0.00135113 -0.000414488 0.000537338 0.0101264 -0.0184766 0.000531356 -0.00135113 -0.0184766 0.0900798 
0.010011 -0.0184172 -0.000418202 0.000526427 -0.0184172 0.0900885 0.000529045 -0.00135083 -0.000418202 0.000529045 0.0101381 -0.0184825 0.000526427 -0.00135083 -0.0184825 0.090117 
0.00996164 -0.0183571 -0.000398483 0.000507884 -0.0183571 0.0899356 0.000506731 -0.00128823 -0.000398483 0.000506731 0.0101624 -0.0185124 0.000507884 -0.00128823 -0.0185124 0.090191 
0.0099298 -0.0183188 -0.000374024 0.000494121 -0.0183188 0.089833 0.000488938 -0.0012458 -0.000374024 0.000488938 0.0101709 -0.0185109 0.000494121 -0.0012458 -0.0185109 0.0901854 
0.00995321 -0.0183046 -0.00039374 0.000505686 -0.0183046 0.0897985 0.000499022 -0.0012892 -0.00039374 0.000499022 0.0101518 -0.0184928 0.000505686 -0.0012892 -0.0184928 0.0901288 
0.00998388 -0.0182878 -0.000365646 0.000507548 -0.0182878 0.0896995 0.000505496 -0.00128648 -0.000365646 0.000505496 0.0100998 -0.018501 0.000507548 -0.00128648 -0.018501 0.0901485 
0.00997316 -0.0183356 -0.000347552 0.000456466 -0.0183356 0.0897547 0.000461213 -0.0012013 -0.000347552 0.000461213 0.010087 -0.0184375 0.000456466 -0.0012013 -0.0184375 0.0900606 
0.00996837 -0.0183299 -0.000351971 0.000430162 -0.0183299 0.089794 0.0004335 -0.00111307 -0.000351971 0.0004335 0.0100685 -0.0184196 0.000430162 -0.00111307 -0.0184196 0.0899847 
0.00993545 -0.0182806 -0.000334553 0.000440399 -0.0182806 0.0896745 0.000440113 -0.00109825 -0.000334553 0.000440113 0.0100556 -0.0184333 0.000440399 -0.00109825 -0.0184333 0.090025 
0.0099038 -0.0182596 -0.000326505 0.000408719 -0.0182596 0.0896199 0.000405985 -0.00103851 -0.000326505 0.000405985 0.0100701 -0.0184031 0.000408719 -0.00103851 -0.0184031 0.0899833 
0.00991195 -0.0182171 -0.000311173 0.000390141 -0.0182171 0.089534 0.00038533 -0.000968743 -0.000311173 0.00038533 0.010048 -0.0184162 0.000390141 -0.000968743 -0.0184162 0.0899699 
0.00991966 -0.0182216 -0.000274355 0.000367014 -0.0182216 0.0894986 0.000360229 -0.000899561 -0.000274355 0.000360229 0.010044 -0.018399 0.000367014 -0.000899561 -0.018399 0.0899598 
0.00990081 -0.0182304 -0.000263231 0.000341029 -0.0182304 0.0895002 0.000337286 -0.000858815 -0.000263231 0.000337286 0.0100635 -0.0183849 0.000341029 -0.000858815 -0.0183849 0.0899183 
0.00989741 -0.0181952 -0.00025591 0.000303459 -0.0181952 0.0894368 0.000302501 -0.000760623 -0.00025591 0.000302501 0.0100869 -0.0184288 0.000303459 -0.000760623 -0.0184288 0.0899932 
0.00989012 -0.0181919 -0.000262862 0.000312445 -0.0181919 0.0893982 0.000311496 -0.000756093 -0.000262862 0.000311496 0.0101034 -0.0184588 0.000312445 -0.000756093 -0.0184588 0.0900835 
0.00988873 -0.0181944 -0.000268937 0.000351235 -0.0181944 0.089403 0.000347258 -0.000846945 -0.000268937 0.000347258 0.0100843 -0.0184576 0.000351235 -0.000846945 -0.0184576 0.0900891 
0.00992946 -0.0182351 -0.000290732 0.000379168 -0.0182351 0.0895267 0.000378459 -0.000959326 -0.000290732 0.000378459 0.0100574 -0.0184054 0.000379168 -0.000959326 -0.0184054 0.0899803 
0.00992791 -0.018263 -0.000315576 0.000383502 -0.018263 0.0895897 0.000387136 -0.000987354 -0.000315576 0.000387136 0.0100412 -0.018371 0.000383502 -0.000987354 -0.018371 0.0898599 
0.00991027 -0.0182695 -0.000353694 0.000428105 -0.0182695 0.0896363 0.000429043 -0.00107949 -0.000353694 0.000429043 0.0100383 -0.0183442 0.000428105 -0.00107949 -0.0183442 0.0897657 
0.00991123 -0.0182246 -0.000346694 0.000442329 -0.0182246 0.0895491 0.000441466 -0.00110469 -0.000346694 0.000441466 0.0100137 -0.0183604 0.000442329 -0.00110469 -0.0183604 0.0897809 
0.00994316 -0.0182204 -0.000340384 0.000433518 -0.0182204 0.0894931 0.000430983 -0.0011019 -0.000340384 0.000430983 0.00998103 -0.0183346 0.000433518 -0.0011019 -0.0183346 0.0897604 
0.00997654 -0.0182554 -0.000324193 0.000429952 -0.0182554 0.0895237 0.00042614 -0.00109281 -0.000324193 0.00042614 0.0099581 -0.0182948 0.000429952 -0.00109281 -0.0182948 0.0896827 
0.00996694 -0.0182926 -0.000308452 0.000418639 -0.0182926 0.0895984 0.000415768 -0.00108191 -0.000308452 0.000415768 0.00997677 -0.018271 0.000418639 -0.00108191 -0.018271 0.0896141 
0.00997612 -0.0182744 -0.000312927 0.000399531 -0.0182744 0.0895913 0.000402304 -0.00105036 -0.000312927 0.000402304 0.00996468 -0.0182961 0.000399531 -0.00105036 -0.0182961 0.0896297 
0.00994317 -0.0182907 -0.00032231 0.000400467 -0.0182907 0.0896084 0.000404693 -0.00103334 -0.00032231 0.000404693 0.00996051 -0.0182675 0.000400467 -0.00103334 -0.0182675 0.0895824 
0.00990353 -0.0182674 -0.000329837 0.000402045 -0.0182674 0.0896116 0.000407365 -0.00102276 -0.000329837 0.000407365 0.00998307 -0.0182611 0.000402045 -0.00102276 -0.0182611 0.089552 
0.00987113 -0.0182185 -0.000318635 0.000399106 -0.0182185 0.0895329 0.000402714 -0.00100157 -0.000318635 0.000402714 0.0100296 -0.0182974 0.000399106 -0.00100157 -0.0182974 0.0896149 
0.0098244 -0.0181609 -0.000286744 0.000377148 -0.0181609 0.0893869 0.000377469 -0.00094791 -0.000286744 0.000377469 0.0101017 -0.0183755 0.000377148 -0.00094791 -0.0183755 0.0897902 
0.00978794 -0.0181036 -0.000283067 0.000368486 -0.0181036 0.0892357 0.000366281 -0.000942332 -0.000283067 0.000366281 0.0101348 -0.0184565 0.000368486 -0.000942332 -0.0184565 0.08998 
0.00980294 -0.018105 -0.000300889 0.000361246 -0.018105 0.0892364 0.000360686 -0.000926452 -0.000300889 0.000360686 0.010133 -0.0184698 0.000361246 -0.000926452 -0.0184698 0.0900577 
0.0098352 -0.0181132 -0.000305776 0.000366736 -0.0181132 0.0892413 0.000369164 -0.000912788 -0.000305776 0.000369164 0.0101191 -0.0184828 0.000366736 -0.000912788 -0.0184828 0.0901196 
0.00987164 -0.0181366 -0.000306962 0.000398463 -0.0181366 0.0892626 0.00039846 -0.000986374 -0.000306962 0.00039846 0.010092 -0.0184749 0.000398463 -0.000986374 -0.0184749 0.0901359 
0.00987403 -0.0181603 -0.00028452 0.000371037 -0.0181603 0.0892924 0.000366978 -0.000940314 -0.00028452 0.000366978 0.0101124 -0.0184671 0.000371037 -0.000940314 -0.0184671 0.090151 
0.00986217 -0.0181884 -0.000291066 0.000341851 -0.0181884 0.0893778 0.000338792 -0.000868326 -0.000291066 0.000338792 0.010139 -0.0184615 0.000341851 -0.000868326 -0.0184615 0.0901026 
0.00987675 -0.0181839 -0.000297136 0.000351558 -0.0181839 0.0894122 0.000352819 -0.000858056 -0.000297136 0.000352819 0.0101304 -0.0184776 0.000351558 -0.000858056 -0.0184776 0.0900894 
0.00992873 -0.01819 -0.000306624 0.000369888 -0.01819 0.0894174 0.00037561 -0.000909524 -0.000306624 0.00037561 0.0101088 -0.0184921 0.000369888 -0.000909524 -0.0184921 0.0901463 
0.00996789 -0.018256 -0.00032263 0.000403921 -0.018256 0.0895203 0.000410424 -0.00100569 -0.00032263 0.000410424 0.0100765 -0.0184557 0.000403921 -0.00100569 -0.0184557 0.0900981 
0.00994289 -0.0183203 -0.00032915 0.000421253 -0.0183203 0.0896943 0.000423101 -0.00106006 -0.00032915 0.000423101 0.0101009 -0.018409 0.000421253 -0.00106006 -0.018409 0.0899903 
0.00993944 -0.0182798 -0.000312753 0.000422894 -0.0182798 0.0896918 0.000420243 -0.00107127 -0.000312753 0.000420243 0.0101063 -0.0184538 0.000422894 -0.00107127 -0.0184538 0.0900314 
0.00992431 -0.0182486 -0.000291909 0.000399297 -0.0182486 0.0895895 0.000396655 -0.00103413 -0.000291909 0.000396655 0.0101092 -0.0184839 0.000399297 -0.00103413 -0.0184839 0.0901386 
0.00989997 -0.0182359 -0.000280957 0.000365892 -0.0182359 0.0895308 0.000364572 -0.000951191 -0.000280957 0.000364572 0.010094 -0.0184696 0.000365892 -0.000951191 -0.0184696 0.0901358 
0.00988472 -0.0182019 -0.000302581 0.000358925 -0.0182019 0.0894564 0.000357919 -0.000914714 -0.000302581 0.000357919 0.010084 -0.0184514 0.000358925 -0.000914714 -0.0184514 0.0901032 
0.00985503 -0.0181654 -0.000314396 0.000368045 -0.0181654 0.0893412 0.000369322 -0.000903161 -0.000314396 0.000369322 0.0100871 -0.0184416 0.000368045 -0.000903161 -0.0184416 0.0900705 
0.00984342 -0.0181385 -0.000305884 0.00039405 -0.0181385 0.089267 0.000396895 -0.000960717 -0.000305884 0.000396895 0.0100808 -0.0184334 0.00039405 -0.000960717 -0.0184334 0.0900318 
0.00983176 -0.0181144 -0.000319844 0.00040378 -0.0181144 0.0891899 0.000406488 -0.00102704 -0.000319844 0.000406488 0.0100821 -0.0184296 0.00040378 -0.00102704 -0.0184296 0.0900121 
0.00984584 -0.0181303 -0.000355386 0.000416248 -0.0181303 0.0892247 0.00041894 -0.00106352 -0.000355386 0.00041894 0.0100797 -0.0184122 0.000416248 -0.00106352 -0.0184122 0.0899618 
0.00989608 -0.0181462 -0.000346044 0.000435821 -0.0181462 0.0892642 0.000436687 -0.00107766 -0.000346044 0.000436687 0.0100473 -0.0184169 0.000435821 -0.00107766 -0.0184169 0.0899591 
0.00992931 -0.0182111 -0.000328974 0.000440318 -0.0182111 0.0893887 0.000437091 -0.00110813 -0.000328974 0.000437091 0.010016 -0.0183719 0.000440318 -0.00110813 -0.0183719 0.0898817 
0.00997666 -0.0182846 -0.000323811 0.000427305 -0.0182846 0.0896084 0.00042361 -0.00110412 -0.000323811 0.00042361 0.00998012 -0.0183132 0.000427305 -0.00110412 -0.0183132 0.0897294 
0.0099863 -0.0183446 -0.000335609 0.000419607 -0.0183446 0.0897923 0.000418925 -0.00109199 -0.000335609 0.000418925 0.0100095 -0.0182816 0.000419607 -0.00109199 -0.0182816 0.0896389 
0.00995041 -0.0183261 -0.00035378 0.000430124 -0.0183261 0.0897958 0.00042945 -0.00109735 -0.00035378 0.00042945 0.0100553 -0.0183406 0.000430124 -0.00109735 -0.0183406 0.0897159 
0.00993968 -0.018275 -0.000349731 0.000435588 -0.018275 0.0896968 0.000436907 -0.00109462 -0.000349731 0.000436907 0.0100576 -0.018402 0.000435588 -0.00109462 -0.018402 0.0898617 
0.00992244 -0.0182647 -0.000343468 0.000419152 -0.0182647 0.0896415 0.000420543 -0.00105874 -0.000343468 0.000420543 0.0100934 -0.0184203 0.000419152 -0.00105874 -0.0184203 0.0899773 
0.00995 -0.0182392 -0.000328922 0.000422329 -0.0182392 0.0895786 0.000421061 -0.00105427 -0.000328922 0.000421061 0.01008 -0.01846 0.000422329 -0.00105427 -0.01846 0.0900663 
0.0099899 -0.0182903 -0.000331196 0.000428703 -0.0182903 0.0896513 0.000425185 -0.00108572 -0.000331196 0.000425185 0.0100433 -0.0184235 0.000428703 -0.00108572 -0.0184235 0.0900232 
0.00996312 -0.0183353 -0.000349883 0.000433551 -0.0183353 0.0897586 0.000432101 -0.00110556 -0.000349883 0.000432101 0.0100542 -0.01838 0.000433551 -0.00110556 -0.01838 0.0899255 
0.00994484 -0.018299 -0.000372083 0.000446523 -0.018299 0.0897434 0.000451253 -0.00113329 -0.000372083 0.000451253 0.010073 -0.0183964 0.000446523 -0.00113329 -0.0183964 0.0899139 
0.00991998 -0.0183007 -0.000384861 0.000468325 -0.0183007 0.0897506 0.00047856 -0.0011828 -0.000384861 0.00047856 0.0100929 -0.0183946 0.000468325 -0.0011828 -0.0183946 0.0898882 
0.00992266 -0.0182731 -0.00039746 0.000479142 -0.0182731 0.089719 0.000488708 -0.00121666 -0.00039746 0.000488708 0.0101063 -0.0184311 0.000479142 -0.00121666 -0.0184311 0.0899554 
0.00995512 -0.0182698 -0.000374268 0.000480228 -0.0182698 0.0896893 0.000487672 -0.00121172 -0.000374268 0.000487672 0.0100907 -0.0184579 0.000480228 -0.00121172 -0.0184579 0.0900417 
0.0099784 -0.018303 -0.000348952 0.00046291 -0.018303 0.0897191 0.000467112 -0.00118803 -0.000348952 0.000467112 0.0100848 -0.0184399 0.00046291 -0.00118803 -0.0184399 0.0900486 
0.010002 -0.0183157 -0.000324751 0.00042028 -0.0183157 0.0897427 0.000420375 -0.00109065 -0.000324751 0.000420375 0.0100867 -0.0184565 0.00042028 -0.00109065 -0.0184565 0.090096 
0.0100167 -0.018351 -0.000303757 0.000395035 -0.018351 0.0898076 0.000391512 -0.00100741 -0.000303757 0.000391512 0.010071 -0.0184406 0.000395035 -0.00100741 -0.0184406 0.0900663 
0.0100227 -0.0183576 -0.000330563 0.0004132 -0.0183576 0.0898348 0.000411039 -0.00105621 -0.000330563 0.000411039 0.0100674 -0.0184352 0.0004132 -0.00105621 -0.0184352 0.0900657 
0.0100216 -0.0183852 -0.000369297 0.000454747 -0.0183852 0.0899051 0.000458985 -0.00115838 -0.000369297 0.000458985 0.0100536 -0.0184056 0.000454747 -0.00115838 -0.0184056 0.0899892 
0.00999656 -0.0183724 -0.000360581 0.000437443 -0.0183724 0.0899107 0.000445385 -0.00111145 -0.000360581 0.000445385 0.0101059 -0.0184271 0.000437443 -0.00111145 -0.0184271 0.0900382 
0.00998241 -0.018333 -0.000347189 0.000455753 -0.018333 0.0898273 0.000459552 -0.00114465 -0.000347189 0.000459552 0.0101222 -0.0184876 0.000455753 -0.00114465 -0.0184876 0.0901518 
0.00997237 -0.0183249 -0.000357745 0.000444473 -0.0183249 0.0897889 0.000444044 -0.00114059 -0.000357745 0.000444044 0.0101405 -0.0185068 0.000444473 -0.00114059 -0.0185068 0.0902387 
0.00999599 -0.0183291 -0.000361643 0.000427622 -0.0183291 0.0898093 0.000423538 -0.00107093 -0.000361643 0.000423538 0.010159 -0.0185271 0.000427622 -0.00107093 -0.0185271 0.0902963 
0.00998959 -0.0183798 -0.000364684 0.000454005 -0.0183798 0.0899127 0.000451753 -0.00110873 -0.000364684 0.000451753 0.0101714 -0.0185104 0.000454005 -0.00110873 -0.0185104 0.0902416 
0.0100003 -0.0183766 -0.000367022 0.000468483 -0.0183766 0.0899653 0.000468768 -0.00116974 -0.000367022 0.000468768 0.0101818 -0.0185311 0.000468483 -0.00116974 -0.0185311 0.0902578 
0.0100258 -0.0183603 -0.000345885 0.000448362 -0.0183603 0.0899187 0.000445722 -0.00113134 -0.000345885 0.000445722 0.0101723 -0.0185741 0.000448362 -0.00113134 -0.0185741 0.0903653 
0.0100697 -0.0183665 -0.000349427 0.000433722 -0.0183665 0.0898777 0.000427745 -0.0010978 -0.000349427 0.000427745 0.0101488 -0.0185891 0.000433722 -0.0010978 -0.0185891 0.0904657 
0.0101348 -0.0184475 -0.000367617 0.000456951 -0.0184475 0.0900263 0.00045058 -0.00113902 -0.000367617 0.00045058 0.0101054 -0.0185377 0.000456951 -0.00113902 -0.0185377 0.0903941 
0.0101625 -0.018538 -0.000383223 0.000479508 -0.018538 0.0902479 0.000477837 -0.00119996 -0.000383223 0.000477837 0.0100931 -0.0184731 0.000479508 -0.00119996 -0.0184731 0.090241 
0.0101103 -0.0185622 -0.000401646 0.000499792 -0.0185622 0.0903622 0.000500293 -0.00125934 -0.000401646 0.000500293 0.0101281 -0.0184603 0.000499792 -0.00125934 -0.0184603 0.0901564 
0.010095 -0.0185298 -0.00038918 0.000489977 -0.0185298 0.0903968 0.00049165 -0.00123564 -0.00038918 0.00049165 0.0101566 -0.018495 0.000489977 -0.00123564 -0.018495 0.0901755 
0.0100711 -0.0184997 -0.000384487 0.000503404 -0.0184997 0.0903285 0.00050372 -0.00127338 -0.000384487 0.00050372 0.0101828 -0.0185272 0.000503404 -0.00127338 -0.0185272 0.090241 
0.0100648 -0.0184556 -0.000374423 0.000487075 -0.0184556 0.090217 0.000485928 -0.00124695 -0.000374423 0.000485928 0.0101794 -0.0185734 0.000487075 -0.00124695 -0.0185734 0.0903525 
0.0101 -0.0184523 -0.000380526 0.000460242 -0.0184523 0.0901778 0.000457541 -0.00117643 -0.000380526 0.000457541 0.0101704 -0.0185819 0.000460242 -0.00117643 -0.0185819 0.0904279 
0.0101228 -0.0185098 -0.000397989 0.000478472 -0.0185098 0.0902646 0.000475939 -0.00118231 -0.000397989 0.000475939 0.0101578 -0.0185412 0.000478472 -0.00118231 -0.0185412 0.0903534 
0.0101306 -0.0185435 -0.000405894 0.000529325 -0.0185435 0.09037 0.000527258 -0.00130177 -0.000405894 0.000527258 0.0101243 -0.0185126 0.000529325 -0.00130177 -0.0185126 0.0902537 
0.0101005 -0.0185343 -0.000397054 0.000515971 -0.0185343 0.0903745 0.000517984 -0.00131562 -0.000397054 0.000517984 0.0101288 -0.0184948 0.000515971 -0.00131562 -0.0184948 0.0902169 
0.0100953 -0.0184915 -0.000375655 0.000489768 -0.0184915 0.0903025 0.000495302 -0.00126312 -0.000375655 0.000495302 0.0101429 -0.0185125 0.000489768 -0.00126312 -0.0185125 0.0902414 
0.0101544 -0.0184927 -0.000376389 0.000480746 -0.0184927 0.0902783 0.00048693 -0.00124781 -0.000376389 0.00048693 0.0101045 -0.0185221 0.000480746 -0.00124781 -0.0185221 0.090264 
0.0102087 -0.0185677 -0.000372242 0.000465427 -0.0185677 0.0903915 0.000469474 -0.0011968 -0.000372242 0.000469474 0.0100867 -0.0184887 0.000465427 -0.0011968 -0.0184887 0.090241 
0.0102117 -0.0186428 -0.000365989 0.000464194 -0.0186428 0.090574 0.000466209 -0.00117285 -0.000365989 0.000466209 0.010097 -0.0184546 0.000464194 -0.00117285 -0.0184546 0.0901564 
0.0102081 -0.0186491 -0.000373719 0.000458518 -0.0186491 0.0906569 0.000457042 -0.00115015 -0.000373719 0.000457042 0.0101059 -0.0184561 0.000458518 -0.00115015 -0.0184561 0.0901127 
0.0101794 -0.0186213 -0.000376602 0.000470903 -0.0186213 0.0906028 0.000468131 -0.0011626 -0.000376602 0.000468131 0.0101397 -0.0184864 0.000470903 -0.0011626 -0.0184864 0.0901749 
0.0101501 -0.0185784 -0.00037995 0.000492119 -0.0185784 0.0904937 0.000491893 -0.00122565 -0.00037995 0.000491893 0.010147 -0.0185219 0.000492119 -0.00122565 -0.0185219 0.0902507 
0.0101226 -0.0185369 -0.000375162 0.000480291 -0.0185369 0.0903746 0.000480927 -0.0012151 -0.000375162 0.000480927 0.0101406 -0.0185367 0.000480291 -0.0012151 -0.0185367 0.0903126 
0.0101404 -0.0185113 -0.000371114 0.000479995 -0.0185113 0.0903013 0.000481904 -0.00121388 -0.000371114 0.000481904 0.0100915 -0.0185232 0.000479995 -0.00121388 -0.0185232 0.0903072 
0.0101423 -0.0185281 -0.000384481 0.000470988 -0.0185281 0.0902946 0.000476919 -0.00120344 -0.000384481 0.000476919 0.0100754 -0.0184622 0.000470988 -0.00120344 -0.0184622 0.0902036 
0.0101269 -0.018531 -0.000394423 0.000491925 -0.018531 0.0903042 0.000501112 -0.00123864 -0.000394423 0.000501112 0.0100601 -0.0184331 0.000491925 -0.00123864 -0.0184331 0.0900956 
0.0101012 -0.0185155 -0.000386098 0.00049754 -0.0185155 0.0902859 0.000506606 -0.00126038 -0.000386098 0.000506606 0.0100483 -0.0184095 0.00049754 -0.00126038 -0.0184095 0.0900175 
0.0100894 -0.0184927 -0.0003918 0.000474109 -0.0184927 0.0902598 0.000479008 -0.00121769 -0.0003918 0.000479008 0.0100867 -0.0184167 0.000474109 -0.00121769 -0.0184167 0.0900376 
0.010121 -0.0184762 -0.000385679 0.000479445 -0.0184762 0.090214 0.00047944 -0.00119376 -0.000385679 0.00047944 0.0100865 -0.0184605 0.000479445 -0.00119376 -0.0184605 0.0901093 
0.010133 -0.0185121 -0.000387852 0.000500799 -0.0185121 0.0902486 0.000494595 -0.00124561 -0.000387852 0.000494595 0.0100804 -0.018452 0.000500799 -0.00124561 -0.018452 0.0901173 
0.0101025 -0.0185255 -0.000389911 0.000506035 -0.0185255 0.0902933 0.00049486 -0.00127319 -0.000389911 0.00049486 0.0101016 -0.0184419 0.000506035 -0.00127319 -0.0184419 0.0900898 
0.0100665 -0.0184888 -0.00035831 0.000478396 -0.0184888 0.0902535 0.000466252 -0.00120222 -0.00035831 0.000466252 0.010121 -0.0184659 0.000478396 -0.00120222 -0.0184659 0.0901094 
0.010023 -0.0184486 -0.000359357 0.000465883 -0.0184486 0.0901654 0.000459759 -0.00118728 -0.000359357 0.000459759 0.0101426 -0.0184773 0.000465883 -0.00118728 -0.0184773 0.0901314 
0.0100003 -0.0183711 -0.000361753 0.000485129 -0.0183711 0.0899751 0.000482985 -0.00123363 -0.000361753 0.000482985 0.0101266 -0.018516 0.000485129 -0.00123363 -0.018516 0.0902157 
0.0100094 -0.0183345 -0.000338624 0.000468645 -0.0183345 0.0898316 0.000465908 -0.00121114 -0.000338624 0.000465908 0.0100992 -0.0185073 0.000468645 -0.00121114 -0.0185073 0.0902495 
0.00997734 -0.0183268 -0.000336386 0.000428024 -0.0183268 0.0897433 0.000425489 -0.00112133 -0.000336386 0.000425489 0.0101 -0.0184741 0.000428024 -0.00112133 -0.0184741 0.0901938 
