0.00720988 0 0.000528766 0 0 0.01 0 0 0.000528766 0 0.00741466 0 0 0 0 0.01 
0.0101769 -0.0126427 0.000638235 -0.000785692 -0.0126427 0.0334158 -0.000785692 0.00150627 0.000638235 -0.000785692 0.010441 -0.0129614 -0.000785692 0.00150627 -0.0129614 0.0340273 
0.0102179 -0.0191454 0.000467821 -0.000846649 -0.0191454 0.0704019 -0.000846649 0.00269117 0.000467821 -0.000846649 0.0104729 -0.0195768 -0.000846649 0.00269117 -0.0195768 0.0717382 
0.00967452 -0.0188528 0.00039515 -0.000570495 -0.0188528 0.0845398 -0.00057314 0.00207659 0.00039515 -0.00057314 0.0098885 -0.0191872 -0.000570495 0.00207659 -0.0191872 0.0856879 
0.00969004 -0.0182234 0.000389064 -0.000464243 -0.0182234 0.0878816 -0.000465719 0.0013307 0.000389064 -0.000465719 0.00988282 -0.0184417 -0.000464243 0.0013307 -0.0184417 0.0885917 
0.00986553 -0.0181545 0.0003897 -0.00048534 -0.0181545 0.0888577 -0.000476783 0.00112967 0.0003897 -0.000476783 0.0100307 -0.0183631 -0.00048534 0.00112967 -0.0183631 0.0894104 
0.00996471 -0.0182748 0.000406912 -0.000509803 -0.0182748 0.0894263 -0.000495459 0.00118479 0.000406912 -0.000495459 0.0101295 -0.0184483 -0.000509803 0.00118479 -0.0184483 0.0898818 
0.010004 -0.0183449 0.00040012 -0.000528943 -0.0183449 0.0897413 -0.000516137 0.00126719 0.00040012 -0.000516137 0.0101369 -0.0184824 -0.000528943 0.00126719 -0.0184824 0.0900565 
0.0100089 -0.018342 0.000387101 -0.000496692 -0.018342 0.0897847 -0.000487689 0.00124339 0.000387101 -0.000487689 0.0101346 -0.0184916 -0.000496692 0.00124339 -0.0184916 0.0901243 
0.010034 -0.0183562 0.000386561 -0.000482637 -0.0183562 0.0898137 -0.000480975 0.00121936 0.000386561 -0.000480975 0.0101175 -0.018469 -0.000482637 0.00121936 -0.018469 0.090076 
0.010051 -0.0183957 0.000417905 -0.00049189 -0.0183957 0.0898934 -0.000499272 0.0012489 0.000417905 -0.000499272 0.010103 -0.0184444 -0.00049189 0.0012489 -0.0184444 0.0900053 
0.0100625 -0.0184416 0.000424122 -0.000515144 -0.0184416 0.0900292 -0.000525368 0.00128171 0.000424122 -0.000525368 0.0100947 -0.0184172 -0.000515144 0.00128171 -0.0184172 0.0899286 
0.0100793 -0.0184314 0.000412256 -0.000518463 -0.0184314 0.0900426 -0.000526998 0.00129652 0.000412256 -0.000526998 0.0100713 -0.018436 -0.000518463 0.00129652 -0.018436 0.0899591 
0.0100987 -0.0184671 0.000395163 -0.000503418 -0.0184671 0.0901205 -0.000509086 0.0012702 0.000395163 -0.000509086 0.0100499 -0.0184074 -0.000503418 0.0012702 -0.0184074 0.0899385 
0.0100777 -0.0184785 0.000368743 -0.00047092 -0.0184785 0.0901611 -0.000474655 0.00118636 0.000368743 -0.000474655 0.010067 -0.0183945 -0.00047092 0.00118636 -0.0183945 0.0899209 
0.0100584 -0.0184776 0.000364474 -0.000458205 -0.0184776 0.090199 -0.000461051 0.00115041 0.000364474 -0.000461051 0.0100527 -0.0183755 -0.000458205 0.00115041 -0.0183755 0.0898369 
0.0100466 -0.018426 0.000367127 -0.000444699 -0.018426 0.0901007 -0.000450967 0.00111558 0.000367127 -0.000450967 0.0100684 -0.0184032 -0.000444699 0.00111558 -0.0184032 0.0899126 
0.0100313 -0.0183918 0.000370175 -0.000454888 -0.0183918 0.0899718 -0.000464143 0.00113104 0.000370175 -0.000464143 0.0100514 -0.0184174 -0.000454888 0.00113104 -0.0184174 0.0899548 
0.0100322 -0.0183884 0.00036064 -0.00044579 -0.0183884 0.0899484 -0.000453615 0.00111327 0.00036064 -0.000453615 0.0100473 -0.0184062 -0.00044579 0.00111327 -0.0184062 0.0899744 
0.0100169 -0.0184026 0.000362514 -0.000440083 -0.0184026 0.089985 -0.000442768 0.00109756 0.000362514 -0.000442768 0.0100693 -0.0183944 -0.000440083 0.00109756 -0.0183944 0.0899517 
0.00998695 -0.0183632 0.000367325 -0.000446226 -0.0183632 0.0899117 -0.000441696 0.00109411 0.000367325 -0.000441696 0.0100677 -0.0184247 -0.000446226 0.00109411 -0.0184247 0.0899867 
0.00998301 -0.0183283 0.000360369 -0.000462381 -0.0183283 0.0898277 -0.000453476 0.0011256 0.000360369 -0.000453476 0.0100586 -0.0184282 -0.000462381 0.0011256 -0.0184282 0.090027 
0.00997329 -0.0183333 0.000361687 -0.000448859 -0.0183333 0.0898119 -0.000441253 0.00111409 0.000361687 -0.000441253 0.0100502 -0.0183961 -0.000448859 0.00111409 -0.0183961 0.08996 
0.00993728 -0.018319 0.000366531 -0.0004382 -0.018319 0.0897865 -0.000434158 0.00108371 0.000366531 -0.000434158 0.0100857 -0.0183863 -0.0004382 0.00108371 -0.0183863 0.0899153 
0.00993779 -0.0182809 0.000346356 -0.000463588 -0.0182809 0.0897141 -0.000460428 0.00113443 0.000346356 -0.000460428 0.0100788 -0.0184098 -0.000463588 0.00113443 -0.0184098 0.0899127 
0.00994418 -0.0182717 0.000338082 -0.000434592 -0.0182717 0.089649 -0.000430584 0.00110858 0.000338082 -0.000430584 0.010063 -0.0184044 -0.000434592 0.00110858 -0.0184044 0.0899144 
0.00996122 -0.0182819 0.000339514 -0.000446298 -0.0182819 0.0896478 -0.000444256 0.00113457 0.000339514 -0.000444256 0.0100351 -0.0183776 -0.000446298 0.00113457 -0.0183776 0.0898588 
0.00998171 -0.0183103 0.000354615 -0.000439596 -0.0183103 0.0897039 -0.000439919 0.00113034 0.000354615 -0.000439919 0.010015 -0.0183413 -0.000439596 0.00113034 -0.0183413 0.0897777 
0.0099553 -0.0182818 0.000351228 -0.000446256 -0.0182818 0.0896261 -0.000446674 0.00112692 0.000351228 -0.000446674 0.0100304 -0.0183725 -0.000446256 0.00112692 -0.0183725 0.089853 
0.00992705 -0.0182457 0.00033766 -0.000431954 -0.0182457 0.0895313 -0.000431989 0.00109248 0.00033766 -0.000431989 0.0100321 -0.018392 -0.000431954 0.00109248 -0.018392 0.0899196 
0.00994596 -0.0182513 0.000339238 -0.000405239 -0.0182513 0.089553 -0.000408829 0.0010294 0.000339238 -0.000408829 0.0100187 -0.0183657 -0.000405239 0.0010294 -0.0183657 0.0898785 
0.00997499 -0.0182768 0.00034069 -0.000400215 -0.0182768 0.0896102 -0.000408007 0.000995977 0.00034069 -0.000408007 0.0100228 -0.0183605 -0.000400215 0.000995977 -0.0183605 0.0898661 
0.0100194 -0.0183328 0.000343916 -0.000425667 -0.0183328 0.0897464 -0.000433076 0.00105061 0.000343916 -0.000433076 0.00999946 -0.0183404 -0.000425667 0.00105061 -0.0183404 0.0897976 
0.0100331 -0.0183742 0.000335047 -0.000417399 -0.0183742 0.0898493 -0.000420583 0.00104037 0.000335047 -0.000420583 0.00997031 -0.0183118 -0.000417399 0.00104037 -0.0183118 0.0897194 
0.010026 -0.0183875 0.000327401 -0.000436719 -0.0183875 0.0899075 -0.000438274 0.00109291 0.000327401 -0.000438274 0.00993746 -0.0182685 -0.000436719 0.00109291 -0.0182685 0.0896098 
0.0100148 -0.0183474 0.000290311 -0.000387084 -0.0183474 0.089834 -0.000390674 0.00100146 0.000290311 -0.000390674 0.00993537 -0.0182739 -0.000387084 0.00100146 -0.0182739 0.0896289 
0.0100126 -0.0183521 0.000294606 -0.000379804 -0.0183521 0.0898262 -0.000380582 0.00098782 0.000294606 -0.000380582 0.00994269 -0.0182478 -0.000379804 0.00098782 -0.0182478 0.089572 
0.00999708 -0.0183557 0.000326186 -0.000383663 -0.0183557 0.0898347 -0.000381747 0.000982577 0.000326186 -0.000381747 0.00997076 -0.0182447 -0.000383663 0.000982577 -0.0182447 0.0895296 
0.00997332 -0.0183388 0.000335143 -0.000416515 -0.0183388 0.0898115 -0.000417211 0.00103334 0.000335143 -0.000417211 0.0100007 -0.0182792 -0.000416515 0.00103334 -0.0182792 0.0895706 
0.00996114 -0.0183019 0.000333522 -0.000440495 -0.0183019 0.0897291 -0.00044211 0.00111335 0.000333522 -0.00044211 0.00999768 -0.018322 -0.000440495 0.00111335 -0.018322 0.0896699 
0.00997482 -0.0183233 0.000319228 -0.000407541 -0.0183233 0.0897789 -0.000409163 0.00105823 0.000319228 -0.000409163 0.0100099 -0.0183054 -0.000407541 0.00105823 -0.0183054 0.0896785 
0.0100021 -0.0183206 0.000333445 -0.000402257 -0.0183206 0.0897773 -0.000399536 0.00102892 0.000333445 -0.000399536 0.0100196 -0.0183374 -0.000402257 0.00102892 -0.0183374 0.0897374 
0.0100448 -0.0183593 0.000350475 -0.0004168 -0.0183593 0.0898342 -0.000411866 0.0010313 0.000350475 -0.000411866 0.0100126 -0.0183421 -0.0004168 0.0010313 -0.0183421 0.0897663 
0.010034 -0.018403 0.000368894 -0.000444786 -0.018403 0.0899204 -0.00044361 0.00109356 0.000368894 -0.00044361 0.0100346 -0.0183406 -0.000444786 0.00109356 -0.0183406 0.0897758 
0.0100143 -0.0183858 0.000367547 -0.000472244 -0.0183858 0.0899276 -0.000473839 0.00117255 0.000367547 -0.000473839 0.0100505 -0.0183749 -0.000472244 0.00117255 -0.0183749 0.0898395 
0.0100211 -0.0183541 0.000359406 -0.000470259 -0.0183541 0.0898586 -0.000474184 0.00120213 0.000359406 -0.000474184 0.0100237 -0.0184004 -0.000470259 0.00120213 -0.0184004 0.0899216 
0.010046 -0.0183741 0.000346934 -0.000454585 -0.0183741 0.0898663 -0.000463316 0.00118193 0.000346934 -0.000463316 0.00997423 -0.0183523 -0.000454585 0.00118193 -0.0183523 0.0898678 
0.0100528 -0.0184099 0.000352672 -0.00044279 -0.0184099 0.0899467 -0.000452686 0.00115802 0.000352672 -0.000452686 0.0099558 -0.018285 -0.00044279 0.00115802 -0.018285 0.089717 
0.0100646 -0.0184627 0.000377201 -0.00044168 -0.0184627 0.0901162 -0.000449061 0.00113194 0.000377201 -0.000449061 0.00996753 -0.0182181 -0.00044168 0.00113194 -0.0182181 0.0894968 
0.0100376 -0.0184198 0.000362168 -0.000473119 -0.0184198 0.0900387 -0.000473695 0.00116317 0.000362168 -0.000473695 0.00995672 -0.0182693 -0.000473119 0.00116317 -0.0182693 0.0895253 
0.0100425 -0.0183821 0.000340504 -0.000454694 -0.0183821 0.0899443 -0.000448482 0.00115159 0.000340504 -0.000448482 0.00994772 -0.0182855 -0.000454694 0.00115159 -0.0182855 0.089622 
0.0100509 -0.0183762 0.000312969 -0.000415613 -0.0183762 0.0898843 -0.000409516 0.00106475 0.000312969 -0.000409516 0.00995194 -0.0182933 -0.000415613 0.00106475 -0.0182933 0.0896942 
0.0100537 -0.0183911 0.000285066 -0.000358971 -0.0183911 0.0898928 -0.000354703 0.000916368 0.000285066 -0.000354703 0.00995526 -0.0182909 -0.000358971 0.000916368 -0.0182909 0.0897019 
0.0100536 -0.0184036 0.000291835 -0.000360895 -0.0184036 0.0899281 -0.000358162 0.000898007 0.000291835 -0.000358162 0.00993869 -0.0182684 -0.000360895 0.000898007 -0.0182684 0.089634 
0.0100295 -0.0183908 0.000274012 -0.00037707 -0.0183908 0.0899014 -0.000377163 0.000933044 0.000274012 -0.000377163 0.0099086 -0.0182427 -0.00037707 0.000933044 -0.0182427 0.0895566 
0.0100386 -0.018352 0.000261504 -0.000357723 -0.018352 0.0898225 -0.000360692 0.0009311 0.000261504 -0.000360692 0.0098788 -0.0182197 -0.000357723 0.0009311 -0.0182197 0.0895095 
0.0100532 -0.0183961 0.000270547 -0.000339147 -0.0183961 0.0898983 -0.000339554 0.000890114 0.000270547 -0.000339554 0.00987337 -0.0181507 -0.000339147 0.000890114 -0.0181507 0.0893428 
0.0100658 -0.018407 0.000270566 -0.000340418 -0.018407 0.0899438 -0.000336923 0.00085926 0.000270566 -0.000336923 0.00987107 -0.0181475 -0.000340418 0.00085926 -0.0181475 0.0892668 
0.010066 -0.0184091 0.000274775 -0.000355646 -0.0184091 0.0899414 -0.000353479 0.000892277 0.000274775 -0.000353479 0.00985258 -0.0181475 -0.000355646 0.000892277 -0.0181475 0.0892477 
0.0100478 -0.018399 0.00026929 -0.000341545 -0.018399 0.0899161 -0.000341813 0.00086762 0.00026929 -0.000341813 0.00985805 -0.0181466 -0.000341545 0.00086762 -0.0181466 0.0892723 
0.0100183 -0.0183829 0.000258397 -0.000329704 -0.0183829 0.0898931 -0.000329596 0.000836888 0.000258397 -0.000329596 0.00989505 -0.0181567 -0.000329704 0.000836888 -0.0181567 0.0893008 
0.0100336 -0.0183614 0.00024661 -0.000319675 -0.0183614 0.0898671 -0.000320764 0.00081243 0.00024661 -0.000320764 0.00989758 -0.0181866 -0.000319675 0.00081243 -0.0181866 0.0893412 
0.0100589 -0.0183967 0.00026476 -0.00032923 -0.0183967 0.0899283 -0.000332 0.000845525 0.00026476 -0.000332 0.00990165 -0.0181775 -0.00032923 0.000845525 -0.0181775 0.0893386 
0.0100931 -0.0184267 0.000285531 -0.00034843 -0.0184267 0.0900059 -0.000352963 0.000887064 0.000285531 -0.000352963 0.00989666 -0.0181893 -0.00034843 0.000887064 -0.0181893 0.0893565 
0.010114 -0.0184428 0.000296231 -0.000375284 -0.0184428 0.0900282 -0.000379154 0.000946155 0.000296231 -0.000379154 0.00988285 -0.0182058 -0.000375284 0.000946155 -0.0182058 0.0894153 
0.0101008 -0.018462 0.000263456 -0.000369131 -0.018462 0.0900635 -0.000374207 0.000942642 0.000263456 -0.000374207 0.00988554 -0.0182007 -0.000369131 0.000942642 -0.0182007 0.0894423 
0.0100521 -0.0184467 0.000252073 -0.000341254 -0.0184467 0.0900509 -0.00034527 0.000904212 0.000252073 -0.00034527 0.00990298 -0.0181993 -0.000341254 0.000904212 -0.0181993 0.0894454 
0.0100127 -0.018422 0.000237113 -0.00033135 -0.018422 0.0900405 -0.000329826 0.000861111 0.000237113 -0.000329826 0.00989597 -0.0181687 -0.00033135 0.000861111 -0.0181687 0.0893375 
0.0100064 -0.0183899 0.000273654 -0.000313967 -0.0183899 0.0900033 -0.000309788 0.000820415 0.000273654 -0.000309788 0.00989854 -0.0181489 -0.000313967 0.000820415 -0.0181489 0.0892555 
0.00999782 -0.018356 0.000312554 -0.000349822 -0.018356 0.0898975 -0.000344948 0.00084897 0.000312554 -0.000344948 0.00989878 -0.0181614 -0.000349822 0.00084897 -0.0181614 0.0892446 
0.00998623 -0.0183285 0.000335598 -0.000408923 -0.0183285 0.0897914 -0.000403957 0.000975371 0.000335598 -0.000403957 0.00991807 -0.0181782 -0.000408923 0.000975371 -0.0181782 0.089293 
0.00998165 -0.0183078 0.000339122 -0.000433568 -0.0183078 0.0897156 -0.000428195 0.00106495 0.000339122 -0.000428195 0.0099288 -0.0182129 -0.000433568 0.00106495 -0.0182129 0.0893764 
0.0100055 -0.0183027 0.000323798 -0.000409728 -0.0183027 0.0896825 -0.000406105 0.00103031 0.000323798 -0.000406105 0.00991857 -0.0182354 -0.000409728 0.00103031 -0.0182354 0.0894577 
0.0100296 -0.01832 0.000283658 -0.000381032 -0.01832 0.0896815 -0.000383872 0.000963802 0.000283658 -0.000383872 0.00989254 -0.0182342 -0.000381032 0.000963802 -0.0182342 0.0894994 
0.0100544 -0.0183449 0.000246077 -0.000343864 -0.0183449 0.0897221 -0.000351402 0.000899949 0.000246077 -0.000351402 0.00986835 -0.01821 -0.000343864 0.000899949 -0.01821 0.0894858 
0.0100627 -0.0183585 0.000220012 -0.000316763 -0.0183585 0.0897374 -0.000323009 0.000847314 0.000220012 -0.000323009 0.00983936 -0.0181824 -0.000316763 0.000847314 -0.0181824 0.0894327 
0.010058 -0.0183763 0.000221675 -0.000309891 -0.0183763 0.0897773 -0.000312015 0.000834311 0.000221675 -0.000312015 0.00981037 -0.018132 -0.000309891 0.000834311 -0.018132 0.0893181 
0.0100562 -0.0183938 0.000236002 -0.000302326 -0.0183938 0.0898459 -0.000300485 0.000802661 0.000236002 -0.000300485 0.00978129 -0.0180637 -0.000302326 0.000802661 -0.0180637 0.0891266 
0.0100901 -0.0184012 0.000255636 -0.000317805 -0.0184012 0.0898967 -0.000317142 0.000815105 0.000255636 -0.000317142 0.00973641 -0.0180185 -0.000317805 0.000815105 -0.0180185 0.088969 
0.0100966 -0.0184479 0.000266256 -0.000311617 -0.0184479 0.0899978 -0.000318037 0.000793294 0.000266256 -0.000318037 0.0097496 -0.0179693 -0.000311617 0.000793294 -0.0179693 0.0888404 
0.0100703 -0.0184388 0.000249859 -0.000333208 -0.0184388 0.0900066 -0.000345229 0.000836525 0.000249859 -0.000345229 0.00977067 -0.0179909 -0.000333208 0.000836525 -0.0179909 0.0888202 
0.0100477 -0.0184027 0.000229693 -0.000319207 -0.0184027 0.0899444 -0.000326572 0.000834877 0.000229693 -0.000326572 0.00976836 -0.0180221 -0.000319207 0.000834877 -0.0180221 0.0888798 
0.0100249 -0.0183866 0.000220759 -0.00029205 -0.0183866 0.0899086 -0.000291462 0.000774306 0.000220759 -0.000291462 0.00979118 -0.0180188 -0.00029205 0.000774306 -0.0180188 0.0889097 
0.0100153 -0.0183579 0.000212075 -0.0002847 -0.0183579 0.0898431 -0.000283174 0.000735856 0.000212075 -0.000283174 0.00978882 -0.0180284 -0.0002847 0.000735856 -0.0180284 0.0889028 
0.0099746 -0.0183302 0.000185012 -0.000260803 -0.0183302 0.0897522 -0.000260327 0.000671925 0.000185012 -0.000260327 0.00980602 -0.0180405 -0.000260803 0.000671925 -0.0180405 0.0889417 
0.00994715 -0.018282 0.000177306 -0.000250288 -0.018282 0.0896478 -0.000248333 0.000651978 0.000177306 -0.000248333 0.00980531 -0.0180569 -0.000250288 0.000651978 -0.0180569 0.0889764 
0.00992628 -0.0182355 0.000188091 -0.000246613 -0.0182355 0.0895103 -0.000242746 0.000642676 0.000188091 -0.000242746 0.00979824 -0.0180548 -0.000246613 0.000642676 -0.0180548 0.0889858 
0.00990664 -0.0182074 0.000182632 -0.000233952 -0.0182074 0.0894101 -0.000226386 0.000586011 0.000182632 -0.000226386 0.00981498 -0.0180451 -0.000233952 0.000586011 -0.0180451 0.0889709 
0.00988604 -0.0181607 0.000186613 -0.00023277 -0.0181607 0.0892665 -0.000228152 0.000574841 0.000186613 -0.000228152 0.0098222 -0.018071 -0.00023277 0.000574841 -0.018071 0.089003 
0.00990488 -0.0181626 0.000184495 -0.000230942 -0.0181626 0.0892508 -0.000232308 0.00057364 0.000184495 -0.000232308 0.00982392 -0.0180691 -0.000230942 0.00057364 -0.0180691 0.089011 
0.00993264 -0.0182083 0.000187809 -0.000252139 -0.0182083 0.0893401 -0.000253227 0.00063193 0.000187809 -0.000253227 0.0097973 -0.0180385 -0.000252139 0.00063193 -0.0180385 0.0889243 
0.00995639 -0.0182448 0.000178246 -0.000238733 -0.0182448 0.0894475 -0.000239364 0.000614958 0.000178246 -0.000239364 0.00977843 -0.0180168 -0.000238733 0.000614958 -0.0180168 0.0888703 
0.00993924 -0.0182431 0.000169484 -0.000235176 -0.0182431 0.0894452 -0.000237401 0.000607513 0.000169484 -0.000237401 0.00976604 -0.0180109 -0.000235176 0.000607513 -0.0180109 0.0888541 
0.00994706 -0.018213 0.000199396 -0.000233311 -0.018213 0.089393 -0.000238764 0.000619655 0.000199396 -0.000238764 0.00975431 -0.0180183 -0.000233311 0.000619655 -0.0180183 0.0888939 
0.00997562 -0.0182021 0.000224222 -0.000237767 -0.0182021 0.0893245 -0.000244233 0.00059746 0.000224222 -0.000244233 0.00973041 -0.0180278 -0.000237767 0.00059746 -0.0180278 0.0889565 
0.00999394 -0.0182391 0.000247445 -0.000275821 -0.0182391 0.0893632 -0.000281964 0.000662062 0.000247445 -0.000281964 0.00972332 -0.0180058 -0.000275821 0.000662062 -0.0180058 0.0889578 
0.00999519 -0.0182962 0.000225053 -0.000288746 -0.0182962 0.0895231 -0.000293226 0.000694315 0.000225053 -0.000293226 0.00973762 -0.0179714 -0.000288746 0.000694315 -0.0179714 0.0888684 
0.00996907 -0.0183015 0.000233403 -0.000297573 -0.0183015 0.089598 -0.000298035 0.000755547 0.000233403 -0.000298035 0.00976211 -0.0179747 -0.000297573 0.000755547 -0.0179747 0.0888179 
0.00995959 -0.0182786 0.00024427 -0.000315703 -0.0182786 0.0895985 -0.000308945 0.000803474 0.00024427 -0.000308945 0.00978669 -0.0180073 -0.000315703 0.000803474 -0.0180073 0.088865 
0.00993865 -0.0182692 0.000252376 -0.00033594 -0.0182692 0.0895727 -0.000327695 0.000856972 0.000252376 -0.000327695 0.00979012 -0.0180219 -0.00033594 0.000856972 -0.0180219 0.0888894 
0.00995232 -0.0182529 0.00025367 -0.00032527 -0.0182529 0.0895532 -0.000319695 0.000844562 0.00025367 -0.000319695 0.00977687 -0.018023 -0.00032527 0.000844562 -0.018023 0.0888978 
0.00995699 -0.0182608 0.000255611 -0.000323717 -0.0182608 0.089539 -0.000322556 0.000837302 0.000255611 -0.000322556 0.00977062 -0.0180028 -0.000323717 0.000837302 -0.0180028 0.0888606 
0.00994431 -0.0182509 0.000259227 -0.000328659 -0.0182509 0.0895043 -0.000331403 0.000848372 0.000259227 -0.000331403 0.00978639 -0.0180101 -0.000328659 0.000848372 -0.0180101 0.0888689 
0.00994072 -0.0182207 0.000254189 -0.000329177 -0.0182207 0.0894274 -0.000331058 0.000849391 0.000254189 -0.000331058 0.00980498 -0.0180468 -0.000329177 0.000849391 -0.0180468 0.0889482 
0.00996714 -0.0182309 0.000244016 -0.000334481 -0.0182309 0.089424 -0.000335003 0.000866185 0.000244016 -0.000335003 0.00978292 -0.0180512 -0.000334481 0.000866185 -0.0180512 0.0889687 
0.00996904 -0.0182567 0.000234611 -0.000314683 -0.0182567 0.0894588 -0.00031351 0.00083019 0.000234611 -0.00031351 0.00977731 -0.0180337 -0.000314683 0.00083019 -0.0180337 0.0889583 
0.00994469 -0.0182409 0.000195416 -0.000270694 -0.0182409 0.0894344 -0.000266014 0.000703013 0.000195416 -0.000266014 0.00979537 -0.0180505 -0.000270694 0.000703013 -0.0180505 0.0890035 
0.00994724 -0.0182324 0.00020323 -0.000262153 -0.0182324 0.0894362 -0.00025597 0.000679516 0.00020323 -0.00025597 0.00979487 -0.0180562 -0.000262153 0.000679516 -0.0180562 0.0890164 
0.00997155 -0.0182055 0.00020389 -0.000263369 -0.0182055 0.0893561 -0.000256082 0.000659711 0.00020389 -0.000256082 0.00976823 -0.0180836 -0.000263369 0.000659711 -0.0180836 0.0890973 
0.0100183 -0.0182504 0.000189065 -0.000246722 -0.0182504 0.0894152 -0.000241156 0.000615878 0.000189065 -0.000241156 0.00972599 -0.0180399 -0.000246722 0.000615878 -0.0180399 0.0890491 
0.0100737 -0.0183648 0.000205035 -0.000251122 -0.0183648 0.0896977 -0.000247202 0.000632367 0.000205035 -0.000247202 0.00967979 -0.017931 -0.000251122 0.000632367 -0.017931 0.0887819 
0.0100502 -0.0183941 0.000217788 -0.000278205 -0.0183941 0.0898158 -0.000277245 0.000693412 0.000217788 -0.000277245 0.00968411 -0.0179011 -0.000278205 0.000693412 -0.0179011 0.0886456 
0.0100222 -0.0183861 0.000215486 -0.000273057 -0.0183861 0.0898702 -0.000275237 0.00069582 0.000215486 -0.000275237 0.00969362 -0.0178851 -0.000273057 0.00069582 -0.0178851 0.0885464 
0.00999292 -0.0183322 0.000207569 -0.000296205 -0.0183322 0.0897715 -0.000301245 0.000763077 0.000207569 -0.000301245 0.00970395 -0.0179078 -0.000296205 0.000763077 -0.0179078 0.088564 
0.00997361 -0.0182791 0.000194962 -0.000284878 -0.0182791 0.0896144 -0.000291594 0.000773 0.000194962 -0.000291594 0.0097024 -0.0179213 -0.000284878 0.000773 -0.0179213 0.0885979 
0.00998804 -0.0182676 0.00017574 -0.000252598 -0.0182676 0.0895489 -0.000257693 0.000703329 0.00017574 -0.000257693 0.00969093 -0.01791 -0.000252598 0.000703329 -0.01791 0.0885863 
0.010017 -0.0183006 0.000175779 -0.000223514 -0.0183006 0.0895993 -0.000226786 0.000619556 0.000175779 -0.000226786 0.00969153 -0.0178904 -0.000223514 0.000619556 -0.0178904 0.088544 
0.0100458 -0.0183345 0.000189384 -0.000206105 -0.0183345 0.089679 -0.000211838 0.000541591 0.000189384 -0.000211838 0.00969551 -0.0179042 -0.000206105 0.000541591 -0.0179042 0.0885614 
0.0100709 -0.0183668 0.00018893 -0.000214597 -0.0183668 0.0897612 -0.000223988 0.000522179 0.00018893 -0.000223988 0.00969003 -0.017924 -0.000214597 0.000522179 -0.017924 0.0886214 
0.0100956 -0.0184333 0.000196876 -0.00023133 -0.0184333 0.0899449 -0.000242356 0.000568518 0.000196876 -0.000242356 0.00969834 -0.0178929 -0.00023133 0.000568518 -0.0178929 0.0885733 
0.0100859 -0.0184356 0.000216079 -0.000250589 -0.0184356 0.0899923 -0.000258118 0.000623335 0.000216079 -0.000258118 0.00972449 -0.0179342 -0.000250589 0.000623335 -0.0179342 0.0886469 
0.0100636 -0.018429 0.000222395 -0.000281738 -0.018429 0.0899956 -0.000284475 0.000692113 0.000222395 -0.000284475 0.00973804 -0.0179636 -0.000281738 0.000692113 -0.0179636 0.0887298 
0.0100569 -0.0183961 0.000218075 -0.000279447 -0.0183961 0.0899409 -0.00027508 0.000701321 0.000218075 -0.00027508 0.00976648 -0.0180078 -0.000279447 0.000701321 -0.0180078 0.0888749 
0.0100519 -0.0183762 0.000211361 -0.000270882 -0.0183762 0.0898641 -0.000262274 0.000675986 0.000211361 -0.000262274 0.00979036 -0.0180464 -0.000270882 0.000675986 -0.0180464 0.0889946 
0.0100104 -0.0183505 0.000235635 -0.0002931 -0.0183505 0.0897649 -0.000286664 0.000735032 0.000235635 -0.000286664 0.00983577 -0.0180879 -0.0002931 0.000735032 -0.0180879 0.0891218 
0.00999589 -0.0182934 0.000249993 -0.000307654 -0.0182934 0.089633 -0.000307099 0.000775302 0.000249993 -0.000307099 0.00985262 -0.0181546 -0.000307654 0.000775302 -0.0181546 0.0892855 
0.00999697 -0.0182911 0.000239134 -0.000302889 -0.0182911 0.0895923 -0.000305946 0.00076593 0.000239134 -0.000305946 0.00985512 -0.0181658 -0.000302889 0.00076593 -0.0181658 0.0893596 
0.0100193 -0.0183282 0.000233749 -0.000320494 -0.0183282 0.0896828 -0.000320837 0.00081662 0.000233749 -0.000320837 0.00982723 -0.0181252 -0.000320494 0.00081662 -0.0181252 0.0892652 
0.0100386 -0.0183612 0.000239683 -0.000312299 -0.0183612 0.0897741 -0.000312479 0.000819274 0.000239683 -0.000312479 0.00976942 -0.01806 -0.000312299 0.000819274 -0.01806 0.0890766 
0.0100636 -0.0183862 0.000247175 -0.000305688 -0.0183862 0.0898573 -0.000307356 0.000792375 0.000247175 -0.000307356 0.00973427 -0.017998 -0.000305688 0.000792375 -0.017998 0.0889162 
0.0100651 -0.0184157 0.000263701 -0.000327947 -0.0184157 0.0899281 -0.00032866 0.000830783 0.000263701 -0.00032866 0.00972676 -0.0179421 -0.000327947 0.000830783 -0.0179421 0.0887452 
0.01001 -0.0183956 0.000276329 -0.00035079 -0.0183956 0.0899018 -0.000349856 0.000884229 0.000276329 -0.000349856 0.00977698 -0.0179522 -0.00035079 0.000884229 -0.0179522 0.0887121 
0.0100033 -0.0183218 0.000259992 -0.000345802 -0.0183218 0.0897627 -0.000340759 0.000871851 0.000259992 -0.000340759 0.00976076 -0.0180194 -0.000345802 0.000871851 -0.0180194 0.0888176 
0.00999859 -0.0183099 0.000224428 -0.000306587 -0.0183099 0.0896813 -0.000300907 0.000784691 0.000224428 -0.000300907 0.0097682 -0.0180191 -0.000306587 0.000784691 -0.0180191 0.0888998 
0.010001 -0.0182983 0.000202618 -0.000259804 -0.0182983 0.089634 -0.000255591 0.000672502 0.000202618 -0.000255591 0.00978219 -0.0180345 -0.000259804 0.000672502 -0.0180345 0.0889528 
0.0099958 -0.0183104 0.000192427 -0.000246999 -0.0183104 0.0896458 -0.000244633 0.000623826 0.000192427 -0.000244633 0.00982713 -0.0180496 -0.000246999 0.000623826 -0.0180496 0.0890004 
0.0100121 -0.0183188 0.00018861 -0.000251975 -0.0183188 0.0896827 -0.000249948 0.000634296 0.00018861 -0.000249948 0.00982243 -0.0180861 -0.000251975 0.000634296 -0.0180861 0.0890493 
0.0100464 -0.018342 0.000211769 -0.000275467 -0.018342 0.0897333 -0.000270703 0.000703724 0.000211769 -0.000270703 0.009774 -0.0180725 -0.000275467 0.000703724 -0.0180725 0.089046 
0.0100792 -0.0183528 0.000217952 -0.000291083 -0.0183528 0.0897379 -0.000287927 0.000743265 0.000217952 -0.000287927 0.00973443 -0.0180498 -0.000291083 0.000743265 -0.0180498 0.0890458 
0.0101186 -0.0184026 0.000221034 -0.000271709 -0.0184026 0.0898318 -0.000272309 0.000707262 0.000221034 -0.000272309 0.00970497 -0.0179969 -0.000271709 0.000707262 -0.0179969 0.0889514 
0.0101151 -0.0184675 0.000210544 -0.00026733 -0.0184675 0.0899928 -0.000269387 0.000674108 0.000210544 -0.000269387 0.00971943 -0.0179395 -0.00026733 0.000674108 -0.0179395 0.0887915 
0.0101188 -0.0184752 0.00022298 -0.000270276 -0.0184752 0.0900833 -0.00027407 0.000688154 0.00022298 -0.00027407 0.00971638 -0.0179384 -0.000270276 0.000688154 -0.0179384 0.0887007 
0.0101143 -0.0184779 0.000262705 -0.00031553 -0.0184779 0.0901082 -0.000318987 0.000793536 0.000262705 -0.000318987 0.00971711 -0.0179355 -0.00031553 0.000793536 -0.0179355 0.0886773 
0.0100746 -0.018438 0.000278802 -0.000345051 -0.018438 0.0900118 -0.000350653 0.00086557 0.000278802 -0.000350653 0.00973785 -0.017968 -0.000345051 0.00086557 -0.017968 0.0887531 
0.0100155 -0.0183808 0.000276825 -0.000349468 -0.0183808 0.0898666 -0.00035809 0.00089023 0.000276825 -0.00035809 0.00976756 -0.0179965 -0.000349468 0.00089023 -0.0179965 0.088836 
0.00999585 -0.0183083 0.000267561 -0.000337175 -0.0183083 0.0896963 -0.00034725 0.000872147 0.000267561 -0.00034725 0.00976541 -0.0180318 -0.000337175 0.000872147 -0.0180318 0.0889226 
0.00999904 -0.0183115 0.000242709 -0.000328215 -0.0183115 0.0896625 -0.000336192 0.000848236 0.000242709 -0.000336192 0.00974682 -0.0180009 -0.000328215 0.000848236 -0.0180009 0.0888821 
0.0100052 -0.0183031 0.000232497 -0.000318736 -0.0183031 0.0896298 -0.000322812 0.000842421 0.000232497 -0.000322812 0.00973804 -0.0179824 -0.000318736 0.000842421 -0.0179824 0.0888325 
0.0100197 -0.0183055 0.000215018 -0.000287636 -0.0183055 0.0896136 -0.000287087 0.000761736 0.000215018 -0.000287087 0.00972497 -0.0179739 -0.000287636 0.000761736 -0.0179739 0.0888013 
0.0100499 -0.018313 0.000219364 -0.000284289 -0.018313 0.0896137 -0.000280751 0.000740949 0.000219364 -0.000280751 0.00971496 -0.0179783 -0.000284289 0.000740949 -0.0179783 0.0888235 
