0.00775298 0 -0.000243614 0 0 0.01 0 0 -0.000243614 0 0.00691709 0 0 0 0 0.01 
0.0108478 -0.0134689 -0.000299564 0.000367126 -0.0134689 0.0349999 0.000367126 -0.000703992 -0.000299564 0.000367126 0.00983344 -0.0122142 0.000367126 -0.000703992 -0.0122142 0.0325943 
0.0107476 -0.0201236 -0.000253394 0.00039486 -0.0201236 0.0735132 0.00039486 -0.00124523 -0.000253394 0.00039486 0.00996829 -0.0186957 0.00039486 -0.00124523 -0.0186957 0.0689381 
0.0101192 -0.0195746 -0.000239478 0.00028723 -0.0195746 0.0872206 0.000292515 -0.000950309 -0.000239478 0.000292515 0.00945294 -0.0184953 0.00028723 -0.000950309 -0.0184953 0.083196 
0.0101275 -0.0187753 -0.000264575 0.000276883 -0.0187753 0.0896524 0.000287921 -0.000730565 -0.000264575 0.000287921 0.00944403 -0.0178923 0.000276883 -0.000730565 -0.0178923 0.0868748 
0.0103152 -0.0187233 -0.000298277 0.000309427 -0.0187233 0.0903568 0.000318971 -0.000716336 -0.000298277 0.000318971 0.00961635 -0.0178127 0.000309427 -0.000716336 -0.0178127 0.0880242 
0.0104623 -0.0188588 -0.000312863 0.000353541 -0.0188588 0.0909326 0.000356815 -0.00080152 -0.000312863 0.000356815 0.0097693 -0.017966 0.000353541 -0.00080152 -0.017966 0.088699 
0.0105175 -0.0189724 -0.000278026 0.000362537 -0.0189724 0.0913119 0.000364687 -0.000856494 -0.000278026 0.000364687 0.00981942 -0.0180762 0.000362537 -0.000856494 -0.0180762 0.089054 
0.010543 -0.0189992 -0.000244523 0.000322468 -0.0189992 0.0914522 0.000326789 -0.000819633 -0.000244523 0.000326789 0.00980821 -0.018128 0.000322468 -0.000819633 -0.018128 0.0892407 
0.0105173 -0.0190425 -0.00021577 0.000281444 -0.0190425 0.0915561 0.000286977 -0.00073198 -0.00021577 0.000286977 0.00977833 -0.0180728 0.000281444 -0.00073198 -0.0180728 0.0891631 
0.0104843 -0.0189916 -0.000212965 0.000234151 -0.0189916 0.0914891 0.000234366 -0.000598482 -0.000212965 0.000234366 0.00973781 -0.0180595 0.000234151 -0.000598482 -0.0180595 0.0891198 
0.0104517 -0.0189509 -0.000211559 0.000242116 -0.0189509 0.0913918 0.000238984 -0.000564737 -0.000211559 0.000238984 0.00972847 -0.0180184 0.000242116 -0.000564737 -0.0180184 0.0890497 
0.0104504 -0.0189168 -0.000198973 0.000229372 -0.0189168 0.0913089 0.000226166 -0.000528006 -0.000198973 0.000226166 0.00970814 -0.0179996 0.000229372 -0.000528006 -0.0179996 0.0889796 
0.0104674 -0.0189223 -0.000183746 0.000222654 -0.0189223 0.0912986 0.000219276 -0.000513108 -0.000183746 0.000219276 0.0097089 -0.0179786 0.000222654 -0.000513108 -0.0179786 0.0889337 
0.0104871 -0.018949 -0.000146679 0.00018789 -0.018949 0.0913502 0.000184089 -0.00043455 -0.000146679 0.000184089 0.00972004 -0.0179767 0.00018789 -0.00043455 -0.0179767 0.0889072 
0.0104602 -0.0189457 -0.000109551 0.000158664 -0.0189457 0.0913383 0.000160178 -0.000380887 -0.000109551 0.000160178 0.00976483 -0.0180177 0.000158664 -0.000380887 -0.0180177 0.0889899 
0.0104358 -0.0189181 -0.000128954 0.00012982 -0.0189181 0.0912926 0.000135258 -0.000339999 -0.000128954 0.000135258 0.00977521 -0.0180613 0.00012982 -0.000339999 -0.0180613 0.0890835 
0.0104386 -0.0188858 -0.000159702 0.000159421 -0.0188858 0.0912239 0.00016282 -0.000369259 -0.000159702 0.00016282 0.00980109 -0.0180943 0.000159421 -0.000369259 -0.0180943 0.0892049 
0.0104349 -0.0189001 -0.000179531 0.000206403 -0.0189001 0.0912167 0.000208768 -0.000472329 -0.000179531 0.000208768 0.00980082 -0.0180895 0.000206403 -0.000472329 -0.0180895 0.0891959 
0.0104093 -0.0188881 -0.000185969 0.000223497 -0.0188881 0.0911919 0.000226682 -0.000536485 -0.000185969 0.000226682 0.00980718 -0.0180997 0.000223497 -0.000536485 -0.0180997 0.0892188 
0.010397 -0.0188526 -0.000161911 0.000195426 -0.0188526 0.091122 0.000197578 -0.000474822 -0.000161911 0.000197578 0.00981221 -0.0181169 0.000195426 -0.000474822 -0.0181169 0.0892684 
0.0104177 -0.0188559 -0.000129342 0.000172245 -0.0188559 0.0911168 0.000171223 -0.000415351 -0.000129342 0.000171223 0.00980879 -0.018109 0.000172245 -0.000415351 -0.018109 0.0892665 
0.0104395 -0.0188908 -0.000111468 0.000156291 -0.0188908 0.0911835 0.000155632 -0.000393761 -0.000111468 0.000155632 0.00979954 -0.0180939 0.000156291 -0.000393761 -0.0180939 0.0892257 
0.0104514 -0.0189282 -0.000134661 0.000158169 -0.0189282 0.0912859 0.000158923 -0.000416934 -0.000134661 0.000158923 0.00978038 -0.018071 0.000158169 -0.000416934 -0.018071 0.0891586 
0.0104417 -0.0189509 -0.000163855 0.000172044 -0.0189509 0.0913732 0.000172448 -0.000430376 -0.000163855 0.000172448 0.00975353 -0.018041 0.000172044 -0.000430376 -0.018041 0.0890796 
0.0104407 -0.0189184 -0.0001523 0.000196953 -0.0189184 0.091339 0.000198216 -0.000468101 -0.0001523 0.000198216 0.00972615 -0.0180367 0.000196953 -0.000468101 -0.0180367 0.0890739 
0.0104641 -0.0189095 -0.000157596 0.000172463 -0.0189095 0.0913019 0.000174433 -0.000438192 -0.000157596 0.000174433 0.00972919 -0.0180245 0.000172463 -0.000438192 -0.0180245 0.0890811 
0.0104856 -0.0189159 -0.000161557 0.000176444 -0.0189159 0.0912695 0.000177992 -0.000419294 -0.000161557 0.000177992 0.00972848 -0.0180366 0.000176444 -0.000419294 -0.0180366 0.0891005 
0.0105268 -0.0189616 -0.000157873 0.000182287 -0.0189616 0.0913629 0.000183485 -0.000423343 -0.000157873 0.000183485 0.00973179 -0.0180319 0.000182287 -0.000423343 -0.0180319 0.0890988 
0.0105458 -0.0190407 -0.000122021 0.000169361 -0.0190407 0.0915494 0.000170182 -0.000397574 -0.000122021 0.000170182 0.00969564 -0.0179824 0.000169361 -0.000397574 -0.0179824 0.0889541 
0.0105296 -0.0190673 -8.72123e-05 0.000135045 -0.0190673 0.0916675 0.000134389 -0.000340666 -8.72123e-05 0.000134389 0.0096567 -0.0179221 0.000135045 -0.000340666 -0.0179221 0.0887843 
0.0104923 -0.0190092 -8.14926e-05 9.35905e-05 -0.0190092 0.0915833 9.16907e-05 -0.000245568 -8.14926e-05 9.16907e-05 0.00967468 -0.0179302 9.35905e-05 -0.000245568 -0.0179302 0.0887926 
0.0104568 -0.0189661 -8.71478e-05 8.65592e-05 -0.0189661 0.0914716 8.19444e-05 -0.000192227 -8.71478e-05 8.19444e-05 0.00970533 -0.0179368 8.65592e-05 -0.000192227 -0.0179368 0.0887889 
0.0104549 -0.018927 -5.08126e-05 9.09681e-05 -0.018927 0.091377 9.14905e-05 -0.000189 -5.08126e-05 9.14905e-05 0.0097268 -0.0179764 9.09681e-05 -0.000189 -0.0179764 0.0888512 
0.0104564 -0.0189457 -4.57483e-05 6.75228e-05 -0.0189457 0.0913823 7.74369e-05 -0.00019297 -4.57483e-05 7.74369e-05 0.00972801 -0.0179672 6.75228e-05 -0.00019297 -0.0179672 0.0888295 
0.0104717 -0.0189439 -6.40835e-05 6.72613e-05 -0.0189439 0.0913915 7.95671e-05 -0.00019675 -6.40835e-05 7.95671e-05 0.00973581 -0.0179841 6.72613e-05 -0.00019675 -0.0179841 0.0888609 
0.010469 -0.0189459 -8.56094e-05 8.294e-05 -0.0189459 0.0913653 9.06742e-05 -0.000211438 -8.56094e-05 9.06742e-05 0.00972874 -0.0179952 8.294e-05 -0.000211438 -0.0179952 0.0888929 
0.010457 -0.0189374 -8.29063e-05 9.99451e-05 -0.0189374 0.0913392 0.000101622 -0.000227379 -8.29063e-05 0.000101622 0.00972269 -0.0180007 9.99451e-05 -0.000227379 -0.0180007 0.088935 
0.0104468 -0.0189425 -7.02364e-05 8.51866e-05 -0.0189425 0.0913592 8.24943e-05 -0.000194164 -7.02364e-05 8.24943e-05 0.00971069 -0.017975 8.51866e-05 -0.000194164 -0.017975 0.0888943 
0.0104412 -0.0189239 -6.66827e-05 6.69817e-05 -0.0189239 0.0913372 6.50594e-05 -0.000147299 -6.66827e-05 6.50594e-05 0.0097123 -0.0179731 6.69817e-05 -0.000147299 -0.0179731 0.0888854 
0.0104525 -0.0189062 -3.05027e-05 5.65112e-05 -0.0189062 0.0912867 5.5245e-05 -0.000104974 -3.05027e-05 5.5245e-05 0.00972134 -0.017991 5.65112e-05 -0.000104974 -0.017991 0.0889313 
0.0104562 -0.0189334 -1.69086e-05 2.9996e-05 -0.0189334 0.0913194 2.86728e-05 -7.20441e-05 -1.69086e-05 2.86728e-05 0.00974371 -0.0179856 2.9996e-05 -7.20441e-05 -0.0179856 0.0889274 
0.0104477 -0.0189233 -1.05973e-05 2.76663e-05 -0.0189233 0.0913062 3.39373e-05 -7.64019e-05 -1.05973e-05 3.39373e-05 0.0097686 -0.0180299 2.76663e-05 -7.64019e-05 -0.0180299 0.0890101 
0.0104526 -0.0189129 -2.44325e-05 1.17493e-05 -0.0189129 0.0912805 2.14311e-05 -5.08005e-05 -2.44325e-05 2.14311e-05 0.00977011 -0.0180609 1.17493e-05 -5.08005e-05 -0.0180609 0.0890966 
0.0104428 -0.0189244 -3.35974e-05 3.22607e-05 -0.0189244 0.0912856 4.10774e-05 -7.60958e-05 -3.35974e-05 4.10774e-05 0.00974264 -0.0180411 3.22607e-05 -7.60958e-05 -0.0180411 0.0890755 
0.0104272 -0.0189158 -3.28886e-05 3.88854e-05 -0.0189158 0.0912823 4.39282e-05 -9.52612e-05 -3.28886e-05 4.39282e-05 0.0097119 -0.0180028 3.88854e-05 -9.52612e-05 -0.0180028 0.088997 
0.0103885 -0.0188906 -3.11638e-05 4.34641e-05 -0.0188906 0.091234 4.36406e-05 -0.000108236 -3.11638e-05 4.36406e-05 0.00972134 -0.0179651 4.34641e-05 -0.000108236 -0.0179651 0.0888998 
0.010352 -0.0188154 -2.66285e-05 5.58374e-05 -0.0188154 0.0910691 5.10948e-05 -0.000139522 -2.66285e-05 5.10948e-05 0.00974106 -0.0180037 5.58374e-05 -0.000139522 -0.0180037 0.0889457 
0.0103602 -0.0187787 -2.97427e-05 3.53814e-05 -0.0187787 0.0909517 2.79478e-05 -0.000101106 -2.97427e-05 2.79478e-05 0.00973714 -0.0180219 3.53814e-05 -0.000101106 -0.0180219 0.0889952 
0.0103777 -0.0187859 -2.52208e-05 3.23013e-05 -0.0187859 0.0909157 2.58577e-05 -7.00204e-05 -2.52208e-05 2.58577e-05 0.00971639 -0.0180195 3.23013e-05 -7.00204e-05 -0.0180195 0.0890139 
0.0103743 -0.0188227 -2.66497e-05 2.35883e-05 -0.0188227 0.0909815 1.94858e-05 -4.84597e-05 -2.66497e-05 1.94858e-05 0.00969737 -0.0179676 2.35883e-05 -4.84597e-05 -0.0179676 0.0889079 
0.0103685 -0.0188341 -3.92967e-05 3.78823e-05 -0.0188341 0.0910536 3.45869e-05 -7.57847e-05 -3.92967e-05 3.45869e-05 0.0096933 -0.0179307 3.78823e-05 -7.57847e-05 -0.0179307 0.088787 
0.0103569 -0.0188276 -7.02184e-05 5.13416e-05 -0.0188276 0.0910726 5.04719e-05 -0.000111592 -7.02184e-05 5.04719e-05 0.00971228 -0.0179296 5.13416e-05 -0.000111592 -0.0179296 0.0887429 
0.0103624 -0.0187884 -9.05746e-05 9.12379e-05 -0.0187884 0.0909977 9.33998e-05 -0.000194407 -9.05746e-05 9.33998e-05 0.00976273 -0.0179999 9.12379e-05 -0.000194407 -0.0179999 0.0888933 
0.0103737 -0.018833 -9.9589e-05 0.000113325 -0.018833 0.0910621 0.000115308 -0.000263541 -9.9589e-05 0.000115308 0.00975532 -0.0179976 0.000113325 -0.000263541 -0.0179976 0.0888821 
0.010376 -0.0188592 -0.000103335 0.000126557 -0.0188592 0.0911481 0.000126571 -0.000307423 -0.000103335 0.000126571 0.00972507 -0.0179758 0.000126557 -0.000307423 -0.0179758 0.0888302 
0.0103794 -0.0188279 -8.19438e-05 0.000116163 -0.0188279 0.0911027 0.000114515 -0.000285302 -8.19438e-05 0.000114515 0.00971175 -0.0179918 0.000116163 -0.000285302 -0.0179918 0.0888921 
0.0103758 -0.0188145 -7.59031e-05 0.000106858 -0.0188145 0.0910352 0.000105941 -0.000277396 -7.59031e-05 0.000105941 0.00970076 -0.0179907 0.000106858 -0.000277396 -0.0179907 0.0889321 
0.0103642 -0.0188201 -7.48148e-05 0.000107188 -0.0188201 0.0910292 0.000106656 -0.000283568 -7.48148e-05 0.000106656 0.00969395 -0.017958 0.000107188 -0.000283568 -0.017958 0.0888721 
0.0103483 -0.0188013 -7.85658e-05 9.4027e-05 -0.0188013 0.0909923 9.34039e-05 -0.000252494 -7.85658e-05 9.34039e-05 0.0096907 -0.0179472 9.4027e-05 -0.000252494 -0.0179472 0.0888259 
0.0103347 -0.0187609 -7.02744e-05 9.29274e-05 -0.0187609 0.0908909 9.01751e-05 -0.000229594 -7.02744e-05 9.01751e-05 0.00970583 -0.0179646 9.29274e-05 -0.000229594 -0.0179646 0.0888591 
0.0103226 -0.0187585 -5.53048e-05 7.77234e-05 -0.0187585 0.0908557 7.36795e-05 -0.000192578 -5.53048e-05 7.36795e-05 0.00971545 -0.0179562 7.77234e-05 -0.000192578 -0.0179562 0.0888286 
0.010332 -0.0187583 -3.52563e-05 5.20719e-05 -0.0187583 0.0908674 4.96503e-05 -0.000129619 -3.52563e-05 4.96503e-05 0.00972573 -0.0179593 5.20719e-05 -0.000129619 -0.0179593 0.0888111 
0.0103532 -0.0187471 -1.56146e-05 3.51081e-05 -0.0187471 0.0908353 3.7257e-05 -9.2343e-05 -1.56146e-05 3.7257e-05 0.00976943 -0.018021 3.51081e-05 -9.2343e-05 -0.018021 0.088961 
0.0103753 -0.0187953 2.9942e-05 1.68805e-06 -0.0187953 0.0909069 9.81182e-06 -2.11951e-05 2.9942e-05 9.81182e-06 0.00976113 -0.0180345 1.68805e-06 -2.11951e-05 -0.0180345 0.0890011 
0.0103769 -0.0188386 3.54958e-05 -3.73778e-05 -0.0188386 0.091037 -2.69897e-05 4.81756e-05 3.54958e-05 -2.69897e-05 0.00976138 -0.0180238 -3.73778e-05 4.81756e-05 -0.0180238 0.0890011 
0.0103828 -0.0188269 2.48742e-05 -4.27831e-05 -0.0188269 0.0910583 -3.41385e-05 8.73415e-05 2.48742e-05 -3.41385e-05 0.00975544 -0.0180494 -4.27831e-05 8.73415e-05 -0.0180494 0.089067 
0.0103818 -0.0188187 -1.5139e-05 -2.2377e-05 -0.0188187 0.0910312 -1.732e-05 5.98331e-05 -1.5139e-05 -1.732e-05 0.00975346 -0.0180628 -2.2377e-05 5.98331e-05 -0.0180628 0.0891411 
0.0103624 -0.0188258 -3.67975e-05 2.60857e-05 -0.0188258 0.0910312 2.44327e-05 -2.13616e-05 -3.67975e-05 2.44327e-05 0.00972928 -0.0180296 2.60857e-05 -2.13616e-05 -0.0180296 0.0890796 
0.0103543 -0.0188104 -6.05833e-05 6.30682e-05 -0.0188104 0.0910218 5.74149e-05 -0.000123944 -6.05833e-05 5.74149e-05 0.00971692 -0.0179874 6.30682e-05 -0.000123944 -0.0179874 0.0889726 
0.0103309 -0.0187865 -5.53333e-05 6.52962e-05 -0.0187865 0.0909544 5.95745e-05 -0.000137341 -5.53333e-05 5.95745e-05 0.00970647 -0.0179671 6.52962e-05 -0.000137341 -0.0179671 0.0888849 
0.0103252 -0.0187929 -4.05872e-05 7.30399e-05 -0.0187929 0.0909698 6.70724e-05 -0.000167035 -4.05872e-05 6.70724e-05 0.00967186 -0.0179017 7.30399e-05 -0.000167035 -0.0179017 0.0886916 
0.0103289 -0.0187609 -2.05101e-06 4.29011e-05 -0.0187609 0.0909127 3.82669e-05 -0.000120947 -2.05101e-06 3.82669e-05 0.00966861 -0.0178988 4.29011e-05 -0.000120947 -0.0178988 0.0886503 
0.0103493 -0.0187697 1.8415e-05 4.73133e-06 -0.0187697 0.0909043 5.08947e-06 -5.56353e-05 1.8415e-05 5.08947e-06 0.00967774 -0.0178896 4.73133e-06 -5.56353e-05 -0.0178896 0.088618 
0.0103504 -0.0187865 -1.20738e-05 1.91317e-06 -0.0187865 0.0909189 6.46757e-06 -4.76508e-05 -1.20738e-05 6.46757e-06 0.00969435 -0.0179079 1.91317e-06 -4.76508e-05 -0.0179079 0.0886407 
0.010324 -0.0187626 -2.65319e-05 2.90102e-05 -0.0187626 0.090858 3.64478e-05 -8.06704e-05 -2.65319e-05 3.64478e-05 0.00970837 -0.0179545 2.90102e-05 -8.06704e-05 -0.0179545 0.0887548 
0.0102942 -0.0187255 -6.1336e-05 3.91177e-05 -0.0187255 0.0907665 4.3568e-05 -0.000103786 -6.1336e-05 4.3568e-05 0.00969401 -0.0179715 3.91177e-05 -0.000103786 -0.0179715 0.0888297 
0.0102494 -0.0186886 -5.18886e-05 5.8637e-05 -0.0186886 0.0906737 5.36607e-05 -0.000104253 -5.18886e-05 5.36607e-05 0.00969445 -0.0179504 5.8637e-05 -0.000104253 -0.0179504 0.0888196 
0.0102285 -0.0186385 -4.32625e-05 5.13102e-05 -0.0186385 0.0905686 3.98685e-05 -9.45179e-05 -4.32625e-05 3.98685e-05 0.00970038 -0.0179434 5.13102e-05 -9.45179e-05 -0.0179434 0.0887898 
0.0102521 -0.0186206 -4.00221e-05 6.80605e-05 -0.0186206 0.0905023 5.77911e-05 -0.000142716 -4.00221e-05 5.77911e-05 0.00968347 -0.0179374 6.80605e-05 -0.000142716 -0.0179374 0.0887579 
0.0103194 -0.0186596 -2.81305e-05 5.51133e-05 -0.0186596 0.0905481 5.32648e-05 -0.000145634 -2.81305e-05 5.32648e-05 0.00962532 -0.0178978 5.51133e-05 -0.000145634 -0.0178978 0.0886613 
0.010325 -0.0187332 -9.03457e-06 3.0544e-05 -0.0187332 0.0906837 3.77023e-05 -0.000107331 -9.03457e-06 3.77023e-05 0.00962937 -0.0178455 3.0544e-05 -0.000107331 -0.0178455 0.0885575 
0.0102886 -0.0187313 1.5235e-05 -8.61529e-06 -0.0187313 0.0907291 2.52778e-06 -1.48561e-05 1.5235e-05 2.52778e-06 0.00963523 -0.0178487 -8.61529e-06 -1.48561e-05 -0.0178487 0.0885108 
0.0102545 -0.0186856 5.47703e-05 -4.28524e-05 -0.0186856 0.0906783 -3.47374e-05 8.65585e-05 5.47703e-05 -3.47374e-05 0.00965289 -0.0178727 -4.28524e-05 8.65585e-05 -0.0178727 0.0885621 
0.0102483 -0.0186475 7.83764e-05 -5.67135e-05 -0.0186475 0.0905925 -5.10714e-05 0.000110632 7.83764e-05 -5.10714e-05 0.00965443 -0.017886 -5.67135e-05 0.000110632 -0.017886 0.0885984 
0.0102303 -0.0186357 5.63087e-05 -8.45944e-05 -0.0186357 0.0905313 -8.23747e-05 0.000169558 5.63087e-05 -8.23747e-05 0.00965861 -0.0178858 -8.45944e-05 0.000169558 -0.0178858 0.0886094 
0.0102335 -0.0186227 1.8567e-05 -5.45328e-05 -0.0186227 0.0905062 -5.68684e-05 0.000150969 1.8567e-05 -5.68684e-05 0.00965592 -0.0178861 -5.45328e-05 0.000150969 -0.0178861 0.0886073 
0.0102716 -0.0186324 -1.16066e-05 -3.15815e-05 -0.0186324 0.0905191 -3.73067e-05 0.000126109 -1.16066e-05 -3.73067e-05 0.00962868 -0.0178748 -3.15815e-05 0.000126109 -0.0178748 0.0885782 
0.0103064 -0.0186738 4.15116e-06 1.00933e-05 -0.0186738 0.0905924 6.09873e-06 3.77889e-05 4.15116e-06 6.09873e-06 0.00963594 -0.0178614 1.00933e-05 3.77889e-05 -0.0178614 0.0885667 
0.0103277 -0.0187404 1.41851e-05 7.30712e-06 -0.0187404 0.0907526 9.7051e-06 -2.57108e-05 1.41851e-05 9.7051e-06 0.00962581 -0.0178361 7.30712e-06 -2.57108e-05 -0.0178361 0.0884765 
0.0103242 -0.0187455 3.11585e-05 -4.78694e-06 -0.0187455 0.0908047 2.99948e-06 -2.98738e-05 3.11585e-05 2.99948e-06 0.00963108 -0.0178493 -4.78694e-06 -2.98738e-05 -0.0178493 0.0884896 
0.0103126 -0.0187336 -1.34927e-06 -2.49121e-05 -0.0187336 0.0907988 -1.68429e-05 1.03707e-06 -1.34927e-06 -1.68429e-05 0.00967502 -0.0178846 -2.49121e-05 1.03707e-06 -0.0178846 0.0885904 
0.0103112 -0.0187372 -3.82387e-05 1.76888e-05 -0.0187372 0.0908147 2.05714e-05 -4.4842e-05 -3.82387e-05 2.05714e-05 0.00970623 -0.0179177 1.76888e-05 -4.4842e-05 -0.0179177 0.0886613 
0.0103423 -0.0187609 -3.65184e-05 5.30707e-05 -0.0187609 0.0908818 5.12544e-05 -0.000110468 -3.65184e-05 5.12544e-05 0.00970814 -0.0179339 5.30707e-05 -0.000110468 -0.0179339 0.0886976 
0.0103692 -0.0187968 -1.57221e-05 5.51565e-05 -0.0187968 0.0909573 5.2267e-05 -0.000144626 -1.57221e-05 5.2267e-05 0.00969743 -0.017939 5.51565e-05 -0.000144626 -0.017939 0.0887237 
0.0103668 -0.0188109 1.65496e-05 1.75128e-05 -0.0188109 0.0909904 1.50461e-05 -8.022e-05 1.65496e-05 1.50461e-05 0.00971012 -0.01795 1.75128e-05 -8.022e-05 -0.01795 0.0887741 
0.010375 -0.0188171 1.13042e-05 -3.10364e-05 -0.0188171 0.0910269 -3.32416e-05 3.8556e-05 1.13042e-05 -3.32416e-05 0.00972751 -0.0179662 -3.10364e-05 3.8556e-05 -0.0179662 0.0888209 
0.0103682 -0.0188218 -6.03399e-06 -1.78733e-05 -0.0188218 0.0910344 -2.06991e-05 6.18296e-05 -6.03399e-06 -2.06991e-05 0.00974359 -0.0179907 -1.78733e-05 6.18296e-05 -0.0179907 0.0888813 
0.01035 -0.018812 -2.36097e-05 9.03463e-06 -0.018812 0.0910232 4.99384e-06 1.7304e-05 -2.36097e-05 4.99384e-06 0.00976493 -0.0180237 9.03463e-06 1.7304e-05 -0.0180237 0.0889761 
0.0103402 -0.0187875 -1.49296e-05 3.70453e-05 -0.0187875 0.0909758 3.38931e-05 -5.72361e-05 -1.49296e-05 3.38931e-05 0.00976166 -0.0180576 3.70453e-05 -5.72361e-05 -0.0180576 0.0890815 
0.0103538 -0.0188021 -1.57234e-05 2.24654e-05 -0.0188021 0.0910107 1.79656e-05 -5.99566e-05 -1.57234e-05 1.79656e-05 0.00976696 -0.0180351 2.24654e-05 -5.99566e-05 -0.0180351 0.0890737 
0.0103731 -0.0188014 -1.70708e-05 2.39532e-05 -0.0188014 0.0909974 1.90574e-05 -5.57966e-05 -1.70708e-05 1.90574e-05 0.00975084 -0.0180385 2.39532e-05 -5.57966e-05 -0.0180385 0.0890582 
0.0103945 -0.0188342 -8.86632e-06 1.40122e-05 -0.0188342 0.0910553 1.42845e-05 -3.31223e-05 -8.86632e-06 1.42845e-05 0.00973382 -0.0180135 1.40122e-05 -3.31223e-05 -0.0180135 0.0890083 
0.010406 -0.018837 -2.09801e-05 1.43379e-05 -0.018837 0.0910573 2.05821e-05 -4.49588e-05 -2.09801e-05 2.05821e-05 0.00971342 -0.0180142 1.43379e-05 -4.49588e-05 -0.0180142 0.0890087 
0.0104107 -0.0188314 5.04326e-06 1.27741e-05 -0.0188314 0.0910281 1.82249e-05 -3.08337e-05 5.04326e-06 1.82249e-05 0.00970861 -0.0180146 1.27741e-05 -3.08337e-05 -0.0180146 0.0890391 
0.0104014 -0.0188675 1.89866e-05 8.28543e-06 -0.0188675 0.0910977 1.51984e-05 -5.44519e-05 1.89866e-05 1.51984e-05 0.00970145 -0.01796 8.28543e-06 -5.44519e-05 -0.01796 0.0889112 
0.0103683 -0.0188443 2.92993e-05 -1.39589e-05 -0.0188443 0.0910842 -4.676e-06 -2.41408e-05 2.92993e-05 -4.676e-06 0.00970301 -0.0179646 -1.39589e-05 -2.41408e-05 -0.0179646 0.0888746 
0.010348 -0.0188006 3.93142e-05 -4.29944e-05 -0.0188006 0.0910144 -3.39544e-05 5.18481e-05 3.93142e-05 -3.39544e-05 0.00973583 -0.0179873 -4.29944e-05 5.18481e-05 -0.0179873 0.0889253 
0.0103258 -0.0187766 2.17388e-05 -2.7265e-05 -0.0187766 0.0909307 -2.12402e-05 3.37517e-05 2.17388e-05 -2.12402e-05 0.00972703 -0.0180004 -2.7265e-05 3.37517e-05 -0.0180004 0.0889355 
0.010304 -0.0187479 5.61718e-06 -2.46891e-05 -0.0187479 0.0908529 -2.51339e-05 4.92117e-05 5.61718e-06 -2.51339e-05 0.0097147 -0.0179867 -2.46891e-05 4.92117e-05 -0.0179867 0.088919 
0.0103181 -0.0187206 2.04307e-05 -2.62214e-05 -0.0187206 0.0907837 -3.42071e-05 9.29109e-05 2.04307e-05 -3.42071e-05 0.00970222 -0.0179772 -2.62214e-05 9.29109e-05 -0.0179772 0.0889025 
0.0103403 -0.0187503 3.53352e-05 -3.58306e-05 -0.0187503 0.0908086 -4.75263e-05 0.000118442 3.53352e-05 -4.75263e-05 0.00966667 -0.0179281 -3.58306e-05 0.000118442 -0.0179281 0.0887761 
0.0103498 -0.0187963 3.31116e-05 -3.83809e-05 -0.0187963 0.0909218 -5.0748e-05 0.000117204 3.31116e-05 -5.0748e-05 0.00966672 -0.017869 -3.83809e-05 0.000117204 -0.017869 0.0886132 
0.0103689 -0.0187728 2.41967e-05 -3.78656e-05 -0.0187728 0.0908976 -4.54882e-05 0.000113493 2.41967e-05 -4.54882e-05 0.00967714 -0.0179223 -3.78656e-05 0.000113493 -0.0179223 0.0886905 
0.0103902 -0.0187762 -2.41239e-06 6.06316e-06 -0.0187762 0.090876 5.35725e-06 -2.95781e-06 -2.41239e-06 5.35725e-06 0.00972247 -0.0179876 6.06316e-06 -2.95781e-06 -0.0179876 0.0888981 
0.0103876 -0.0188161 -4.71559e-05 4.37415e-05 -0.0188161 0.0909446 4.71642e-05 -0.000124038 -4.71559e-05 4.71642e-05 0.00976856 -0.0180253 4.37415e-05 -0.000124038 -0.0180253 0.089014 
0.0103717 -0.0188429 -8.12499e-05 7.3001e-05 -0.0188429 0.091046 7.45562e-05 -0.000183485 -8.12499e-05 7.45562e-05 0.00978085 -0.0180349 7.3001e-05 -0.000183485 -0.0180349 0.0890203 
0.01037 -0.0188388 -6.87598e-05 0.000104729 -0.0188388 0.0910961 0.000102743 -0.000242055 -6.87598e-05 0.000102743 0.00975531 -0.0180432 0.000104729 -0.000242055 -0.0180432 0.0890315 
0.010359 -0.0188298 -6.55032e-05 8.91324e-05 -0.0188298 0.0910921 8.51663e-05 -0.00023773 -6.55032e-05 8.51663e-05 0.0097433 -0.0180268 8.91324e-05 -0.00023773 -0.0180268 0.0890288 
0.0103457 -0.0188185 -1.56939e-05 6.18946e-05 -0.0188185 0.0910769 5.97873e-05 -0.00015976 -1.56939e-05 5.97873e-05 0.00974509 -0.0180077 6.18946e-05 -0.00015976 -0.0180077 0.0889886 
0.0103564 -0.0188093 1.59322e-07 1.50944e-05 -0.0188093 0.0910653 1.86485e-05 -7.9996e-05 1.59322e-07 1.86485e-05 0.00974491 -0.0180037 1.50944e-05 -7.9996e-05 -0.0180037 0.0889583 
0.0103679 -0.0188156 1.05312e-05 -1.93661e-05 -0.0188156 0.0910511 -1.12195e-05 2.25164e-05 1.05312e-05 -1.12195e-05 0.0097213 -0.017989 -1.93661e-05 2.25164e-05 -0.017989 0.088905 
0.0103794 -0.0188101 8.00339e-06 -3.72981e-05 -0.0188101 0.0910181 -2.66496e-05 8.90959e-05 8.00339e-06 -2.66496e-05 0.00972203 -0.0179833 -3.72981e-05 8.90959e-05 -0.0179833 0.0889024 
0.0103771 -0.0188001 1.19679e-05 -1.07579e-05 -0.0188001 0.0909592 9.73976e-07 4.25132e-05 1.19679e-05 9.73976e-07 0.00973932 -0.0180129 -1.07579e-05 4.25132e-05 -0.0180129 0.0889807 
0.0103763 -0.0187934 3.02979e-05 -1.10579e-05 -0.0187934 0.0909224 -1.56833e-06 1.69018e-05 3.02979e-05 -1.56833e-06 0.00974149 -0.0180428 -1.10579e-05 1.69018e-05 -0.0180428 0.0890697 
0.0103758 -0.0188111 3.20599e-05 -2.74513e-05 -0.0188111 0.0909581 -2.26578e-05 3.65038e-05 3.20599e-05 -2.26578e-05 0.00973165 -0.0180319 -2.74513e-05 3.65038e-05 -0.0180319 0.0890783 
0.0103911 -0.0188342 4.24571e-06 -1.66426e-05 -0.0188342 0.0910433 -1.81227e-05 2.42097e-05 4.24571e-06 -1.81227e-05 0.00971253 -0.0179984 -1.66426e-05 2.42097e-05 -0.0179984 0.0890016 
0.0103649 -0.0188367 -2.76903e-05 1.0659e-05 -0.0188367 0.09105 2.56371e-06 -9.48649e-06 -2.76903e-05 2.56371e-06 0.00969201 -0.0179626 1.0659e-05 -9.48649e-06 -0.0179626 0.0888917 
0.0103385 -0.0188001 -4.3947e-05 5.42298e-05 -0.0188001 0.0909922 4.34727e-05 -9.83535e-05 -4.3947e-05 4.34727e-05 0.00967286 -0.0179359 5.42298e-05 -9.83535e-05 -0.0179359 0.0888029 
0.0103288 -0.0187534 -4.13865e-05 6.88412e-05 -0.0187534 0.0908826 5.86988e-05 -0.000158234 -4.13865e-05 5.86988e-05 0.00968084 -0.0179295 6.88412e-05 -0.000158234 -0.0179295 0.0887754 
0.0103217 -0.0187494 -1.4427e-05 4.12571e-05 -0.0187494 0.0908334 3.25925e-05 -0.000107306 -1.4427e-05 3.25925e-05 0.00968414 -0.0179166 4.12571e-05 -0.000107306 -0.0179166 0.0887146 
0.0103263 -0.0187366 1.56369e-06 1.36878e-05 -0.0187366 0.0907934 5.84462e-06 -4.59445e-05 1.56369e-06 5.84462e-06 0.00969087 -0.0179219 1.36878e-05 -4.59445e-05 -0.0179219 0.0887001 
0.0103464 -0.0187656 1.86237e-05 5.87191e-06 -0.0187656 0.0908443 2.154e-06 -2.65682e-05 1.86237e-05 2.154e-06 0.00968586 -0.0179012 5.87191e-06 -2.65682e-05 -0.0179012 0.0886375 
0.0103561 -0.0187653 4.49934e-05 -3.59568e-05 -0.0187653 0.0908378 -3.44733e-05 6.14911e-05 4.49934e-05 -3.44733e-05 0.00966814 -0.0179221 -3.59568e-05 6.14911e-05 -0.0179221 0.0886722 
0.0103352 -0.0187884 3.67357e-05 -3.79934e-05 -0.0187884 0.0908809 -3.23139e-05 6.42501e-05 3.67357e-05 -3.23139e-05 0.00965584 -0.0178896 -3.79934e-05 6.42501e-05 -0.0178896 0.0886306 
0.0103263 -0.0187479 4.60201e-05 -4.91969e-05 -0.0187479 0.0908315 -4.05747e-05 9.91063e-05 4.60201e-05 -4.05747e-05 0.00964615 -0.0178991 -4.91969e-05 9.91063e-05 -0.0178991 0.0886508 
0.0103011 -0.0187415 3.82794e-05 -4.77472e-05 -0.0187415 0.090796 -4.05756e-05 9.62344e-05 3.82794e-05 -4.05756e-05 0.00966721 -0.0178728 -4.77472e-05 9.62344e-05 -0.0178728 0.0886043 
0.0102853 -0.018739 3.98489e-05 -5.22273e-05 -0.018739 0.090812 -4.80884e-05 0.000123279 3.98489e-05 -4.80884e-05 0.00965585 -0.0178545 -5.22273e-05 0.000123279 -0.0178545 0.0884993 
0.0102588 -0.0187041 4.59295e-05 -5.45301e-05 -0.0187041 0.0907455 -5.39053e-05 0.000143039 4.59295e-05 -5.39053e-05 0.00965566 -0.0178589 -5.45301e-05 0.000143039 -0.0178589 0.0884906 
0.0102448 -0.0186518 3.67378e-05 -5.33292e-05 -0.0186518 0.0906187 -5.22552e-05 0.000135496 3.67378e-05 -5.22552e-05 0.00966657 -0.0178917 -5.33292e-05 0.000135496 -0.0178917 0.0885821 
0.0102202 -0.0186348 3.74785e-05 -3.35151e-05 -0.0186348 0.0905374 -3.19237e-05 9.11147e-05 3.74785e-05 -3.19237e-05 0.00966524 -0.0178946 -3.35151e-05 9.11147e-05 -0.0178946 0.0886112 
0.0102298 -0.0185922 3.96514e-05 -3.81335e-05 -0.0185922 0.0904368 -3.54743e-05 8.01852e-05 3.96514e-05 -3.54743e-05 0.00964528 -0.0179135 -3.81335e-05 8.01852e-05 -0.0179135 0.0886746 
0.0102421 -0.0185976 6.93286e-05 -5.07842e-05 -0.0185976 0.0903927 -5.00252e-05 0.000113422 6.93286e-05 -5.00252e-05 0.00962243 -0.0178851 -5.07842e-05 0.000113422 -0.0178851 0.0886517 
0.0102598 -0.0186226 4.72406e-05 -7.01156e-05 -0.0186226 0.0904427 -7.24376e-05 0.000142086 4.72406e-05 -7.24376e-05 0.00961364 -0.0178593 -7.01156e-05 0.000142086 -0.0178593 0.088597 
0.0102423 -0.0186393 2.59665e-05 -5.50609e-05 -0.0186393 0.0904834 -5.98174e-05 0.000150762 2.59665e-05 -5.98174e-05 0.00964621 -0.0178464 -5.50609e-05 0.000150762 -0.0178464 0.0885491 
0.010235 -0.018636 3.60815e-05 -4.18078e-05 -0.018636 0.0905188 -4.54064e-05 0.000137422 3.60815e-05 -4.54064e-05 0.00966895 -0.0178713 -4.18078e-05 0.000137422 -0.0178713 0.0885506 
0.0102284 -0.0186225 3.65091e-05 -2.96982e-05 -0.0186225 0.0905028 -2.78716e-05 7.27839e-05 3.65091e-05 -2.78716e-05 0.00970061 -0.0179106 -2.96982e-05 7.27839e-05 -0.0179106 0.0886333 
0.0102298 -0.018626 5.30003e-05 -4.17261e-05 -0.018626 0.0905089 -3.59586e-05 7.60134e-05 5.30003e-05 -3.59586e-05 0.00970346 -0.0179292 -4.17261e-05 7.60134e-05 -0.0179292 0.0886699 
0.0102369 -0.0186438 3.47274e-05 -5.08243e-05 -0.0186438 0.0905531 -4.37077e-05 8.11055e-05 3.47274e-05 -4.37077e-05 0.00967436 -0.0179065 -5.08243e-05 8.11055e-05 -0.0179065 0.0886207 
0.0102234 -0.0186494 8.44399e-06 -2.73854e-05 -0.0186494 0.0905743 -2.2867e-05 4.98969e-05 8.44399e-06 -2.2867e-05 0.00965685 -0.017866 -2.73854e-05 4.98969e-05 -0.017866 0.0885278 
