0.00777054 0 -5.22045e-05 0 0 0.01 0 0 -5.22045e-05 0 0.00692211 0 0 0 0 0.01 
0.0108532 -0.0134744 -5.44478e-05 6.97401e-05 -0.0134744 0.0350106 6.97401e-05 -0.000133768 -5.44478e-05 6.97401e-05 0.00986119 -0.0122505 6.97401e-05 -0.000133768 -0.0122505 0.0326635 
0.0107699 -0.020087 1.07933e-05 9.08285e-05 -0.020087 0.0733891 9.08285e-05 -0.00030556 1.07933e-05 9.08285e-05 0.00997942 -0.0188144 9.08285e-05 -0.00030556 -0.0188144 0.0693325 
0.0101328 -0.0195203 3.4328e-05 2.39438e-05 -0.0195203 0.0868804 1.61823e-05 -0.00025169 3.4328e-05 1.61823e-05 0.00943098 -0.0186122 2.39438e-05 -0.00025169 -0.0186122 0.083821 
0.0101327 -0.0187374 -7.61602e-06 -3.74441e-06 -0.0187374 0.0893542 -9.59835e-06 -0.000108179 -7.61602e-06 -9.59835e-06 0.00940384 -0.0179356 -3.74441e-06 -0.000108179 -0.0179356 0.0873373 
0.0103422 -0.0187167 -5.72566e-05 3.98314e-05 -0.0187167 0.0902038 4.46902e-05 -0.000109511 -5.72566e-05 4.46902e-05 0.0095415 -0.0177686 3.98314e-05 -0.000109511 -0.0177686 0.0881414 
0.0104986 -0.0188754 -8.9841e-05 9.27518e-05 -0.0188754 0.0908626 0.000106398 -0.000221067 -8.9841e-05 0.000106398 0.0096517 -0.0178561 9.27518e-05 -0.000221067 -0.0178561 0.0885366 
0.010558 -0.0190107 -9.15414e-05 0.00013727 -0.0190107 0.0913284 0.000151371 -0.00035199 -9.15414e-05 0.000151371 0.00967716 -0.017896 0.00013727 -0.00035199 -0.017896 0.0886504 
0.0105718 -0.0190355 -5.23361e-05 0.000131611 -0.0190355 0.0914959 0.000141022 -0.000382138 -5.23361e-05 0.000141022 0.00966839 -0.0179196 0.000131611 -0.000382138 -0.0179196 0.0886924 
0.0105696 -0.0190203 -1.60342e-06 5.84179e-05 -0.0190203 0.0914794 6.46866e-05 -0.000238021 -1.60342e-06 6.46866e-05 0.0096886 -0.0179468 5.84179e-05 -0.000238021 -0.0179468 0.088781 
0.0105833 -0.0190475 1.53125e-05 2.78627e-05 -0.0190475 0.0915286 2.91666e-05 -0.000145579 1.53125e-05 2.91666e-05 0.00966842 -0.0179265 2.78627e-05 -0.000145579 -0.0179265 0.0887255 
0.0105485 -0.0190588 -2.69989e-05 2.53147e-05 -0.0190588 0.091555 2.13621e-05 -0.000117629 -2.69989e-05 2.13621e-05 0.00967227 -0.0179129 2.53147e-05 -0.000117629 -0.0179129 0.0886981 
0.0104935 -0.0190473 -7.73702e-05 6.59073e-05 -0.0190473 0.0915878 5.95983e-05 -0.000157298 -7.73702e-05 5.95983e-05 0.00971339 -0.0179092 6.59073e-05 -0.000157298 -0.0179092 0.0886839 
0.0104529 -0.0189708 -8.84914e-05 0.000109013 -0.0189708 0.0914716 0.00010159 -0.000229876 -8.84914e-05 0.00010159 0.00975253 -0.0179846 0.000109013 -0.000229876 -0.0179846 0.0888299 
0.0104752 -0.0189273 -7.56665e-05 0.000127121 -0.0189273 0.0913575 0.000120397 -0.000300702 -7.56665e-05 0.000120397 0.00970953 -0.0180257 0.000127121 -0.000300702 -0.0180257 0.0889551 
0.0104691 -0.0189285 -7.26973e-05 0.000105126 -0.0189285 0.0912963 0.000102164 -0.000288088 -7.26973e-05 0.000102164 0.00970324 -0.0180129 0.000105126 -0.000288088 -0.0180129 0.0890311 
0.0104719 -0.0189319 -5.51152e-05 8.84537e-05 -0.0189319 0.0913066 8.96871e-05 -0.00023862 -5.51152e-05 8.96871e-05 0.00968492 -0.0179922 8.84537e-05 -0.00023862 -0.0179922 0.0889975 
0.0104769 -0.0189452 -3.6547e-05 7.54232e-05 -0.0189452 0.0913433 7.82321e-05 -0.00021231 -3.6547e-05 7.82321e-05 0.00967566 -0.0179557 7.54232e-05 -0.00021231 -0.0179557 0.0889135 
0.0104583 -0.0189341 -3.99706e-05 7.15271e-05 -0.0189341 0.0913224 6.97586e-05 -0.000210197 -3.99706e-05 6.97586e-05 0.00968397 -0.0179574 7.15271e-05 -0.000210197 -0.0179574 0.0888926 
0.0104581 -0.0189244 -5.85924e-05 7.14056e-05 -0.0189244 0.0913116 6.43689e-05 -0.000193136 -5.85924e-05 6.43689e-05 0.00968539 -0.0179505 7.14056e-05 -0.000193136 -0.0179505 0.0888584 
0.0104573 -0.0188849 -5.07231e-05 7.75771e-05 -0.0188849 0.0911926 6.96341e-05 -0.000180665 -5.07231e-05 6.96341e-05 0.0096726 -0.0179807 7.75771e-05 -0.000180665 -0.0179807 0.0889207 
0.0104886 -0.0189059 -2.30299e-05 5.40052e-05 -0.0189059 0.0912074 5.20497e-05 -0.000137947 -2.30299e-05 5.20497e-05 0.00966382 -0.0179546 5.40052e-05 -0.000137947 -0.0179546 0.0888991 
0.0105036 -0.0189371 -2.39342e-05 6.52847e-05 -0.0189371 0.0912497 6.91744e-05 -0.000189771 -2.39342e-05 6.91744e-05 0.00965443 -0.0179314 6.52847e-05 -0.000189771 -0.0179314 0.0888307 
0.0104992 -0.0189756 -7.38158e-06 3.341e-05 -0.0189756 0.0913532 3.81744e-05 -0.000125279 -7.38158e-06 3.81744e-05 0.00963654 -0.0178918 3.341e-05 -0.000125279 -0.0178918 0.0887023 
0.010483 -0.0189832 1.01844e-06 1.83144e-05 -0.0189832 0.091426 2.37409e-05 -8.16485e-05 1.01844e-06 2.37409e-05 0.00964476 -0.0178659 1.83144e-05 -8.16485e-05 -0.0178659 0.0886117 
0.0104709 -0.0189635 -4.41556e-06 1.41309e-05 -0.0189635 0.0914161 1.92859e-05 -6.55263e-05 -4.41556e-06 1.92859e-05 0.00965813 -0.0178719 1.41309e-05 -6.55263e-05 -0.0178719 0.0885825 
0.0104329 -0.0188904 -1.84373e-05 3.10162e-05 -0.0188904 0.0912186 3.58232e-05 -9.78798e-05 -1.84373e-05 3.58232e-05 0.00967304 -0.0179395 3.10162e-05 -9.78798e-05 -0.0179395 0.0887395 
0.0103946 -0.0188682 -4.3138e-05 4.56406e-05 -0.0188682 0.0911304 5.08965e-05 -0.000131891 -4.3138e-05 5.08965e-05 0.00968181 -0.0179326 4.56406e-05 -0.000131891 -0.0179326 0.0887725 
0.0103306 -0.0188241 -8.27661e-05 8.70844e-05 -0.0188241 0.0910393 9.20156e-05 -0.000225173 -8.27661e-05 9.20156e-05 0.00972101 -0.0179456 8.70844e-05 -0.000225173 -0.0179456 0.0888053 
0.0103132 -0.0187501 -8.76488e-05 0.000115772 -0.0187501 0.0908991 0.000120664 -0.000293022 -8.76488e-05 0.000120664 0.00973174 -0.0179955 0.000115772 -0.000293022 -0.0179955 0.0888975 
0.0103063 -0.0187321 -0.000100525 0.000116888 -0.0187321 0.0908075 0.000121596 -0.000316775 -0.000100525 0.000121596 0.00972292 -0.0179905 0.000116888 -0.000316775 -0.0179905 0.0889098 
0.0103204 -0.0187277 -0.000101455 0.000140728 -0.0187277 0.0907794 0.000143847 -0.000365346 -0.000101455 0.000143847 0.00970118 -0.0179772 0.000140728 -0.000365346 -0.0179772 0.0888861 
0.0103217 -0.0187426 -8.26278e-05 0.000140036 -0.0187426 0.0907905 0.000141024 -0.000380713 -8.26278e-05 0.000141024 0.00967276 -0.0179431 0.000140036 -0.000380713 -0.0179431 0.0888093 
0.0103224 -0.0187402 -7.08227e-05 0.000120195 -0.0187402 0.0907962 0.000118607 -0.000351443 -7.08227e-05 0.000118607 0.00966038 -0.0179175 0.000120195 -0.000351443 -0.0179175 0.0887471 
0.0103212 -0.0187362 -6.71481e-05 0.000115019 -0.0187362 0.090786 0.000108243 -0.000330205 -6.71481e-05 0.000108243 0.00967456 -0.017905 0.000115019 -0.000330205 -0.017905 0.0887048 
0.010306 -0.0186938 -4.99348e-05 7.92592e-05 -0.0186938 0.0906621 7.10653e-05 -0.000232353 -4.99348e-05 7.10653e-05 0.0096839 -0.0179569 7.92592e-05 -0.000232353 -0.0179569 0.0888046 
0.010326 -0.0187185 -3.15112e-05 6.17577e-05 -0.0187185 0.0907033 5.53792e-05 -0.000172168 -3.15112e-05 5.53792e-05 0.00966708 -0.0179302 6.17577e-05 -0.000172168 -0.0179302 0.08877 
0.0103534 -0.0187453 -2.13733e-05 4.68097e-05 -0.0187453 0.090773 4.31831e-05 -0.000140247 -2.13733e-05 4.31831e-05 0.00964632 -0.0179122 4.68097e-05 -0.000140247 -0.0179122 0.088724 
0.0103133 -0.0187801 -4.86999e-05 5.98353e-05 -0.0187801 0.090853 5.86593e-05 -0.000177068 -4.86999e-05 5.86593e-05 0.00967282 -0.0178726 5.98353e-05 -0.000177068 -0.0178726 0.0886253 
0.0102934 -0.018752 -5.64882e-05 9.78473e-05 -0.018752 0.0908663 9.75501e-05 -0.000256786 -5.64882e-05 9.75501e-05 0.00967335 -0.0178763 9.78473e-05 -0.000256786 -0.0178763 0.0885558 
0.0103063 -0.018711 -4.13011e-05 8.00655e-05 -0.018711 0.0907808 8.08421e-05 -0.000238769 -4.13011e-05 8.08421e-05 0.00966598 -0.0179062 8.00655e-05 -0.000238769 -0.0179062 0.0886211 
0.010297 -0.0186839 -5.51976e-05 6.18765e-05 -0.0186839 0.0906467 6.56966e-05 -0.000201828 -5.51976e-05 6.56966e-05 0.00967473 -0.0179375 6.18765e-05 -0.000201828 -0.0179375 0.0887446 
0.0102599 -0.0186886 -9.05055e-05 7.92601e-05 -0.0186886 0.090621 8.39193e-05 -0.000212454 -9.05055e-05 8.39193e-05 0.00967715 -0.0179189 7.92601e-05 -0.000212454 -0.0179189 0.0887264 
0.0102442 -0.0186461 -0.000117763 0.000119539 -0.0186461 0.0905574 0.000122937 -0.000280529 -0.000117763 0.000122937 0.00966297 -0.0179207 0.000119539 -0.000280529 -0.0179207 0.0887171 
0.0102432 -0.018641 -0.000129966 0.000152671 -0.018641 0.0905338 0.000154389 -0.00036112 -0.000129966 0.000154389 0.00964426 -0.0178824 0.000152671 -0.00036112 -0.0178824 0.0886336 
0.0102545 -0.0186202 -0.000123431 0.000155517 -0.0186202 0.0904751 0.000151628 -0.000375677 -0.000123431 0.000151628 0.00963831 -0.0178781 0.000155517 -0.000375677 -0.0178781 0.0886071 
0.0102744 -0.018651 -0.000123502 0.000149965 -0.018651 0.0905261 0.000139596 -0.000362288 -0.000123502 0.000139596 0.00964243 -0.0178614 0.000149965 -0.000362288 -0.0178614 0.0885612 
0.0102964 -0.0186858 -0.000104108 0.000159889 -0.0186858 0.0906221 0.000149252 -0.000381096 -0.000104108 0.000149252 0.00965316 -0.0178644 0.000159889 -0.000381096 -0.0178644 0.0885442 
0.0103144 -0.0186888 -7.41479e-05 0.000127652 -0.0186888 0.0906416 0.000122798 -0.000339023 -7.41479e-05 0.000122798 0.00967542 -0.0179161 0.000127652 -0.000339023 -0.0179161 0.0886645 
0.0103249 -0.0187363 -6.54077e-05 9.19317e-05 -0.0187363 0.0907516 8.86156e-05 -0.000262246 -6.54077e-05 8.86156e-05 0.00969424 -0.0179235 9.19317e-05 -0.000262246 -0.0179235 0.0887057 
0.0103189 -0.0187542 -8.62615e-05 0.000100283 -0.0187542 0.0908304 9.4485e-05 -0.000260296 -8.62615e-05 9.4485e-05 0.00970143 -0.0179436 0.000100283 -0.000260296 -0.0179436 0.0887501 
0.0103011 -0.018768 -0.000115472 0.000137307 -0.018768 0.0909007 0.000129411 -0.000332103 -0.000115472 0.000129411 0.00970927 -0.0179269 0.000137307 -0.000332103 -0.0179269 0.0887166 
0.0102619 -0.0187373 -0.000137677 0.000154669 -0.0187373 0.0908606 0.000148078 -0.00037237 -0.000137677 0.000148078 0.00971994 -0.0179335 0.000154669 -0.00037237 -0.0179335 0.0887061 
0.010249 -0.0186875 -0.000152457 0.00016766 -0.0186875 0.0907728 0.000167131 -0.000401646 -0.000152457 0.000167131 0.00974771 -0.0179743 0.00016766 -0.000401646 -0.0179743 0.0888059 
0.0102282 -0.0186452 -0.000174373 0.000203165 -0.0186452 0.0906245 0.00020635 -0.000492598 -0.000174373 0.00020635 0.009754 -0.018015 0.000203165 -0.000492598 -0.018015 0.0889146 
0.0102278 -0.0186094 -0.000149963 0.000226631 -0.0186094 0.0904941 0.00023065 -0.000562582 -0.000149963 0.00023065 0.00971948 -0.0180229 0.000226631 -0.000562582 -0.0180229 0.0889721 
0.0102146 -0.018611 -0.00010238 0.000189568 -0.018611 0.0904468 0.000194975 -0.000525525 -0.00010238 0.000194975 0.0096895 -0.0179666 0.000189568 -0.000525525 -0.0179666 0.0888878 
0.0101831 -0.0185558 -7.7172e-05 0.000125655 -0.0185558 0.0903062 0.000132593 -0.00039469 -7.7172e-05 0.000132593 0.00969165 -0.0179621 0.000125655 -0.00039469 -0.0179621 0.0888695 
0.010161 -0.0185199 -7.99624e-05 0.000105654 -0.0185199 0.0901896 0.000110569 -0.000315521 -7.99624e-05 0.000110569 0.00969751 -0.0179498 0.000105654 -0.000315521 -0.0179498 0.0888262 
0.010135 -0.0184916 -0.000112965 0.000125582 -0.0184916 0.0900957 0.000126538 -0.000333127 -0.000112965 0.000126538 0.00971112 -0.0179473 0.000125582 -0.000333127 -0.0179473 0.088793 
0.010136 -0.0184707 -0.000143753 0.000154595 -0.0184707 0.0900448 0.000152068 -0.000373712 -0.000143753 0.000152068 0.00970038 -0.0179549 0.000154595 -0.000373712 -0.0179549 0.088781 
0.010158 -0.0184957 -0.000134007 0.000174782 -0.0184957 0.0901008 0.000173403 -0.00040964 -0.000134007 0.000173403 0.0096857 -0.01793 0.000174782 -0.00040964 -0.01793 0.08873 
0.0101702 -0.0185308 -0.000121138 0.000152072 -0.0185308 0.0901986 0.000153856 -0.000384786 -0.000121138 0.000153856 0.00970248 -0.0179112 0.000152072 -0.000384786 -0.0179112 0.0886725 
0.010164 -0.0185401 -0.000132905 0.000153655 -0.0185401 0.0902522 0.000154908 -0.000388881 -0.000132905 0.000154908 0.00975883 -0.0179516 0.000153655 -0.000388881 -0.0179516 0.0887375 
0.0101527 -0.0185384 -0.000123546 0.000170108 -0.0185384 0.0902651 0.000168726 -0.000415314 -0.000123546 0.000168726 0.00978062 -0.0180055 0.000170108 -0.000415314 -0.0180055 0.0888354 
0.0101606 -0.0185244 -9.68375e-05 0.000150771 -0.0185244 0.0902499 0.00015024 -0.000391856 -9.68375e-05 0.00015024 0.00976474 -0.0180453 0.000150771 -0.000391856 -0.0180453 0.0889609 
0.0101795 -0.0185701 -0.000114829 0.000140206 -0.0185701 0.0903517 0.000139827 -0.000384589 -0.000114829 0.000139827 0.00971005 -0.0179793 0.000140206 -0.000384589 -0.0179793 0.0888546 
0.0102109 -0.0185723 -8.99228e-05 0.000147269 -0.0185723 0.0903812 0.000147971 -0.000375152 -8.99228e-05 0.000147971 0.00966696 -0.0179373 0.000147269 -0.000375152 -0.0179373 0.0887655 
0.0102119 -0.0185892 -8.59255e-05 0.000119664 -0.0185892 0.0903856 0.000117154 -0.00033514 -8.59255e-05 0.000117154 0.00965599 -0.0178934 0.000119664 -0.00033514 -0.0178934 0.088665 
0.0102036 -0.0185851 -0.00010316 0.000121025 -0.0185851 0.0903794 0.000110671 -0.000312485 -0.00010316 0.000110671 0.00966108 -0.0178856 0.000121025 -0.000312485 -0.0178856 0.0886183 
0.0102232 -0.018608 -0.000128405 0.000137274 -0.018608 0.0904497 0.000126896 -0.000325379 -0.000128405 0.000126896 0.0096511 -0.0178643 0.000137274 -0.000325379 -0.0178643 0.0885431 
0.0102584 -0.0186293 -0.000129637 0.000160589 -0.0186293 0.0905145 0.000160577 -0.000379498 -0.000129637 0.000160577 0.00965422 -0.0178711 0.000160589 -0.000379498 -0.0178711 0.0885502 
0.0102892 -0.0186518 -0.00011438 0.000142204 -0.0186518 0.0905524 0.000149343 -0.00036513 -0.00011438 0.000149343 0.00966697 -0.0179042 0.000142204 -0.00036513 -0.0179042 0.0886367 
0.0103011 -0.018698 -0.000124193 0.000159837 -0.018698 0.0906461 0.000166005 -0.000418848 -0.000124193 0.000166005 0.00967571 -0.0179068 0.000159837 -0.000418848 -0.0179068 0.0886641 
0.0103277 -0.0187363 -0.000116844 0.000180657 -0.0187363 0.090773 0.000183841 -0.000476382 -0.000116844 0.000183841 0.0096511 -0.0179002 0.000180657 -0.000476382 -0.0179002 0.0886455 
0.0103227 -0.0187504 -0.000105744 0.000156348 -0.0187504 0.0908243 0.000157737 -0.000439744 -0.000105744 0.000157737 0.00966075 -0.0178999 0.000156348 -0.000439744 -0.0178999 0.0886738 
0.010325 -0.0187583 -0.000106769 0.000146079 -0.0187583 0.090872 0.000146701 -0.00040672 -0.000106769 0.000146701 0.00965917 -0.0178967 0.000146079 -0.00040672 -0.0178967 0.0886597 
0.010343 -0.0187316 -0.000103025 0.000136167 -0.0187316 0.09082 0.000138502 -0.000371472 -0.000103025 0.000138502 0.00968756 -0.0179478 0.000136167 -0.000371472 -0.0179478 0.0887997 
0.0103553 -0.0187577 -0.000105689 0.000130948 -0.0187577 0.090838 0.000131418 -0.000345927 -0.000105689 0.000131418 0.00972403 -0.017983 0.000130948 -0.000345927 -0.017983 0.0889124 
0.0103461 -0.0187637 -0.000117412 0.0001362 -0.0187637 0.0908447 0.000130657 -0.000337571 -0.000117412 0.000130657 0.00975204 -0.0180324 0.0001362 -0.000337571 -0.0180324 0.0890357 
0.0103636 -0.018785 -0.000131145 0.000163999 -0.018785 0.0909203 0.000154541 -0.000388819 -0.000131145 0.000154541 0.0097521 -0.0180401 0.000163999 -0.000388819 -0.0180401 0.0890703 
0.0103716 -0.0188011 -0.000155371 0.000183461 -0.0188011 0.0909676 0.000173613 -0.000446379 -0.000155371 0.000173613 0.00974181 -0.0180432 0.000183461 -0.000446379 -0.0180432 0.0890842 
0.0103657 -0.0188178 -0.000174699 0.000221334 -0.0188178 0.091014 0.000216387 -0.000541692 -0.000174699 0.000216387 0.0097241 -0.0180064 0.000221334 -0.000541692 -0.0180064 0.0890003 
0.0103593 -0.01884 -0.00018587 0.000242265 -0.01884 0.091101 0.000246181 -0.000623313 -0.00018587 0.000246181 0.00972054 -0.0179556 0.000242265 -0.000623313 -0.0179556 0.0888535 
0.0103386 -0.0187996 -0.000172035 0.000230852 -0.0187996 0.0910372 0.00024137 -0.00061771 -0.000172035 0.00024137 0.00975997 -0.01799 0.000230852 -0.00061771 -0.01799 0.0888868 
0.0103424 -0.0187757 -0.000156301 0.000204492 -0.0187757 0.0909585 0.000214452 -0.000558412 -0.000156301 0.000214452 0.00976609 -0.018026 0.000204492 -0.000558412 -0.018026 0.0889512 
0.0103304 -0.0187684 -0.000146651 0.000186151 -0.0187684 0.090898 0.000188788 -0.000489547 -0.000146651 0.000188788 0.00976285 -0.0180416 0.000186151 -0.000489547 -0.0180416 0.0890166 
0.0103219 -0.0187475 -0.00011799 0.000177708 -0.0187475 0.0908403 0.000175053 -0.000448383 -0.00011799 0.000175053 0.00976886 -0.0180512 0.000177708 -0.000448383 -0.0180512 0.0890731 
0.0102857 -0.0187342 -0.000117526 0.000162308 -0.0187342 0.0907779 0.000157832 -0.000425257 -0.000117526 0.000157832 0.00975291 -0.0180263 0.000162308 -0.000425257 -0.0180263 0.0890093 
0.0102493 -0.0186781 -0.000144647 0.000152468 -0.0186781 0.0906641 0.000145086 -0.000385525 -0.000144647 0.000145086 0.00975758 -0.0180332 0.000152468 -0.000385525 -0.0180332 0.0890263 
0.010262 -0.018674 -0.000137724 0.00018912 -0.018674 0.0906549 0.000183375 -0.000433034 -0.000137724 0.000183375 0.00972599 -0.0179925 0.00018912 -0.000433034 -0.0179925 0.0889212 
0.0103016 -0.0186746 -0.00010379 0.000156503 -0.0186746 0.0906461 0.00015605 -0.000391958 -0.00010379 0.00015605 0.00968907 -0.0179782 0.000156503 -0.000391958 -0.0179782 0.0888806 
0.0103042 -0.0187146 -0.000106675 0.00013379 -0.0187146 0.0907018 0.000136376 -0.000358422 -0.000106675 0.000136376 0.00969532 -0.0179468 0.00013379 -0.000358422 -0.0179468 0.0888319 
0.0102925 -0.0187363 -0.000121019 0.000145782 -0.0187363 0.0907896 0.000148287 -0.000368806 -0.000121019 0.000148287 0.00971643 -0.0179364 0.000145782 -0.000368806 -0.0179364 0.0887719 
0.0102888 -0.0187091 -0.000143027 0.000153406 -0.0187091 0.0907656 0.000156983 -0.000382873 -0.000143027 0.000156983 0.00972527 -0.0179749 0.000153406 -0.000382873 -0.0179749 0.0888251 
0.0102627 -0.0187081 -0.000185519 0.000200311 -0.0187081 0.0907383 0.000208355 -0.000491576 -0.000185519 0.000208355 0.0097251 -0.0179615 0.000200311 -0.000491576 -0.0179615 0.0888056 
0.0102366 -0.0186462 -0.000210691 0.000252837 -0.0186462 0.0905958 0.000262124 -0.000625011 -0.000210691 0.000262124 0.00971863 -0.01799 0.000252837 -0.000625011 -0.01799 0.0888742 
0.0102413 -0.0186154 -0.000185104 0.000249563 -0.0186154 0.0904979 0.000256595 -0.000633291 -0.000185104 0.000256595 0.00972312 -0.0179966 0.000249563 -0.000633291 -0.0179966 0.0889319 
0.0102579 -0.0186134 -0.000165276 0.000224507 -0.0186134 0.0904512 0.000227632 -0.000594392 -0.000165276 0.000227632 0.00973863 -0.0180103 0.000224507 -0.000594392 -0.0180103 0.088976 
0.0102558 -0.0186498 -0.000161443 0.000222445 -0.0186498 0.0905081 0.000219588 -0.000583222 -0.000161443 0.000219588 0.00974184 -0.0180028 0.000222445 -0.000583222 -0.0180028 0.0889479 
0.0102535 -0.0186666 -0.000143854 0.000208407 -0.0186666 0.0905917 0.000203356 -0.000541865 -0.000143854 0.000203356 0.00973956 -0.0179957 0.000208407 -0.000541865 -0.0179957 0.0889125 
0.0102699 -0.018674 -0.00011805 0.000194913 -0.018674 0.0906487 0.000191988 -0.000516377 -0.00011805 0.000191988 0.00973073 -0.0179861 0.000194913 -0.000516377 -0.0179861 0.088878 
0.0102722 -0.0186967 -0.00010708 0.000169795 -0.0186967 0.0906939 0.000169558 -0.000476447 -0.00010708 0.000169558 0.00969384 -0.0179479 0.000169795 -0.000476447 -0.0179479 0.0887705 
0.010264 -0.0187112 -0.000113757 0.000153546 -0.0187112 0.090753 0.000153319 -0.000430076 -0.000113757 0.000153319 0.00967319 -0.0178909 0.000153546 -0.000430076 -0.0178909 0.088625 
0.0102458 -0.0186985 -0.000111989 0.000145557 -0.0186985 0.0907552 0.000142304 -0.000381434 -0.000111989 0.000142304 0.00968955 -0.0178727 0.000145557 -0.000381434 -0.0178727 0.088546 
0.0102248 -0.0186375 -0.000135725 0.000141139 -0.0186375 0.0906106 0.000136698 -0.00035616 -0.000135725 0.000136698 0.00972846 -0.0179339 0.000141139 -0.00035616 -0.0179339 0.0886594 
0.010233 -0.0185834 -0.000133411 0.000147117 -0.0185834 0.0904385 0.000145423 -0.000337116 -0.000133411 0.000145423 0.00975457 -0.0180321 0.000147117 -0.000337116 -0.0180321 0.0889252 
0.010271 -0.0186196 -0.000129161 0.000164618 -0.0186196 0.0904524 0.000164436 -0.000386556 -0.000129161 0.000164436 0.00973576 -0.0180334 0.000164618 -0.000386556 -0.0180334 0.0890043 
0.0102982 -0.01869 -0.000140533 0.000183951 -0.01869 0.0906018 0.000185639 -0.000464076 -0.000140533 0.000185639 0.00970002 -0.0179776 0.000183951 -0.000464076 -0.0179776 0.0889035 
0.01027 -0.0187018 -0.000134141 0.000182914 -0.0187018 0.0906613 0.000188938 -0.000478637 -0.000134141 0.000188938 0.00971599 -0.0179582 0.000182914 -0.000478637 -0.0179582 0.0888533 
0.0102448 -0.0186641 -0.000129577 0.000174407 -0.0186641 0.090621 0.00018153 -0.000470706 -0.000129577 0.00018153 0.00974007 -0.0179839 0.000174407 -0.000470706 -0.0179839 0.0888806 
0.0102511 -0.0186366 -0.000143792 0.000152056 -0.0186366 0.0905617 0.000155149 -0.000407661 -0.000143792 0.000155149 0.00977387 -0.018021 0.000152056 -0.000407661 -0.018021 0.0889656 
0.0102762 -0.0186408 -0.000195436 0.000180916 -0.0186408 0.0905353 0.000182944 -0.000436565 -0.000195436 0.000182944 0.00978945 -0.0180655 0.000180916 -0.000436565 -0.0180655 0.0890714 
0.0102755 -0.0187079 -0.000211263 0.000252217 -0.0187079 0.0906643 0.000251764 -0.000568515 -0.000211263 0.000251764 0.00977373 -0.0180275 0.000252217 -0.000568515 -0.0180275 0.0889904 
0.0102497 -0.0187271 -0.000205203 0.000273823 -0.0187271 0.0907778 0.00026984 -0.000658133 -0.000205203 0.00026984 0.00976789 -0.0179905 0.000273823 -0.000658133 -0.0179905 0.0888769 
0.0102204 -0.0186572 -0.000197105 0.000248645 -0.0186572 0.0906642 0.00024128 -0.000625351 -0.000197105 0.00024128 0.00978305 -0.0180272 0.000248645 -0.000625351 -0.0180272 0.0889368 
0.0102102 -0.0186058 -0.000182491 0.000240769 -0.0186058 0.0905036 0.000232411 -0.000592085 -0.000182491 0.000232411 0.00976611 -0.0180472 0.000240769 -0.000592085 -0.0180472 0.0889999 
0.0102034 -0.0185954 -0.000175875 0.000240859 -0.0185954 0.0904286 0.000233032 -0.000602359 -0.000175875 0.000233032 0.00974251 -0.0180199 0.000240859 -0.000602359 -0.0180199 0.0889739 
0.0102005 -0.0185862 -0.000186876 0.000238658 -0.0185862 0.0903915 0.000233468 -0.000612514 -0.000186876 0.000233468 0.00972679 -0.0179863 0.000238658 -0.000612514 -0.0179863 0.0888984 
0.0101848 -0.0185754 -0.000196799 0.000256236 -0.0185754 0.090356 0.000252603 -0.000650745 -0.000196799 0.000252603 0.00972953 -0.0179743 0.000256236 -0.000650745 -0.0179743 0.0888542 
0.0101986 -0.0185575 -0.000201438 0.000245034 -0.0185575 0.090322 0.000241722 -0.000628369 -0.000201438 0.000241722 0.00972144 -0.0179821 0.000245034 -0.000628369 -0.0179821 0.0888545 
0.0102238 -0.018575 -0.000185132 0.000231672 -0.018575 0.0903382 0.000233597 -0.000583558 -0.000185132 0.000233597 0.00971129 -0.0179782 0.000231672 -0.000583558 -0.0179782 0.0888603 
0.0102239 -0.0186015 -0.000166973 0.000225106 -0.0186015 0.0903836 0.000232383 -0.000578914 -0.000166973 0.000232383 0.00971757 -0.0179607 0.000225106 -0.000578914 -0.0179607 0.0888213 
0.010239 -0.018644 -0.000157255 0.000215438 -0.018644 0.0905171 0.000221559 -0.000570232 -0.000157255 0.000221559 0.009694 -0.0179159 0.000215438 -0.000570232 -0.0179159 0.0886754 
0.010257 -0.0186605 -0.000134695 0.000206493 -0.0186605 0.090591 0.000209998 -0.000552178 -0.000134695 0.000209998 0.00966581 -0.017892 0.000206493 -0.000552178 -0.017892 0.0885896 
0.0102417 -0.0186527 -0.000126239 0.000186591 -0.0186527 0.0905722 0.00018746 -0.000516993 -0.000126239 0.00018746 0.0096623 -0.0178871 0.000186591 -0.000516993 -0.0178871 0.0885809 
0.0102082 -0.0186157 -0.000131606 0.000160638 -0.0186157 0.090487 0.000157848 -0.000436284 -0.000131606 0.000157848 0.00967756 -0.0179043 0.000160638 -0.000436284 -0.0179043 0.0886293 
0.0101875 -0.018563 -0.000157179 0.00017216 -0.018563 0.0903599 0.000164978 -0.000422619 -0.000157179 0.000164978 0.00969477 -0.0179405 0.00017216 -0.000422619 -0.0179405 0.0887288 
0.0101975 -0.0185642 -0.000171937 0.000192065 -0.0185642 0.090335 0.000184304 -0.000439891 -0.000171937 0.000184304 0.00968056 -0.017928 0.000192065 -0.000439891 -0.017928 0.0887155 
0.0102021 -0.01856 -0.000172974 0.000215249 -0.01856 0.0903078 0.000211027 -0.000501685 -0.000172974 0.000211027 0.00969611 -0.0179351 0.000215249 -0.000501685 -0.0179351 0.0887481 
0.0102162 -0.0185742 -0.000164442 0.000225457 -0.0185742 0.0903279 0.000222305 -0.000552324 -0.000164442 0.000222305 0.00968899 -0.0179392 0.000225457 -0.000552324 -0.0179392 0.0887456 
0.0102179 -0.0186187 -0.000164128 0.000213808 -0.0186187 0.0904497 0.000210894 -0.000551408 -0.000164128 0.000210894 0.00970975 -0.017924 0.000213808 -0.000551408 -0.017924 0.0887187 
0.0101997 -0.0185967 -0.000180433 0.000231977 -0.0185967 0.0904353 0.000228848 -0.000594566 -0.000180433 0.000228848 0.00972857 -0.0179658 0.000231977 -0.000594566 -0.0179658 0.0887854 
0.0101837 -0.0185552 -0.000191805 0.000229167 -0.0185552 0.0903402 0.000227438 -0.00058715 -0.000191805 0.000227438 0.00974795 -0.0180163 0.000229167 -0.00058715 -0.0180163 0.0889281 
0.0101759 -0.0185684 -0.000198552 0.000227982 -0.0185684 0.0903573 0.000228601 -0.000568228 -0.000198552 0.000228601 0.00975535 -0.0180058 0.000227982 -0.000568228 -0.0180058 0.0889312 
0.0101909 -0.0185741 -0.00019424 0.000243962 -0.0185741 0.0904008 0.000247108 -0.000599544 -0.00019424 0.000247108 0.00974789 -0.0180075 0.000243962 -0.000599544 -0.0180075 0.0889211 
0.0102191 -0.0186054 -0.00017895 0.000246418 -0.0186054 0.0904733 0.000251798 -0.000627896 -0.00017895 0.000251798 0.0097173 -0.0179739 0.000246418 -0.000627896 -0.0179739 0.0888379 
0.0102337 -0.0186155 -0.000172924 0.000219824 -0.0186155 0.0904924 0.000225626 -0.000587746 -0.000172924 0.000225626 0.00970332 -0.017962 0.000219824 -0.000587746 -0.017962 0.0888108 
0.0102491 -0.0186529 -0.000202789 0.000201963 -0.0186529 0.0905758 0.000205468 -0.000523043 -0.000202789 0.000205468 0.00967703 -0.0179174 0.000201963 -0.000523043 -0.0179174 0.0886997 
0.0102662 -0.0186758 -0.000187099 0.000239411 -0.0186758 0.0906559 0.000240725 -0.000553892 -0.000187099 0.000240725 0.00967984 -0.0178958 0.000239411 -0.000553892 -0.0178958 0.0886376 
0.0102502 -0.0186503 -0.000163015 0.000238761 -0.0186503 0.0905833 0.000237752 -0.000596414 -0.000163015 0.000237752 0.00971193 -0.0179359 0.000238761 -0.000596414 -0.0179359 0.0887162 
0.0102616 -0.0186479 -0.000158386 0.000216614 -0.0186479 0.0905674 0.000213328 -0.000575135 -0.000158386 0.000213328 0.00972783 -0.017965 0.000216614 -0.000575135 -0.017965 0.0887886 
0.0102672 -0.0186569 -0.000167604 0.000214926 -0.0186569 0.0905692 0.000208969 -0.000560595 -0.000167604 0.000208969 0.00974889 -0.0179944 0.000214926 -0.000560595 -0.0179944 0.0888761 
0.0102646 -0.0186523 -0.000177373 0.000228124 -0.0186523 0.0905549 0.000221007 -0.000579104 -0.000177373 0.000221007 0.00975699 -0.0180437 0.000228124 -0.000579104 -0.0180437 0.0890137 
0.0102464 -0.0186867 -0.000214443 0.000237353 -0.0186867 0.0906461 0.00023432 -0.000606421 -0.000214443 0.00023432 0.00977134 -0.0180185 0.000237353 -0.000606421 -0.0180185 0.0889939 
0.0102522 -0.0186651 -0.000243527 0.000255543 -0.0186651 0.0906665 0.000259201 -0.000622027 -0.000243527 0.000259201 0.00981095 -0.0180618 0.000255543 -0.000622027 -0.0180618 0.0890784 
0.0102859 -0.0186621 -0.000236224 0.000291957 -0.0186621 0.0906436 0.000298493 -0.000693303 -0.000236224 0.000298493 0.00980606 -0.0181156 0.000291957 -0.000693303 -0.0181156 0.0892024 
0.0103136 -0.01871 -0.000214586 0.000292523 -0.01871 0.0907184 0.000297878 -0.000735429 -0.000214586 0.000297878 0.00979809 -0.0181042 0.000292523 -0.000735429 -0.0181042 0.0892319 
0.0102944 -0.0187441 -0.0002185 0.000277425 -0.0187441 0.0907946 0.000278037 -0.000722635 -0.0002185 0.000278037 0.00978182 -0.0180636 0.000277425 -0.000722635 -0.0180636 0.0891321 
0.0102634 -0.0187308 -0.000235453 0.000281805 -0.0187308 0.0908157 0.000275188 -0.000708849 -0.000235453 0.000275188 0.00979117 -0.0180307 0.000281805 -0.000708849 -0.0180307 0.0890236 
