0.00769127 0 -0.000412827 0 0 0.00988036 0 0 -0.000412827 0 0.00657824 0 0 0 0 0.00988036 
0.0110653 -0.0137152 -0.000549137 0.00066753 -0.0137152 0.0354906 0.00066753 -0.00127979 -0.000549137 0.00066753 0.00942355 -0.0117204 0.00066753 -0.00127979 -0.0117204 0.0316656 
0.0109244 -0.0201119 -0.000407351 0.000676395 -0.0201119 0.0733275 0.000676395 -0.00209862 -0.000407351 0.000676395 0.00946013 -0.0179211 0.000676395 -0.00209862 -0.0179211 0.0664967 
0.0102573 -0.0193258 -0.000303248 0.000355397 -0.0193258 0.0855439 0.000361229 -0.00111583 -0.000303248 0.000361229 0.00896102 -0.0177675 0.000355397 -0.00111583 -0.0177675 0.0805142 
0.0102278 -0.0186473 -0.00031768 0.000289017 -0.0186473 0.0883304 0.000287698 -0.000619947 -0.00031768 0.000287698 0.00893771 -0.017198 0.000289017 -0.000619947 -0.017198 0.0841147 
0.0103932 -0.0186939 -0.000339659 0.000330472 -0.0186939 0.0898964 0.000326282 -0.000611004 -0.000339659 0.000326282 0.00916684 -0.0171837 0.000330472 -0.000611004 -0.0171837 0.085711 
0.010481 -0.018758 -0.000368514 0.000361989 -0.018758 0.0904933 0.000360491 -0.000723026 -0.000368514 0.000360491 0.0092632 -0.0173355 0.000361989 -0.000723026 -0.0173355 0.0865082 
0.0104762 -0.0187623 -0.000362206 0.000385686 -0.0187623 0.0905652 0.000391534 -0.000811421 -0.000362206 0.000391534 0.00933218 -0.017384 0.000385686 -0.000811421 -0.017384 0.0868595 
0.0104155 -0.018641 -0.00038537 0.000378672 -0.018641 0.0900495 0.000386597 -0.000842855 -0.00038537 0.000386597 0.00928265 -0.0173466 0.000378672 -0.000842855 -0.0173466 0.0865972 
0.0104112 -0.018613 -0.000385015 0.000402685 -0.018613 0.0899169 0.000410338 -0.0008756 -0.000385015 0.000410338 0.00926151 -0.0173331 0.000402685 -0.0008756 -0.0173331 0.0866103 
0.0105214 -0.0188296 -0.000390428 0.000407056 -0.0188296 0.0909106 0.000407814 -0.000893038 -0.000390428 0.000407814 0.00935671 -0.017513 0.000407056 -0.000893038 -0.017513 0.0875843 
0.0104623 -0.0187781 -0.000392641 0.000409406 -0.0187781 0.0906749 0.000404741 -0.000886498 -0.000392641 0.000404741 0.00936436 -0.0174605 0.000409406 -0.000886498 -0.0174605 0.0873465 
0.0104491 -0.0187527 -0.000387362 0.000418359 -0.0187527 0.0906854 0.000414599 -0.000905083 -0.000387362 0.000414599 0.00939812 -0.0175219 0.000418359 -0.000905083 -0.0175219 0.087496 
0.0104411 -0.0187307 -0.000414443 0.000414787 -0.0187307 0.0906685 0.000415064 -0.000917078 -0.000414443 0.000415064 0.00941971 -0.0175927 0.000414787 -0.000917078 -0.0175927 0.0877431 
0.0104569 -0.018718 -0.000408147 0.000442491 -0.018718 0.0906581 0.000443932 -0.000958195 -0.000408147 0.000443932 0.00941684 -0.0176434 0.000442491 -0.000958195 -0.0176434 0.0879793 
0.010495 -0.0187456 -0.000368037 0.000431678 -0.0187456 0.0907366 0.000432136 -0.000959425 -0.000368037 0.000432136 0.00938966 -0.0176533 0.000431678 -0.000959425 -0.0176533 0.0881355 
0.0103704 -0.0185709 -0.000348806 0.0003853 -0.0185709 0.0897485 0.000386502 -0.000888 -0.000348806 0.000386502 0.00925006 -0.0173781 0.0003853 -0.000888 -0.0173781 0.0869716 
0.010366 -0.0185802 -0.00036434 0.000369465 -0.0185802 0.0898115 0.000374282 -0.000839406 -0.00036434 0.000374282 0.00924885 -0.0173249 0.000369465 -0.000839406 -0.0173249 0.0868 
0.0103793 -0.0186034 -0.000393287 0.000380764 -0.0186034 0.0899644 0.00038759 -0.000834668 -0.000393287 0.00038759 0.00928904 -0.0173533 0.000380764 -0.000834668 -0.0173533 0.0868782 
0.0103447 -0.0185232 -0.000426163 0.000404509 -0.0185232 0.0895778 0.000409812 -0.000860564 -0.000426163 0.000409812 0.00926848 -0.017298 0.000404509 -0.000860564 -0.017298 0.0864939 
0.0105425 -0.0188018 -0.00043012 0.000463231 -0.0188018 0.0908596 0.000463736 -0.000977616 -0.00043012 0.000463736 0.0093536 -0.0175498 0.000463231 -0.000977616 -0.0175498 0.0876897 
0.0105419 -0.0188202 -0.000403256 0.000458208 -0.0188202 0.0907275 0.000456719 -0.00101035 -0.000403256 0.000456719 0.00929278 -0.0174383 0.000458208 -0.00101035 -0.0174383 0.0873216 
0.0105857 -0.0189344 -0.000404587 0.000431976 -0.0189344 0.0912443 0.000429338 -0.000976576 -0.000404587 0.000429338 0.00932798 -0.0174956 0.000431976 -0.000976576 -0.0174956 0.087654 
0.0104222 -0.0186512 -0.000359575 0.000429265 -0.0186512 0.0899272 0.000427241 -0.000952599 -0.000359575 0.000427241 0.00918811 -0.0172257 0.000429265 -0.000952599 -0.0172257 0.0863114 
0.0104389 -0.018686 -0.00033958 0.000381073 -0.018686 0.0901778 0.000379949 -0.000878526 -0.00033958 0.000379949 0.00922307 -0.0173057 0.000381073 -0.000878526 -0.0173057 0.0866597 
0.0104136 -0.0185855 -0.000331322 0.000347579 -0.0185855 0.0897222 0.000346023 -0.000777905 -0.000331322 0.000346023 0.00919154 -0.0172211 0.000347579 -0.000777905 -0.0172211 0.0862675 
0.010564 -0.0188306 -0.000348158 0.000348386 -0.0188306 0.0907722 0.000345567 -0.000750706 -0.000348158 0.000345567 0.00931136 -0.0174126 0.000348386 -0.000750706 -0.0174126 0.0872075 
0.0106095 -0.0189728 -0.000298243 0.000352155 -0.0189728 0.0913595 0.000349865 -0.000731765 -0.000298243 0.000349865 0.00938471 -0.0175457 0.000352155 -0.000731765 -0.0175457 0.0877637 
0.0104037 -0.0186608 -0.000276303 0.000286546 -0.0186608 0.0899332 0.000284102 -0.00062574 -0.000276303 0.000284102 0.00926044 -0.0172912 0.000286546 -0.00062574 -0.0172912 0.0864346 
0.010382 -0.0186291 -0.000287692 0.000272665 -0.0186291 0.0899486 0.000269394 -0.000561604 -0.000287692 0.000269394 0.00928788 -0.0173463 0.000272665 -0.000561604 -0.0173463 0.0866176 
0.0105202 -0.0188386 -0.000305163 0.000305552 -0.0188386 0.0910594 0.000298609 -0.000608739 -0.000305163 0.000298609 0.00941598 -0.0176033 0.000305552 -0.000608739 -0.0176033 0.0878679 
0.0105051 -0.0188019 -0.000291144 0.000327629 -0.0188019 0.0908464 0.000316017 -0.000671247 -0.000291144 0.000316017 0.00937048 -0.017563 0.000327629 -0.000671247 -0.017563 0.0877081 
0.0105074 -0.0188078 -0.000298641 0.000314049 -0.0188078 0.0908584 0.000303986 -0.000683947 -0.000298641 0.000303986 0.00932972 -0.0175407 0.000314049 -0.000683947 -0.0175407 0.0877007 
0.0104865 -0.0187817 -0.000289638 0.00031451 -0.0187817 0.090729 0.000312263 -0.000682974 -0.000289638 0.000312263 0.0092992 -0.0174598 0.00031451 -0.000682974 -0.0174598 0.0874696 
0.0104269 -0.0186756 -0.000315491 0.000301992 -0.0186756 0.0902553 0.000307339 -0.000674486 -0.000315491 0.000307339 0.00926275 -0.0173555 0.000301992 -0.000674486 -0.0173555 0.086969 
0.0103931 -0.0185722 -0.0003351 0.000329795 -0.0185722 0.0897455 0.000337491 -0.000710008 -0.0003351 0.000337491 0.00921154 -0.017256 0.000329795 -0.000710008 -0.017256 0.0864345 
0.010426 -0.0185913 -0.00032829 0.000363342 -0.0185913 0.0897588 0.000370315 -0.000792948 -0.00032829 0.000370315 0.00918871 -0.017272 0.000363342 -0.000792948 -0.017272 0.0864663 
0.0104736 -0.0187058 -0.000308247 0.000357004 -0.0187058 0.0901753 0.000361033 -0.000813666 -0.000308247 0.000361033 0.00919578 -0.0173102 0.000357004 -0.000813666 -0.0173102 0.0867595 
0.0105091 -0.0187751 -0.00031698 0.000324715 -0.0187751 0.0905064 0.000330175 -0.000758299 -0.00031698 0.000330175 0.00921581 -0.0173307 0.000324715 -0.000758299 -0.0173307 0.086955 
0.0105253 -0.0188164 -0.000320208 0.000325403 -0.0188164 0.0906959 0.000332865 -0.000722093 -0.000320208 0.000332865 0.00924047 -0.0173409 0.000325403 -0.000722093 -0.0173409 0.0870274 
0.0105272 -0.0187996 -0.000309093 0.000337034 -0.0187996 0.0906103 0.000337755 -0.000733145 -0.000309093 0.000337755 0.00922761 -0.0173146 0.000337034 -0.000733145 -0.0173146 0.0868538 
0.0105521 -0.0188749 -0.00031538 0.00032832 -0.0188749 0.0909247 0.000323821 -0.000722476 -0.00031538 0.000323821 0.00927256 -0.0173719 0.00032832 -0.000722476 -0.0173719 0.0871134 
0.0105505 -0.0189039 -0.000345288 0.000347787 -0.0189039 0.0911338 0.000342249 -0.000758935 -0.000345288 0.000342249 0.00933734 -0.0174492 0.000347787 -0.000758935 -0.0174492 0.0873992 
0.0105886 -0.0189143 -0.00037309 0.000381248 -0.0189143 0.0912901 0.000373239 -0.000823823 -0.00037309 0.000373239 0.00933077 -0.0175433 0.000381248 -0.000823823 -0.0175433 0.0877254 
0.0104586 -0.018688 -0.000357464 0.000396437 -0.018688 0.090104 0.000390168 -0.000861452 -0.000357464 0.000390168 0.00917625 -0.0172729 0.000396437 -0.000861452 -0.0172729 0.0865592 
0.0104939 -0.0187536 -0.000321592 0.000396865 -0.0187536 0.0903792 0.000390306 -0.000897795 -0.000321592 0.000390306 0.00916672 -0.0172568 0.000396865 -0.000897795 -0.0172568 0.086632 
0.0105071 -0.0187256 -0.000294505 0.000357063 -0.0187256 0.0902514 0.000351214 -0.000851258 -0.000294505 0.000351214 0.00913127 -0.0171947 0.000357063 -0.000851258 -0.0171947 0.0863863 
0.0104856 -0.0186626 -0.000323974 0.000319142 -0.0186626 0.0898445 0.000318592 -0.000766785 -0.000323974 0.000318592 0.00910969 -0.0170896 0.000319142 -0.000766785 -0.0170896 0.0858947 
0.0106944 -0.0190263 -0.000335235 0.000338713 -0.0190263 0.0914748 0.00034391 -0.000745304 -0.000335235 0.00034391 0.00928983 -0.0174063 0.000338713 -0.000745304 -0.0174063 0.0873625 
0.01068 -0.0190321 -0.000340992 0.000343288 -0.0190321 0.0913956 0.000349083 -0.000748247 -0.000340992 0.000349083 0.00929214 -0.0173878 0.000343288 -0.000748247 -0.0173878 0.0871891 
0.010676 -0.0190612 -0.000327559 0.00035506 -0.0190612 0.091576 0.000353456 -0.000761791 -0.000327559 0.000353456 0.00934378 -0.0174691 0.00035506 -0.000761791 -0.0174691 0.0874555 
0.010688 -0.0190834 -0.000320404 0.000347713 -0.0190834 0.0917552 0.000340148 -0.000758284 -0.000320404 0.000340148 0.00935397 -0.0175376 0.000347713 -0.000758284 -0.0175376 0.0877145 
0.0105209 -0.0187861 -0.000324928 0.000330923 -0.0187861 0.0903734 0.00032811 -0.000725374 -0.000324928 0.00032811 0.00920651 -0.0172858 0.000330923 -0.000725374 -0.0172858 0.0864943 
0.0105427 -0.0187956 -0.00032483 0.000347225 -0.0187956 0.0904343 0.00035028 -0.000756184 -0.00032483 0.00035028 0.0091955 -0.0172785 0.000347225 -0.000756184 -0.0172785 0.0865439 
0.0105526 -0.0188294 -0.000329231 0.000344889 -0.0188294 0.0905425 0.000345113 -0.00076405 -0.000329231 0.000345113 0.00919026 -0.017267 0.000344889 -0.00076405 -0.017267 0.0865645 
0.0105421 -0.0188444 -0.000362446 0.000351421 -0.0188444 0.0906186 0.000348055 -0.000770713 -0.000362446 0.000348055 0.00918759 -0.0172481 0.000351421 -0.000770713 -0.0172481 0.0865232 
0.0105243 -0.0188828 -0.00043551 0.000386882 -0.0188828 0.0908757 0.000387891 -0.000825023 -0.00043551 0.000387891 0.00926553 -0.0172934 0.000386882 -0.000825023 -0.0172934 0.0867468 
0.0104802 -0.0188541 -0.000504178 0.000470291 -0.0188541 0.0909377 0.000480096 -0.000985193 -0.000504178 0.000480096 0.00936953 -0.0173926 0.000470291 -0.000985193 -0.0173926 0.0870121 
0.0104459 -0.018764 -0.000512761 0.000535473 -0.018764 0.0907307 0.000553961 -0.00115146 -0.000512761 0.000553961 0.00936811 -0.0174988 0.000535473 -0.00115146 -0.0174988 0.0872258 
0.0103886 -0.0186293 -0.000521594 0.000543366 -0.0186293 0.090114 0.000563931 -0.00122952 -0.000521594 0.000563931 0.00929743 -0.0173988 0.000543366 -0.00122952 -0.0173988 0.0868482 
0.0103549 -0.0185379 -0.000492841 0.000544769 -0.0185379 0.0896814 0.000562217 -0.0012332 -0.000492841 0.000562217 0.00924468 -0.0173305 0.000544769 -0.0012332 -0.0173305 0.0865768 
0.0103421 -0.0185083 -0.000442469 0.000531328 -0.0185083 0.0894774 0.00053711 -0.00122325 -0.000442469 0.00053711 0.00923013 -0.0172718 0.000531328 -0.00122325 -0.0172718 0.0863816 
0.010514 -0.0188176 -0.000417586 0.000492088 -0.0188176 0.0909031 0.000489311 -0.00116613 -0.000417586 0.000489311 0.00937358 -0.017522 0.000492088 -0.00116613 -0.017522 0.0876414 
0.010357 -0.0185478 -0.000406207 0.000434526 -0.0185478 0.0896014 0.000433382 -0.00101895 -0.000406207 0.000433382 0.00921173 -0.0172897 0.000434526 -0.00101895 -0.0172897 0.086413 
0.0103718 -0.0185712 -0.000412119 0.000421574 -0.0185712 0.089717 0.000420202 -0.000937782 -0.000412119 0.000420202 0.00919291 -0.0172698 0.000421574 -0.000937782 -0.0172698 0.0864605 
0.0103589 -0.0185613 -0.000407549 0.00042991 -0.0185613 0.0896691 0.000424049 -0.000920237 -0.000407549 0.000424049 0.00916838 -0.0172209 0.00042991 -0.000920237 -0.0172209 0.0863209 
0.0103185 -0.0185193 -0.000402054 0.000422628 -0.0185193 0.0894901 0.000413862 -0.000900543 -0.000402054 0.000413862 0.00916197 -0.0171589 0.000422628 -0.000900543 -0.0171589 0.086064 
0.0104454 -0.0187212 -0.000388827 0.000422139 -0.0187212 0.090558 0.000415141 -0.000895363 -0.000388827 0.000415141 0.00927452 -0.0173888 0.000422139 -0.000895363 -0.0173888 0.0871305 
0.0103967 -0.0186545 -0.000375684 0.000404988 -0.0186545 0.0902025 0.000398396 -0.000871437 -0.000375684 0.000398396 0.00924682 -0.017316 0.000404988 -0.000871437 -0.017316 0.086787 
0.0103538 -0.018602 -0.000387361 0.000383857 -0.018602 0.0899205 0.000380581 -0.000823396 -0.000387361 0.000380581 0.0092256 -0.0172298 0.000383857 -0.000823396 -0.0172298 0.0863777 
0.0103136 -0.0185314 -0.000401872 0.000404051 -0.0185314 0.0896505 0.000406177 -0.000849403 -0.000401872 0.000406177 0.00921657 -0.0172188 0.000404051 -0.000849403 -0.0172188 0.0861879 
0.0103066 -0.0185074 -0.000397984 0.000422895 -0.0185074 0.0896034 0.000427605 -0.000900766 -0.000397984 0.000427605 0.0092474 -0.0172737 0.000422895 -0.000900766 -0.0172737 0.0863634 
0.0103059 -0.0185219 -0.000379332 0.000417221 -0.0185219 0.0896741 0.000422706 -0.000914193 -0.000379332 0.000422706 0.00927097 -0.0173261 0.000417221 -0.000914193 -0.0173261 0.086576 
0.0103024 -0.0185472 -0.000378767 0.000393025 -0.0185472 0.0898432 0.000394397 -0.000869815 -0.000378767 0.000394397 0.0092932 -0.017386 0.000393025 -0.000869815 -0.017386 0.0868592 
0.0103217 -0.0185653 -0.000370308 0.000398668 -0.0185653 0.0900188 0.000395503 -0.000858487 -0.000370308 0.000395503 0.00930703 -0.0174301 0.000398668 -0.000858487 -0.0174301 0.0871162 
0.0103477 -0.0186144 -0.00038644 0.000405187 -0.0186144 0.0902524 0.000399082 -0.000886823 -0.00038644 0.000399082 0.0093111 -0.017456 0.000405187 -0.000886823 -0.017456 0.0873258 
0.0103083 -0.0185358 -0.000401715 0.000423034 -0.0185358 0.0898964 0.000420462 -0.000929999 -0.000401715 0.000420462 0.0092757 -0.0173676 0.000423034 -0.000929999 -0.0173676 0.0869576 
0.0102754 -0.0184917 -0.000394209 0.000432933 -0.0184917 0.0896758 0.000437299 -0.000965575 -0.000394209 0.000437299 0.00926596 -0.0173193 0.000432933 -0.000965575 -0.0173193 0.0867127 
0.0102927 -0.0184788 -0.00035844 0.000423127 -0.0184788 0.089667 0.000428643 -0.000965693 -0.00035844 0.000428643 0.00925609 -0.0173533 0.000423127 -0.000965693 -0.0173533 0.0867982 
0.0102794 -0.0184286 -0.000386045 0.000365095 -0.0184286 0.0893442 0.000366429 -0.000848719 -0.000386045 0.000366429 0.00919725 -0.017269 0.000365095 -0.000848719 -0.017269 0.0864677 
0.0102987 -0.0184465 -0.000399866 0.000409591 -0.0184465 0.0893113 0.000401559 -0.000859161 -0.000399866 0.000401559 0.00917636 -0.0172045 0.000409591 -0.000859161 -0.0172045 0.0862636 
0.0104928 -0.0187944 -0.000411381 0.000431107 -0.0187944 0.0908698 0.000423803 -0.000914466 -0.000411381 0.000423803 0.0093033 -0.0174505 0.000431107 -0.000914466 -0.0174505 0.0875206 
0.0104813 -0.018796 -0.000390016 0.000441315 -0.018796 0.090818 0.000441862 -0.000961829 -0.000390016 0.000441862 0.0092904 -0.0174037 0.000441315 -0.000961829 -0.0174037 0.0873044 
0.0103181 -0.0185436 -0.000375693 0.000405851 -0.0185436 0.0896552 0.000411719 -0.000923354 -0.000375693 0.000411719 0.00919165 -0.0172109 0.000405851 -0.000923354 -0.0172109 0.0862468 
0.010357 -0.018591 -0.000392939 0.000395833 -0.018591 0.0900122 0.000400233 -0.000887222 -0.000392939 0.000400233 0.00926246 -0.0173372 0.000395833 -0.000887222 -0.0173372 0.0867917 
0.0103685 -0.0185697 -0.000394412 0.000412516 -0.0185697 0.0898774 0.000414692 -0.000892302 -0.000394412 0.000414692 0.00926161 -0.0173251 0.000412516 -0.000892302 -0.0173251 0.0867182 
0.0105363 -0.0188203 -0.00039878 0.000424983 -0.0188203 0.0909785 0.000427022 -0.000926746 -0.00039878 0.000427022 0.00938675 -0.0175394 0.000424983 -0.000926746 -0.0175394 0.0877569 
0.0105255 -0.0187878 -0.000403346 0.000422642 -0.0187878 0.0906621 0.000422317 -0.00092801 -0.000403346 0.000422317 0.0093454 -0.0174824 0.000422642 -0.00092801 -0.0174824 0.0873958 
0.0105909 -0.0189438 -0.000395467 0.000426028 -0.0189438 0.0913022 0.000423335 -0.000924451 -0.000395467 0.000423335 0.00938739 -0.0175919 0.000426028 -0.000924451 -0.0175919 0.0879313 
0.0104432 -0.0187006 -0.00036174 0.00040804 -0.0187006 0.0901446 0.000400289 -0.000885266 -0.00036174 0.000400289 0.00924139 -0.0173373 0.00040804 -0.000885266 -0.0173373 0.0867231 
0.0104989 -0.0188015 -0.000366637 0.000391045 -0.0188015 0.090702 0.000381507 -0.000864828 -0.000366637 0.000381507 0.00928173 -0.0174343 0.000391045 -0.000864828 -0.0174343 0.0872579 
0.0104636 -0.0187374 -0.000382492 0.000381247 -0.0187374 0.0904389 0.000377157 -0.000828791 -0.000382492 0.000377157 0.00926552 -0.0173702 0.000381247 -0.000828791 -0.0173702 0.0870088 
0.0104733 -0.0187008 -0.000422668 0.000401674 -0.0187008 0.0903053 0.000400611 -0.000854725 -0.000422668 0.000400611 0.00923193 -0.0173681 0.000401674 -0.000854725 -0.0173681 0.0869488 
0.0105102 -0.0188071 -0.000458558 0.000443798 -0.0188071 0.0907021 0.000448522 -0.000932322 -0.000458558 0.000448522 0.00927794 -0.0174028 0.000443798 -0.000932322 -0.0174028 0.087256 
0.0105359 -0.0188569 -0.000497357 0.000488086 -0.0188569 0.0909713 0.000502242 -0.00104818 -0.000497357 0.000502242 0.00932507 -0.017449 0.000488086 -0.00104818 -0.017449 0.0874427 
0.0105859 -0.0189326 -0.000536306 0.000534161 -0.0189326 0.0913247 0.000553701 -0.00117209 -0.000536306 0.000553701 0.00936545 -0.0175211 0.000534161 -0.00117209 -0.0175211 0.0877275 
0.0104469 -0.018658 -0.000528508 0.00057057 -0.018658 0.0899927 0.000584953 -0.00126316 -0.000528508 0.000584953 0.0092273 -0.0172916 0.00057057 -0.00126316 -0.0172916 0.086506 
0.0104976 -0.0187846 -0.000501786 0.000568206 -0.0187846 0.0905409 0.0005748 -0.00128731 -0.000501786 0.0005748 0.00927306 -0.0173873 0.000568206 -0.00128731 -0.0173873 0.0870168 
0.0104804 -0.0187687 -0.000462602 0.000539274 -0.0187687 0.0905287 0.000540066 -0.00124212 -0.000462602 0.000540066 0.00928774 -0.0173817 0.000539274 -0.00124212 -0.0173817 0.0870127 
0.0104519 -0.0187529 -0.000470404 0.000492482 -0.0187529 0.0905065 0.000492152 -0.00114254 -0.000470404 0.000492152 0.00933645 -0.0173942 0.000492482 -0.00114254 -0.0173942 0.0870264 
0.0104115 -0.0186379 -0.000453829 0.00048962 -0.0186379 0.0900588 0.000487594 -0.00107787 -0.000453829 0.000487594 0.00930585 -0.0173769 0.00048962 -0.00107787 -0.0173769 0.0867487 
0.0104114 -0.0186109 -0.00043003 0.000481187 -0.0186109 0.0898997 0.0004755 -0.00106025 -0.00043003 0.0004755 0.00929366 -0.0173789 0.000481187 -0.00106025 -0.0173789 0.0867418 
0.0104491 -0.0186752 -0.000395692 0.000461601 -0.0186752 0.090158 0.000453396 -0.00102994 -0.000395692 0.000453396 0.00928412 -0.0174337 0.000461601 -0.00102994 -0.0174337 0.0870421 
0.0104741 -0.0186925 -0.000369667 0.00041545 -0.0186925 0.0902099 0.000409375 -0.000941774 -0.000369667 0.000409375 0.00924193 -0.0173949 0.00041545 -0.000941774 -0.0173949 0.0870162 
0.0104383 -0.0186588 -0.00035729 0.000367775 -0.0186588 0.0899489 0.000366787 -0.000815173 -0.00035729 0.000366787 0.00917477 -0.017251 0.000367775 -0.000815173 -0.017251 0.0865038 
0.0104292 -0.0186886 -0.000350941 0.000355429 -0.0186886 0.0900842 0.000352328 -0.000743307 -0.000350941 0.000352328 0.00915862 -0.0172034 0.000355429 -0.000743307 -0.0172034 0.0863603 
0.0104256 -0.0187173 -0.000362214 0.000359891 -0.0187173 0.0902989 0.00035146 -0.00073341 -0.000362214 0.00035146 0.00919791 -0.0172077 0.000359891 -0.00073341 -0.0172077 0.0864115 
0.0104067 -0.0186978 -0.000382935 0.000381936 -0.0186978 0.0903313 0.000372208 -0.000775708 -0.000382935 0.000372208 0.00923525 -0.0172536 0.000381936 -0.000775708 -0.0172536 0.0865021 
0.0103801 -0.0186259 -0.000412372 0.00040911 -0.0186259 0.0900993 0.000401257 -0.000848394 -0.000412372 0.000401257 0.00925895 -0.017281 0.00040911 -0.000848394 -0.017281 0.0865088 
0.0103463 -0.0185233 -0.000424427 0.000452435 -0.0185233 0.0896176 0.000446067 -0.000960593 -0.000424427 0.000446067 0.0092445 -0.0172534 0.000452435 -0.000960593 -0.0172534 0.0862674 
0.0104993 -0.0187705 -0.000428541 0.000481021 -0.0187705 0.0907653 0.000473644 -0.00106693 -0.000428541 0.000473644 0.00937639 -0.0175354 0.000481021 -0.00106693 -0.0175354 0.0875833 
0.0105006 -0.0187987 -0.000441599 0.000469353 -0.0187987 0.0908181 0.000464304 -0.00107361 -0.000441599 0.000464304 0.00938262 -0.0175534 0.000469353 -0.00107361 -0.0175534 0.0876981 
0.0104748 -0.0187391 -0.000425388 0.000479871 -0.0187391 0.0905356 0.000481039 -0.00108785 -0.000425388 0.000481039 0.0093355 -0.0174926 0.000479871 -0.00108785 -0.0174926 0.0874163 
0.010473 -0.018738 -0.00040962 0.000454409 -0.018738 0.0904793 0.000463795 -0.00106047 -0.00040962 0.000463795 0.00930656 -0.0174463 0.000454409 -0.00106047 -0.0174463 0.0872674 
0.0104322 -0.0186886 -0.00038916 0.000430464 -0.0186886 0.0902069 0.00044272 -0.00100417 -0.00038916 0.00044272 0.0092972 -0.0173587 0.000430464 -0.00100417 -0.0173587 0.0868872 
0.0104355 -0.0186891 -0.000411688 0.000403563 -0.0186891 0.0902327 0.000412559 -0.000929793 -0.000411688 0.000412559 0.0093158 -0.0173858 0.000403563 -0.000929793 -0.0173858 0.0868936 
0.0104465 -0.0187441 -0.000439818 0.00041491 -0.0187441 0.0904743 0.000424738 -0.000895127 -0.000439818 0.000424738 0.00932943 -0.0174402 0.00041491 -0.000895127 -0.0174402 0.0871099 
0.0104751 -0.0188069 -0.00048292 0.000452066 -0.0188069 0.0908665 0.000463242 -0.000947937 -0.00048292 0.000463242 0.00936809 -0.0175308 0.000452066 -0.000947937 -0.0175308 0.0875696 
0.0105039 -0.018854 -0.00050726 0.000511267 -0.018854 0.0911589 0.000521318 -0.00107128 -0.00050726 0.000521318 0.00942357 -0.0175934 0.000511267 -0.00107128 -0.0175934 0.0879251 
0.0103453 -0.0185843 -0.000482398 0.000531518 -0.0185843 0.0898999 0.000537704 -0.00114446 -0.000482398 0.000537704 0.00931574 -0.0173907 0.000531518 -0.00114446 -0.0173907 0.0868311 
0.0103333 -0.0185296 -0.000498278 0.000517891 -0.0185296 0.0897112 0.000518785 -0.00115892 -0.000498278 0.000518785 0.00930644 -0.0173943 0.000517891 -0.00115892 -0.0173943 0.0868012 
0.0103981 -0.0186133 -0.000503359 0.000532434 -0.0186133 0.0901072 0.000533639 -0.00116837 -0.000503359 0.000533639 0.00933424 -0.0174985 0.000532434 -0.00116837 -0.0174985 0.0873253 
0.0104232 -0.0186644 -0.000470598 0.000523773 -0.0186644 0.0902852 0.000527733 -0.0011484 -0.000470598 0.000527733 0.00935393 -0.0175086 0.000523773 -0.0011484 -0.0175086 0.08749 
0.0104365 -0.0187265 -0.000440431 0.000494735 -0.0187265 0.0905342 0.000494698 -0.00110351 -0.000440431 0.000494698 0.00937469 -0.0175173 0.000494735 -0.00110351 -0.0175173 0.0875745 
0.0102929 -0.0184724 -0.000392797 0.000458315 -0.0184724 0.0893775 0.000448162 -0.00101488 -0.000392797 0.000448162 0.00923082 -0.0172975 0.000458315 -0.00101488 -0.0172975 0.0864281 
0.0102685 -0.0184443 -0.00036808 0.000407426 -0.0184443 0.0892911 0.000392956 -0.000899886 -0.00036808 0.000392956 0.00920918 -0.0172556 0.000407426 -0.000899886 -0.0172556 0.0863212 
0.0103989 -0.0186521 -0.000355079 0.000383199 -0.0186521 0.0903407 0.000370176 -0.000819798 -0.000355079 0.000370176 0.00931842 -0.0174288 0.000383199 -0.000819798 -0.0174288 0.0872616 
0.0103476 -0.01854 -0.000381089 0.000370773 -0.01854 0.0897935 0.0003601 -0.000783552 -0.000381089 0.0003601 0.00927528 -0.0173396 0.000370773 -0.000783552 -0.0173396 0.0867596 
0.0104978 -0.0187556 -0.000347333 0.000403366 -0.0187556 0.0907814 0.000395175 -0.000824167 -0.000347333 0.000395175 0.00936069 -0.0175371 0.000403366 -0.000824167 -0.0175371 0.0877154 
0.01043 -0.0186379 -0.000333921 0.000357362 -0.0186379 0.0900761 0.000352358 -0.000782762 -0.000333921 0.000352358 0.00928756 -0.017383 0.000357362 -0.000782762 -0.017383 0.0869866 
0.0104012 -0.0185903 -0.000337584 0.000341658 -0.0185903 0.0897737 0.000341893 -0.000736887 -0.000337584 0.000341893 0.00922566 -0.0173091 0.000341658 -0.000736887 -0.0173091 0.0865976 
0.0104346 -0.0186761 -0.000334036 0.000344347 -0.0186761 0.090122 0.000348672 -0.000727687 -0.000334036 0.000348672 0.00922999 -0.0173251 0.000344347 -0.000727687 -0.0173251 0.086774 
0.0104112 -0.0186736 -0.000363936 0.000344453 -0.0186736 0.0900942 0.000349105 -0.000734559 -0.000363936 0.000349105 0.0092149 -0.0172591 0.000344453 -0.000734559 -0.0172591 0.0865326 
0.0104032 -0.0186901 -0.000383806 0.000378868 -0.0186901 0.0902529 0.000382801 -0.000786697 -0.000383806 0.000382801 0.00923233 -0.0172869 0.000378868 -0.000786697 -0.0172869 0.0866261 
0.0103563 -0.018633 -0.000389423 0.000405527 -0.018633 0.0900945 0.000410869 -0.000862435 -0.000389423 0.000410869 0.00925093 -0.0172849 0.000405527 -0.000862435 -0.0172849 0.0865703 
0.0103227 -0.0185336 -0.000357218 0.000408282 -0.0185336 0.0897497 0.000410347 -0.000886607 -0.000357218 0.000410347 0.00922293 -0.0172842 0.000408282 -0.000886607 -0.0172842 0.0864509 
0.0103727 -0.0185914 -0.000327163 0.000378127 -0.0185914 0.0900386 0.000376999 -0.000852448 -0.000327163 0.000376999 0.00924701 -0.0173742 0.000378127 -0.000852448 -0.0173742 0.0869316 
0.0104225 -0.0186867 -0.0002978 0.000335308 -0.0186867 0.0904282 0.000331476 -0.000752896 -0.0002978 0.000331476 0.00928222 -0.0174213 0.000335308 -0.000752896 -0.0174213 0.0872981 
0.0102907 -0.0184739 -0.000289065 0.000304867 -0.0184739 0.0893704 0.000299529 -0.000672215 -0.000289065 0.000299529 0.00917479 -0.0171923 0.000304867 -0.000672215 -0.0171923 0.0861856 
0.0104743 -0.0187671 -0.00029781 0.000306123 -0.0187671 0.0908484 0.000305592 -0.000659439 -0.00029781 0.000305592 0.00936066 -0.017496 0.000306123 -0.000659439 -0.017496 0.0876472 
0.0104255 -0.0186997 -0.000325602 0.000308232 -0.0186997 0.0904735 0.000312694 -0.000663216 -0.000325602 0.000312694 0.00936032 -0.0174601 0.000308232 -0.000663216 -0.0174601 0.0873449 
0.0104524 -0.018744 -0.000315077 0.000349124 -0.018744 0.0907233 0.000349788 -0.000732698 -0.000315077 0.000349788 0.00939681 -0.0175715 0.000349124 -0.000732698 -0.0175715 0.0877427 
0.0104459 -0.0187084 -0.000319715 0.000346322 -0.0187084 0.0905571 0.000337942 -0.000765486 -0.000319715 0.000337942 0.00936716 -0.0175572 0.000346322 -0.000765486 -0.0175572 0.0876854 
0.0104407 -0.0187036 -0.000301056 0.00034639 -0.0187036 0.0904677 0.000333572 -0.000760044 -0.000301056 0.000333572 0.00934837 -0.0175059 0.00034639 -0.000760044 -0.0175059 0.0875395 
0.0104344 -0.0186499 -0.000253895 0.000324755 -0.0186499 0.0901769 0.000314779 -0.000731057 -0.000253895 0.000314779 0.00926878 -0.01742 0.000324755 -0.000731057 -0.01742 0.0871348 
0.010446 -0.0186988 -0.000251842 0.000266662 -0.0186988 0.0902539 0.000261044 -0.000630891 -0.000251842 0.000261044 0.00921407 -0.0173284 0.000266662 -0.000630891 -0.0173284 0.086883 
0.0104496 -0.0187066 -0.00026071 0.000261592 -0.0187066 0.0902534 0.000260188 -0.000573714 -0.00026071 0.000260188 0.00916718 -0.0172307 0.000261592 -0.000573714 -0.0172307 0.0865408 
0.0104739 -0.0187244 -0.0003242 0.000274698 -0.0187244 0.0903631 0.000277294 -0.000589583 -0.0003242 0.000277294 0.00918305 -0.0172375 0.000274698 -0.000589583 -0.0172375 0.0865729 
0.0104605 -0.0186483 -0.000353164 0.000346603 -0.0186483 0.0899677 0.000349594 -0.000707052 -0.000353164 0.000349594 0.00918267 -0.0171887 0.000346603 -0.000707052 -0.0171887 0.0862524 
0.0105086 -0.018728 -0.000354419 0.000386592 -0.018728 0.0902486 0.000388267 -0.000833378 -0.000354419 0.000388267 0.00923822 -0.0173064 0.000386592 -0.000833378 -0.0173064 0.086659 
