0.00752423 0 0.000658021 0 0 0.010036 0 0 0.000658021 0 0.00683431 0 0 0 0 0.010036 
0.0105904 -0.0131338 0.00086161 -0.00104747 -0.0131338 0.0343096 -0.00104747 0.00200847 0.00086161 -0.00104747 0.00956086 -0.0118825 -0.00104747 0.00200847 -0.0118825 0.0319108 
0.0106379 -0.0197561 0.000794646 -0.00110577 -0.0197561 0.0723247 -0.00110577 0.00343358 0.000794646 -0.00110577 0.00979223 -0.0183632 -0.00110577 0.00343358 -0.0183632 0.0679829 
0.00975232 -0.018655 0.000720452 -0.000738123 -0.018655 0.0831669 -0.000746617 0.00209523 0.000720452 -0.000746617 0.00915683 -0.0178243 -0.000738123 0.00209523 -0.0178243 0.0803153 
0.00987097 -0.0182118 0.000775508 -0.000733371 -0.0182118 0.0872177 -0.000748019 0.00156901 0.000775508 -0.000748019 0.00928809 -0.0175487 -0.000733371 0.00156901 -0.0175487 0.0849707 
0.0100355 -0.0182396 0.000841267 -0.000834426 -0.0182396 0.0886775 -0.000852958 0.00173334 0.000841267 -0.000852958 0.00946147 -0.0175558 -0.000834426 0.00173334 -0.0175558 0.0865332 
0.0101702 -0.0184463 0.000833337 -0.00091463 -0.0184463 0.0898933 -0.000934676 0.00199104 0.000833337 -0.000934676 0.009616 -0.017771 -0.00091463 0.00199104 -0.017771 0.0878458 
0.0100758 -0.0182506 0.000789602 -0.000890303 -0.0182506 0.0890569 -0.000909061 0.00205539 0.000789602 -0.000909061 0.00952398 -0.0176135 -0.000890303 0.00205539 -0.0176135 0.0871776 
0.0100655 -0.0181773 0.000758459 -0.000837806 -0.0181773 0.0887104 -0.000849469 0.00196723 0.000758459 -0.000849469 0.00945576 -0.0175337 -0.000837806 0.00196723 -0.0175337 0.0869081 
0.0101035 -0.0182231 0.000734277 -0.000806904 -0.0182231 0.0888102 -0.000811026 0.00186646 0.000734277 -0.000811026 0.00946866 -0.0175064 -0.000806904 0.00186646 -0.0175064 0.0869276 
0.0102056 -0.0184107 0.000731779 -0.000778303 -0.0184107 0.089594 -0.000779575 0.00177614 0.000731779 -0.000779575 0.00951533 -0.0176327 -0.000778303 0.00177614 -0.0176327 0.0875241 
0.010149 -0.0183348 0.000725909 -0.000772918 -0.0183348 0.0891515 -0.00077206 0.00173061 0.000725909 -0.00077206 0.00945034 -0.0174963 -0.000772918 0.00173061 -0.0174963 0.0869184 
0.0101098 -0.0183117 0.000723577 -0.000774355 -0.0183117 0.0890629 -0.000774854 0.00172934 0.000723577 -0.000774854 0.0094617 -0.0174744 -0.000774355 0.00172934 -0.0174744 0.0867742 
0.01011 -0.0183299 0.000733543 -0.000778449 -0.0183299 0.0892745 -0.000780767 0.0017487 0.000733543 -0.000780767 0.00949733 -0.0175668 -0.000778449 0.0017487 -0.0175668 0.0871033 
0.0101305 -0.0183065 0.000713653 -0.000786786 -0.0183065 0.0892302 -0.000790416 0.00176731 0.000713653 -0.000790416 0.0094649 -0.0175748 -0.000786786 0.00176731 -0.0175748 0.0871589 
0.0101415 -0.0182542 0.000657443 -0.000767304 -0.0182542 0.0889095 -0.000769429 0.00175289 0.000657443 -0.000769429 0.00937641 -0.0174904 -0.000767304 0.00175289 -0.0174904 0.0868688 
0.0101316 -0.0183172 0.00065997 -0.000709054 -0.0183172 0.0890054 -0.000706757 0.00165791 0.00065997 -0.000706757 0.00939057 -0.0174066 -0.000709054 0.00165791 -0.0174066 0.0867101 
0.0101275 -0.0183427 0.000655808 -0.000710532 -0.0183427 0.0891976 -0.000703573 0.0016022 0.000655808 -0.000703573 0.0094705 -0.017448 -0.000710532 0.0016022 -0.017448 0.0867904 
0.0101428 -0.0183575 0.000680601 -0.000692588 -0.0183575 0.0893702 -0.0006859 0.00154909 0.000680601 -0.0006859 0.00949795 -0.0175695 -0.000692588 0.00154909 -0.0175695 0.0871098 
0.0101435 -0.0183057 0.000698434 -0.000709459 -0.0183057 0.0891802 -0.000706723 0.00154056 0.000698434 -0.000706723 0.00947733 -0.0175899 -0.000709459 0.00154056 -0.0175899 0.0871882 
0.0101799 -0.0183401 0.00070029 -0.000739775 -0.0183401 0.0892687 -0.000741712 0.00160705 0.00070029 -0.000741712 0.00948945 -0.0176057 -0.000739775 0.00160705 -0.0176057 0.087363 
0.0101622 -0.0182965 0.000702101 -0.000753412 -0.0182965 0.0889473 -0.000756221 0.00167712 0.000702101 -0.000756221 0.00946127 -0.0175254 -0.000753412 0.00167712 -0.0175254 0.086993 
0.0101904 -0.0183155 0.000692494 -0.000754503 -0.0183155 0.0889663 -0.000752506 0.0016962 0.000692494 -0.000752506 0.00943729 -0.0175322 -0.000754503 0.0016962 -0.0175322 0.0869675 
0.0103793 -0.0186115 0.000676489 -0.000751955 -0.0186115 0.0902648 -0.000744284 0.00169679 0.000676489 -0.000744284 0.00950746 -0.0177271 -0.000751955 0.00169679 -0.0177271 0.0880478 
0.0104431 -0.0187548 0.000658338 -0.000731167 -0.0187548 0.0907672 -0.000716492 0.00165608 0.000658338 -0.000716492 0.00948701 -0.0177137 -0.000731167 0.00165608 -0.0177137 0.0881894 
0.0104799 -0.0187728 0.00065106 -0.000713117 -0.0187728 0.0908214 -0.000695049 0.00160988 0.00065106 -0.000695049 0.00944149 -0.0176356 -0.000713117 0.00160988 -0.0176356 0.0879385 
0.0103615 -0.0186179 0.000639926 -0.000697179 -0.0186179 0.0899259 -0.000687214 0.0015731 0.000639926 -0.000687214 0.00932965 -0.0173779 -0.000697179 0.0015731 -0.0173779 0.0867528 
0.010357 -0.018715 0.000652085 -0.000686004 -0.018715 0.0904436 -0.000683035 0.00155098 0.000652085 -0.000683035 0.00937459 -0.0174487 -0.000686004 0.00155098 -0.0174487 0.0870656 
0.0103272 -0.0186445 0.000642963 -0.000702324 -0.0186445 0.0903429 -0.000700545 0.00157377 0.000642963 -0.000700545 0.00936795 -0.0174404 -0.000702324 0.00157377 -0.0174404 0.0869993 
0.0102797 -0.0184735 0.000584367 -0.000697034 -0.0184735 0.0896155 -0.000695684 0.00159074 0.000584367 -0.000695684 0.00930608 -0.0173338 -0.000697034 0.00159074 -0.0173338 0.0864536 
0.0102637 -0.0184778 0.0005552 -0.000612175 -0.0184778 0.0895249 -0.000617798 0.00145473 0.0005552 -0.000617798 0.00933936 -0.0173367 -0.000612175 0.00145473 -0.0173367 0.0864575 
0.0102573 -0.0185022 0.000569927 -0.000577334 -0.0185022 0.0896739 -0.000584371 0.00133389 0.000569927 -0.000584371 0.00940701 -0.0174191 -0.000577334 0.00133389 -0.0174191 0.0867196 
0.0102767 -0.0185095 0.000567487 -0.000593017 -0.0185095 0.0897898 -0.00059567 0.00130611 0.000567487 -0.00059567 0.00941763 -0.0175047 -0.000593017 0.00130611 -0.0175047 0.0869984 
0.0102979 -0.0185685 0.000607267 -0.000606726 -0.0185685 0.0900751 -0.000603621 0.00133823 0.000607267 -0.000603621 0.00946636 -0.017579 -0.000606726 0.00133823 -0.017579 0.0874147 
0.010359 -0.018665 0.000641288 -0.00066087 -0.018665 0.0905766 -0.000655008 0.00143725 0.000641288 -0.000655008 0.00951089 -0.0176872 -0.00066087 0.00143725 -0.0176872 0.087949 
0.01035 -0.0186069 0.000627389 -0.000703262 -0.0186069 0.0902806 -0.000699196 0.00155966 0.000627389 -0.000699196 0.00944544 -0.0176072 -0.000703262 0.00155966 -0.0176072 0.0876257 
0.0103442 -0.0185905 0.000597503 -0.000690499 -0.0185905 0.0901061 -0.000685632 0.00159501 0.000597503 -0.000685632 0.00941361 -0.0175209 -0.000690499 0.00159501 -0.0175209 0.0873248 
0.0102817 -0.0185115 0.000581878 -0.000646716 -0.0185115 0.0896752 -0.000642118 0.0015232 0.000581878 -0.000642118 0.00937984 -0.017413 -0.000646716 0.0015232 -0.017413 0.0867879 
0.0102822 -0.0185021 0.000575805 -0.000630726 -0.0185021 0.0896751 -0.000627387 0.00146806 0.000575805 -0.000627387 0.00938118 -0.0174345 -0.000630726 0.00146806 -0.0174345 0.0867966 
0.0102778 -0.0184627 0.000562772 -0.000620863 -0.0184627 0.089477 -0.000619363 0.00143312 0.000562772 -0.000619363 0.0093351 -0.0173994 -0.000620863 0.00143312 -0.0173994 0.0866259 
0.0103692 -0.0186463 0.000598425 -0.000616398 -0.0186463 0.0902983 -0.000611449 0.00142073 0.000598425 -0.000611449 0.00945179 -0.0175297 -0.000616398 0.00142073 -0.0175297 0.0873794 
0.0103411 -0.0185622 0.000575137 -0.000644705 -0.0185622 0.0899152 -0.00063807 0.00144073 0.000575137 -0.00063807 0.00943227 -0.0175097 -0.000644705 0.00144073 -0.0175097 0.0870994 
0.010416 -0.0186752 0.000495601 -0.000608801 -0.0186752 0.090423 -0.000602492 0.00139228 0.000495601 -0.000602492 0.00944212 -0.0176545 -0.000608801 0.00139228 -0.0176545 0.0877431 
0.0102899 -0.0185031 0.000452646 -0.000514534 -0.0185031 0.089498 -0.000509021 0.00122475 0.000452646 -0.000509021 0.00931744 -0.0174006 -0.000514534 0.00122475 -0.0174006 0.0867367 
0.0103203 -0.018549 0.000453816 -0.000476946 -0.018549 0.089823 -0.000470307 0.00110173 0.000453816 -0.000470307 0.0093101 -0.0174423 -0.000476946 0.00110173 -0.0174423 0.0869949 
0.0102494 -0.0184674 0.000494337 -0.000481116 -0.0184674 0.0894687 -0.00047426 0.00106877 0.000494337 -0.00047426 0.00928877 -0.0173342 -0.000481116 0.00106877 -0.0173342 0.0866098 
0.0102835 -0.0184575 0.000484578 -0.000529047 -0.0184575 0.0895345 -0.000525912 0.00114219 0.000484578 -0.000525912 0.00929952 -0.0173669 -0.000529047 0.00114219 -0.0173669 0.0867083 
0.0102801 -0.0184571 0.000476787 -0.000535857 -0.0184571 0.0893967 -0.000535721 0.00122441 0.000476787 -0.000535721 0.00929238 -0.0173103 -0.000535857 0.00122441 -0.0173103 0.0864777 
0.0103445 -0.0185793 0.000481008 -0.000528011 -0.0185793 0.0899776 -0.000530227 0.00124239 0.000481008 -0.000530227 0.00934246 -0.0174472 -0.000528011 0.00124239 -0.0174472 0.0870535 
0.0103123 -0.0184854 0.000494988 -0.000521458 -0.0184854 0.089509 -0.000527084 0.00122918 0.000494988 -0.000527084 0.00928172 -0.017332 -0.000521458 0.00122918 -0.017332 0.086549 
0.0104554 -0.0187665 0.000532282 -0.000545998 -0.0187665 0.0907739 -0.000554972 0.00126936 0.000532282 -0.000554972 0.00941881 -0.0175474 -0.000545998 0.00126936 -0.0175474 0.087661 
0.0104669 -0.0187491 0.000545421 -0.000579303 -0.0187491 0.0906975 -0.000586127 0.00132686 0.000545421 -0.000586127 0.00941633 -0.0175448 -0.000579303 0.00132686 -0.0175448 0.0875623 
0.010445 -0.0187097 0.000552957 -0.000600293 -0.0187097 0.0904281 -0.000597805 0.00138109 0.000552957 -0.000597805 0.00937784 -0.0175022 -0.000600293 0.00138109 -0.0175022 0.0873039 
0.0105108 -0.0188084 0.00054344 -0.000622302 -0.0188084 0.0908563 -0.0006132 0.0014386 0.00054344 -0.0006132 0.00940222 -0.0175711 -0.000622302 0.0014386 -0.0175711 0.0876835 
0.0103928 -0.0185938 0.000505364 -0.000598089 -0.0185938 0.089751 -0.000590617 0.00141481 0.000505364 -0.000590617 0.00927642 -0.0173335 -0.000598089 0.00141481 -0.0173335 0.0865464 
0.0104324 -0.0186645 0.00047097 -0.000553491 -0.0186645 0.0900546 -0.000550124 0.00133702 0.00047097 -0.000550124 0.00930391 -0.0173768 -0.000553491 0.00133702 -0.0173768 0.0867751 
0.0104329 -0.0186928 0.000439922 -0.000505476 -0.0186928 0.0901757 -0.000502598 0.0012199 0.000439922 -0.000502598 0.00936611 -0.0174021 -0.000505476 0.0012199 -0.0174021 0.0868779 
0.0104769 -0.0187872 0.000444621 -0.000473483 -0.0187872 0.0907013 -0.000465764 0.00112251 0.000444621 -0.000465764 0.00943978 -0.017576 -0.000473483 0.00112251 -0.017576 0.0875209 
0.0104764 -0.018773 0.000456188 -0.000475438 -0.018773 0.0906801 -0.000461558 0.0010746 0.000456188 -0.000461558 0.00942177 -0.0175896 -0.000475438 0.0010746 -0.0175896 0.0875938 
0.010478 -0.0187605 0.00042777 -0.000488309 -0.0187605 0.0905901 -0.000478481 0.0010849 0.00042777 -0.000478481 0.00938621 -0.0175331 -0.000488309 0.0010849 -0.0175331 0.0874373 
0.0105131 -0.018807 0.000420104 -0.000451744 -0.018807 0.0908087 -0.000450872 0.00104628 0.000420104 -0.000450872 0.00938646 -0.017559 -0.000451744 0.00104628 -0.017559 0.0876143 
0.0104937 -0.0187323 0.000422782 -0.000445978 -0.0187323 0.0904022 -0.000450482 0.00102757 0.000422782 -0.000450482 0.00932673 -0.0174436 -0.000445978 0.00102757 -0.0174436 0.0871279 
0.0104717 -0.0187371 0.000430408 -0.000452697 -0.0187371 0.0903339 -0.000455663 0.00103622 0.000430408 -0.000455663 0.00934396 -0.0174128 -0.000452697 0.00103622 -0.0174128 0.086989 
0.010452 -0.0187009 0.000439966 -0.000457163 -0.0187009 0.0902166 -0.000460348 0.00104419 0.000439966 -0.000460348 0.0093384 -0.0174258 -0.000457163 0.00104419 -0.0174258 0.0869158 
0.0104164 -0.0186798 0.000447712 -0.000471288 -0.0186798 0.0901173 -0.000479415 0.00107722 0.000447712 -0.000479415 0.00934599 -0.0174109 -0.000471288 0.00107722 -0.0174109 0.0868439 
0.0103633 -0.0186139 0.000446608 -0.000479551 -0.0186139 0.0898755 -0.000490459 0.00110935 0.000446608 -0.000490459 0.0093116 -0.0173747 -0.000479551 0.00110935 -0.0173747 0.0866206 
0.0105203 -0.0188842 0.000480034 -0.000489294 -0.0188842 0.0912609 -0.000497456 0.00114263 0.000480034 -0.000497456 0.00942103 -0.0176258 -0.000489294 0.00114263 -0.0176258 0.0879397 
0.010492 -0.0188134 0.000495883 -0.000528849 -0.0188134 0.0909313 -0.000531308 0.00121118 0.000495883 -0.000531308 0.00934624 -0.0175211 -0.000528849 0.00121118 -0.0175211 0.0875574 
0.0104879 -0.018846 0.00047842 -0.000561514 -0.018846 0.0910402 -0.000557421 0.001305 0.00047842 -0.000557421 0.00933973 -0.0174754 -0.000561514 0.001305 -0.0174754 0.0874947 
0.0104326 -0.0187699 0.000448318 -0.000540309 -0.0187699 0.0907545 -0.000533072 0.00130699 0.000448318 -0.000533072 0.0093276 -0.0174064 -0.000540309 0.00130699 -0.0174064 0.0871561 
0.010396 -0.0186556 0.000445937 -0.000500347 -0.0186556 0.0903239 -0.000492009 0.00122761 0.000445937 -0.000492009 0.00933175 -0.0173833 -0.000500347 0.00122761 -0.0173833 0.086911 
0.01042 -0.0186814 0.000451056 -0.000496071 -0.0186814 0.090427 -0.000490275 0.00118265 0.000451056 -0.000490275 0.00938455 -0.0174858 -0.000496071 0.00118265 -0.0174858 0.0872613 
0.0104309 -0.0186858 0.000481369 -0.00049601 -0.0186858 0.0904226 -0.000492494 0.00116518 0.000481369 -0.000492494 0.00941261 -0.0175502 -0.00049601 0.00116518 -0.0175502 0.0874866 
0.0104417 -0.0187009 0.00052117 -0.000524415 -0.0187009 0.0904485 -0.000518118 0.00119133 0.00052117 -0.000518118 0.00946326 -0.0175956 -0.000524415 0.00119133 -0.0175956 0.0876661 
0.0105101 -0.0188401 0.000530005 -0.00057768 -0.0188401 0.0910171 -0.00056742 0.00128867 0.000530005 -0.00056742 0.0095466 -0.0177123 -0.00057768 0.00128867 -0.0177123 0.0881654 
0.0103871 -0.018609 0.000496266 -0.00057288 -0.018609 0.0898432 -0.000567212 0.00131761 0.000496266 -0.000567212 0.00940498 -0.0174766 -0.00057288 0.00131761 -0.0174766 0.0869079 
0.0104411 -0.0187208 0.000476366 -0.000527252 -0.0187208 0.0903522 -0.000534338 0.00125745 0.000476366 -0.000534338 0.00942274 -0.017566 -0.000527252 0.00125745 -0.017566 0.087346 
0.0105198 -0.0188539 0.000459532 -0.000505876 -0.0188539 0.0910513 -0.000520578 0.00120069 0.000459532 -0.000520578 0.00946899 -0.0176894 -0.000505876 0.00120069 -0.0176894 0.0880379 
0.0105286 -0.0188779 0.000495733 -0.000482384 -0.0188779 0.0911935 -0.000500191 0.00114516 0.000495733 -0.000500191 0.00947653 -0.0176919 -0.000482384 0.00114516 -0.0176919 0.0881638 
0.0104904 -0.0187822 0.000521975 -0.000525398 -0.0187822 0.0907478 -0.000545134 0.00119388 0.000521975 -0.000545134 0.00944285 -0.0175805 -0.000525398 0.00119388 -0.0175805 0.0876665 
0.0104817 -0.0187318 0.00052614 -0.000569168 -0.0187318 0.0904756 -0.000579771 0.00129874 0.00052614 -0.000579771 0.00942832 -0.0175528 -0.000569168 0.00129874 -0.0175528 0.0874395 
0.0105099 -0.0187607 0.000486246 -0.000585825 -0.0187607 0.0905252 -0.000581495 0.00136373 0.000486246 -0.000581495 0.00939872 -0.0175681 -0.000585825 0.00136373 -0.0175681 0.0874826 
0.0105109 -0.0188337 0.000437091 -0.000544984 -0.0188337 0.090782 -0.00053188 0.00131721 0.000437091 -0.00053188 0.00942967 -0.017566 -0.000544984 0.00131721 -0.017566 0.0876114 
0.0104778 -0.0188167 0.000428578 -0.000474467 -0.0188167 0.0908202 -0.000461234 0.00116662 0.000428578 -0.000461234 0.00946603 -0.0175912 -0.000474467 0.00116662 -0.0175912 0.0876548 
0.0104579 -0.0187281 0.000412788 -0.000467602 -0.0187281 0.0905313 -0.000460411 0.00110473 0.000412788 -0.000460411 0.00944388 -0.0175884 -0.000467602 0.00110473 -0.0175884 0.0875188 
0.0104518 -0.0187033 0.000401412 -0.000453949 -0.0187033 0.0903773 -0.000451065 0.00108072 0.000401412 -0.000451065 0.00944053 -0.0175807 -0.000453949 0.00108072 -0.0175807 0.0874953 
0.0104773 -0.0187315 0.000402199 -0.000443864 -0.0187315 0.0904651 -0.000440793 0.00106104 0.000402199 -0.000440793 0.00938379 -0.0175899 -0.000443864 0.00106104 -0.0175899 0.0875581 
0.0104854 -0.0187706 0.000410355 -0.000434576 -0.0187706 0.0905899 -0.000430292 0.0010235 0.000410355 -0.000430292 0.00936567 -0.0175302 -0.000434576 0.0010235 -0.0175302 0.0875252 
0.0104544 -0.0187298 0.000409166 -0.000448547 -0.0187298 0.0904143 -0.000441656 0.00103342 0.000409166 -0.000441656 0.00932475 -0.0174449 -0.000448547 0.00103342 -0.0174449 0.087179 
0.0104211 -0.0186607 0.00039777 -0.000439324 -0.0186607 0.0901133 -0.000434923 0.00101826 0.00039777 -0.000434923 0.00929784 -0.0173618 -0.000439324 0.00101826 -0.0173618 0.0867941 
0.0104087 -0.0185742 0.000388199 -0.000433947 -0.0185742 0.0897256 -0.000432457 0.00101569 0.000388199 -0.000432457 0.00925709 -0.0173194 -0.000433947 0.00101569 -0.0173194 0.0864958 
0.0105632 -0.0188641 0.000406294 -0.000439447 -0.0188641 0.0909725 -0.000437038 0.00104271 0.000406294 -0.000437038 0.0093907 -0.0175378 -0.000439447 0.00104271 -0.0175378 0.0876411 
0.0105036 -0.0187667 0.000398678 -0.000453129 -0.0187667 0.0904495 -0.000448201 0.00106619 0.000398678 -0.000448201 0.00935225 -0.0174319 -0.000453129 0.00106619 -0.0174319 0.0870668 
0.0104956 -0.018751 0.000365175 -0.000432633 -0.018751 0.0903352 -0.000428264 0.00103422 0.000365175 -0.000428264 0.00929832 -0.0174087 -0.000432633 0.00103422 -0.0174087 0.0868779 
0.010506 -0.018759 0.000348461 -0.000398934 -0.018759 0.0903531 -0.000395704 0.000972355 0.000348461 -0.000395704 0.00925843 -0.0173739 -0.000398934 0.000972355 -0.0173739 0.0868185 
0.0105014 -0.0187945 0.000377706 -0.000383807 -0.0187945 0.0904747 -0.000376434 0.000918954 0.000377706 -0.000376434 0.00926271 -0.0173375 -0.000383807 0.000918954 -0.0173375 0.086781 
0.0105124 -0.0188075 0.000378795 -0.000427296 -0.0188075 0.0906256 -0.000418599 0.000976446 0.000378795 -0.000418599 0.00927949 -0.0173773 -0.000427296 0.000976446 -0.0173773 0.0869267 
0.0105233 -0.018843 0.000407631 -0.00043452 -0.018843 0.0908345 -0.000429451 0.00103492 0.000407631 -0.000429451 0.00932701 -0.0174351 -0.00043452 0.00103492 -0.0174351 0.0872056 
0.0105371 -0.0188589 0.000396627 -0.000464785 -0.0188589 0.0909574 -0.000461906 0.00109941 0.000396627 -0.000461906 0.00934124 -0.0174865 -0.000464785 0.00109941 -0.0174865 0.087402 
0.0105221 -0.0188762 0.000402215 -0.000437315 -0.0188762 0.0910768 -0.000438069 0.0010743 0.000402215 -0.000438069 0.00938449 -0.0175342 -0.000437315 0.0010743 -0.0175342 0.0876437 
0.0103497 -0.0185568 0.00038783 -0.000427831 -0.0185568 0.0896504 -0.000434914 0.00103077 0.00038783 -0.000434914 0.00924597 -0.0172979 -0.000427831 0.00103077 -0.0172979 0.0863978 
0.0104032 -0.0186278 0.000365344 -0.000413188 -0.0186278 0.0900433 -0.000423902 0.0009959 0.000365344 -0.000423902 0.00926119 -0.0173953 -0.000413188 0.0009959 -0.0173953 0.0869011 
0.0104399 -0.0187158 0.000360042 -0.000386045 -0.0187158 0.0904628 -0.000398649 0.000939388 0.000360042 -0.000398649 0.00928068 -0.0174479 -0.000386045 0.000939388 -0.0174479 0.0873181 
0.010442 -0.018718 0.000355976 -0.0003797 -0.018718 0.0905083 -0.000389655 0.000898933 0.000355976 -0.000389655 0.00927712 -0.0174084 -0.0003797 0.000898933 -0.0174084 0.0872592 
0.0103937 -0.0186749 0.000371377 -0.000379362 -0.0186749 0.0902742 -0.000383684 0.000883843 0.000371377 -0.000383684 0.00929362 -0.0173161 -0.000379362 0.000883843 -0.0173161 0.0868483 
0.0103934 -0.0186933 0.000340327 -0.000401544 -0.0186933 0.0904335 -0.000400538 0.00090915 0.000340327 -0.000400538 0.00937373 -0.0173933 -0.000401544 0.00090915 -0.0173933 0.0870022 
0.0104152 -0.0186962 0.000313574 -0.000356476 -0.0186962 0.0905412 -0.000353072 0.00084423 0.000313574 -0.000353072 0.00942025 -0.017518 -0.000356476 0.00084423 -0.017518 0.0873417 
0.010422 -0.0186116 0.000282477 -0.000327871 -0.0186116 0.0901135 -0.000321192 0.000765984 0.000282477 -0.000321192 0.00934845 -0.0174924 -0.000327871 0.000765984 -0.0174924 0.087148 
0.0104322 -0.0186398 0.000268773 -0.000300919 -0.0186398 0.090022 -0.000292178 0.000701859 0.000268773 -0.000292178 0.0092958 -0.0174127 -0.000300919 0.000701859 -0.0174127 0.0869584 
0.0104106 -0.0186389 0.000272156 -0.000287549 -0.0186389 0.089958 -0.000280255 0.00066192 0.000272156 -0.000280255 0.00927692 -0.0173529 -0.000287549 0.00066192 -0.0173529 0.086757 
0.0104264 -0.0186378 0.000289987 -0.000297872 -0.0186378 0.0899903 -0.000290451 0.000675484 0.000289987 -0.000290451 0.00925778 -0.0173408 -0.000297872 0.000675484 -0.0173408 0.0867016 
0.0105638 -0.0188416 0.000311249 -0.000330328 -0.0188416 0.0909323 -0.000323864 0.00074925 0.000311249 -0.000323864 0.00938426 -0.0175125 -0.000330328 0.00074925 -0.0175125 0.0875964 
0.0105365 -0.0188147 0.000346395 -0.000354829 -0.0188147 0.0906806 -0.000348084 0.000823627 0.000346395 -0.000348084 0.00938424 -0.0174815 -0.000354829 0.000823627 -0.0174815 0.0873188 
0.0105609 -0.0188872 0.000370187 -0.000385414 -0.0188872 0.0910191 -0.000380148 0.00088559 0.000370187 -0.000380148 0.00940575 -0.0175838 -0.000385414 0.00088559 -0.0175838 0.0876948 
0.0105415 -0.0188444 0.000360746 -0.000409988 -0.0188444 0.0908667 -0.000408649 0.000953409 0.000360746 -0.000408649 0.00933547 -0.0175459 -0.000409988 0.000953409 -0.0175459 0.0875784 
0.0105363 -0.0188287 0.000379781 -0.000386784 -0.0188287 0.0908146 -0.0003887 0.000930504 0.000379781 -0.0003887 0.00927616 -0.017485 -0.000386784 0.000930504 -0.017485 0.0874883 
0.0105463 -0.018885 0.000393437 -0.000411042 -0.018885 0.0910606 -0.000417289 0.000953493 0.000393437 -0.000417289 0.00930994 -0.01745 -0.000411042 0.000953493 -0.01745 0.0875414 
0.0105486 -0.0189077 0.000415221 -0.000429418 -0.0189077 0.091237 -0.000436823 0.00100298 0.000415221 -0.000436823 0.00936506 -0.0174864 -0.000429418 0.00100298 -0.0174864 0.0876307 
0.0103576 -0.0185659 0.000405883 -0.000449894 -0.0185659 0.08966 -0.000455905 0.00104894 0.000405883 -0.000455905 0.00922352 -0.0172379 -0.000449894 0.00104894 -0.0172379 0.0862087 
0.0103766 -0.0186198 0.000386652 -0.000449379 -0.0186198 0.0899318 -0.000451135 0.00107076 0.000386652 -0.000451135 0.00924829 -0.0173009 -0.000449379 0.00107076 -0.0173009 0.0865097 
0.0105129 -0.0188695 0.000402633 -0.000434336 -0.0188695 0.091189 -0.000433124 0.00105634 0.000402633 -0.000433124 0.00935141 -0.0175351 -0.000434336 0.00105634 -0.0175351 0.0877198 
0.0104031 -0.0186512 0.00040371 -0.000442642 -0.0186512 0.090192 -0.000439372 0.00104355 0.00040371 -0.000439372 0.00923428 -0.0173238 -0.000442642 0.00104355 -0.0173238 0.0867634 
0.0103693 -0.018616 0.00037912 -0.000447555 -0.018616 0.089968 -0.000446287 0.00105745 0.00037912 -0.000446287 0.00921073 -0.017236 -0.000447555 0.00105745 -0.017236 0.086421 
0.01036 -0.0187052 0.000374177 -0.000413785 -0.0187052 0.0904173 -0.000418157 0.00101134 0.000374177 -0.000418157 0.00932533 -0.0173171 -0.000413785 0.00101134 -0.0173171 0.0867816 
0.0103338 -0.0186175 0.00036202 -0.000394907 -0.0186175 0.09027 -0.000402108 0.000945511 0.00036202 -0.000402108 0.00935995 -0.0174183 -0.000394907 0.000945511 -0.0174183 0.0869402 
0.0102857 -0.0185171 0.000383443 -0.000385479 -0.0185171 0.0898474 -0.000392701 0.000913635 0.000383443 -0.000392701 0.00935498 -0.0174287 -0.000385479 0.000913635 -0.0174287 0.0868967 
0.0102533 -0.0184319 0.000392621 -0.00040586 -0.0184319 0.0894812 -0.000411416 0.000922277 0.000392621 -0.000411416 0.00935914 -0.0174368 -0.00040586 0.000922277 -0.0174368 0.0868807 
0.0102617 -0.0184476 0.000379124 -0.000415409 -0.0184476 0.0895109 -0.000418598 0.000943272 0.000379124 -0.000418598 0.0093924 -0.0174814 -0.000415409 0.000943272 -0.0174814 0.0870723 
0.0102914 -0.01852 0.000359926 -0.000409749 -0.01852 0.0898185 -0.000410006 0.000950904 0.000359926 -0.000410006 0.00942837 -0.0175532 -0.000409749 0.000950904 -0.0175532 0.0873918 
0.0103065 -0.0185889 0.000385428 -0.000383992 -0.0185889 0.0901565 -0.000386355 0.000908775 0.000385428 -0.000386355 0.00944064 -0.0176055 -0.000383992 0.000908775 -0.0176055 0.0876697 
0.010357 -0.0186621 0.000408482 -0.000409077 -0.0186621 0.0906065 -0.00041598 0.000923698 0.000408482 -0.00041598 0.00942563 -0.0176674 -0.000409077 0.000923698 -0.0176674 0.088063 
0.0103263 -0.0185946 0.000431672 -0.000440139 -0.0185946 0.0903384 -0.000445764 0.000990659 0.000431672 -0.000445764 0.00938408 -0.0175806 -0.000440139 0.000990659 -0.0175806 0.0878266 
0.0102935 -0.0185345 0.000467209 -0.000477731 -0.0185345 0.0900488 -0.000481816 0.00108799 0.000467209 -0.000481816 0.00936795 -0.0174918 -0.000477731 0.00108799 -0.0174918 0.0874797 
0.0103027 -0.0185249 0.000496378 -0.000521411 -0.0185249 0.090004 -0.00052718 0.00119696 0.000496378 -0.00052718 0.00935589 -0.017492 -0.000521411 0.00119696 -0.017492 0.0874115 
0.0102922 -0.0184864 0.000501459 -0.000557649 -0.0184864 0.0897393 -0.000564619 0.00130097 0.000501459 -0.000564619 0.00932097 -0.0174146 -0.000557649 0.00130097 -0.0174146 0.087071 
0.010307 -0.0184989 0.000482038 -0.00055977 -0.0184989 0.0896947 -0.000563592 0.0013347 0.000482038 -0.000563592 0.00929927 -0.017372 -0.00055977 0.0013347 -0.017372 0.0868713 
0.0103731 -0.0186249 0.000450895 -0.000530063 -0.0186249 0.0902206 -0.000525238 0.00127499 0.000450895 -0.000525238 0.0093464 -0.0174553 -0.000530063 0.00127499 -0.0174553 0.087272 
0.0104413 -0.0187424 0.000439787 -0.000481385 -0.0187424 0.0907624 -0.000475112 0.00114921 0.000439787 -0.000475112 0.00940139 -0.0175549 -0.000481385 0.00114921 -0.0175549 0.0877382 
0.0103317 -0.0185365 0.000416165 -0.000446788 -0.0185365 0.0897484 -0.000446096 0.00102438 0.000416165 -0.000446096 0.00927846 -0.0173647 -0.000446788 0.00102438 -0.0173647 0.0867504 
0.0103391 -0.0185606 0.000418561 -0.000440845 -0.0185606 0.0898411 -0.000443916 0.00100097 0.000418561 -0.000443916 0.00930967 -0.0173676 -0.000440845 0.00100097 -0.0173676 0.0868236 
0.0103249 -0.0185475 0.000434114 -0.000445226 -0.0185475 0.0897816 -0.00044558 0.00100144 0.000434114 -0.00044558 0.00933138 -0.0173733 -0.000445226 0.00100144 -0.0173733 0.086764 
0.0103284 -0.0185784 0.000458696 -0.000473566 -0.0185784 0.0899566 -0.000465455 0.00104903 0.000458696 -0.000465455 0.00935951 -0.0174446 -0.000473566 0.00104903 -0.0174446 0.0870038 
0.0102872 -0.0185324 0.000477109 -0.000504746 -0.0185324 0.0897499 -0.000494502 0.00112103 0.000477109 -0.000494502 0.00935074 -0.0173869 -0.000504746 0.00112103 -0.0173869 0.0867527 
0.0102821 -0.0184763 0.000461091 -0.000524702 -0.0184763 0.089553 -0.000518982 0.00118766 0.000461091 -0.000518982 0.00932856 -0.0173736 -0.000524702 0.00118766 -0.0173736 0.0866013 
0.0104384 -0.0187101 0.000435771 -0.000516754 -0.0187101 0.0906406 -0.000513189 0.00121631 0.000435771 -0.000513189 0.00942748 -0.0175956 -0.000516754 0.00121631 -0.0175956 0.0877098 
0.0104162 -0.0186306 0.000428618 -0.000477035 -0.0186306 0.0901641 -0.000473814 0.00115362 0.000428618 -0.000473814 0.00934689 -0.017494 -0.000477035 0.00115362 -0.017494 0.0872549 
0.0105161 -0.0188357 0.000450499 -0.000477938 -0.0188357 0.0909985 -0.000476105 0.00113696 0.000450499 -0.000476105 0.00941294 -0.0175874 -0.000477938 0.00113696 -0.0175874 0.0878721 
0.0105181 -0.0188643 0.000402156 -0.000491345 -0.0188643 0.0910929 -0.000489511 0.00113894 0.000402156 -0.000489511 0.00939997 -0.0175666 -0.000491345 0.00113894 -0.0175666 0.0877764 
0.0103985 -0.0186048 0.000345426 -0.000432071 -0.0186048 0.0898497 -0.000430357 0.00105842 0.000345426 -0.000430357 0.00923275 -0.0173029 -0.000432071 0.00105842 -0.0173029 0.0864736 
0.0104603 -0.0187134 0.000331671 -0.000376838 -0.0187134 0.0902977 -0.000376989 0.00094496 0.000331671 -0.000376989 0.00926037 -0.0173565 -0.000376838 0.00094496 -0.0173565 0.086832 
