0.00697809 0 0.000667449 0 0 0.00998033 0 0 0.000667449 0 0.00731672 0 0 0 0 0.00998033 
0.00994613 -0.0123555 0.000894479 -0.00108649 -0.0123555 0.0329572 -0.00108649 0.0020832 0.000894479 -0.00108649 0.0105339 -0.0130678 -0.00108649 0.0020832 -0.0130678 0.0343228 
0.00970663 -0.0182818 0.000791221 -0.00106882 -0.0182818 0.0675119 -0.00106882 0.00330726 0.000791221 -0.00106882 0.01032 -0.0190766 -0.00106882 0.00330726 -0.0190766 0.0699844 
0.00915349 -0.0178728 0.000779351 -0.000745398 -0.0178728 0.080564 -0.000730611 0.00199754 0.000779351 -0.000730611 0.00972058 -0.0186 -0.000745398 0.00199754 -0.0186 0.0828543 
0.00935269 -0.017598 0.000826384 -0.000826584 -0.017598 0.0853142 -0.000798557 0.00162761 0.000826384 -0.000798557 0.00987113 -0.0183259 -0.000826584 0.00162761 -0.0183259 0.0877559 
0.00935311 -0.0172764 0.000834047 -0.000908745 -0.0172764 0.0850652 -0.000885472 0.00186676 0.000834047 -0.000885472 0.00984098 -0.0179257 -0.000908745 0.00186676 -0.0179257 0.087376 
0.00962625 -0.0177481 0.000825401 -0.000951443 -0.0177481 0.0875918 -0.000939644 0.00212273 0.000825401 -0.000939644 0.0101389 -0.0183857 -0.000951443 0.00212273 -0.0183857 0.0897491 
0.00947753 -0.0175983 0.000780099 -0.000881184 -0.0175983 0.086972 -0.000878775 0.00206398 0.000780099 -0.000878775 0.0100651 -0.018188 -0.000881184 0.00206398 -0.018188 0.0888229 
0.00938656 -0.0174786 0.000757613 -0.000828364 -0.0174786 0.0867601 -0.000836038 0.00195138 0.000757613 -0.000836038 0.0100837 -0.0181792 -0.000828364 0.00195138 -0.0181792 0.0886583 
0.00938873 -0.0174009 0.000762441 -0.000811376 -0.0174009 0.086671 -0.000818932 0.00188083 0.000762441 -0.000818932 0.0101164 -0.0182658 -0.000811376 0.00188083 -0.0182658 0.0889007 
0.00953459 -0.0176018 0.000766865 -0.000825628 -0.0176018 0.0876418 -0.000828664 0.00187648 0.000766865 -0.000828664 0.0102398 -0.0185417 -0.000825628 0.00187648 -0.0185417 0.0901852 
0.00962506 -0.0176719 0.000756906 -0.000825163 -0.0176719 0.0878263 -0.00082637 0.0018737 0.000756906 -0.00082637 0.0101995 -0.0185793 -0.000825163 0.0018737 -0.0185793 0.0904319 
0.00952109 -0.0175019 0.000718424 -0.000805715 -0.0175019 0.0866602 -0.000804644 0.00183641 0.000718424 -0.000804644 0.0100216 -0.01821 -0.000805715 0.00183641 -0.01821 0.0889168 
0.00970357 -0.0178282 0.000749427 -0.000790655 -0.0178282 0.0881679 -0.000785974 0.00182131 0.000749427 -0.000785974 0.0101709 -0.0184559 -0.000790655 0.00182131 -0.0184559 0.0901448 
0.00965012 -0.017781 0.000775089 -0.000805635 -0.017781 0.0878379 -0.000797508 0.00180965 0.000775089 -0.000797508 0.0101224 -0.0183449 -0.000805635 0.00180965 -0.0183449 0.0895821 
0.0096744 -0.0177163 0.000788604 -0.000837348 -0.0177163 0.0875467 -0.000829468 0.00186253 0.000788604 -0.000829468 0.0100371 -0.0182649 -0.000837348 0.00186253 -0.0182649 0.0891436 
0.0097074 -0.0177867 0.000791223 -0.000849452 -0.0177867 0.0876401 -0.000849423 0.00191415 0.000791223 -0.000849423 0.00999898 -0.0182003 -0.000849452 0.00191415 -0.0182003 0.0889765 
0.00974 -0.0178561 0.000787251 -0.000847208 -0.0178561 0.0878925 -0.000853558 0.001931 0.000787251 -0.000853558 0.00999526 -0.0181927 -0.000847208 0.001931 -0.0181927 0.0889959 
0.0096907 -0.0179003 0.000774628 -0.000836434 -0.0179003 0.0880924 -0.000845753 0.00191421 0.000774628 -0.000845753 0.0100437 -0.0182065 -0.000836434 0.00191421 -0.0182065 0.0890807 
0.009637 -0.0178562 0.000746803 -0.000817242 -0.0178562 0.0881567 -0.000827227 0.00186829 0.000746803 -0.000827227 0.0101062 -0.0182782 -0.000817242 0.00186829 -0.0182782 0.0892803 
0.00963482 -0.017844 0.000721063 -0.000788756 -0.017844 0.0883163 -0.000792337 0.00179906 0.000721063 -0.000792337 0.0101693 -0.018389 -0.000788756 0.00179906 -0.018389 0.0896918 
0.00963808 -0.0178445 0.000722053 -0.000768123 -0.0178445 0.0883959 -0.000766552 0.00174293 0.000722053 -0.000766552 0.0102256 -0.0184562 -0.000768123 0.00174293 -0.0184562 0.089966 
0.00957241 -0.01782 0.000721773 -0.000760458 -0.01782 0.0883163 -0.000757912 0.00170062 0.000721773 -0.000757912 0.0102817 -0.018497 -0.000760458 0.00170062 -0.018497 0.090057 
0.00952501 -0.0177005 0.000731441 -0.000765552 -0.0177005 0.0879652 -0.000765446 0.00170554 0.000731441 -0.000765446 0.0102893 -0.0185213 -0.000765552 0.00170554 -0.0185213 0.0899888 
0.00949873 -0.0175411 0.000750081 -0.000783977 -0.0175411 0.0872691 -0.000784336 0.0017507 0.000750081 -0.000784336 0.010234 -0.0184858 -0.000783977 0.0017507 -0.0184858 0.0896914 
0.00947938 -0.0175573 0.000757963 -0.000806522 -0.0175573 0.0871618 -0.000809435 0.00180922 0.000757963 -0.000809435 0.0102195 -0.0184754 -0.000806522 0.00180922 -0.0184754 0.0897127 
0.00941906 -0.0174572 0.000734413 -0.000823649 -0.0174572 0.0867248 -0.000835718 0.00188634 0.000734413 -0.000835718 0.0102037 -0.0183969 -0.000823649 0.00188634 -0.0183969 0.0893537 
0.00959882 -0.0177326 0.000728882 -0.00080054 -0.0177326 0.0881132 -0.000816831 0.00188612 0.000728882 -0.000816831 0.0103662 -0.0187209 -0.00080054 0.00188612 -0.0187209 0.0908421 
0.00946331 -0.0174738 0.000751713 -0.000762794 -0.0174738 0.0867072 -0.00077553 0.00178697 0.000751713 -0.00077553 0.0101682 -0.0184118 -0.000762794 0.00178697 -0.0184118 0.0893743 
0.00952056 -0.0175441 0.000794731 -0.00081185 -0.0175441 0.0869836 -0.000818137 0.00183345 0.000794731 -0.000818137 0.0101471 -0.0184242 -0.00081185 0.00183345 -0.0184242 0.0895427 
0.00955225 -0.0175633 0.000793798 -0.000864667 -0.0175633 0.0869511 -0.000867941 0.0019452 0.000793798 -0.000867941 0.0100914 -0.0183288 -0.000864667 0.0019452 -0.0183288 0.0892519 
0.00969892 -0.0179057 0.000803257 -0.000885312 -0.0179057 0.0885022 -0.000886329 0.00204361 0.000803257 -0.000886329 0.0102674 -0.0185831 -0.000885312 0.00204361 -0.0185831 0.0905827 
0.00969963 -0.0179026 0.000801624 -0.000879556 -0.0179026 0.0885829 -0.000873328 0.00203687 0.000801624 -0.000873328 0.0102731 -0.0186105 -0.000879556 0.00203687 -0.0186105 0.090615 
0.00968447 -0.0178482 0.000806415 -0.000867858 -0.0178482 0.0883031 -0.000853865 0.00198946 0.000806415 -0.000853865 0.010198 -0.0185318 -0.000867858 0.00198946 -0.0185318 0.0902688 
0.00970616 -0.0179484 0.000819955 -0.000873307 -0.0179484 0.0886988 -0.000857191 0.00197031 0.000819955 -0.000857191 0.0102073 -0.0185313 -0.000873307 0.00197031 -0.0185313 0.0904418 
0.00968115 -0.0179253 0.000831223 -0.00089066 -0.0179253 0.088706 -0.000875845 0.00199627 0.000831223 -0.000875845 0.0101957 -0.0185175 -0.00089066 0.00199627 -0.0185175 0.0903885 
0.00965646 -0.0178676 0.000827554 -0.000904148 -0.0178676 0.0885807 -0.000893351 0.00203292 0.000827554 -0.000893351 0.0101974 -0.0185265 -0.000904148 0.00203292 -0.0185265 0.090414 
0.00948404 -0.0175508 0.000787603 -0.000887873 -0.0175508 0.0870775 -0.000879558 0.00201939 0.000787603 -0.000879558 0.0100491 -0.0182465 -0.000887873 0.00201939 -0.0182465 0.0890455 
0.00944845 -0.01752 0.000737709 -0.000846808 -0.01752 0.0869326 -0.000840872 0.00195221 0.000737709 -0.000840872 0.0100554 -0.0182164 -0.000846808 0.00195221 -0.0182164 0.0889202 
0.00944075 -0.0174656 0.000708037 -0.000792083 -0.0174656 0.0867936 -0.000790841 0.00184684 0.000708037 -0.000790841 0.0100651 -0.0182515 -0.000792083 0.00184684 -0.0182515 0.088971 
0.00957271 -0.0177023 0.000719812 -0.000767753 -0.0177023 0.0879608 -0.000773036 0.00178244 0.000719812 -0.000773036 0.01022 -0.0185336 -0.000767753 0.00178244 -0.0185336 0.090328 
0.0095364 -0.0176404 0.000713584 -0.000761489 -0.0176404 0.0876075 -0.000769526 0.00173369 0.000713584 -0.000769526 0.0101811 -0.0184545 -0.000761489 0.00173369 -0.0184545 0.0899571 
0.00952621 -0.0176428 0.00071605 -0.000746656 -0.0176428 0.087582 -0.000756101 0.00169018 0.00071605 -0.000756101 0.0101801 -0.0184271 -0.000746656 0.00169018 -0.0184271 0.089833 
0.00955331 -0.0176472 0.000736943 -0.000761845 -0.0176472 0.0876246 -0.000771675 0.00171283 0.000736943 -0.000771675 0.0101526 -0.0184355 -0.000761845 0.00171283 -0.0184355 0.0898272 
0.00955684 -0.0176927 0.000739797 -0.000789358 -0.0176927 0.0877529 -0.000796857 0.00176814 0.000739797 -0.000796857 0.0101532 -0.0184168 -0.000789358 0.00176814 -0.0184168 0.0898453 
0.00956943 -0.0177416 0.000735126 -0.000802808 -0.0177416 0.0880356 -0.000806045 0.00181994 0.000735126 -0.000806045 0.0101812 -0.0184593 -0.000802808 0.00181994 -0.0184593 0.0900564 
0.00958544 -0.0177821 0.000713662 -0.000799603 -0.0177821 0.0883062 -0.000798959 0.00182884 0.000713662 -0.000798959 0.0102186 -0.0185209 -0.000799603 0.00182884 -0.0185209 0.0903435 
0.00960513 -0.0177664 0.00072296 -0.000771895 -0.0177664 0.0882864 -0.000769779 0.00178404 0.00072296 -0.000769779 0.0101959 -0.0185311 -0.000771895 0.00178404 -0.0185311 0.0903792 
0.00962604 -0.0177655 0.000739293 -0.000781811 -0.0177655 0.0882333 -0.000778459 0.00177593 0.000739293 -0.000778459 0.0101536 -0.0185093 -0.000781811 0.00177593 -0.0185093 0.0903574 
0.00951818 -0.0175413 0.000744466 -0.000791537 -0.0175413 0.0870042 -0.00078139 0.00177495 0.000744466 -0.00078139 0.00996007 -0.0181868 -0.000791537 0.00177495 -0.0181868 0.0889511 
0.00954063 -0.0176016 0.000741688 -0.000819532 -0.0176016 0.0872047 -0.000802925 0.00183103 0.000741688 -0.000802925 0.00996802 -0.0181556 -0.000819532 0.00183103 -0.0181556 0.0889423 
0.0095359 -0.0175337 0.000735303 -0.000812815 -0.0175337 0.0868883 -0.000799683 0.00184857 0.000735303 -0.000799683 0.00991163 -0.0180839 -0.000812815 0.00184857 -0.0180839 0.0885486 
0.00968534 -0.0178039 0.000729718 -0.000814238 -0.0178039 0.0880952 -0.00080853 0.00186903 0.000729718 -0.00080853 0.0100412 -0.0182988 -0.000814238 0.00186903 -0.0182988 0.0896634 
0.00967772 -0.0178475 0.000737516 -0.000786684 -0.0178475 0.0882266 -0.000792423 0.00182759 0.000737516 -0.000792423 0.0100705 -0.0182998 -0.000786684 0.00182759 -0.0182998 0.0896556 
0.00970274 -0.017881 0.00077139 -0.000794181 -0.017881 0.0884559 -0.000808027 0.00182598 0.00077139 -0.000808027 0.010095 -0.0183633 -0.000794181 0.00182598 -0.0183633 0.0898584 
0.00962496 -0.0176761 0.000781224 -0.000808191 -0.0176761 0.0874248 -0.000818516 0.00181716 0.000781224 -0.000818516 0.00993578 -0.0181444 -0.000808191 0.00181716 -0.0181444 0.0887892 
0.00963671 -0.0177029 0.000792038 -0.000839415 -0.0177029 0.0874163 -0.000838805 0.00187176 0.000792038 -0.000838805 0.00991737 -0.0180824 -0.000839415 0.00187176 -0.0180824 0.0886391 
0.00960904 -0.0177009 0.000793397 -0.000857103 -0.0177009 0.0873587 -0.000851096 0.00192014 0.000793397 -0.000851096 0.0099227 -0.0180392 -0.000857103 0.00192014 -0.0180392 0.0884345 
0.00956514 -0.0176752 0.000788278 -0.000852529 -0.0176752 0.0872893 -0.0008503 0.00192693 0.000788278 -0.0008503 0.00992429 -0.018028 -0.000852529 0.00192693 -0.018028 0.0883006 
0.00955331 -0.017657 0.000811639 -0.000849822 -0.017657 0.0873239 -0.000849555 0.00192851 0.000811639 -0.000849555 0.00993485 -0.0180517 -0.000849822 0.00192851 -0.0180517 0.0883709 
0.0095568 -0.0176557 0.000820422 -0.00087335 -0.0176557 0.0874053 -0.000871154 0.0019535 0.000820422 -0.000871154 0.00995495 -0.0181013 -0.00087335 0.0019535 -0.0181013 0.0885813 
0.00954229 -0.0176559 0.000845086 -0.000901197 -0.0176559 0.0874602 -0.000894355 0.0020273 0.000845086 -0.000894355 0.00999915 -0.0181501 -0.000901197 0.0020273 -0.0181501 0.0888023 
0.00955068 -0.0176855 0.000824971 -0.000927701 -0.0176855 0.087681 -0.000915722 0.00208304 0.000824971 -0.000915722 0.0100583 -0.0182312 -0.000927701 0.00208304 -0.0182312 0.08914 
0.00954147 -0.0176502 0.000823926 -0.000908078 -0.0176502 0.087559 -0.000899195 0.00209201 0.000823926 -0.000899195 0.010051 -0.0182386 -0.000908078 0.00209201 -0.0182386 0.0891145 
0.00956185 -0.0176519 0.000810671 -0.000895916 -0.0176519 0.0875446 -0.000890662 0.0020574 0.000810671 -0.000890662 0.0100346 -0.0182356 -0.000895916 0.0020574 -0.0182356 0.0891216 
0.00956832 -0.0176284 0.000797769 -0.000883042 -0.0176284 0.0873565 -0.000880138 0.00203588 0.000797769 -0.000880138 0.0100015 -0.0181874 -0.000883042 0.00203588 -0.0181874 0.0889258 
0.00957723 -0.0176142 0.000790487 -0.000863343 -0.0176142 0.0872109 -0.000860296 0.00198863 0.000790487 -0.000860296 0.00997045 -0.0181623 -0.000863343 0.00198863 -0.0181623 0.0888061 
0.00956374 -0.0175958 0.000795293 -0.000841585 -0.0175958 0.0870396 -0.000839719 0.00191781 0.000795293 -0.000839719 0.00994372 -0.0181248 -0.000841585 0.00191781 -0.0181248 0.0886579 
0.00955428 -0.0176007 0.000820443 -0.000851363 -0.0176007 0.0870306 -0.000846992 0.00190383 0.000820443 -0.000846992 0.0099395 -0.0181089 -0.000851363 0.00190383 -0.0181089 0.0886213 
0.00962345 -0.0176653 0.000844858 -0.000889915 -0.0176653 0.0873775 -0.000885064 0.001969 0.000844858 -0.000885064 0.00993893 -0.0181821 -0.000889915 0.001969 -0.0181821 0.0889739 
0.00966191 -0.0177446 0.000846766 -0.000917063 -0.0177446 0.0876489 -0.000914039 0.00204334 0.000846766 -0.000914039 0.00993388 -0.018186 -0.000917063 0.00204334 -0.018186 0.0891513 
0.00975923 -0.0178655 0.00086256 -0.000919462 -0.0178655 0.088192 -0.000917377 0.00207655 0.00086256 -0.000917377 0.00991721 -0.0182304 -0.000919462 0.00207655 -0.0182304 0.0894947 
0.00978579 -0.0178801 0.000862902 -0.00092722 -0.0178801 0.0881207 -0.000924216 0.00208326 0.000862902 -0.000924216 0.00984444 -0.0181125 -0.00092722 0.00208326 -0.0181125 0.0891417 
0.00975869 -0.0178633 0.000864415 -0.00092825 -0.0178633 0.0879323 -0.00092133 0.00208331 0.000864415 -0.00092133 0.00981237 -0.0180015 -0.00092825 0.00208331 -0.0180015 0.0887159 
0.00969483 -0.017802 0.000863911 -0.000931672 -0.017802 0.0876307 -0.00092607 0.00209198 0.000863911 -0.00092607 0.0097935 -0.017909 -0.000931672 0.00209198 -0.017909 0.0882384 
0.00961712 -0.0177268 0.000847478 -0.000923384 -0.0177268 0.0873791 -0.000920978 0.00207643 0.000847478 -0.000920978 0.00979763 -0.0178898 -0.000923384 0.00207643 -0.0178898 0.088017 
0.00977596 -0.0179821 0.000847128 -0.000927144 -0.0179821 0.0888176 -0.0009243 0.00209203 0.000847128 -0.0009243 0.00996684 -0.0182292 -0.000927144 0.00209203 -0.0182292 0.0895943 
0.00975362 -0.0179184 0.000839501 -0.000907676 -0.0179184 0.0885034 -0.000904796 0.00205085 0.000839501 -0.000904796 0.00992646 -0.0181754 -0.000907676 0.00205085 -0.0181754 0.0893562 
0.00979022 -0.017923 0.000852397 -0.000901515 -0.017923 0.0884905 -0.000901467 0.00203233 0.000852397 -0.000901467 0.00989255 -0.018164 -0.000901515 0.00203233 -0.018164 0.0893421 
0.00975418 -0.0179494 0.000879495 -0.000911841 -0.0179494 0.0884514 -0.000920739 0.00204781 0.000879495 -0.000920739 0.00990468 -0.0180883 -0.000911841 0.00204781 -0.0180883 0.0891145 
0.00975926 -0.0179404 0.000885094 -0.000941579 -0.0179404 0.0885581 -0.000951131 0.00209766 0.000885094 -0.000951131 0.00993856 -0.018158 -0.000941579 0.00209766 -0.018158 0.0892722 
0.0097438 -0.0179163 0.000885651 -0.000954582 -0.0179163 0.0884726 -0.000954705 0.0021371 0.000885651 -0.000954705 0.00995145 -0.0181923 -0.000954582 0.0021371 -0.0181923 0.0893623 
0.00975198 -0.0179 0.000873627 -0.000958407 -0.0179 0.0884352 -0.000955596 0.00215369 0.000873627 -0.000955596 0.00997109 -0.0182301 -0.000958407 0.00215369 -0.0182301 0.0895027 
0.00974194 -0.0179445 0.000856096 -0.000934593 -0.0179445 0.0885968 -0.000931324 0.00210978 0.000856096 -0.000931324 0.0100118 -0.0182798 -0.000934593 0.00210978 -0.0182798 0.0897379 
0.00968522 -0.0178325 0.000846643 -0.000912062 -0.0178325 0.0881448 -0.000908174 0.0020546 0.000846643 -0.000908174 0.00996402 -0.0182078 -0.000912062 0.0020546 -0.0182078 0.0893411 
0.00963519 -0.0177357 0.000826984 -0.000906469 -0.0177357 0.0876825 -0.000906071 0.00203431 0.000826984 -0.000906071 0.0099185 -0.0181075 -0.000906469 0.00203431 -0.0181075 0.088878 
0.00966012 -0.0177117 0.000825229 -0.000885451 -0.0177117 0.0875648 -0.000885578 0.00200301 0.000825229 -0.000885578 0.00988231 -0.0180931 -0.000885451 0.00200301 -0.0180931 0.0887694 
0.00970417 -0.0177455 0.000818629 -0.000886335 -0.0177455 0.0875432 -0.000884514 0.00199009 0.000818629 -0.000884514 0.00983483 -0.0180283 -0.000886335 0.00199009 -0.0180283 0.0885721 
0.00970953 -0.0178379 0.000815331 -0.000866043 -0.0178379 0.0878061 -0.00086219 0.001939 0.000815331 -0.00086219 0.00982809 -0.0180046 -0.000866043 0.001939 -0.0180046 0.0885619 
0.00971471 -0.0178593 0.000791835 -0.000862043 -0.0178593 0.0880252 -0.000860565 0.00191075 0.000791835 -0.000860565 0.00984414 -0.0180336 -0.000862043 0.00191075 -0.0180336 0.0886976 
0.00973021 -0.0178711 0.00078236 -0.000842952 -0.0178711 0.0881408 -0.000849703 0.00189664 0.00078236 -0.000849703 0.00985884 -0.0180526 -0.000842952 0.00189664 -0.0180526 0.0888026 
0.00965061 -0.0178255 0.000766413 -0.000822243 -0.0178255 0.087931 -0.000832956 0.00185171 0.000766413 -0.000832956 0.00989126 -0.0180251 -0.000822243 0.00185171 -0.0180251 0.0886493 
0.00959486 -0.017801 0.000758035 -0.000807114 -0.017801 0.0880438 -0.000814301 0.00180778 0.000758035 -0.000814301 0.00998386 -0.0181336 -0.000807114 0.00180778 -0.0181336 0.0889833 
0.00953999 -0.0177048 0.000764759 -0.000803823 -0.0177048 0.0878616 -0.000808073 0.0017907 0.000764759 -0.000808073 0.0100455 -0.0182299 -0.000803823 0.0017907 -0.0182299 0.0892262 
0.00946041 -0.0175262 0.000766616 -0.000808987 -0.0175262 0.0871425 -0.000815203 0.00179645 0.000766616 -0.000815203 0.0100232 -0.0181981 -0.000808987 0.00179645 -0.0181981 0.0889232 
0.0094638 -0.0175625 0.000737396 -0.000815219 -0.0175625 0.0872859 -0.000823247 0.00181676 0.000737396 -0.000823247 0.0100645 -0.0182544 -0.000815219 0.00181676 -0.0182544 0.0891954 
0.00948296 -0.0175229 0.000729853 -0.00077588 -0.0175229 0.0871658 -0.000783996 0.00176406 0.000729853 -0.000783996 0.0100251 -0.0182697 -0.00077588 0.00176406 -0.0182697 0.0892055 
0.00952559 -0.0175333 0.000774703 -0.000773633 -0.0175333 0.0870907 -0.000780947 0.00173866 0.000774703 -0.000780947 0.00996624 -0.0182145 -0.000773633 0.00173866 -0.0182145 0.0890904 
0.00959185 -0.0176473 0.000794131 -0.000834947 -0.0176473 0.0874608 -0.000837783 0.00182458 0.000794131 -0.000837783 0.00996741 -0.0182154 -0.000834947 0.00182458 -0.0182154 0.08926 
0.00964161 -0.0177852 0.000772635 -0.000874999 -0.0177852 0.0880234 -0.000870308 0.00194388 0.000772635 -0.000870308 0.0100072 -0.0182636 -0.000874999 0.00194388 -0.0182636 0.0895809 
0.00964317 -0.0178082 0.000733091 -0.000839795 -0.0178082 0.0881679 -0.000835682 0.00192909 0.000733091 -0.000835682 0.01001 -0.0182571 -0.000839795 0.00192909 -0.0182571 0.0895605 
0.00965998 -0.0178296 0.000717074 -0.000784644 -0.0178296 0.0883708 -0.000783082 0.001821 0.000717074 -0.000783082 0.0100212 -0.0183215 -0.000784644 0.001821 -0.0183215 0.0898288 
0.00962541 -0.0177803 0.000709493 -0.000754114 -0.0177803 0.0881374 -0.000758991 0.00172007 0.000709493 -0.000758991 0.00999275 -0.0182479 -0.000754114 0.00172007 -0.0182479 0.0895722 
0.00958147 -0.0177071 0.000728892 -0.000749527 -0.0177071 0.0878223 -0.000755155 0.00168317 0.000728892 -0.000755155 0.00996571 -0.0181801 -0.000749527 0.00168317 -0.0181801 0.0892487 
0.0095679 -0.0176573 0.000750795 -0.000790925 -0.0176573 0.0875738 -0.000786712 0.00174543 0.000750795 -0.000786712 0.00993794 -0.0181104 -0.000790925 0.00174543 -0.0181104 0.0889162 
0.0095369 -0.0176174 0.000752354 -0.00081752 -0.0176174 0.0873196 -0.000805715 0.00181215 0.000752354 -0.000805715 0.00990494 -0.0180475 -0.00081752 0.00181215 -0.0180475 0.0885786 
0.00964063 -0.0177786 0.000746006 -0.00083553 -0.0177786 0.0881712 -0.000827929 0.00188901 0.000746006 -0.000827929 0.0100034 -0.0182483 -0.00083553 0.00188901 -0.0182483 0.0895064 
0.00961106 -0.0176666 0.000755412 -0.000819026 -0.0176666 0.0875803 -0.000821606 0.00190078 0.000755412 -0.000821606 0.00992409 -0.0181405 -0.000819026 0.00190078 -0.0181405 0.0889737 
0.00958717 -0.0175765 0.000751176 -0.000823698 -0.0175765 0.0870008 -0.000834738 0.00191122 0.000751176 -0.000834738 0.00984791 -0.0180065 -0.000823698 0.00191122 -0.0180065 0.0883618 
0.00968245 -0.0177852 0.000750798 -0.00081371 -0.0177852 0.0878153 -0.00082833 0.00189893 0.000750798 -0.00082833 0.00988521 -0.0181162 -0.00081371 0.00189893 -0.0181162 0.0889576 
0.0096994 -0.0178712 0.000759429 -0.000811392 -0.0178712 0.0881831 -0.000823952 0.00188088 0.000759429 -0.000823952 0.00989738 -0.0181095 -0.000811392 0.00188088 -0.0181095 0.0890606 
0.00970471 -0.0178912 0.000755059 -0.000814966 -0.0178912 0.0883385 -0.000820877 0.00186104 0.000755059 -0.000820877 0.00988903 -0.0180917 -0.000814966 0.00186104 -0.0180917 0.0890043 
0.00971031 -0.017916 0.000738289 -0.000810173 -0.017916 0.0885424 -0.000806698 0.00183383 0.000738289 -0.000806698 0.00991695 -0.018137 -0.000810173 0.00183383 -0.018137 0.0892085 
0.00970025 -0.0179311 0.000722059 -0.000797901 -0.0179311 0.0886798 -0.000787031 0.00180054 0.000722059 -0.000787031 0.00996109 -0.0181724 -0.000797901 0.00180054 -0.0181724 0.089377 
0.00968189 -0.0179079 0.000726395 -0.000787403 -0.0179079 0.0886831 -0.000776333 0.00177943 0.000726395 -0.000776333 0.010002 -0.0182225 -0.000787403 0.00177943 -0.0182225 0.0895205 
0.00965676 -0.0178608 0.00072286 -0.000786951 -0.0178608 0.0885318 -0.000774785 0.00176275 0.00072286 -0.000774785 0.0100142 -0.0182487 -0.000786951 0.00176275 -0.0182487 0.0895528 
0.00963872 -0.0178491 0.000723966 -0.000778545 -0.0178491 0.0885217 -0.000769774 0.00174529 0.000723966 -0.000769774 0.0100341 -0.0182862 -0.000778545 0.00174529 -0.0182862 0.0896963 
0.00958328 -0.0177727 0.000736843 -0.000780088 -0.0177727 0.0881792 -0.000778251 0.00175192 0.000736843 -0.000778251 0.0100155 -0.0182153 -0.000780088 0.00175192 -0.0182153 0.0893703 
0.00958451 -0.0177322 0.000764978 -0.000800552 -0.0177322 0.0880697 -0.00080191 0.00179635 0.000764978 -0.00080191 0.0100156 -0.0182329 -0.000800552 0.00179635 -0.0182329 0.0893635 
0.00960828 -0.0177057 0.0008025 -0.000840829 -0.0177057 0.0879304 -0.000842428 0.00188787 0.0008025 -0.000842428 0.00999241 -0.0182506 -0.000840829 0.00188787 -0.0182506 0.0894014 
0.00963076 -0.0177259 0.000808816 -0.000881195 -0.0177259 0.0878424 -0.000878463 0.00197993 0.000808816 -0.000878463 0.00995014 -0.018189 -0.000881195 0.00197993 -0.018189 0.0892257 
0.00962933 -0.0177911 0.000771808 -0.000889099 -0.0177911 0.0880495 -0.000885351 0.00202949 0.000771808 -0.000885351 0.0099695 -0.018188 -0.000889099 0.00202949 -0.018188 0.0892939 
0.00965036 -0.0178513 0.000728498 -0.000846684 -0.0178513 0.088447 -0.0008492 0.00199048 0.000728498 -0.0008492 0.010015 -0.0182786 -0.000846684 0.00199048 -0.0182786 0.0896811 
0.00950923 -0.0175779 0.000685291 -0.000774675 -0.0175779 0.0871744 -0.000785734 0.00184907 0.000685291 -0.000785734 0.00987649 -0.0180256 -0.000774675 0.00184907 -0.0180256 0.0884394 
0.00951426 -0.0175875 0.000660293 -0.000740002 -0.0175875 0.0872057 -0.000750574 0.00175267 0.000660293 -0.000750574 0.00988236 -0.0180144 -0.000740002 0.00175267 -0.0180144 0.0884256 
0.00950371 -0.0175614 0.000643849 -0.000711667 -0.0175614 0.0871027 -0.000716784 0.00166824 0.000643849 -0.000716784 0.00988631 -0.0180141 -0.000711667 0.00166824 -0.0180141 0.088371 
0.0095335 -0.0175869 0.000646955 -0.000688512 -0.0175869 0.0872021 -0.000690849 0.00159187 0.000646955 -0.000690849 0.00987514 -0.0180335 -0.000688512 0.00159187 -0.0180335 0.0884534 
0.00969661 -0.0178723 0.000670966 -0.000705532 -0.0178723 0.0885351 -0.00070936 0.00160365 0.000670966 -0.00070936 0.0100175 -0.0182729 -0.000705532 0.00160365 -0.0182729 0.0897115 
0.00967958 -0.017868 0.000697416 -0.000722354 -0.017868 0.0884595 -0.000721698 0.00162391 0.000697416 -0.000721698 0.010007 -0.0182508 -0.000722354 0.00162391 -0.0182508 0.0895815 
0.00949347 -0.0175982 0.000675017 -0.000742606 -0.0175982 0.0871293 -0.000739849 0.00165215 0.000675017 -0.000739849 0.00987438 -0.0179608 -0.000742606 0.00165215 -0.0179608 0.0881633 
0.0094659 -0.017555 0.000641853 -0.000736089 -0.017555 0.087119 -0.000734834 0.00168109 0.000641853 -0.000734834 0.00992309 -0.018028 -0.000736089 0.00168109 -0.018028 0.0883472 
0.00944061 -0.0175748 0.000621496 -0.000697645 -0.0175748 0.0873288 -0.000699611 0.00163423 0.000621496 -0.000699611 0.00999815 -0.0181415 -0.000697645 0.00163423 -0.0181415 0.0888019 
0.0093844 -0.0174698 0.00061856 -0.000673147 -0.0174698 0.0869945 -0.000679869 0.0015775 0.00061856 -0.000679869 0.00999976 -0.0181315 -0.000673147 0.0015775 -0.0181315 0.08868 
0.00938887 -0.0173879 0.000660128 -0.000669116 -0.0173879 0.0866852 -0.000679589 0.00155747 0.000660128 -0.000679589 0.00997455 -0.018124 -0.000669116 0.00155747 -0.018124 0.0885722 
0.00940687 -0.0174401 0.000660284 -0.000721942 -0.0174401 0.0867519 -0.000732841 0.00163779 0.000660284 -0.000732841 0.00999648 -0.0181022 -0.000721942 0.00163779 -0.0181022 0.0885505 
0.00941463 -0.0175052 0.000640704 -0.000723584 -0.0175052 0.0870512 -0.000731677 0.00168293 0.000640704 -0.000731677 0.0100633 -0.018187 -0.000723584 0.00168293 -0.018187 0.0888377 
0.0094117 -0.0175387 0.000599742 -0.00069482 -0.0175387 0.0873519 -0.000697117 0.00163451 0.000599742 -0.000697117 0.010143 -0.0183313 -0.00069482 0.00163451 -0.0183313 0.0893638 
0.0094064 -0.0175186 0.000595934 -0.000645803 -0.0175186 0.0873866 -0.000645746 0.00153122 0.000595934 -0.000645746 0.0101535 -0.0184017 -0.000645803 0.00153122 -0.0184017 0.0896398 
0.00937781 -0.0174801 0.000577903 -0.000642123 -0.0174801 0.0872176 -0.000642572 0.00148018 0.000577903 -0.000642572 0.0101532 -0.0183614 -0.000642123 0.00148018 -0.0183614 0.0895428 
0.00938468 -0.0174091 0.000564767 -0.000622208 -0.0174091 0.0869121 -0.000624526 0.00144304 0.000564767 -0.000624526 0.0101106 -0.018317 -0.000622208 0.00144304 -0.018317 0.0892803 
0.00947802 -0.0175498 0.000558122 -0.000607479 -0.0175498 0.0874666 -0.000612709 0.00140829 0.000558122 -0.000612709 0.0101444 -0.0184251 -0.000607479 0.00140829 -0.0184251 0.0898414 
0.00952966 -0.0176383 0.000564124 -0.000596118 -0.0176383 0.0877586 -0.000606103 0.00138173 0.000564124 -0.000606103 0.0101518 -0.0184229 -0.000596118 0.00138173 -0.0184229 0.0899584 
0.00956213 -0.0177277 0.00057844 -0.000612753 -0.0177277 0.0880828 -0.000624951 0.0014125 0.00057844 -0.000624951 0.0101979 -0.0184266 -0.000612753 0.0014125 -0.0184266 0.0900273 
0.00956252 -0.0177808 0.000592178 -0.000621969 -0.0177808 0.0883307 -0.000629326 0.00142763 0.000592178 -0.000629326 0.0102346 -0.0184757 -0.000621969 0.00142763 -0.0184757 0.0901409 
0.00941238 -0.0175077 0.00058089 -0.00062506 -0.0175077 0.0870696 -0.000624694 0.00141625 0.00058089 -0.000624694 0.010105 -0.0182399 -0.00062506 0.00141625 -0.0182399 0.0888926 
0.00941709 -0.0174763 0.000563431 -0.000631754 -0.0174763 0.0870156 -0.000622962 0.00143205 0.000563431 -0.000622962 0.0101226 -0.0182996 -0.000631754 0.00143205 -0.0182996 0.0890817 
0.00948623 -0.017664 0.000543689 -0.000624438 -0.017664 0.0879159 -0.000614512 0.0014397 0.000543689 -0.000614512 0.0102826 -0.018519 -0.000624438 0.0014397 -0.018519 0.0901581 
0.00935353 -0.0174532 0.000529687 -0.000587073 -0.0174532 0.086959 -0.000579688 0.00137276 0.000529687 -0.000579688 0.0102399 -0.0183701 -0.000587073 0.00137276 -0.0183701 0.089301 
0.00935249 -0.0173722 0.000549352 -0.0005755 -0.0173722 0.0866987 -0.00057553 0.00133914 0.000549352 -0.00057553 0.0102413 -0.0184384 -0.0005755 0.00133914 -0.0184384 0.0893675 
0.00940976 -0.0174108 0.000592786 -0.000589154 -0.0174108 0.0867694 -0.000600128 0.0013537 0.000592786 -0.000600128 0.0102151 -0.0184844 -0.000589154 0.0013537 -0.0184844 0.0896047 
