0.00729854 0 0.000551752 0 0 0.00987847 0 0 0.000551752 0 0.00694962 0 0 0 0 0.00987847 
0.0104415 -0.0129558 0.000810351 -0.000983714 -0.0129558 0.0340226 -0.000983714 0.00188628 0.000810351 -0.000983714 0.00999242 -0.0124114 -0.000983714 0.00188628 -0.0124114 0.0329796 
0.0104897 -0.0194089 0.000705601 -0.00107445 -0.0194089 0.0712151 -0.00107445 0.00333659 0.000705601 -0.00107445 0.0100609 -0.0188956 -0.00107445 0.00333659 -0.0188956 0.0696433 
0.00977101 -0.0185705 0.000617876 -0.000708405 -0.0185705 0.0827228 -0.000713388 0.00228274 0.000617876 -0.000713388 0.00926308 -0.0182274 -0.000708405 0.00228274 -0.0182274 0.0819727 
0.00989029 -0.0181876 0.000627811 -0.00068588 -0.0181876 0.0867419 -0.000695491 0.00195281 0.000627811 -0.000695491 0.00930839 -0.0177095 -0.00068588 0.00195281 -0.0177095 0.0860885 
0.0100239 -0.0180768 0.000620836 -0.000718949 -0.0180768 0.0875766 -0.00071995 0.00196197 0.000620836 -0.00071995 0.00938102 -0.0174888 -0.000718949 0.00196197 -0.0174888 0.0866079 
0.0101433 -0.0182488 0.000613585 -0.000704007 -0.0182488 0.088479 -0.00069466 0.00189471 0.000613585 -0.00069466 0.00947358 -0.0175492 -0.000704007 0.00189471 -0.0175492 0.0871217 
0.0102703 -0.0185446 0.000620701 -0.000710932 -0.0185446 0.0899885 -0.000700263 0.00185674 0.000620701 -0.000700263 0.00965551 -0.0178268 -0.000710932 0.00185674 -0.0178268 0.0884606 
0.0102256 -0.0184577 0.000633641 -0.000697945 -0.0184577 0.0897691 -0.000690844 0.00178629 0.000633641 -0.000690844 0.00963838 -0.0178266 -0.000697945 0.00178629 -0.0178266 0.0883384 
0.0100571 -0.0181854 0.000659799 -0.000713135 -0.0181854 0.0884978 -0.000712675 0.00178809 0.000659799 -0.000712675 0.00951716 -0.0175864 -0.000713135 0.00178809 -0.0175864 0.0871729 
0.0101503 -0.0183349 0.000654218 -0.000765581 -0.0183349 0.0893118 -0.000773444 0.00190755 0.000654218 -0.000773444 0.00962178 -0.0177784 -0.000765581 0.00190755 -0.0177784 0.0880819 
0.0101081 -0.0182584 0.000641201 -0.000745921 -0.0182584 0.0889096 -0.000760154 0.00193248 0.000641201 -0.000760154 0.00957008 -0.0177038 -0.000745921 0.00193248 -0.0177038 0.0877067 
0.0100921 -0.0182325 0.000625119 -0.000719246 -0.0182325 0.0887868 -0.000738633 0.00188228 0.000625119 -0.000738633 0.00956375 -0.0176844 -0.000719246 0.00188228 -0.0176844 0.0876225 
0.0101095 -0.0182828 0.000635925 -0.00070815 -0.0182828 0.089043 -0.000727262 0.00185142 0.000635925 -0.000727262 0.00958896 -0.0177486 -0.00070815 0.00185142 -0.0177486 0.0879174 
0.0100685 -0.0181722 0.000622875 -0.000711845 -0.0181722 0.0885342 -0.000728671 0.00183186 0.000622875 -0.000728671 0.00951673 -0.0176343 -0.000711845 0.00183186 -0.0176343 0.0873966 
0.0102189 -0.0184273 0.000620825 -0.000704784 -0.0184273 0.0897087 -0.000717579 0.00181728 0.000620825 -0.000717579 0.00962755 -0.0178405 -0.000704784 0.00181728 -0.0178405 0.0884826 
0.0101526 -0.0183467 0.000606842 -0.00068278 -0.0183467 0.0892242 -0.000688613 0.00174317 0.000606842 -0.000688613 0.00956066 -0.0176984 -0.00068278 0.00174317 -0.0176984 0.0878308 
0.0101419 -0.0182979 0.000591663 -0.000675352 -0.0182979 0.0890099 -0.000671309 0.00169688 0.000591663 -0.000671309 0.00951751 -0.0176351 -0.000675352 0.00169688 -0.0176351 0.0875024 
0.010162 -0.0183997 0.000583224 -0.000669183 -0.0183997 0.0894396 -0.000660855 0.00167562 0.000583224 -0.000660855 0.00959522 -0.0176995 -0.000669183 0.00167562 -0.0176995 0.0878362 
0.0101516 -0.0184808 0.000586621 -0.000663392 -0.0184808 0.0899433 -0.00065383 0.0016626 0.000586621 -0.00065383 0.00971939 -0.0178459 -0.000663392 0.0016626 -0.0178459 0.0883871 
0.0101124 -0.0184636 0.00061396 -0.000664841 -0.0184636 0.0901384 -0.000651759 0.00165372 0.00061396 -0.000651759 0.0098064 -0.0180042 -0.000664841 0.00165372 -0.0180042 0.0889016 
0.0100289 -0.0183558 0.000631523 -0.000693281 -0.0183558 0.089856 -0.000677951 0.00168644 0.000631523 -0.000677951 0.00985267 -0.018051 -0.000693281 0.00168644 -0.018051 0.0890149 
0.0100316 -0.0182465 0.000627271 -0.000715653 -0.0182465 0.0895401 -0.000701936 0.00174321 0.000627271 -0.000701936 0.00982836 -0.0180946 -0.000715653 0.00174321 -0.0180946 0.0890906 
0.010107 -0.0182788 0.00065002 -0.000730357 -0.0182788 0.0895528 -0.000719464 0.00181973 0.00065002 -0.000719464 0.00977158 -0.0180898 -0.000730357 0.00181973 -0.0180898 0.0892042 
0.0101331 -0.0183505 0.000666758 -0.000741376 -0.0183505 0.0896325 -0.000735965 0.00184886 0.000666758 -0.000735965 0.00974195 -0.0180061 -0.000741376 0.00184886 -0.0180061 0.089058 
0.010119 -0.0183311 0.000661126 -0.00075418 -0.0183311 0.0894587 -0.000754397 0.00188021 0.000661126 -0.000754397 0.00970878 -0.017902 -0.00075418 0.00188021 -0.017902 0.0886098 
0.0101289 -0.0184403 0.000659136 -0.000751933 -0.0184403 0.0899589 -0.000750924 0.00189338 0.000659136 -0.000750924 0.00977909 -0.0179828 -0.000751933 0.00189338 -0.0179828 0.088957 
0.010115 -0.0183499 0.000656779 -0.000759208 -0.0183499 0.0897127 -0.000759654 0.00192079 0.000656779 -0.000759654 0.00976442 -0.0179897 -0.000759208 0.00192079 -0.0179897 0.0888422 
0.0101211 -0.0183783 0.000652132 -0.000749807 -0.0183783 0.0897861 -0.000751966 0.00191263 0.000652132 -0.000751966 0.00979602 -0.0180188 -0.000749807 0.00191263 -0.0180188 0.0889973 
0.00997102 -0.018054 0.000642412 -0.000728415 -0.018054 0.088252 -0.000728817 0.00185512 0.000642412 -0.000728817 0.00960094 -0.0177585 -0.000728415 0.00185512 -0.0177585 0.0876172 
0.0101225 -0.0183726 0.000651463 -0.000731625 -0.0183726 0.0897259 -0.000731057 0.00184712 0.000651463 -0.000731057 0.00975285 -0.0180183 -0.000731625 0.00184712 -0.0180183 0.0890724 
0.0101088 -0.0183143 0.000636166 -0.000735402 -0.0183143 0.0895107 -0.000736819 0.00184803 0.000636166 -0.000736819 0.00972243 -0.0179709 -0.000735402 0.00184803 -0.0179709 0.0888609 
0.010127 -0.0183352 0.000627035 -0.000719469 -0.0183352 0.089545 -0.000727884 0.00183956 0.000627035 -0.000727884 0.00971586 -0.0179529 -0.000719469 0.00183956 -0.0179529 0.0888275 
0.0100006 -0.0180951 0.000636787 -0.000691327 -0.0180951 0.0882981 -0.000703514 0.00177478 0.000636787 -0.000703514 0.00955623 -0.0176683 -0.000691327 0.00177478 -0.0176683 0.0874539 
0.0101746 -0.0184321 0.000630712 -0.000722014 -0.0184321 0.0898636 -0.000732429 0.00180888 0.000630712 -0.000732429 0.0097258 -0.0179315 -0.000722014 0.00180888 -0.0179315 0.0888122 
0.0101611 -0.0184475 0.000630778 -0.000712075 -0.0184475 0.0899195 -0.000714996 0.00180556 0.000630778 -0.000714996 0.00976796 -0.0179244 -0.000712075 0.00180556 -0.0179244 0.0887142 
0.0101454 -0.0184547 0.000631298 -0.000699298 -0.0184547 0.0900189 -0.000696445 0.00175328 0.000631298 -0.000696445 0.00982415 -0.0179938 -0.000699298 0.00175328 -0.0179938 0.0888436 
0.00995705 -0.0181299 0.000605446 -0.000700337 -0.0181299 0.0885377 -0.0006992 0.00174144 0.000605446 -0.0006992 0.00971756 -0.0177722 -0.000700337 0.00174144 -0.0177722 0.0875654 
0.00995982 -0.0181181 0.000589155 -0.000685356 -0.0181181 0.0885939 -0.000683406 0.00173565 0.000589155 -0.000683406 0.00974412 -0.017881 -0.000685356 0.00173565 -0.017881 0.0879257 
0.00997741 -0.0181189 0.000618236 -0.000660304 -0.0181189 0.0886419 -0.000656877 0.00168061 0.000618236 -0.000656877 0.00975798 -0.017939 -0.000660304 0.00168061 -0.017939 0.088226 
0.00994055 -0.0180543 0.000634575 -0.00068671 -0.0180543 0.0882708 -0.00067929 0.00168014 0.000634575 -0.00067929 0.00973398 -0.0178556 -0.00068671 0.00168014 -0.0178556 0.0879035 
0.00994465 -0.0181219 0.000679356 -0.000711257 -0.0181219 0.0885642 -0.000706032 0.00173658 0.000679356 -0.000706032 0.00976653 -0.0179081 -0.000711257 0.00173658 -0.0179081 0.0881376 
0.00994983 -0.0181028 0.000709313 -0.000770705 -0.0181028 0.0885716 -0.000775031 0.00187225 0.000709313 -0.000775031 0.0097505 -0.017907 -0.000770705 0.00187225 -0.017907 0.0881238 
0.0100022 -0.018157 0.000727826 -0.000816464 -0.018157 0.0888096 -0.000824567 0.0020222 0.000727826 -0.000824567 0.0097382 -0.0179327 -0.000816464 0.0020222 -0.0179327 0.0883176 
0.0100187 -0.0182274 0.000729357 -0.000844689 -0.0182274 0.089065 -0.000854449 0.00213315 0.000729357 -0.000854449 0.00978042 -0.0179339 -0.000844689 0.00213315 -0.0179339 0.0884535 
0.0099831 -0.0181905 0.000711137 -0.00083667 -0.0181905 0.0889722 -0.000844402 0.002148 0.000711137 -0.000844402 0.00980886 -0.0179526 -0.00083667 0.002148 -0.0179526 0.0884123 
0.00993032 -0.0181122 0.000695632 -0.000808666 -0.0181122 0.0886889 -0.000811334 0.00209215 0.000695632 -0.000811334 0.00980382 -0.0179549 -0.000808666 0.00209215 -0.0179549 0.0883 
0.00989643 -0.0180193 0.00067985 -0.00077692 -0.0180193 0.0883146 -0.000776555 0.00199338 0.00067985 -0.000776555 0.00975953 -0.0179149 -0.00077692 0.00199338 -0.0179149 0.0880818 
0.00989309 -0.0179688 0.000659316 -0.000763314 -0.0179688 0.088041 -0.00076595 0.0019426 0.000659316 -0.00076595 0.00971276 -0.0178544 -0.000763314 0.0019426 -0.0178544 0.0878559 
0.0100625 -0.0182968 0.000662211 -0.000750768 -0.0182968 0.089535 -0.000758373 0.00192326 0.000662211 -0.000758373 0.00987613 -0.0181206 -0.000750768 0.00192326 -0.0181206 0.0892545 
0.00993542 -0.0181172 0.000688299 -0.000736215 -0.0181172 0.0886176 -0.000748479 0.00187927 0.000688299 -0.000748479 0.00978676 -0.0179107 -0.000736215 0.00187927 -0.0179107 0.0882049 
0.00993661 -0.0181633 0.000707649 -0.000780677 -0.0181633 0.0889292 -0.000794219 0.00194695 0.000707649 -0.000794219 0.00985267 -0.0179919 -0.000780677 0.00194695 -0.0179919 0.0885053 
0.00988486 -0.0180959 0.000698294 -0.000806523 -0.0180959 0.0887361 -0.000815294 0.00202274 0.000698294 -0.000815294 0.00990129 -0.0180066 -0.000806523 0.00202274 -0.0180066 0.0884454 
0.00988962 -0.018058 0.000680795 -0.000794214 -0.018058 0.0886882 -0.000798258 0.00202594 0.000680795 -0.000798258 0.00992152 -0.018105 -0.000794214 0.00202594 -0.018105 0.0886905 
0.0098795 -0.0180057 0.000669649 -0.000765143 -0.0180057 0.0883947 -0.000767251 0.00196277 0.000669649 -0.000767251 0.00989552 -0.0180744 -0.000765143 0.00196277 -0.0180744 0.0885619 
0.00989544 -0.018051 0.00067544 -0.000748598 -0.018051 0.0885198 -0.00074943 0.00190186 0.00067544 -0.00074943 0.00990044 -0.018086 -0.000748598 0.00190186 -0.018086 0.0886628 
0.00989361 -0.018093 0.000655152 -0.000758479 -0.018093 0.0886899 -0.000757364 0.00189479 0.000655152 -0.000757364 0.00993278 -0.0180879 -0.000758479 0.00189479 -0.0180879 0.0887123 
0.00986409 -0.018042 0.000639594 -0.000734751 -0.018042 0.0884919 -0.000733872 0.00186327 0.000639594 -0.000733872 0.00992992 -0.0180494 -0.000734751 0.00186327 -0.0180494 0.0884449 
0.00982659 -0.0180279 0.000662083 -0.000710813 -0.0180279 0.0884505 -0.000713737 0.00180865 0.000662083 -0.000713737 0.00993211 -0.0180673 -0.000710813 0.00180865 -0.0180673 0.0884299 
0.0098205 -0.0180244 0.00069992 -0.000745166 -0.0180244 0.0885536 -0.000749915 0.00184875 0.00069992 -0.000749915 0.00994184 -0.0181001 -0.000745166 0.00184875 -0.0181001 0.0885805 
0.00982191 -0.0179606 0.000693137 -0.000792556 -0.0179606 0.088311 -0.000798881 0.00194974 0.000693137 -0.000798881 0.00991275 -0.0180547 -0.000792556 0.00194974 -0.0180547 0.0883821 
0.00982477 -0.0179408 0.000671968 -0.000777754 -0.0179408 0.0881233 -0.000787557 0.00197295 0.000671968 -0.000787557 0.00986914 -0.0180143 -0.000777754 0.00197295 -0.0180143 0.0881959 
0.00983682 -0.0180033 0.000658896 -0.000761186 -0.0180033 0.088321 -0.00076501 0.00194988 0.000658896 -0.00076501 0.00986754 -0.0180033 -0.000761186 0.00194988 -0.0180033 0.0882483 
0.00982971 -0.0180056 0.000654109 -0.000740808 -0.0180056 0.0883706 -0.000740214 0.00189359 0.000654109 -0.000740214 0.00984892 -0.0179865 -0.000740808 0.00189359 -0.0179865 0.0881999 
0.00978267 -0.0179837 0.000661489 -0.000737727 -0.0179837 0.0883079 -0.000737902 0.00186725 0.000661489 -0.000737902 0.00987493 -0.017951 -0.000737727 0.00186725 -0.017951 0.088089 
0.00974746 -0.017942 0.000682093 -0.000744553 -0.017942 0.0882896 -0.000746676 0.00186906 0.000682093 -0.000746676 0.0099236 -0.0180159 -0.000744553 0.00186906 -0.0180159 0.0882385 
0.00976507 -0.0179263 0.000711155 -0.000778026 -0.0179263 0.0883654 -0.00078142 0.00193619 0.000711155 -0.00078142 0.00994625 -0.0181203 -0.000778026 0.00193619 -0.0181203 0.088613 
0.0097529 -0.0179584 0.000727052 -0.000811495 -0.0179584 0.0884902 -0.000818452 0.00202011 0.000727052 -0.000818452 0.00999162 -0.0181564 -0.000811495 0.00202011 -0.0181564 0.0888719 
0.00972671 -0.0179314 0.000720666 -0.000821491 -0.0179314 0.0884716 -0.00082909 0.00206044 0.000720666 -0.00082909 0.010026 -0.0181871 -0.000821491 0.00206044 -0.0181871 0.0889588 
0.00969465 -0.0178578 0.000709865 -0.000818636 -0.0178578 0.0882064 -0.000830055 0.00208134 0.000709865 -0.000830055 0.0100445 -0.0181854 -0.000818636 0.00208134 -0.0181854 0.0888538 
0.00973663 -0.0178742 0.000694681 -0.000803811 -0.0178742 0.0882937 -0.000816458 0.00206159 0.000694681 -0.000816458 0.0100769 -0.0182584 -0.000803811 0.00206159 -0.0182584 0.089088 
0.00981175 -0.0179805 0.000706416 -0.000803209 -0.0179805 0.0886627 -0.000811975 0.00206629 0.000706416 -0.000811975 0.0101223 -0.0183326 -0.000803209 0.00206629 -0.0183326 0.089436 
0.0098309 -0.0180391 0.000709448 -0.000799589 -0.0180391 0.0888318 -0.000801514 0.00203172 0.000709448 -0.000801514 0.0101247 -0.0183635 -0.000799589 0.00203172 -0.0183635 0.0895461 
0.00982971 -0.0180227 0.000707811 -0.000805832 -0.0180227 0.0887604 -0.000800497 0.00202497 0.000707811 -0.000800497 0.0101083 -0.0183446 -0.000805832 0.00202497 -0.0183446 0.089465 
0.00978538 -0.0180209 0.00068415 -0.000803332 -0.0180209 0.0886951 -0.000798821 0.00202341 0.00068415 -0.000798821 0.0101111 -0.0183012 -0.000803332 0.00202341 -0.0183012 0.089309 
0.00973154 -0.0179793 0.000665896 -0.000757316 -0.0179793 0.0886286 -0.000761583 0.00194207 0.000665896 -0.000761583 0.0101187 -0.0183033 -0.000757316 0.00194207 -0.0183033 0.0892487 
0.00968485 -0.0178815 0.00066224 -0.000726157 -0.0178815 0.0883466 -0.000733609 0.00184777 0.00066224 -0.000733609 0.0101002 -0.0182939 -0.000726157 0.00184777 -0.0182939 0.0891377 
0.00966352 -0.017792 0.000671635 -0.000734324 -0.017792 0.0879872 -0.000737526 0.00183255 0.000671635 -0.000737526 0.0100457 -0.0182528 -0.000734324 0.00183255 -0.0182528 0.08895 
0.00964142 -0.0177195 0.000654231 -0.000759427 -0.0177195 0.0875549 -0.000758703 0.00188051 0.000654231 -0.000758703 0.00998133 -0.0181319 -0.000759427 0.00188051 -0.0181319 0.0885001 
0.0096815 -0.0177491 0.000658835 -0.000750962 -0.0177491 0.0875897 -0.000749768 0.00190654 0.000658835 -0.000749768 0.00994165 -0.018097 -0.000750962 0.00190654 -0.018097 0.0883901 
0.00968359 -0.0177839 0.000668793 -0.000752482 -0.0177839 0.0876303 -0.000755163 0.00191328 0.000668793 -0.000755163 0.00993298 -0.0180525 -0.000752482 0.00191328 -0.0180525 0.0882648 
0.00980643 -0.0180357 0.000665129 -0.000765536 -0.0180357 0.0888536 -0.000766614 0.00193177 0.000665129 -0.000766614 0.0100782 -0.0182699 -0.000765536 0.00193177 -0.0182699 0.0893324 
0.00978696 -0.0180685 0.00067277 -0.000757248 -0.0180685 0.089028 -0.000754923 0.00192197 0.00067277 -0.000754923 0.0101211 -0.0183014 -0.000757248 0.00192197 -0.0183014 0.0894116 
0.0096306 -0.0177789 0.000654587 -0.000754994 -0.0177789 0.087775 -0.000749223 0.00189419 0.000654587 -0.000749223 0.0100034 -0.0181099 -0.000754994 0.00189419 -0.0181099 0.0883126 
0.00979923 -0.0180265 0.000642423 -0.000744387 -0.0180265 0.0891034 -0.000732707 0.0018683 0.000642423 -0.000732707 0.0101394 -0.0184458 -0.000744387 0.0018683 -0.0184458 0.0899055 
0.00979699 -0.0179921 0.000628397 -0.00072308 -0.0179921 0.0888569 -0.000711407 0.0018169 0.000628397 -0.000711407 0.0100741 -0.0183728 -0.00072308 0.0018169 -0.0183728 0.0897155 
0.00979959 -0.0179616 0.000635087 -0.000701838 -0.0179616 0.0886216 -0.000692923 0.00176153 0.000635087 -0.000692923 0.00998899 -0.0182675 -0.000701838 0.00176153 -0.0182675 0.0893685 
0.00977069 -0.0179965 0.000635093 -0.000716728 -0.0179965 0.0886726 -0.000711145 0.00177309 0.000635093 -0.000711145 0.0100012 -0.0181906 -0.000716728 0.00177309 -0.0181906 0.0891872 
0.00976755 -0.0180177 0.000640277 -0.000721052 -0.0180177 0.0889415 -0.000719688 0.00180166 0.000640277 -0.000719688 0.0100425 -0.0182775 -0.000721052 0.00180166 -0.0182775 0.0894726 
0.00972035 -0.0179366 0.000636032 -0.000721474 -0.0179366 0.0886654 -0.000718424 0.00180399 0.000636032 -0.000718424 0.0100213 -0.0182491 -0.000721474 0.00180399 -0.0182491 0.0893227 
0.00972607 -0.0179319 0.000652142 -0.000724446 -0.0179319 0.0887031 -0.000720023 0.00181459 0.000652142 -0.000720023 0.0100149 -0.0182637 -0.000724446 0.00181459 -0.0182637 0.0894323 
0.00968951 -0.0178942 0.000661432 -0.000734518 -0.0178942 0.0884852 -0.000735233 0.00182557 0.000661432 -0.000735233 0.0100073 -0.0181737 -0.000734518 0.00182557 -0.0181737 0.0891025 
0.00963693 -0.0178011 0.000631921 -0.000733833 -0.0178011 0.0880673 -0.000737692 0.00182094 0.000631921 -0.000737692 0.00998753 -0.0180922 -0.000733833 0.00182094 -0.0180922 0.088604 
0.00958826 -0.0177854 0.000604809 -0.000708024 -0.0177854 0.0880103 -0.000711674 0.00179224 0.000604809 -0.000711674 0.0100257 -0.0181169 -0.000708024 0.00179224 -0.0181169 0.0885856 
0.00959269 -0.0177735 0.000582183 -0.000667587 -0.0177735 0.08813 -0.0006736 0.00170464 0.000582183 -0.0006736 0.0100584 -0.0182211 -0.000667587 0.00170464 -0.0182211 0.0889165 
0.00955673 -0.0177136 0.000575146 -0.000638974 -0.0177136 0.0878702 -0.000653227 0.00163223 0.000575146 -0.000653227 0.0100521 -0.0182003 -0.000638974 0.00163223 -0.0182003 0.0888246 
0.00948665 -0.0176284 0.000559005 -0.000633254 -0.0176284 0.0874829 -0.000654911 0.00161016 0.000559005 -0.000654911 0.0100629 -0.0181506 -0.000633254 0.00161016 -0.0181506 0.0885506 
0.00945945 -0.0175793 0.000564901 -0.000609252 -0.0175793 0.0873782 -0.000630304 0.00156125 0.000564901 -0.000630304 0.0100938 -0.0182212 -0.000609252 0.00156125 -0.0182212 0.0887021 
0.00953793 -0.0176293 0.000587928 -0.000629882 -0.0176293 0.0876923 -0.000641314 0.00157244 0.000587928 -0.000641314 0.0101157 -0.0183495 -0.000629882 0.00157244 -0.0183495 0.089258 
0.0096011 -0.0177365 0.00061083 -0.000669548 -0.0177365 0.0880403 -0.000674388 0.00164982 0.00061083 -0.000674388 0.0101325 -0.0183804 -0.000669548 0.00164982 -0.0183804 0.0895708 
0.00965944 -0.0178422 0.000635815 -0.00069445 -0.0178422 0.0884525 -0.000694795 0.00171468 0.000635815 -0.000694795 0.010147 -0.0184108 -0.00069445 0.00171468 -0.0184108 0.0897992 
0.00970021 -0.0178976 0.000636397 -0.000720689 -0.0178976 0.0886724 -0.000724257 0.00177901 0.000636397 -0.000724257 0.0101542 -0.0184178 -0.000720689 0.00177901 -0.0184178 0.0898746 
0.00956825 -0.01765 0.000620358 -0.000699859 -0.01765 0.0873696 -0.00070483 0.0017528 0.000620358 -0.00070483 0.00997705 -0.0181159 -0.000699859 0.0017528 -0.0181159 0.0884216 
0.00963468 -0.0177312 0.000646426 -0.000705117 -0.0177312 0.0877107 -0.000712343 0.00177565 0.000646426 -0.000712343 0.00995825 -0.0181347 -0.000705117 0.00177565 -0.0181347 0.0885884 
0.0096622 -0.0177928 0.000655998 -0.000726526 -0.0177928 0.0878879 -0.000733588 0.00180512 0.000655998 -0.000733588 0.00992919 -0.0180822 -0.000726526 0.00180512 -0.0180822 0.0884979 
0.00963452 -0.0177565 0.000627604 -0.000727093 -0.0177565 0.0876728 -0.000732336 0.00180621 0.000627604 -0.000732336 0.00986826 -0.017966 -0.000727093 0.00180621 -0.017966 0.0880243 
0.00973535 -0.0180357 0.0006132 -0.000713326 -0.0180357 0.0890516 -0.000713338 0.00179925 0.0006132 -0.000713338 0.0100509 -0.0181965 -0.000713326 0.00179925 -0.0181965 0.0892094 
0.00963197 -0.0179216 0.000582421 -0.000684433 -0.0179216 0.0886802 -0.000675326 0.00172073 0.000582421 -0.000675326 0.0100939 -0.0181676 -0.000684433 0.00172073 -0.0181676 0.0888825 
0.00955423 -0.0177888 0.000570871 -0.000646332 -0.0177888 0.0882713 -0.000631805 0.00161901 0.000570871 -0.000631805 0.0101304 -0.0182164 -0.000646332 0.00161901 -0.0182164 0.0888027 
0.0095115 -0.0177067 0.000577756 -0.000637195 -0.0177067 0.0880178 -0.000622832 0.00157052 0.000577756 -0.000622832 0.0101536 -0.0182947 -0.000637195 0.00157052 -0.0182947 0.0889794 
0.00953589 -0.0176326 0.000584504 -0.000650288 -0.0176326 0.0877453 -0.000639419 0.00158526 0.000584504 -0.000639419 0.0100985 -0.0183257 -0.000650288 0.00158526 -0.0183257 0.0890752 
0.00956402 -0.0177181 0.000618801 -0.000674758 -0.0177181 0.0879654 -0.000668116 0.00166174 0.000618801 -0.000668116 0.0100998 -0.0183254 -0.000674758 0.00166174 -0.0183254 0.0893111 
0.00955738 -0.0177335 0.00062356 -0.000708548 -0.0177335 0.0880286 -0.000700953 0.00173377 0.00062356 -0.000700953 0.0100807 -0.0182885 -0.000708548 0.00173377 -0.0182885 0.0892405 
0.00958283 -0.0177215 0.000616631 -0.000709828 -0.0177215 0.0880206 -0.000702284 0.00176105 0.000616631 -0.000702284 0.0100373 -0.0182609 -0.000709828 0.00176105 -0.0182609 0.0891614 
0.00954918 -0.0176394 0.000576928 -0.000684802 -0.0176394 0.0874903 -0.000684426 0.00171851 0.000576928 -0.000684426 0.00997574 -0.0180822 -0.000684802 0.00171851 -0.0180822 0.0884448 
0.00957416 -0.0177294 0.000566807 -0.000647632 -0.0177294 0.0878156 -0.000650619 0.00165772 0.000566807 -0.000650619 0.0100019 -0.018114 -0.000647632 0.00165772 -0.018114 0.0885524 
0.00951745 -0.0177085 0.000560438 -0.000628187 -0.0177085 0.0877572 -0.00063077 0.00158855 0.000560438 -0.00063077 0.0100322 -0.0181053 -0.000628187 0.00158855 -0.0181053 0.0884443 
0.0094905 -0.0176177 0.000558834 -0.000624274 -0.0176177 0.0875102 -0.000623808 0.00155539 0.000558834 -0.000623808 0.010039 -0.0181292 -0.000624274 0.00155539 -0.0181292 0.0883767 
0.00949594 -0.0175849 0.000551234 -0.000619663 -0.0175849 0.0873663 -0.00062332 0.00154137 0.000551234 -0.00062332 0.0100395 -0.0181653 -0.000619663 0.00154137 -0.0181653 0.0884742 
0.0094764 -0.0175837 0.000548649 -0.000600482 -0.0175837 0.0872777 -0.000608528 0.00150137 0.000548649 -0.000608528 0.0100426 -0.0181609 -0.000600482 0.00150137 -0.0181609 0.0884829 
0.0095089 -0.0176647 0.00056883 -0.000615018 -0.0176647 0.0876996 -0.000623167 0.00152692 0.00056883 -0.000623167 0.0100822 -0.0182478 -0.000615018 0.00152692 -0.0182478 0.0889075 
0.00951916 -0.0176742 0.000581984 -0.000632786 -0.0176742 0.0878059 -0.00064068 0.00156019 0.000581984 -0.00064068 0.0100816 -0.0182658 -0.000632786 0.00156019 -0.0182658 0.0890278 
0.0094926 -0.0176727 0.000571527 -0.000649325 -0.0176727 0.0878312 -0.000660191 0.00160644 0.000571527 -0.000660191 0.0101168 -0.0182733 -0.000649325 0.00160644 -0.0182733 0.0891005 
0.00950943 -0.0176666 0.000580138 -0.000637083 -0.0176666 0.0879202 -0.000647802 0.00160822 0.000580138 -0.000647802 0.0101106 -0.018329 -0.000637083 0.00160822 -0.018329 0.0892902 
0.00952316 -0.01769 0.000603172 -0.000651221 -0.01769 0.0880294 -0.000659913 0.00162514 0.000603172 -0.000659913 0.0101181 -0.0183446 -0.000651221 0.00162514 -0.0183446 0.0894678 
0.0095659 -0.017673 0.000635482 -0.000680628 -0.017673 0.0879291 -0.000684485 0.00167484 0.000635482 -0.000684485 0.010054 -0.0182944 -0.000680628 0.00167484 -0.0182944 0.0892978 
0.00961272 -0.0177115 0.000640617 -0.000728161 -0.0177115 0.0879179 -0.000722802 0.00176816 0.000640617 -0.000722802 0.00999162 -0.0182152 -0.000728161 0.00176816 -0.0182152 0.0890885 
0.00967642 -0.0178427 0.000651993 -0.000736449 -0.0178427 0.0883704 -0.000721531 0.00181179 0.000651993 -0.000721531 0.00998209 -0.0182093 -0.000736449 0.00181179 -0.0182093 0.0892251 
0.00966842 -0.0178585 0.000647626 -0.000740292 -0.0178585 0.0883731 -0.000724179 0.00181431 0.000647626 -0.000724179 0.00995418 -0.0181176 -0.000740292 0.00181431 -0.0181176 0.088903 
0.00965016 -0.0178773 0.000645398 -0.000741925 -0.0178773 0.0884891 -0.000731873 0.00183416 0.000645398 -0.000731873 0.00998081 -0.0181082 -0.000741925 0.00183416 -0.0181082 0.0888401 
0.00961139 -0.0178173 0.000635266 -0.0007404 -0.0178173 0.0882939 -0.00073439 0.00184755 0.000635266 -0.00073439 0.00998636 -0.0180894 -0.0007404 0.00184755 -0.0180894 0.0886366 
0.00963442 -0.0177684 0.000602506 -0.00071715 -0.0177684 0.088145 -0.000713253 0.00180355 0.000602506 -0.000713253 0.00996486 -0.0181196 -0.00071715 0.00180355 -0.0181196 0.0886489 
0.00963399 -0.0177179 0.000579034 -0.000669411 -0.0177179 0.0877533 -0.000670644 0.00170908 0.000579034 -0.000670644 0.0099028 -0.0180376 -0.000669411 0.00170908 -0.0180376 0.0883112 
0.00974316 -0.0179653 0.000563321 -0.000640011 -0.0179653 0.0888209 -0.000641571 0.00161685 0.000563321 -0.000641571 0.0100485 -0.0182335 -0.000640011 0.00161685 -0.0182335 0.0893353 
0.00969509 -0.0179324 0.000552375 -0.000621344 -0.0179324 0.0886876 -0.000616442 0.00154743 0.000552375 -0.000616442 0.010074 -0.0182478 -0.000621344 0.00154743 -0.0182478 0.0892632 
0.0096899 -0.0179111 0.000568461 -0.00061994 -0.0179111 0.0886839 -0.000611934 0.00153071 0.000568461 -0.000611934 0.0100662 -0.0183034 -0.00061994 0.00153071 -0.0183034 0.0894127 
0.00967133 -0.017875 0.000575215 -0.000633654 -0.017875 0.0885371 -0.00062859 0.00154467 0.000575215 -0.00062859 0.0100403 -0.0182813 -0.000633654 0.00154467 -0.0182813 0.0893824 
0.00970877 -0.0178722 0.000570381 -0.000638284 -0.0178722 0.0885436 -0.000635405 0.00156043 0.000570381 -0.000635405 0.00998987 -0.0182727 -0.000638284 0.00156043 -0.0182727 0.0894169 
0.00973346 -0.0178743 0.000549135 -0.000639454 -0.0178743 0.0884112 -0.000637238 0.00157729 0.000549135 -0.000637238 0.00993902 -0.0181715 -0.000639454 0.00157729 -0.0181715 0.0891324 
0.00974996 -0.0179371 0.000533237 -0.000617598 -0.0179371 0.0885678 -0.000616089 0.00155493 0.000533237 -0.000616089 0.00995698 -0.0181462 -0.000617598 0.00155493 -0.0181462 0.0890772 
0.00974756 -0.0179674 0.00052274 -0.000596291 -0.0179674 0.0886964 -0.00059182 0.00150318 0.00052274 -0.00059182 0.00998562 -0.0181625 -0.000596291 0.00150318 -0.0181625 0.0890811 
0.00976465 -0.017964 0.000525852 -0.000578568 -0.017964 0.0887092 -0.000572552 0.0014443 0.000525852 -0.000572552 0.00997757 -0.0181772 -0.000578568 0.0014443 -0.0181772 0.0890664 
0.00980585 -0.0180274 0.000558707 -0.000584339 -0.0180274 0.0889489 -0.000579892 0.00143289 0.000558707 -0.000579892 0.0100036 -0.0182152 -0.000584339 0.00143289 -0.0182152 0.0892678 
0.00970739 -0.0178457 0.000590304 -0.000615725 -0.0178457 0.087966 -0.000612966 0.00147636 0.000590304 -0.000612966 0.00985749 -0.0179853 -0.000615725 0.00147636 -0.0179853 0.0881481 
0.00979482 -0.0180041 0.000630116 -0.000668934 -0.0180041 0.0887351 -0.00066824 0.00159979 0.000630116 -0.00066824 0.00990445 -0.0181188 -0.000668934 0.00159979 -0.0181188 0.0888564 
0.00983874 -0.0180753 0.000647966 -0.000726677 -0.0180753 0.0891064 -0.000729722 0.00176182 0.000647966 -0.000729722 0.00992469 -0.0181681 -0.000726677 0.00176182 -0.0181681 0.0892127 
0.00982883 -0.0180595 0.000657096 -0.000737566 -0.0180595 0.089025 -0.000739976 0.00183107 0.000657096 -0.000739976 0.00992154 -0.0181222 -0.000737566 0.00183107 -0.0181222 0.0890827 
0.00986371 -0.018079 0.0006684 -0.000747181 -0.018079 0.0891345 -0.000750023 0.00186545 0.0006684 -0.000750023 0.00992406 -0.0181505 -0.000747181 0.00186545 -0.0181505 0.0891843 
0.00982408 -0.0180948 0.000676297 -0.000750625 -0.0180948 0.0891416 -0.00075686 0.00187437 0.000676297 -0.00075686 0.00996609 -0.0181408 -0.000750625 0.00187437 -0.0181408 0.0891735 
0.00978902 -0.0180831 0.000681946 -0.000761435 -0.0180831 0.0892488 -0.000765827 0.00189288 0.000681946 -0.000765827 0.0100456 -0.0182239 -0.000761435 0.00189288 -0.0182239 0.0894075 
