0.00790322 0 0.000179712 0 0 0.00995886 0 0 0.000179712 0 0.00628913 0 0 0 0 0.00995886 
0.0112512 -0.0139392 0.000302401 -0.000368414 -0.0139392 0.0359865 -0.000368414 0.000705982 0.000302401 -0.000368414 0.0091089 -0.0113348 -0.000368414 0.000705982 -0.0113348 0.0309911 
0.0108899 -0.0199755 0.000298809 -0.000421688 -0.0199755 0.0728073 -0.000421688 0.00132068 0.000298809 -0.000421688 0.00913412 -0.0173745 -0.000421688 0.00132068 -0.0173745 0.0647382 
0.010216 -0.0190561 0.00029284 -0.000340285 -0.0190561 0.0841399 -0.000345437 0.00113599 0.00029284 -0.000345437 0.00866134 -0.0174668 -0.000340285 0.00113599 -0.0174668 0.0795908 
0.010311 -0.0185444 0.000230545 -0.000354463 -0.0185444 0.0872495 -0.000368231 0.00116946 0.000230545 -0.000368231 0.00870738 -0.0169965 -0.000354463 0.00116946 -0.0169965 0.0841718 
0.01054 -0.0186626 0.000227648 -0.000292443 -0.0186626 0.0889597 -0.000314682 0.0011132 0.000227648 -0.000314682 0.00883615 -0.0169398 -0.000292443 0.0011132 -0.0169398 0.085577 
0.0107191 -0.0189441 0.000212272 -0.000277879 -0.0189441 0.0904877 -0.000297335 0.00098268 0.000212272 -0.000297335 0.00894077 -0.0170828 -0.000277879 0.00098268 -0.0170828 0.0865679 
0.0105947 -0.018749 0.000199249 -0.00025352 -0.018749 0.0896893 -0.000263715 0.000843274 0.000199249 -0.000263715 0.00887605 -0.016859 -0.00025352 0.000843274 -0.016859 0.0855402 
0.0107574 -0.0190302 0.000205704 -0.000253795 -0.0190302 0.0911581 -0.000258234 0.000793838 0.000205704 -0.000258234 0.00906461 -0.0171618 -0.000253795 0.000793838 -0.0171618 0.0869302 
0.0106212 -0.0187382 0.000197912 -0.000266098 -0.0187382 0.0897945 -0.000268823 0.000797273 0.000197912 -0.000268823 0.0089246 -0.0169787 -0.000266098 0.000797273 -0.0169787 0.0858044 
0.0107301 -0.0189456 0.000194869 -0.000261428 -0.0189456 0.0906758 -0.000265576 0.000805605 0.000194869 -0.000265576 0.00900657 -0.0171421 -0.000261428 0.000805605 -0.0171421 0.0867046 
0.0107273 -0.0190004 0.00022524 -0.000253065 -0.0190004 0.0908923 -0.000260175 0.000794637 0.00022524 -0.000260175 0.0090208 -0.0171595 -0.000253065 0.000794637 -0.0171595 0.0868382 
0.0107259 -0.0190207 0.000225418 -0.00029052 -0.0190207 0.091076 -0.000296015 0.000845244 0.000225418 -0.000296015 0.00905694 -0.0171806 -0.00029052 0.000845244 -0.0171806 0.0869558 
0.0106101 -0.0188321 0.000227708 -0.00027937 -0.0188321 0.0902753 -0.000282608 0.000838743 0.000227708 -0.000282608 0.00902966 -0.0170702 -0.00027937 0.000838743 -0.0170702 0.0862828 
0.0105889 -0.0187811 0.000240395 -0.000276359 -0.0187811 0.0900858 -0.000281025 0.000819197 0.000240395 -0.000281025 0.00903887 -0.017088 -0.000276359 0.000819197 -0.017088 0.0862174 
0.0105806 -0.0187465 0.000246783 -0.000281125 -0.0187465 0.0899284 -0.000287036 0.000805927 0.000246783 -0.000287036 0.0090274 -0.0171046 -0.000281125 0.000805927 -0.0171046 0.0862112 
0.0105334 -0.0187245 0.000263145 -0.000284676 -0.0187245 0.0897622 -0.000293753 0.000805085 0.000263145 -0.000293753 0.00905643 -0.0170636 -0.000284676 0.000805085 -0.0170636 0.0860505 
0.0105022 -0.018686 0.000281731 -0.000316742 -0.018686 0.0897042 -0.000326294 0.000870925 0.000281731 -0.000326294 0.00908627 -0.0171296 -0.000316742 0.000870925 -0.0171296 0.0861564 
0.0105403 -0.018728 0.000286498 -0.000344119 -0.018728 0.0899966 -0.000350413 0.000947512 0.000286498 -0.000350413 0.00909683 -0.0172424 -0.000344119 0.000947512 -0.0172424 0.0866404 
0.0105655 -0.0187492 0.000277202 -0.000343656 -0.0187492 0.0900971 -0.00034204 0.000955451 0.000277202 -0.00034204 0.00908244 -0.0172435 -0.000343656 0.000955451 -0.0172435 0.0868008 
0.010518 -0.0187228 0.000286331 -0.000326128 -0.0187228 0.0899098 -0.000320539 0.000914027 0.000286331 -0.000320539 0.00907404 -0.0171499 -0.000326128 0.000914027 -0.0171499 0.0864863 
0.0104814 -0.0187087 0.000284736 -0.000338019 -0.0187087 0.0899203 -0.000335976 0.000918436 0.000284736 -0.000335976 0.00910079 -0.0171468 -0.000338019 0.000918436 -0.0171468 0.086403 
0.0105073 -0.0186794 0.000282184 -0.000339578 -0.0186794 0.0899196 -0.000342678 0.000939126 0.000282184 -0.000342678 0.00906921 -0.0171848 -0.000339578 0.000939126 -0.0171848 0.086468 
0.010483 -0.0186316 0.000279604 -0.000332988 -0.0186316 0.0895854 -0.000342157 0.000938189 0.000279604 -0.000342157 0.00902797 -0.0170769 -0.000332988 0.000938189 -0.0170769 0.0860907 
0.0106637 -0.0189305 0.000255323 -0.000335082 -0.0189305 0.0909838 -0.000347619 0.000951214 0.000255323 -0.000347619 0.00913492 -0.0173295 -0.000335082 0.000951214 -0.0173295 0.0873589 
0.0106755 -0.018986 0.000232553 -0.000300227 -0.018986 0.0912063 -0.000311978 0.000896914 0.000232553 -0.000311978 0.00912663 -0.0173432 -0.000300227 0.000896914 -0.0173432 0.087517 
0.010518 -0.018695 0.000217128 -0.000270566 -0.018695 0.0898604 -0.0002812 0.000817652 0.000217128 -0.0002812 0.00895079 -0.0170513 -0.000270566 0.000817652 -0.0170513 0.0861556 
0.0104844 -0.0186772 0.000230064 -0.000268174 -0.0186772 0.0897496 -0.000273319 0.000793525 0.000230064 -0.000273319 0.00894786 -0.0169618 -0.000268174 0.000793525 -0.0169618 0.0858863 
0.0106428 -0.018932 0.000272263 -0.000290126 -0.018932 0.0910654 -0.000283749 0.000812997 0.000272263 -0.000283749 0.0090774 -0.0172227 -0.000290126 0.000812997 -0.0172227 0.0871102 
0.0105005 -0.0187232 0.000264071 -0.000339339 -0.0187232 0.0900642 -0.000320223 0.000879235 0.000264071 -0.000320223 0.00904375 -0.0170527 -0.000339339 0.000879235 -0.0170527 0.0862264 
0.0104136 -0.0186 0.000263933 -0.000340154 -0.0186 0.0895536 -0.000314227 0.000919904 0.000263933 -0.000314227 0.00905879 -0.0170309 -0.000340154 0.000919904 -0.0170309 0.0858831 
0.0105652 -0.0188658 0.000279016 -0.000335729 -0.0188658 0.0909419 -0.000313828 0.000921838 0.000279016 -0.000313828 0.00923725 -0.0173997 -0.000335729 0.000921838 -0.0173997 0.0875064 
0.0104142 -0.0185617 0.000276688 -0.000340862 -0.0185617 0.0895321 -0.000324321 0.000919929 0.000276688 -0.000324321 0.0090767 -0.0172004 -0.000340862 0.000919929 -0.0172004 0.0864345 
0.0105024 -0.0186448 0.00023048 -0.000337186 -0.0186448 0.0899032 -0.000327782 0.000923133 0.00023048 -0.000327782 0.00902822 -0.0172541 -0.000337186 0.000923133 -0.0172541 0.0868815 
0.0105119 -0.0186982 0.000185434 -0.000266124 -0.0186982 0.0899705 -0.000263821 0.000804091 0.000185434 -0.000263821 0.00898779 -0.0171263 -0.000266124 0.000804091 -0.0171263 0.0866571 
0.0105349 -0.0187715 0.00018991 -0.000231215 -0.0187715 0.0903204 -0.000235427 0.000723375 0.00018991 -0.000235427 0.0089954 -0.017119 -0.000231215 0.000723375 -0.017119 0.0867124 
0.0104975 -0.0187339 0.000201035 -0.000239619 -0.0187339 0.0901762 -0.000246305 0.000712126 0.000201035 -0.000246305 0.00899464 -0.017042 -0.000239619 0.000712126 -0.017042 0.0863722 
0.0104821 -0.01869 0.00020478 -0.000245612 -0.01869 0.0900534 -0.000251221 0.000714096 0.00020478 -0.000251221 0.00898505 -0.0170414 -0.000245612 0.000714096 -0.0170414 0.0862405 
0.010432 -0.0186149 0.00019093 -0.000247191 -0.0186149 0.0897029 -0.000246731 0.000705981 0.00019093 -0.000246731 0.00897025 -0.0169872 -0.000247191 0.000705981 -0.0169872 0.0859502 
0.0104284 -0.0185833 0.000226136 -0.000233523 -0.0185833 0.0895848 -0.00022633 0.000674296 0.000226136 -0.00022633 0.0089519 -0.0169878 -0.000233523 0.000674296 -0.0169878 0.0858913 
0.0104205 -0.0185716 0.000251916 -0.000275932 -0.0185716 0.0894951 -0.00026506 0.000716244 0.000251916 -0.00026506 0.0089266 -0.0169624 -0.000275932 0.000716244 -0.0169624 0.0858142 
0.0104255 -0.0185948 0.000267856 -0.000309156 -0.0185948 0.0895823 -0.000304932 0.000803951 0.000267856 -0.000304932 0.00892715 -0.0169457 -0.000309156 0.000803951 -0.0169457 0.0858155 
0.0105678 -0.0188673 0.000267691 -0.000314374 -0.0188673 0.0909241 -0.000323182 0.000846991 0.000267691 -0.000323182 0.00908547 -0.0171994 -0.000314374 0.000846991 -0.0171994 0.0870844 
0.0103687 -0.018531 0.000265294 -0.000305333 -0.018531 0.0893739 -0.000322714 0.000850095 0.000265294 -0.000322714 0.00894647 -0.0169506 -0.000305333 0.000850095 -0.0169506 0.0857041 
0.010487 -0.018788 0.000241693 -0.000315321 -0.018788 0.0906658 -0.000331258 0.000877641 0.000241693 -0.000331258 0.00910815 -0.0172065 -0.000315321 0.000877641 -0.0172065 0.0870018 
0.0103984 -0.018641 0.000190471 -0.000282059 -0.018641 0.090085 -0.000289354 0.00082088 0.000190471 -0.000289354 0.00909522 -0.0171458 -0.000282059 0.00082088 -0.0171458 0.086582 
0.0103473 -0.0185324 0.000144317 -0.00022898 -0.0185324 0.0896466 -0.000230264 0.000712835 0.000144317 -0.000230264 0.00907272 -0.0171258 -0.00022898 0.000712835 -0.0171258 0.0863467 
0.0103122 -0.0184995 0.000138176 -0.000168635 -0.0184995 0.0894895 -0.000166462 0.000558043 0.000138176 -0.000166462 0.00908726 -0.0171241 -0.000168635 0.000558043 -0.0171241 0.0863178 
0.0103017 -0.0185042 0.000176994 -0.000155574 -0.0185042 0.0895742 -0.000150333 0.000461725 0.000176994 -0.000150333 0.00912368 -0.0171745 -0.000155574 0.000461725 -0.0171745 0.0864978 
0.0103061 -0.0184441 0.000186802 -0.000201677 -0.0184441 0.0893989 -0.000194758 0.000499379 0.000186802 -0.000194758 0.00907435 -0.0172048 -0.000201677 0.000499379 -0.0172048 0.0865437 
0.0103349 -0.0185256 0.000207591 -0.000229569 -0.0185256 0.0896701 -0.000222572 0.000587354 0.000207591 -0.000222572 0.00908346 -0.0171916 -0.000229569 0.000587354 -0.0171916 0.0867301 
0.0103706 -0.0185528 0.000208181 -0.000249044 -0.0185528 0.089827 -0.0002449 0.000646385 0.000208181 -0.0002449 0.00907083 -0.0171937 -0.000249044 0.000646385 -0.0171937 0.0867832 
0.0103314 -0.0185161 0.000214342 -0.00025183 -0.0185161 0.089568 -0.000253844 0.000686565 0.000214342 -0.000253844 0.00906339 -0.0170982 -0.00025183 0.000686565 -0.0170982 0.0863971 
0.0102576 -0.018445 0.000225696 -0.000255425 -0.018445 0.0892508 -0.000260364 0.000703724 0.000225696 -0.000260364 0.00907937 -0.01705 -0.000255425 0.000703724 -0.01705 0.0860338 
0.0102118 -0.0184073 0.000246662 -0.000259978 -0.0184073 0.089216 -0.000264414 0.000703623 0.000246662 -0.000264414 0.00913154 -0.0171211 -0.000259978 0.000703623 -0.0171211 0.0861597 
0.0102569 -0.0184587 0.000258866 -0.000284557 -0.0184587 0.089629 -0.000287843 0.000739 0.000258866 -0.000287843 0.00917637 -0.017287 -0.000284557 0.000739 -0.017287 0.0868259 
0.0101848 -0.0183953 0.000269938 -0.000287102 -0.0183953 0.0893437 -0.000293584 0.000749258 0.000269938 -0.000293584 0.00919055 -0.0172402 -0.000287102 0.000749258 -0.0172402 0.0866918 
0.0100737 -0.0182439 0.000266755 -0.000301875 -0.0182439 0.0887783 -0.000311583 0.000778803 0.000266755 -0.000311583 0.00920915 -0.0171883 -0.000301875 0.000778803 -0.0171883 0.0863073 
0.0102108 -0.0184247 0.000260601 -0.000317227 -0.0184247 0.0898556 -0.000328234 0.000842033 0.000260601 -0.000328234 0.00934128 -0.0175084 -0.000317227 0.000842033 -0.0175084 0.0876645 
0.0102413 -0.0184027 0.000257478 -0.000303073 -0.0184027 0.0897126 -0.000309506 0.000828117 0.000257478 -0.000309506 0.00930172 -0.0175206 -0.000303073 0.000828117 -0.0175206 0.0877515 
0.0102466 -0.0184313 0.000245643 -0.000305309 -0.0184313 0.0896545 -0.000298837 0.000811927 0.000245643 -0.000298837 0.00928817 -0.0174461 -0.000305309 0.000811927 -0.0174461 0.0875861 
0.0102962 -0.0185166 0.000230478 -0.000293824 -0.0185166 0.0900028 -0.000281457 0.000785359 0.000230478 -0.000281457 0.00928817 -0.0174744 -0.000293824 0.000785359 -0.0174744 0.0877319 
0.010327 -0.0185875 0.00023663 -0.000268643 -0.0185875 0.0902765 -0.000264307 0.000734505 0.00023663 -0.000264307 0.00930168 -0.0174699 -0.000268643 0.000734505 -0.0174699 0.0877943 
0.0101586 -0.0183372 0.000239516 -0.000252107 -0.0183372 0.0890736 -0.000255546 0.000668655 0.000239516 -0.000255546 0.00919848 -0.0172327 -0.000252107 0.000668655 -0.0172327 0.0865542 
0.0101186 -0.0182895 0.000255474 -0.000268916 -0.0182895 0.0889713 -0.000277572 0.000693533 0.000255474 -0.000277572 0.00923814 -0.0172615 -0.000268916 0.000693533 -0.0172615 0.0865684 
0.0101151 -0.0182176 0.000270043 -0.000292896 -0.0182176 0.0887608 -0.000303671 0.000754962 0.000270043 -0.000303671 0.00922214 -0.0173133 -0.000292896 0.000754962 -0.0173133 0.0866452 
0.0101742 -0.0182716 0.000289847 -0.000310921 -0.0182716 0.0889225 -0.000314835 0.000800864 0.000289847 -0.000314835 0.00919879 -0.0173358 -0.000310921 0.000800864 -0.0173358 0.0868769 
0.0101667 -0.018296 0.000335562 -0.000342487 -0.018296 0.0888836 -0.000342371 0.000869678 0.000335562 -0.000342371 0.00917898 -0.0172534 -0.000342487 0.000869678 -0.0172534 0.0866665 
0.0102152 -0.0183475 0.000349398 -0.00038916 -0.0183475 0.0891335 -0.000387134 0.000957136 0.000349398 -0.000387134 0.00915641 -0.0172637 -0.00038916 0.000957136 -0.0172637 0.0867273 
0.0102249 -0.0184268 0.000373597 -0.000411998 -0.0184268 0.0894214 -0.000408977 0.00103791 0.000373597 -0.000408977 0.00917753 -0.0172445 -0.000411998 0.00103791 -0.0172445 0.0867783 
0.010204 -0.0183934 0.000365279 -0.000430716 -0.0183934 0.0893324 -0.000431797 0.00108615 0.000365279 -0.000431797 0.00917536 -0.0172059 -0.000430716 0.00108615 -0.0172059 0.0865463 
0.0101392 -0.0182905 0.000344307 -0.000412494 -0.0182905 0.088886 -0.000419942 0.00107649 0.000344307 -0.000419942 0.00917296 -0.0171486 -0.000412494 0.00107649 -0.0171486 0.086151 
0.0100927 -0.0182858 0.000338009 -0.000395854 -0.0182858 0.0889129 -0.000409533 0.0010612 0.000338009 -0.000409533 0.00924573 -0.0172104 -0.000395854 0.0010612 -0.0172104 0.0862989 
0.0100501 -0.018247 0.000337181 -0.000378345 -0.018247 0.0889347 -0.000393667 0.00101621 0.000337181 -0.000393667 0.00930725 -0.0173282 -0.000378345 0.00101621 -0.0173282 0.0866297 
0.0100162 -0.018149 0.000337926 -0.000374296 -0.018149 0.0886335 -0.000387461 0.000983496 0.000337926 -0.000387461 0.00931888 -0.017361 -0.000374296 0.000983496 -0.017361 0.0866784 
0.010177 -0.0183984 0.000351804 -0.000381688 -0.0183984 0.0898888 -0.000388455 0.000981229 0.000351804 -0.000388455 0.00947479 -0.0176825 -0.000381688 0.000981229 -0.0176825 0.0882135 
0.0100186 -0.0181235 0.000351782 -0.00039532 -0.0181235 0.0884666 -0.000394166 0.000991086 0.000351782 -0.000394166 0.00933844 -0.0174134 -0.00039532 0.000991086 -0.0174134 0.0869085 
0.0100392 -0.0181664 0.000355301 -0.000392632 -0.0181664 0.0886715 -0.000393442 0.000989774 0.000355301 -0.000393442 0.00935765 -0.0174628 -0.000392632 0.000989774 -0.0174628 0.0871327 
0.010087 -0.0182343 0.00035938 -0.000397087 -0.0182343 0.0889956 -0.000397637 0.000993957 0.00035938 -0.000397637 0.00935489 -0.0175072 -0.000397087 0.000993957 -0.0175072 0.0873939 
0.0100964 -0.0182579 0.000372188 -0.000405309 -0.0182579 0.0890405 -0.00040585 0.00101279 0.000372188 -0.00040585 0.00932715 -0.0174443 -0.000405309 0.00101279 -0.0174443 0.0872419 
0.0101025 -0.0182884 0.000389706 -0.000419773 -0.0182884 0.0891853 -0.000423959 0.00104454 0.000389706 -0.000423959 0.00934114 -0.0174357 -0.000419773 0.00104454 -0.0174357 0.0872377 
0.0101273 -0.018295 0.000385306 -0.000440583 -0.018295 0.0892761 -0.00044451 0.0010907 0.000385306 -0.00044451 0.00933272 -0.017466 -0.000440583 0.0010907 -0.017466 0.0873283 
0.0101214 -0.0183038 0.000394973 -0.000445196 -0.0183038 0.0892474 -0.000447484 0.00112972 0.000394973 -0.000447484 0.00935493 -0.0174336 -0.000445196 0.00112972 -0.0174336 0.0872543 
0.010104 -0.0183095 0.000415505 -0.000453836 -0.0183095 0.089288 -0.000452592 0.00114632 0.000415505 -0.000452592 0.00942037 -0.0174734 -0.000453836 0.00114632 -0.0174734 0.0873192 
0.0100862 -0.018273 0.000425711 -0.000469508 -0.018273 0.0892218 -0.000471917 0.00117236 0.000425711 -0.000471917 0.00946186 -0.0175662 -0.000469508 0.00117236 -0.0175662 0.0875083 
0.0100341 -0.0181716 0.000417664 -0.000478245 -0.0181716 0.0887755 -0.000480774 0.0011957 0.000417664 -0.000480774 0.00945263 -0.017557 -0.000478245 0.0011957 -0.017557 0.0873503 
0.0100577 -0.0181696 0.000421937 -0.000474204 -0.0181696 0.0887274 -0.000471244 0.00119994 0.000421937 -0.000471244 0.0094068 -0.0175574 -0.000474204 0.00119994 -0.0175574 0.0873537 
0.010122 -0.0182814 0.000438402 -0.000478066 -0.0182814 0.0891488 -0.000476747 0.00120067 0.000438402 -0.000476747 0.009399 -0.0175759 -0.000478066 0.00120067 -0.0175759 0.0876273 
0.0100868 -0.0182641 0.000424961 -0.000490803 -0.0182641 0.0889689 -0.000490351 0.00121524 0.000424961 -0.000490351 0.00937393 -0.0174417 -0.000490803 0.00121524 -0.0174417 0.0871434 
0.0100735 -0.0182115 0.000385993 -0.000478088 -0.0182115 0.0887765 -0.000476059 0.00120892 0.000385993 -0.000476059 0.0093317 -0.0174041 -0.000478088 0.00120892 -0.0174041 0.0868434 
0.0101162 -0.0182448 0.000376474 -0.000434149 -0.0182448 0.0888783 -0.000430763 0.00113678 0.000376474 -0.000430763 0.00929898 -0.01739 -0.000434149 0.00113678 -0.01739 0.0868351 
0.0101034 -0.0183022 0.000398066 -0.000418873 -0.0183022 0.0890582 -0.000412609 0.00106454 0.000398066 -0.000412609 0.00932722 -0.0173779 -0.000418873 0.00106454 -0.0173779 0.0868822 
0.010127 -0.0183134 0.000402925 -0.000451852 -0.0183134 0.0892269 -0.000441019 0.0010903 0.000402925 -0.000441019 0.00933088 -0.0174197 -0.000451852 0.0010903 -0.0174197 0.0870109 
0.0102063 -0.0184073 0.000407554 -0.000461113 -0.0184073 0.0896505 -0.000449091 0.00112684 0.000407554 -0.000449091 0.00935244 -0.0174849 -0.000461113 0.00112684 -0.0174849 0.0873949 
0.0102516 -0.0185105 0.000422061 -0.000463549 -0.0185105 0.0900432 -0.000458011 0.00114879 0.000422061 -0.000458011 0.00938681 -0.0175295 -0.000463549 0.00114879 -0.0175295 0.0876907 
0.0102079 -0.0184999 0.000415878 -0.000477552 -0.0184999 0.0900206 -0.000476362 0.00118228 0.000415878 -0.000476362 0.00941217 -0.0175317 -0.000477552 0.00118228 -0.0175317 0.0876716 
0.0101641 -0.0184218 0.000431654 -0.000480694 -0.0184218 0.089811 -0.000479584 0.00121743 0.000431654 -0.000479584 0.00943202 -0.0175483 -0.000480694 0.00121743 -0.0175483 0.0876337 
0.0101155 -0.0183402 0.00042631 -0.0004924 -0.0183402 0.0895144 -0.0004899 0.0012358 0.00042631 -0.0004899 0.00944483 -0.0175656 -0.0004924 0.0012358 -0.0175656 0.087612 
0.0101002 -0.0182946 0.0004203 -0.0004874 -0.0182946 0.0893706 -0.000485809 0.00124229 0.0004203 -0.000485809 0.0094389 -0.0176016 -0.0004874 0.00124229 -0.0176016 0.0877188 
0.0100914 -0.018266 0.000422247 -0.000484376 -0.018266 0.0892295 -0.000488469 0.0012495 0.000422247 -0.000488469 0.00941103 -0.0175766 -0.000484376 0.0012495 -0.0175766 0.0876729 
0.0100779 -0.018266 0.000431335 -0.000476055 -0.018266 0.0892181 -0.0004839 0.00122873 0.000431335 -0.0004839 0.00940449 -0.0175533 -0.000476055 0.00122873 -0.0175533 0.087651 
0.0100717 -0.0182249 0.000430719 -0.00049653 -0.0182249 0.0890785 -0.000502998 0.0012615 0.000430719 -0.000502998 0.00938157 -0.0175252 -0.00049653 0.0012615 -0.0175252 0.0875261 
0.0100053 -0.018123 0.000412428 -0.000494982 -0.018123 0.0885486 -0.000499808 0.00127429 0.000412428 -0.000499808 0.00933718 -0.0174078 -0.000494982 0.00127429 -0.0174078 0.0869887 
0.0100895 -0.0183392 0.000416739 -0.000470454 -0.0183392 0.0896303 -0.000479868 0.00123915 0.000416739 -0.000479868 0.00951359 -0.0176346 -0.000470454 0.00123915 -0.0176346 0.0880669 
0.0101131 -0.0182724 0.00039267 -0.000467353 -0.0182724 0.089453 -0.000477105 0.0012068 0.00039267 -0.000477105 0.0094775 -0.0176904 -0.000467353 0.0012068 -0.0176904 0.0880894 
0.0100131 -0.0180714 0.000377737 -0.000433849 -0.0180714 0.088282 -0.000440785 0.00113763 0.000377737 -0.000440785 0.00929706 -0.0174257 -0.000433849 0.00113763 -0.0174257 0.0869317 
0.0101691 -0.0183878 0.000388535 -0.000427207 -0.0183878 0.0896852 -0.000429968 0.00109856 0.000388535 -0.000429968 0.0094148 -0.0176027 -0.000427207 0.00109856 -0.0176027 0.0880511 
0.0100836 -0.0183019 0.000365102 -0.000430345 -0.0183019 0.089259 -0.00042475 0.00106551 0.000365102 -0.00042475 0.00939561 -0.0174627 -0.000430345 0.00106551 -0.0174627 0.0873829 
0.010003 -0.0182187 0.000368775 -0.00040546 -0.0182187 0.0889901 -0.000394203 0.00101476 0.000368775 -0.000394203 0.00943456 -0.017459 -0.00040546 0.00101476 -0.017459 0.087142 
0.00999795 -0.0181945 0.000365729 -0.000408506 -0.0181945 0.0890604 -0.000394654 0.000990305 0.000365729 -0.000394654 0.00946062 -0.0175755 -0.000408506 0.000990305 -0.0175755 0.0874618 
0.0100418 -0.0182033 0.00034812 -0.000413126 -0.0182033 0.0891536 -0.000403339 0.00100699 0.00034812 -0.000403339 0.00942766 -0.0176275 -0.000413126 0.00100699 -0.0176275 0.087751 
0.0100045 -0.0181215 0.000330398 -0.000385211 -0.0181215 0.0886231 -0.000380849 0.000972979 0.000330398 -0.000380849 0.00933492 -0.0174501 -0.000385211 0.000972979 -0.0174501 0.0871337 
0.0100028 -0.0181414 0.00031499 -0.000371196 -0.0181414 0.0886196 -0.000372149 0.000946093 0.00031499 -0.000372149 0.00931055 -0.0173726 -0.000371196 0.000946093 -0.0173726 0.0868698 
0.0100571 -0.0182279 0.000295813 -0.000354177 -0.0182279 0.0890592 -0.000358237 0.000915346 0.000295813 -0.000358237 0.00932806 -0.0174407 -0.000354177 0.000915346 -0.0174407 0.087182 
0.0100599 -0.0182417 0.000279996 -0.000327361 -0.0182417 0.0891025 -0.000332554 0.000860162 0.000279996 -0.000332554 0.00931121 -0.0174132 -0.000327361 0.000860162 -0.0174132 0.0871288 
0.0100821 -0.0182771 0.000282137 -0.000318837 -0.0182771 0.0892673 -0.000326423 0.0008389 0.000282137 -0.000326423 0.00930278 -0.0174052 -0.000318837 0.0008389 -0.0174052 0.0871642 
0.0101028 -0.0183277 0.000280418 -0.00031407 -0.0183277 0.0895116 -0.000319304 0.000811776 0.000280418 -0.000319304 0.0093178 -0.0174289 -0.00031407 0.000811776 -0.0174289 0.0873334 
0.010064 -0.0182751 0.000275703 -0.000309505 -0.0182751 0.0893251 -0.000313102 0.000792269 0.000275703 -0.000313102 0.00930708 -0.017405 -0.000309505 0.000792269 -0.017405 0.087206 
0.0100188 -0.018242 0.000300725 -0.000314153 -0.018242 0.0892347 -0.000318012 0.000805193 0.000300725 -0.000318012 0.00933859 -0.0174025 -0.000314153 0.000805193 -0.0174025 0.0871952 
0.0100083 -0.0181265 0.000287798 -0.000343851 -0.0181265 0.0888241 -0.000345304 0.000850607 0.000287798 -0.000345304 0.0093021 -0.0173893 -0.000343851 0.000850607 -0.0173893 0.0869938 
0.0100362 -0.0182034 0.000269136 -0.000322953 -0.0182034 0.0890657 -0.000321751 0.000833363 0.000269136 -0.000321751 0.0093405 -0.0174416 -0.000322953 0.000833363 -0.0174416 0.0873114 
0.0100089 -0.0182282 0.00028422 -0.000310824 -0.0182282 0.0891692 -0.000309509 0.000811415 0.00028422 -0.000309509 0.0093934 -0.0174541 -0.000310824 0.000811415 -0.0174541 0.0873697 
0.00998264 -0.0181729 0.000309737 -0.000320318 -0.0181729 0.0890492 -0.000321218 0.000807493 0.000309737 -0.000321218 0.00940586 -0.0174905 -0.000320318 0.000807493 -0.0174905 0.0873599 
0.00997125 -0.0181397 0.000328894 -0.000350721 -0.0181397 0.0889211 -0.000351048 0.000854573 0.000328894 -0.000351048 0.00940129 -0.0174959 -0.000350721 0.000854573 -0.0174959 0.0873432 
0.0099524 -0.0181143 0.000351904 -0.000375495 -0.0181143 0.0888126 -0.000372568 0.000913547 0.000351904 -0.000372568 0.00941063 -0.0175025 -0.000375495 0.000913547 -0.0175025 0.0873538 
0.00989499 -0.0180289 0.000371899 -0.000407439 -0.0180289 0.0884524 -0.00039918 0.000984033 0.000371899 -0.00039918 0.00940724 -0.0174761 -0.000407439 0.000984033 -0.0174761 0.0871591 
0.00987016 -0.0179707 0.000392987 -0.000437834 -0.0179707 0.0882463 -0.000425656 0.00106242 0.000392987 -0.000425656 0.00940408 -0.0174895 -0.000437834 0.00106242 -0.0174895 0.0871387 
0.00985925 -0.0179706 0.000406705 -0.000462252 -0.0179706 0.0882444 -0.000451769 0.00113046 0.000406705 -0.000451769 0.00942414 -0.017509 -0.000462252 0.00113046 -0.017509 0.0872413 
0.00989668 -0.017993 0.000412337 -0.000471982 -0.017993 0.0883781 -0.000469814 0.00117643 0.000412337 -0.000469814 0.00941869 -0.0175437 -0.000471982 0.00117643 -0.0175437 0.0873966 
0.00988642 -0.0180291 0.000415259 -0.000479552 -0.0180291 0.0884522 -0.000484847 0.00121603 0.000415259 -0.000484847 0.00943382 -0.0175159 -0.000479552 0.00121603 -0.0175159 0.0873635 
0.00982352 -0.0179738 0.000412718 -0.00047279 -0.0179738 0.08825 -0.000481827 0.00121202 0.000412718 -0.000481827 0.00945747 -0.0174806 -0.00047279 0.00121202 -0.0174806 0.0871159 
0.00980734 -0.0179339 0.000386905 -0.000462544 -0.0179339 0.0882011 -0.000469364 0.00117905 0.000386905 -0.000469364 0.00948849 -0.0175331 -0.000462544 0.00117905 -0.0175331 0.0871817 
0.00980585 -0.0179288 0.000373826 -0.000430716 -0.0179288 0.0882256 -0.000434508 0.00111078 0.000373826 -0.000434508 0.00950979 -0.0175969 -0.000430716 0.00111078 -0.0175969 0.0873862 
0.00980537 -0.0179388 0.000388316 -0.000408193 -0.0179388 0.0882815 -0.000411604 0.00103341 0.000388316 -0.000411604 0.00952726 -0.0176223 -0.000408193 0.00103341 -0.0176223 0.0875178 
0.00979105 -0.0179394 0.00040473 -0.000427424 -0.0179394 0.0883119 -0.000429067 0.00103077 0.00040473 -0.000429067 0.00955289 -0.0176397 -0.000427424 0.00103077 -0.0176397 0.0875858 
0.0097687 -0.017895 0.000391223 -0.000436561 -0.017895 0.0881649 -0.000440272 0.00104008 0.000391223 -0.000440272 0.00956082 -0.0176397 -0.000436561 0.00104008 -0.0176397 0.087513 
0.00978554 -0.0178855 0.000373043 -0.000424314 -0.0178855 0.0881489 -0.000435575 0.00104382 0.000373043 -0.000435575 0.00955981 -0.0176734 -0.000424314 0.00104382 -0.0176734 0.0876027 
0.00981017 -0.0179404 0.000370788 -0.000403462 -0.0179404 0.0883398 -0.000423229 0.00102382 0.000370788 -0.000423229 0.00956975 -0.0177051 -0.000403462 0.00102382 -0.0177051 0.0877998 
0.00985518 -0.0179856 0.000368537 -0.000386682 -0.0179856 0.0885484 -0.000409974 0.000973182 0.000368537 -0.000409974 0.00955814 -0.0177292 -0.000386682 0.000973182 -0.0177292 0.0879614 
0.00978276 -0.0179575 0.000382056 -0.000378841 -0.0179575 0.0883245 -0.000400906 0.000934093 0.000382056 -0.000400906 0.00957063 -0.0176346 -0.000378841 0.000934093 -0.0176346 0.0876159 
0.00981513 -0.0179906 0.000415332 -0.000426491 -0.0179906 0.088652 -0.0004409 0.00101966 0.000415332 -0.0004409 0.00960784 -0.0177379 -0.000426491 0.00101966 -0.0177379 0.0879477 
0.00983957 -0.0179525 0.000424062 -0.000471158 -0.0179525 0.0885039 -0.000474783 0.00112365 0.000424062 -0.000474783 0.00957289 -0.0177406 -0.000471158 0.00112365 -0.0177406 0.0879377 
0.00991622 -0.0180468 0.000409456 -0.000488932 -0.0180468 0.0887895 -0.000483564 0.0011903 0.000409456 -0.000483564 0.0095581 -0.0177484 -0.000488932 0.0011903 -0.0177484 0.0881262 
0.00994 -0.0180875 0.000389164 -0.000464428 -0.0180875 0.0888086 -0.000456844 0.0011648 0.000389164 -0.000456844 0.00953801 -0.0176755 -0.000464428 0.0011648 -0.0176755 0.0879035 
0.0099593 -0.0181224 0.000373972 -0.000432903 -0.0181224 0.0888698 -0.000425389 0.00109009 0.000373972 -0.000425389 0.00951799 -0.0176415 -0.000432903 0.00109009 -0.0176415 0.0877302 
0.0099491 -0.0181774 0.000386508 -0.00040431 -0.0181774 0.0890756 -0.000398051 0.00100215 0.000386508 -0.000398051 0.00954325 -0.0176464 -0.00040431 0.00100215 -0.0176464 0.087766 
0.00999639 -0.0182441 0.000410845 -0.000411271 -0.0182441 0.0895107 -0.000409693 0.000974317 0.000410845 -0.000409693 0.00954942 -0.0177348 -0.000411271 0.000974317 -0.0177348 0.0881382 
0.0100084 -0.018282 0.000424922 -0.000448305 -0.018282 0.0896857 -0.000453251 0.00104361 0.000424922 -0.000453251 0.00954214 -0.0177164 -0.000448305 0.00104361 -0.0177164 0.0882093 
0.00984232 -0.0180111 0.000441214 -0.000458666 -0.0180111 0.0884013 -0.000472551 0.00110258 0.000441214 -0.000472551 0.00940034 -0.0174308 -0.000458666 0.00110258 -0.0174308 0.0868521 
0.00992071 -0.0182172 0.000451679 -0.000498823 -0.0182172 0.0895272 -0.000512071 0.0012044 0.000451679 -0.000512071 0.00957634 -0.0176583 -0.000498823 0.0012044 -0.0176583 0.0879743 
