0.0073621 0 0.000558277 0 0 0.00992921 0 0 0.000558277 0 0.006994 0 0 0 0 0.00992921 
0.010554 -0.0130932 0.000812629 -0.000986137 -0.0130932 0.034321 -0.000986137 0.00189055 0.000812629 -0.000986137 0.0100075 -0.0124314 -0.000986137 0.00189055 -0.0124314 0.033052 
0.0105464 -0.0195261 0.000689948 -0.00105155 -0.0195261 0.0715772 -0.00105155 0.00326338 0.000689948 -0.00105155 0.010053 -0.0188148 -0.00105155 0.00326338 -0.0188148 0.0693739 
0.00974492 -0.0186828 0.000640899 -0.000681348 -0.0186828 0.0832028 -0.00067952 0.00217233 0.000640899 -0.00067952 0.00936613 -0.0181961 -0.000681348 0.00217233 -0.0181961 0.0817065 
0.009828 -0.0182707 0.000679735 -0.000716889 -0.0182707 0.0874407 -0.000711062 0.00191794 0.000679735 -0.000711062 0.00951918 -0.0178296 -0.000716889 0.00191794 -0.0178296 0.0861279 
0.00989791 -0.0180883 0.000675131 -0.000761917 -0.0180883 0.0881354 -0.000753738 0.00197139 0.000675131 -0.000753738 0.00962862 -0.0177193 -0.000761917 0.00197139 -0.0177193 0.0869484 
0.00999726 -0.0181282 0.000643339 -0.000763044 -0.0181282 0.0886088 -0.000756369 0.00198255 0.000643339 -0.000756369 0.00970235 -0.0178184 -0.000763044 0.00198255 -0.0178184 0.0876074 
0.00999864 -0.0180605 0.000623508 -0.000725734 -0.0180605 0.0882192 -0.000721084 0.00190212 0.000623508 -0.000721084 0.00959049 -0.0177281 -0.000725734 0.00190212 -0.0177281 0.0872941 
0.0102149 -0.0184512 0.000633772 -0.000716094 -0.0184512 0.0899292 -0.000715226 0.00184802 0.000633772 -0.000715226 0.00970691 -0.0179319 -0.000716094 0.00184802 -0.0179319 0.0886886 
0.0100877 -0.0182413 0.000628006 -0.000709314 -0.0182413 0.0888136 -0.000709916 0.00179556 0.000628006 -0.000709916 0.00957623 -0.0176179 -0.000709314 0.00179556 -0.0176179 0.0872724 
0.0101816 -0.0184152 0.000622376 -0.000709628 -0.0184152 0.0896657 -0.000707311 0.00178041 0.000622376 -0.000707311 0.00965971 -0.0177901 -0.000709628 0.00178041 -0.0177901 0.0880079 
0.0101214 -0.01828 0.000618373 -0.000694892 -0.01828 0.0890335 -0.000692498 0.00174823 0.000618373 -0.000692498 0.00957024 -0.0176887 -0.000694892 0.00174823 -0.0176887 0.0874586 
0.0102424 -0.0185012 0.000603402 -0.00070702 -0.0185012 0.0900471 -0.00070418 0.00177107 0.000603402 -0.00070418 0.0096724 -0.017861 -0.00070702 0.00177107 -0.017861 0.0884261 
0.0101773 -0.0184476 0.000599013 -0.000683312 -0.0184476 0.0897588 -0.000678648 0.00174081 0.000599013 -0.000678648 0.00966602 -0.0177972 -0.000683312 0.00174081 -0.0177972 0.0881117 
0.0101202 -0.018368 0.000600911 -0.000688366 -0.018368 0.0894933 -0.000679941 0.00173949 0.000600911 -0.000679941 0.00966549 -0.0177902 -0.000688366 0.00173949 -0.0177902 0.0879558 
0.0100922 -0.0183557 0.000609292 -0.000685959 -0.0183557 0.0895335 -0.000681509 0.00173588 0.000609292 -0.000681509 0.00969688 -0.0178486 -0.000685959 0.00173588 -0.0178486 0.0881733 
0.010131 -0.018439 0.000637899 -0.00069146 -0.018439 0.0900729 -0.000695429 0.00174856 0.000637899 -0.000695429 0.00975953 -0.0180005 -0.00069146 0.00174856 -0.0180005 0.0888882 
0.00998097 -0.0181311 0.000655311 -0.000707722 -0.0181311 0.088681 -0.000716707 0.00176482 0.000655311 -0.000716707 0.00961325 -0.017749 -0.000707722 0.00176482 -0.017749 0.0876949 
0.00998641 -0.0181298 0.00065272 -0.00073056 -0.0181298 0.0886631 -0.000734943 0.00180191 0.00065272 -0.000734943 0.00960744 -0.0177429 -0.00073056 0.00180191 -0.0177429 0.0877349 
0.0101093 -0.018388 0.000637988 -0.000748676 -0.018388 0.0898912 -0.000750141 0.00186299 0.000637988 -0.000750141 0.00977573 -0.0179639 -0.000748676 0.00186299 -0.0179639 0.088889 
0.0100704 -0.0182775 0.000629415 -0.000716778 -0.0182775 0.0894371 -0.000723747 0.00183068 0.000629415 -0.000723747 0.00974341 -0.017929 -0.000716778 0.00183068 -0.017929 0.0885312 
0.0100674 -0.0182833 0.000625923 -0.000711907 -0.0182833 0.0894075 -0.000721945 0.00181203 0.000625923 -0.000721945 0.00977365 -0.0179463 -0.000711907 0.00181203 -0.0179463 0.0885845 
0.0100352 -0.0182922 0.000612557 -0.000690364 -0.0182922 0.0894512 -0.000704067 0.00175707 0.000612557 -0.000704067 0.0098476 -0.0180012 -0.000690364 0.00175707 -0.0180012 0.0887333 
0.0100222 -0.0182686 0.000586276 -0.000662151 -0.0182686 0.0894631 -0.000676066 0.00167941 0.000586276 -0.000676066 0.0098679 -0.0180886 -0.000662151 0.00167941 -0.0180886 0.0889401 
0.0100551 -0.0182865 0.00056726 -0.000640616 -0.0182865 0.0895696 -0.000656726 0.00162969 0.00056726 -0.000656726 0.00987509 -0.018123 -0.000640616 0.00162969 -0.018123 0.0891312 
0.00991725 -0.0180441 0.000568796 -0.00060808 -0.0180441 0.0883039 -0.000624972 0.00155031 0.000568796 -0.000624972 0.00970552 -0.0178473 -0.00060808 0.00155031 -0.0178473 0.0878221 
0.0099812 -0.018124 0.000608568 -0.000630761 -0.018124 0.0886687 -0.000645011 0.0015716 0.000608568 -0.000645011 0.00966904 -0.0178659 -0.000630761 0.0015716 -0.0178659 0.0880321 
0.010018 -0.0181791 0.000660202 -0.000683838 -0.0181791 0.0888527 -0.000691333 0.00166569 0.000660202 -0.000691333 0.00961652 -0.0178023 -0.000683838 0.00166569 -0.0178023 0.0879666 
0.0100814 -0.0182763 0.000684409 -0.000750759 -0.0182763 0.0892353 -0.000749693 0.00180331 0.000684409 -0.000749693 0.00958778 -0.0177567 -0.000750759 0.00180331 -0.0177567 0.0879725 
0.0100832 -0.0182456 0.000664354 -0.000772018 -0.0182456 0.0890058 -0.000768157 0.00188255 0.000664354 -0.000768157 0.00951863 -0.0176114 -0.000772018 0.00188255 -0.0176114 0.0874001 
0.0102562 -0.0185191 0.000626804 -0.000761058 -0.0185191 0.0902349 -0.000755228 0.00190292 0.000626804 -0.000755228 0.00964469 -0.0178026 -0.000761058 0.00190292 -0.0178026 0.0883753 
0.0102386 -0.0185442 0.000604406 -0.000708742 -0.0185442 0.0902052 -0.000699874 0.00181338 0.000604406 -0.000699874 0.00964294 -0.0177688 -0.000708742 0.00181338 -0.0177688 0.0881499 
0.0101975 -0.0185498 0.000606182 -0.000685591 -0.0185498 0.0902745 -0.000679797 0.00174171 0.000606182 -0.000679797 0.00967262 -0.0177913 -0.000685591 0.00174171 -0.0177913 0.0881649 
0.0101879 -0.0184639 0.000582819 -0.00067641 -0.0184639 0.0900659 -0.000672115 0.00168904 0.000582819 -0.000672115 0.00967226 -0.0178261 -0.00067641 0.00168904 -0.0178261 0.0881823 
0.0102074 -0.0184472 0.00055677 -0.000658151 -0.0184472 0.0899295 -0.000652193 0.00165746 0.00055677 -0.000652193 0.0096659 -0.0178345 -0.000658151 0.00165746 -0.0178345 0.0882202 
0.0101598 -0.0183964 0.000538124 -0.000617922 -0.0183964 0.0895602 -0.000608624 0.00156514 0.000538124 -0.000608624 0.00963695 -0.0177621 -0.000617922 0.00156514 -0.0177621 0.0878872 
0.0101618 -0.0184376 0.000542176 -0.000599773 -0.0184376 0.0897886 -0.000588773 0.0015 0.000542176 -0.000588773 0.00966027 -0.0178223 -0.000599773 0.0015 -0.0178223 0.088141 
0.0101935 -0.0184409 0.000562853 -0.000597829 -0.0184409 0.0899048 -0.000589435 0.00146702 0.000562853 -0.000589435 0.00962523 -0.0178622 -0.000597829 0.00146702 -0.0178622 0.0883486 
0.0101656 -0.0184019 0.000567246 -0.000616136 -0.0184019 0.0896607 -0.000607604 0.00147586 0.000567246 -0.000607604 0.00960199 -0.0177697 -0.000616136 0.00147586 -0.0177697 0.0881055 
0.0102095 -0.018438 0.000569277 -0.000633294 -0.018438 0.0898432 -0.000624785 0.00152799 0.000569277 -0.000624785 0.0095888 -0.0178008 -0.000633294 0.00152799 -0.0178008 0.0882515 
0.0102588 -0.0185531 0.000577441 -0.00065109 -0.0185531 0.0902757 -0.000640965 0.00159161 0.000577441 -0.000640965 0.0095992 -0.0178123 -0.00065109 0.00159161 -0.0178123 0.0884751 
0.0102258 -0.0185632 0.000586764 -0.000654574 -0.0185632 0.0903202 -0.000641289 0.00160994 0.000586764 -0.000641289 0.00962037 -0.0177673 -0.000654574 0.00160994 -0.0177673 0.0883267 
0.0100273 -0.0182314 0.000604043 -0.000654051 -0.0182314 0.0888774 -0.00063825 0.00160026 0.000604043 -0.00063825 0.00949193 -0.0175311 -0.000654051 0.00160026 -0.0175311 0.0869919 
0.0102223 -0.0184531 0.000606286 -0.00069242 -0.0184531 0.0901151 -0.000679422 0.00167355 0.000606286 -0.000679422 0.00958595 -0.0178333 -0.00069242 0.00167355 -0.0178333 0.0884249 
0.0102799 -0.0184888 0.000611293 -0.000697281 -0.0184888 0.0900863 -0.000696622 0.00173917 0.000611293 -0.000696622 0.00953628 -0.0177741 -0.000697281 0.00173917 -0.0177741 0.0883705 
0.0101662 -0.0183158 0.000600381 -0.000692218 -0.0183158 0.0890023 -0.000701326 0.00175551 0.000600381 -0.000701326 0.00939179 -0.0174687 -0.000692218 0.00175551 -0.0174687 0.0870344 
0.0101715 -0.0182981 0.000588119 -0.000696859 -0.0182981 0.0888915 -0.00070797 0.00179371 0.000588119 -0.00070797 0.00935216 -0.0174143 -0.000696859 0.00179371 -0.0174143 0.0867543 
0.0103176 -0.0186428 0.000589576 -0.000684977 -0.0186428 0.0904871 -0.000690155 0.00178332 0.000589576 -0.000690155 0.00953255 -0.0176899 -0.000684977 0.00178332 -0.0176899 0.0881783 
0.0102083 -0.0184769 0.00058653 -0.000666048 -0.0184769 0.0898107 -0.000658542 0.00170588 0.00058653 -0.000658542 0.00949154 -0.0175794 -0.000666048 0.00170588 -0.0175794 0.0875312 
0.0101155 -0.0183231 0.000555637 -0.000658465 -0.0183231 0.0891799 -0.000643024 0.00164483 0.000555637 -0.000643024 0.00947715 -0.0175081 -0.000658465 0.00164483 -0.0175081 0.0870567 
0.0100881 -0.0183436 0.000560167 -0.000630928 -0.0183436 0.0893609 -0.000623273 0.0016038 0.000560167 -0.000623273 0.00956656 -0.0176185 -0.000630928 0.0016038 -0.0176185 0.0874412 
0.00999456 -0.0182167 0.000578521 -0.000625142 -0.0182167 0.0889352 -0.000632765 0.00158298 0.000578521 -0.000632765 0.00960941 -0.0176413 -0.000625142 0.00158298 -0.0176413 0.087345 
0.00998668 -0.0181542 0.000574116 -0.000647957 -0.0181542 0.0888265 -0.000661957 0.00162153 0.000574116 -0.000661957 0.00964657 -0.0177587 -0.000647957 0.00162153 -0.0177587 0.0876785 
0.0100457 -0.0181774 0.000560787 -0.000639629 -0.0181774 0.0889398 -0.000656498 0.00163173 0.000560787 -0.000656498 0.00961803 -0.0178462 -0.000639629 0.00163173 -0.0178462 0.0880912 
0.0100956 -0.0182388 0.000554629 -0.00062724 -0.0182388 0.0890541 -0.00064282 0.00161287 0.000554629 -0.00064282 0.00957833 -0.0177897 -0.00062724 0.00161287 -0.0177897 0.0881056 
0.0101418 -0.0183598 0.000565903 -0.000629189 -0.0183598 0.0894859 -0.000636612 0.00160316 0.000565903 -0.000636612 0.00960041 -0.0177768 -0.000629189 0.00160316 -0.0177768 0.0882199 
0.0101889 -0.0184407 0.000578749 -0.000645495 -0.0184407 0.0898835 -0.000645188 0.0016193 0.000578749 -0.000645188 0.00961562 -0.0178197 -0.000645495 0.0016193 -0.0178197 0.0884099 
0.0101784 -0.0184769 0.000585715 -0.000658976 -0.0184769 0.0900317 -0.000657359 0.00164655 0.000585715 -0.000657359 0.00964546 -0.017809 -0.000658976 0.00164655 -0.017809 0.0884077 
0.0101508 -0.0184284 0.000581387 -0.00066693 -0.0184284 0.0899342 -0.000668163 0.00167474 0.000581387 -0.000668163 0.00966164 -0.0178368 -0.00066693 0.00167474 -0.0178368 0.0884016 
0.0101192 -0.0183969 0.000574311 -0.000660865 -0.0183969 0.0898367 -0.00065904 0.00167183 0.000574311 -0.00065904 0.00967656 -0.0178521 -0.000660865 0.00167183 -0.0178521 0.0884261 
0.0101149 -0.0183902 0.000607841 -0.000657372 -0.0183902 0.0898984 -0.00064851 0.00165827 0.000607841 -0.00064851 0.0096846 -0.0179014 -0.000657372 0.00165827 -0.0179014 0.088623 
0.0100376 -0.0183344 0.000657826 -0.000687074 -0.0183344 0.0896605 -0.00067888 0.00168228 0.000657826 -0.00067888 0.00970606 -0.0178497 -0.000687074 0.00168228 -0.0178497 0.0884412 
0.0099331 -0.0181588 0.000676116 -0.000744694 -0.0181588 0.0889923 -0.000740352 0.00179012 0.000676116 -0.000740352 0.00970392 -0.0177695 -0.000744694 0.00179012 -0.0177695 0.0878964 
0.00987082 -0.0180357 0.000653448 -0.000767679 -0.0180357 0.088525 -0.000769733 0.00188592 0.000653448 -0.000769733 0.00972111 -0.0177857 -0.000767679 0.00188592 -0.0177857 0.087727 
0.00992988 -0.0180306 0.000630999 -0.000739789 -0.0180306 0.088578 -0.000745487 0.00187905 0.000630999 -0.000745487 0.00972187 -0.0179112 -0.000739789 0.00187905 -0.0179112 0.0881504 
0.00998464 -0.0180759 0.000630068 -0.000706009 -0.0180759 0.0885926 -0.000712777 0.00180653 0.000630068 -0.000712777 0.00969201 -0.0178954 -0.000706009 0.00180653 -0.0178954 0.0882362 
0.0101011 -0.0182607 0.000647607 -0.000711473 -0.0182607 0.0892537 -0.000719296 0.00179201 0.000647607 -0.000719296 0.00967794 -0.0179391 -0.000711473 0.00179201 -0.0179391 0.0886235 
0.0101835 -0.0184425 0.000653786 -0.000727256 -0.0184425 0.0899637 -0.000736046 0.00180931 0.000653786 -0.000736046 0.00969468 -0.0179574 -0.000727256 0.00180931 -0.0179574 0.0889449 
0.0100278 -0.018172 0.000622404 -0.000728905 -0.018172 0.0886273 -0.000736231 0.00181801 0.000622404 -0.000736231 0.00954495 -0.017619 -0.000728905 0.00181801 -0.017619 0.0873454 
0.0100275 -0.0181873 0.000596739 -0.00069609 -0.0181873 0.0886951 -0.000696456 0.00176587 0.000596739 -0.000696456 0.00955486 -0.0176163 -0.00069609 0.00176587 -0.0176163 0.0872638 
0.0100231 -0.0181864 0.000572236 -0.000667289 -0.0181864 0.0887051 -0.000661506 0.00168791 0.000572236 -0.000661506 0.00956726 -0.0176201 -0.000667289 0.00168791 -0.0176201 0.0872241 
0.0101688 -0.0184365 0.000569653 -0.000648054 -0.0184365 0.0899094 -0.000634181 0.0016253 0.000569653 -0.000634181 0.00970376 -0.0178511 -0.000648054 0.0016253 -0.0178511 0.0883293 
0.0101647 -0.0184264 0.000573292 -0.000643972 -0.0184264 0.0898381 -0.000625574 0.00158846 0.000573292 -0.000625574 0.00969828 -0.0178594 -0.000643972 0.00158846 -0.0178594 0.0882803 
0.0101672 -0.0183956 0.000557945 -0.000641432 -0.0183956 0.0896905 -0.000627521 0.00157195 0.000557945 -0.000627521 0.00967422 -0.0178516 -0.000641432 0.00157195 -0.0178516 0.0882092 
0.0101469 -0.0184061 0.000573604 -0.000625574 -0.0184061 0.089645 -0.000618989 0.00155918 0.000573604 -0.000618989 0.00967933 -0.0178174 -0.000625574 0.00155918 -0.0178174 0.0881114 
0.0101394 -0.0183965 0.000595055 -0.000637752 -0.0183965 0.0896695 -0.000640841 0.00157602 0.000595055 -0.000640841 0.00967419 -0.0178464 -0.000637752 0.00157602 -0.0178464 0.0881735 
0.0101528 -0.0184251 0.000609402 -0.000666226 -0.0184251 0.0898308 -0.000675802 0.00164262 0.000609402 -0.000675802 0.00971295 -0.0178746 -0.000666226 0.00164262 -0.0178746 0.0883668 
0.0102048 -0.0185124 0.00062574 -0.000689931 -0.0185124 0.0902631 -0.000704591 0.00172322 0.00062574 -0.000704591 0.00977649 -0.0179767 -0.000689931 0.00172322 -0.0179767 0.08881 
0.0100952 -0.0183353 0.000624394 -0.000687892 -0.0183353 0.0894031 -0.00070185 0.00172734 0.000624394 -0.00070185 0.00968672 -0.0178352 -0.000687892 0.00172734 -0.0178352 0.0880396 
0.0101249 -0.0183468 0.000640414 -0.000688508 -0.0183468 0.0895355 -0.000701699 0.00172748 0.000640414 -0.000701699 0.00969528 -0.0178858 -0.000688508 0.00172748 -0.0178858 0.0882914 
0.0101364 -0.0183496 0.000661915 -0.000712499 -0.0183496 0.0895023 -0.000726744 0.00176861 0.000661915 -0.000726744 0.00969084 -0.0178661 -0.000712499 0.00176861 -0.0178661 0.0882734 
0.0101087 -0.018326 0.000688702 -0.000757394 -0.018326 0.089345 -0.000771709 0.00188278 0.000688702 -0.000771709 0.00972014 -0.0178346 -0.000757394 0.00188278 -0.0178346 0.088113 
0.0100713 -0.0182545 0.000678454 -0.000796383 -0.0182545 0.0890315 -0.000801296 0.0019896 0.000678454 -0.000801296 0.00974969 -0.0178327 -0.000796383 0.0019896 -0.0178327 0.0879107 
0.0100224 -0.0181923 0.000656619 -0.000771198 -0.0181923 0.0887297 -0.000764956 0.0019665 0.000656619 -0.000764956 0.00971856 -0.017842 -0.000771198 0.0019665 -0.017842 0.0877646 
0.0101456 -0.0184718 0.000669231 -0.000772567 -0.0184718 0.0901239 -0.000761499 0.00197479 0.000669231 -0.000761499 0.00987403 -0.0181136 -0.000772567 0.00197479 -0.0181136 0.0891741 
0.0100358 -0.0183728 0.000667694 -0.000761845 -0.0183728 0.0897729 -0.000747823 0.00192738 0.000667694 -0.000747823 0.00986217 -0.0180477 -0.000761845 0.00192738 -0.0180477 0.0888546 
0.0100362 -0.0182854 0.000661977 -0.000756757 -0.0182854 0.0896373 -0.000749968 0.00190372 0.000661977 -0.000749968 0.00982951 -0.0180857 -0.000756757 0.00190372 -0.0180857 0.088934 
0.0100983 -0.0182202 0.000625819 -0.000729363 -0.0182202 0.089295 -0.000732724 0.00184019 0.000625819 -0.000732724 0.00972003 -0.0180205 -0.000729363 0.00184019 -0.0180205 0.0887525 
0.0101656 -0.0183501 0.0006079 -0.000679456 -0.0183501 0.089529 -0.000688917 0.00173391 0.0006079 -0.000688917 0.0096874 -0.0179311 -0.000679456 0.00173391 -0.0179311 0.0886818 
0.0100318 -0.0182356 0.000624406 -0.000659331 -0.0182356 0.0887524 -0.000671687 0.00166339 0.000624406 -0.000671687 0.00956391 -0.0176325 -0.000659331 0.00166339 -0.0176325 0.0873693 
0.00995005 -0.0182133 0.000645768 -0.000697402 -0.0182133 0.0888145 -0.000708472 0.00171493 0.000645768 -0.000708472 0.00960829 -0.0176104 -0.000697402 0.00171493 -0.0176104 0.0872016 
0.0100419 -0.0183371 0.000640367 -0.000732174 -0.0183371 0.0897839 -0.000737976 0.00179848 0.000640367 -0.000737976 0.00975594 -0.0178989 -0.000732174 0.00179848 -0.0178989 0.088374 
0.00996314 -0.0182014 0.000610658 -0.000720682 -0.0182014 0.0891737 -0.000719058 0.00180124 0.000610658 -0.000719058 0.00975321 -0.0178349 -0.000720682 0.00180124 -0.0178349 0.0879991 
0.00998027 -0.0182044 0.000601251 -0.000696498 -0.0182044 0.0892383 -0.000691306 0.00176879 0.000601251 -0.000691306 0.0097661 -0.0179199 -0.000696498 0.00176879 -0.0179199 0.0882564 
0.00995387 -0.0181583 0.000585405 -0.000666339 -0.0181583 0.0889914 -0.00066572 0.00168551 0.000585405 -0.00066572 0.0097431 -0.0178854 -0.000666339 0.00168551 -0.0178854 0.0881268 
0.00989124 -0.018054 0.000573832 -0.000642892 -0.018054 0.0885111 -0.000643752 0.00161482 0.000573832 -0.000643752 0.00970434 -0.0178113 -0.000642892 0.00161482 -0.0178113 0.0877616 
0.0100277 -0.018298 0.000565598 -0.000641993 -0.018298 0.0897484 -0.00063945 0.00159169 0.000565598 -0.00063945 0.00985053 -0.0180863 -0.000641993 0.00159169 -0.0180863 0.0891005 
0.00984366 -0.0179895 0.000540947 -0.00061462 -0.0179895 0.0882436 -0.000613297 0.00152929 0.000540947 -0.000613297 0.00968626 -0.0177982 -0.00061462 0.00152929 -0.0177982 0.0876856 
0.00982657 -0.0179948 0.000566496 -0.0005891 -0.0179948 0.0883342 -0.000597077 0.00147863 0.000566496 -0.000597077 0.00970426 -0.01782 -0.0005891 0.00147863 -0.01782 0.0878289 
0.00994853 -0.0181971 0.000597929 -0.0006307 -0.0181971 0.0894566 -0.000638367 0.00152718 0.000597929 -0.000638367 0.00983431 -0.0180715 -0.0006307 0.00152718 -0.0180715 0.089054 
0.00998421 -0.018203 0.00062056 -0.000668347 -0.018203 0.0894955 -0.000667415 0.00160496 0.00062056 -0.000667415 0.00980592 -0.0180843 -0.000668347 0.00160496 -0.0180843 0.0891495 
0.00986366 -0.0179915 0.000615378 -0.000698395 -0.0179915 0.088335 -0.000689562 0.001679 0.000615378 -0.000689562 0.00965623 -0.0177983 -0.000698395 0.001679 -0.0177983 0.0878984 
0.00989667 -0.0180135 0.000608614 -0.000703187 -0.0180135 0.0884086 -0.00069374 0.00172569 0.000608614 -0.00069374 0.0096406 -0.0177751 -0.000703187 0.00172569 -0.0177751 0.0878369 
0.00997352 -0.0180975 0.000605708 -0.00068562 -0.0180975 0.0887427 -0.000678733 0.0017034 0.000605708 -0.000678733 0.00961142 -0.017817 -0.00068562 0.0017034 -0.017817 0.0880746 
0.00996771 -0.0181378 0.000623176 -0.00067985 -0.0181378 0.088756 -0.000673652 0.00167861 0.000623176 -0.000673652 0.0095889 -0.0177091 -0.00067985 0.00167861 -0.0177091 0.0877931 
0.00998012 -0.0181497 0.000615505 -0.000710054 -0.0181497 0.0888147 -0.000702472 0.00172541 0.000615505 -0.000702472 0.00959603 -0.0176752 -0.000710054 0.00172541 -0.0176752 0.0876142 
0.0100173 -0.0182229 0.000593545 -0.000703169 -0.0182229 0.0891226 -0.000698238 0.001748 0.000593545 -0.000698238 0.00963067 -0.0177273 -0.000703169 0.001748 -0.0177273 0.0877881 
0.0100021 -0.018266 0.000598053 -0.000662011 -0.018266 0.0893169 -0.000666211 0.00168307 0.000598053 -0.000666211 0.00966324 -0.0177648 -0.000662011 0.00168307 -0.0177648 0.0879125 
0.00990498 -0.0181563 0.000628895 -0.000658961 -0.0181563 0.0889258 -0.00067241 0.00164907 0.000628895 -0.00067241 0.00968567 -0.0177164 -0.000658961 0.00164907 -0.0177164 0.0875936 
0.00993089 -0.0182548 0.00064207 -0.000701807 -0.0182548 0.0896656 -0.000716797 0.0017122 0.00064207 -0.000716797 0.00987087 -0.0179956 -0.000701807 0.0017122 -0.0179956 0.0886982 
0.00977428 -0.0179442 0.000640454 -0.000714425 -0.0179442 0.0883501 -0.000721413 0.00175819 0.000640454 -0.000721413 0.00975069 -0.0178718 -0.000714425 0.00175819 -0.0178718 0.0878417 
0.00977377 -0.0179355 0.000633984 -0.000726192 -0.0179355 0.0883406 -0.000727604 0.00179606 0.000633984 -0.000727604 0.00974804 -0.0178891 -0.000726192 0.00179606 -0.0178891 0.0880367 
0.00977417 -0.0178849 0.000606688 -0.000717172 -0.0178849 0.0881078 -0.000717477 0.00179084 0.000606688 -0.000717477 0.00971647 -0.0178325 -0.000717172 0.00179084 -0.0178325 0.0878427 
0.00976748 -0.0179367 0.00059284 -0.000680639 -0.0179367 0.0882453 -0.000683528 0.00172901 0.00059284 -0.000683528 0.00974865 -0.0178237 -0.000680639 0.00172901 -0.0178237 0.0878623 
0.00972342 -0.0178706 0.000598255 -0.00064835 -0.0178706 0.0880324 -0.00065186 0.00163055 0.000598255 -0.00065186 0.00974623 -0.0178164 -0.00064835 0.00163055 -0.0178164 0.0876948 
0.00987557 -0.0180784 0.000615736 -0.000671566 -0.0180784 0.0891403 -0.000673956 0.00164115 0.000615736 -0.000673956 0.0098564 -0.0180832 -0.000671566 0.00164115 -0.0180832 0.0889435 
0.00986722 -0.0181029 0.000622072 -0.000698744 -0.0181029 0.0891331 -0.000701457 0.00170534 0.000622072 -0.000701457 0.00985753 -0.0180516 -0.000698744 0.00170534 -0.0180516 0.0889037 
0.00972719 -0.0178411 0.000615091 -0.000688592 -0.0178411 0.0878889 -0.000687108 0.00169212 0.000615091 -0.000687108 0.00971564 -0.0178086 -0.000688592 0.00169212 -0.0178086 0.0876694 
0.00975981 -0.0179028 0.00063567 -0.000692065 -0.0179028 0.0882211 -0.000686669 0.00169468 0.00063567 -0.000686669 0.00975335 -0.017891 -0.000692065 0.00169468 -0.017891 0.0880792 
0.009736 -0.0178982 0.000631322 -0.000714803 -0.0178982 0.0882218 -0.000707137 0.00172451 0.000631322 -0.000707137 0.0097757 -0.0178923 -0.000714803 0.00172451 -0.0178923 0.0881217 
0.00971497 -0.0178062 0.000621296 -0.000705892 -0.0178062 0.087882 -0.000702358 0.00172833 0.000621296 -0.000702358 0.00975397 -0.0178664 -0.000705892 0.00172833 -0.0178664 0.087912 
0.00975088 -0.0178362 0.000636253 -0.000699828 -0.0178362 0.0879634 -0.000700331 0.00172891 0.000636253 -0.000700331 0.00974934 -0.017897 -0.000699828 0.00172891 -0.017897 0.0880605 
0.00971555 -0.0178063 0.000627943 -0.000710927 -0.0178063 0.0877179 -0.000712554 0.0017372 0.000627943 -0.000712554 0.00974718 -0.0178244 -0.000710927 0.0017372 -0.0178244 0.0877725 
0.00984299 -0.0180562 0.000632502 -0.000712739 -0.0180562 0.0889731 -0.000711317 0.00175546 0.000632502 -0.000711317 0.00989916 -0.0181015 -0.000712739 0.00175546 -0.0181015 0.0890198 
0.00979306 -0.0179991 0.000625944 -0.00070081 -0.0179991 0.0887029 -0.000699233 0.00172367 0.000625944 -0.000699233 0.00990167 -0.0180543 -0.00070081 0.00172367 -0.0180543 0.0887514 
0.00981442 -0.0180655 0.000640129 -0.000697958 -0.0180655 0.0890756 -0.000700281 0.00171705 0.000640129 -0.000700281 0.00996052 -0.0181607 -0.000697958 0.00171705 -0.0181607 0.089154 
0.00970716 -0.0177996 0.000641771 -0.00070031 -0.0177996 0.0878149 -0.000708454 0.00171136 0.000641771 -0.000708454 0.00979363 -0.0179194 -0.00070031 0.00171136 -0.0179194 0.0879246 
0.00977373 -0.0179033 0.000637245 -0.000713285 -0.0179033 0.0882197 -0.000726535 0.00174749 0.000637245 -0.000726535 0.00981391 -0.0179749 -0.000713285 0.00174749 -0.0179749 0.0882915 
0.00985078 -0.0180213 0.000650765 -0.000713951 -0.0180213 0.0887242 -0.000728087 0.00177388 0.000650765 -0.000728087 0.00985269 -0.0180444 -0.000713951 0.00177388 -0.0180444 0.0886999 
0.009923 -0.0181097 0.000665791 -0.000722705 -0.0181097 0.0890935 -0.000728512 0.00177531 0.000665791 -0.000728512 0.00985784 -0.0181046 -0.000722705 0.00177531 -0.0181046 0.0890103 
0.00996375 -0.018223 0.000665438 -0.000744653 -0.018223 0.0895144 -0.000743807 0.00180597 0.000665438 -0.000743807 0.00990736 -0.0181331 -0.000744653 0.00180597 -0.0181331 0.0892816 
0.00981594 -0.0179147 0.000656559 -0.000737458 -0.0179147 0.0880226 -0.000738281 0.00181164 0.000656559 -0.000738281 0.0097243 -0.0178298 -0.000737458 0.00181164 -0.0178298 0.0877174 
0.00982601 -0.0179696 0.000661779 -0.000735838 -0.0179696 0.0882293 -0.000740957 0.00182254 0.000661779 -0.000740957 0.00976534 -0.0178601 -0.000735838 0.00182254 -0.0178601 0.087894 
0.00981726 -0.0179888 0.000659915 -0.000755506 -0.0179888 0.0883602 -0.000759534 0.0018717 0.000659915 -0.000759534 0.0098251 -0.0179021 -0.000755506 0.0018717 -0.0179021 0.0880271 
0.00993306 -0.0182178 0.00067563 -0.000752501 -0.0182178 0.0895724 -0.000748806 0.00187703 0.00067563 -0.000748806 0.00999613 -0.0182083 -0.000752501 0.00187703 -0.0182083 0.0893613 
0.00989662 -0.0180977 0.000675245 -0.000753896 -0.0180977 0.0890491 -0.000742014 0.00184653 0.000675245 -0.000742014 0.00996963 -0.0181497 -0.000753896 0.00184653 -0.0181497 0.0889835 
0.00991152 -0.0180642 0.000662837 -0.000753207 -0.0180642 0.0888436 -0.00073881 0.0018313 0.000662837 -0.00073881 0.00995436 -0.0181763 -0.000753207 0.0018313 -0.0181763 0.0889883 
0.00996401 -0.0181698 0.00067362 -0.000736157 -0.0181698 0.0892426 -0.000722736 0.00179861 0.00067362 -0.000722736 0.00996697 -0.0182759 -0.000736157 0.00179861 -0.0182759 0.0894949 
0.00988415 -0.0179719 0.00067386 -0.000753598 -0.0179719 0.0881958 -0.000747842 0.00183167 0.00067386 -0.000747842 0.00977576 -0.0179959 -0.000753598 0.00183167 -0.0179959 0.0883155 
0.00995896 -0.0181205 0.000715782 -0.000771489 -0.0181205 0.0887478 -0.000774387 0.00190949 0.000715782 -0.000774387 0.00975894 -0.0179795 -0.000771489 0.00190949 -0.0179795 0.0885127 
0.00995076 -0.0181107 0.000718728 -0.000801484 -0.0181107 0.0886472 -0.000805948 0.00196194 0.000718728 -0.000805948 0.00971501 -0.0178523 -0.000801484 0.00196194 -0.0178523 0.0880574 
0.0100835 -0.0183835 0.000704097 -0.000834272 -0.0183835 0.0899408 -0.000832808 0.002064 0.000704097 -0.000832808 0.00988342 -0.0180575 -0.000834272 0.002064 -0.0180575 0.0890768 
0.0100687 -0.0183493 0.000681792 -0.000792427 -0.0183493 0.0898216 -0.00078537 0.00200289 0.000681792 -0.00078537 0.00990658 -0.018078 -0.000792427 0.00200289 -0.018078 0.0889507 
0.0100755 -0.0183811 0.000695872 -0.000762773 -0.0183811 0.0899297 -0.000756335 0.00192108 0.000695872 -0.000756335 0.00991398 -0.0181184 -0.000762773 0.00192108 -0.0181184 0.0890452 
0.0101387 -0.0183696 0.000684378 -0.000775305 -0.0183696 0.0899111 -0.000768912 0.00190026 0.000684378 -0.000768912 0.00985203 -0.0181312 -0.000775305 0.00190026 -0.0181312 0.0890801 
0.0100803 -0.0182287 0.000683769 -0.000775583 -0.0182287 0.0889583 -0.000771715 0.0019257 0.000683769 -0.000771715 0.00965278 -0.0178428 -0.000775583 0.0019257 -0.0178428 0.0879205 
0.0101664 -0.0183981 0.000676705 -0.000787975 -0.0183981 0.0895781 -0.000784962 0.00196756 0.000676705 -0.000784962 0.0096482 -0.0178238 -0.000787975 0.00196756 -0.0178238 0.0881228 
0.0101505 -0.0184573 0.000684973 -0.00076914 -0.0184573 0.0898128 -0.00076706 0.00194667 0.000684973 -0.00076706 0.0096726 -0.0177828 -0.00076914 0.00194667 -0.0177828 0.0880342 
0.0100477 -0.0183587 0.000702715 -0.000781592 -0.0183587 0.0894972 -0.000776046 0.00195297 0.000702715 -0.000776046 0.00971096 -0.0177343 -0.000781592 0.00195297 -0.0177343 0.08768 
0.0100094 -0.0182845 0.000716616 -0.000811033 -0.0182845 0.0894234 -0.000800988 0.00200787 0.000716616 -0.000800988 0.00976533 -0.0178551 -0.000811033 0.00200787 -0.0178551 0.0879576 
