0.00761477 0 -0.000402243 0 0 0.00992054 0 0 -0.000402243 0 0.00667355 0 0 0 0 0.00992054 
0.010941 -0.0135634 -0.000549705 0.00066704 -0.0135634 0.0352214 0.00066704 -0.00127982 -0.000549705 0.00066704 0.00953847 -0.01186 0.00066704 -0.00127982 -0.01186 0.0319554 
0.0107403 -0.0198249 -0.000468831 0.000670294 -0.0198249 0.0723861 0.000670294 -0.00207537 -0.000468831 0.000670294 0.00949251 -0.0179509 0.000670294 -0.00207537 -0.0179509 0.0665549 
0.0101026 -0.0190644 -0.000382988 0.000439257 -0.0190644 0.0845989 0.000447494 -0.0012704 -0.000382988 0.000447494 0.00897432 -0.0177795 0.000439257 -0.0012704 -0.0177795 0.080459 
0.0102187 -0.018615 -0.000392844 0.000408434 -0.018615 0.0884042 0.000421334 -0.000985772 -0.000392844 0.000421334 0.00907303 -0.0173563 0.000408434 -0.000985772 -0.0173563 0.0848059 
0.0103954 -0.0186496 -0.0003705 0.000432208 -0.0186496 0.0898373 0.000448071 -0.00101182 -0.0003705 0.000448071 0.0092492 -0.0173261 0.000432208 -0.00101182 -0.0173261 0.0861781 
0.0103243 -0.0184888 -0.00034201 0.000398039 -0.0184888 0.0892467 0.000410923 -0.000988248 -0.00034201 0.000410923 0.00923036 -0.0172148 0.000398039 -0.000988248 -0.0172148 0.0857654 
0.0104725 -0.0186862 -0.000320507 0.000362225 -0.0186862 0.0903062 0.000368485 -0.00090058 -0.000320507 0.000368485 0.00934809 -0.0174604 0.000362225 -0.00090058 -0.0174604 0.0870337 
0.0104528 -0.0185666 -0.000316545 0.000335157 -0.0185666 0.0896409 0.000329961 -0.000801314 -0.000316545 0.000329961 0.00927294 -0.0173327 0.000335157 -0.000801314 -0.0173327 0.0865132 
0.0104912 -0.0186476 -0.000320547 0.000344155 -0.0186476 0.0897804 0.000327891 -0.000774991 -0.000320547 0.000327891 0.00925069 -0.0173158 0.000344155 -0.000774991 -0.0173158 0.086518 
0.0105851 -0.0188604 -0.000311395 0.000357195 -0.0188604 0.0906895 0.000339031 -0.000795947 -0.000311395 0.000339031 0.00930509 -0.0174287 0.000357195 -0.000795947 -0.0174287 0.0871641 
0.0104486 -0.0186616 -0.000298862 0.000340596 -0.0186616 0.0897614 0.000325804 -0.000783039 -0.000298862 0.000325804 0.00922611 -0.0172131 0.000340596 -0.000783039 -0.0172131 0.0861244 
0.0106084 -0.0189782 -0.000297944 0.000322216 -0.0189782 0.0913568 0.000316691 -0.000750834 -0.000297944 0.000316691 0.00939541 -0.0175408 0.000322216 -0.000750834 -0.0175408 0.0876298 
0.0104382 -0.0186967 -0.000297658 0.00031113 -0.0186967 0.0900544 0.000313911 -0.000724483 -0.000297658 0.000313911 0.00924527 -0.0172834 0.00031113 -0.000724483 -0.0172834 0.0863466 
0.0104523 -0.0187173 -0.000300026 0.000312651 -0.0187173 0.0902398 0.000317164 -0.000717374 -0.000300026 0.000317164 0.00925694 -0.0173213 0.000312651 -0.000717374 -0.0173213 0.0865659 
0.0104801 -0.0187415 -0.000295073 0.000321865 -0.0187415 0.0904139 0.000321565 -0.000732075 -0.000295073 0.000321565 0.00923876 -0.0173606 0.000321865 -0.000732075 -0.0173606 0.0868016 
0.0104738 -0.0186941 -0.000252906 0.000314439 -0.0186941 0.0901849 0.000313071 -0.000725734 -0.000252906 0.000313071 0.00917057 -0.0172844 0.000314439 -0.000725734 -0.0172844 0.0865891 
0.01045 -0.0186111 -0.000231112 0.000275944 -0.0186111 0.0897214 0.000273404 -0.000677649 -0.000231112 0.000273404 0.00911748 -0.0171435 0.000275944 -0.000677649 -0.0171435 0.0860651 
0.0104607 -0.0186606 -0.000220274 0.000245824 -0.0186606 0.0898464 0.0002422 -0.000600177 -0.000220274 0.0002422 0.00914021 -0.0171464 0.000245824 -0.000600177 -0.0171464 0.0860783 
0.0104959 -0.0187718 -0.000250794 0.000238791 -0.0187718 0.0903837 0.000232596 -0.000562891 -0.000250794 0.000232596 0.00923951 -0.0172633 0.000238791 -0.000562891 -0.0172633 0.0865757 
0.010511 -0.0187873 -0.000250847 0.000279477 -0.0187873 0.090562 0.000270399 -0.000617787 -0.000250847 0.000270399 0.00928299 -0.017363 0.000279477 -0.000617787 -0.017363 0.0868812 
0.0104745 -0.0187208 -0.000227584 0.000279958 -0.0187208 0.0902806 0.000269838 -0.000652783 -0.000227584 0.000269838 0.00928774 -0.0173626 0.000279958 -0.000652783 -0.0173626 0.0868122 
0.0104612 -0.0187116 -0.000240511 0.000258006 -0.0187116 0.0902411 0.000253622 -0.000640377 -0.000240511 0.000253622 0.00932073 -0.0173867 0.000258006 -0.000640377 -0.0173867 0.0868791 
0.0104742 -0.0187003 -0.000255529 0.000264189 -0.0187003 0.0902212 0.000268176 -0.000638936 -0.000255529 0.000268176 0.00929874 -0.0174236 0.000264189 -0.000638936 -0.0174236 0.0869586 
0.0104864 -0.0187035 -0.000260841 0.000279573 -0.0187035 0.0901642 0.000288429 -0.000671879 -0.000260841 0.000288429 0.00926455 -0.0173793 0.000279573 -0.000671879 -0.0173793 0.0868663 
0.0104811 -0.0187133 -0.00026742 0.000284307 -0.0187133 0.0901474 0.000294041 -0.00069423 -0.00026742 0.000294041 0.00923017 -0.0173323 0.000284307 -0.00069423 -0.0173323 0.0867257 
0.0104831 -0.0187312 -0.000285962 0.000291328 -0.0187312 0.0902221 0.000303468 -0.000713413 -0.000285962 0.000303468 0.00919252 -0.0172855 0.000291328 -0.000713413 -0.0172855 0.0866034 
0.0104518 -0.0186883 -0.000275048 0.000307778 -0.0186883 0.0900343 0.000320509 -0.000736919 -0.000275048 0.000320509 0.00914666 -0.0171903 0.000307778 -0.000736919 -0.0171903 0.08625 
0.0104205 -0.0186404 -0.000248216 0.00029451 -0.0186404 0.0898388 0.00029726 -0.000712687 -0.000248216 0.00029726 0.00913741 -0.0171257 0.00029451 -0.000712687 -0.0171257 0.085968 
0.0105461 -0.0188598 -0.0002603 0.000283622 -0.0188598 0.0909476 0.000273511 -0.000688879 -0.0002603 0.000273511 0.00927477 -0.0173674 0.000283622 -0.000688879 -0.0173674 0.0870833 
0.0105095 -0.0187957 -0.000277182 0.000298545 -0.0187957 0.0906157 0.000285217 -0.000697723 -0.000277182 0.000285217 0.00924966 -0.0173094 0.000298545 -0.000697723 -0.0173094 0.0867565 
0.0104429 -0.018673 -0.000283208 0.000309914 -0.018673 0.0900387 0.000299992 -0.000716779 -0.000283208 0.000299992 0.00921115 -0.0172321 0.000309914 -0.000716779 -0.0172321 0.0862958 
0.0105668 -0.0189065 -0.000300427 0.000323774 -0.0189065 0.0911746 0.000319393 -0.000761808 -0.000300427 0.000319393 0.00934557 -0.0174867 0.000323774 -0.000761808 -0.0174867 0.0875041 
0.0105425 -0.0189146 -0.000336685 0.000328921 -0.0189146 0.0912481 0.000329082 -0.000776385 -0.000336685 0.000329082 0.00938513 -0.0175366 0.000328921 -0.000776385 -0.0175366 0.087707 
0.0104402 -0.0187704 -0.000333185 0.000366461 -0.0187704 0.0906907 0.000368202 -0.000833731 -0.000333185 0.000368202 0.00934357 -0.0174914 0.000366461 -0.000833731 -0.0174914 0.0873816 
0.0103075 -0.0185154 -0.000311977 0.00036232 -0.0185154 0.0896246 0.000367142 -0.000860819 -0.000311977 0.000367142 0.00924618 -0.0173267 0.00036232 -0.000860819 -0.0173267 0.086579 
0.0103404 -0.0185246 -0.00030677 0.000341007 -0.0185246 0.089732 0.000346766 -0.00083751 -0.00030677 0.000346766 0.00924383 -0.0173649 0.000341007 -0.00083751 -0.0173649 0.0868226 
0.0103225 -0.0184802 -0.000314411 0.000326484 -0.0184802 0.0894331 0.00033492 -0.000792848 -0.000314411 0.00033492 0.00921692 -0.0172678 0.000326484 -0.000792848 -0.0172678 0.0864782 
0.0105028 -0.0187867 -0.000326238 0.000334676 -0.0187867 0.0908377 0.000343212 -0.000781652 -0.000326238 0.000343212 0.00936963 -0.017517 0.000334676 -0.000781652 -0.017517 0.0877105 
0.0104837 -0.0187849 -0.000323036 0.000345242 -0.0187849 0.0907399 0.000352663 -0.000792059 -0.000323036 0.000352663 0.00937927 -0.01749 0.000345242 -0.000792059 -0.01749 0.0875027 
0.0104616 -0.0187349 -0.000354386 0.000352627 -0.0187349 0.0905422 0.000354478 -0.000816054 -0.000354386 0.000354478 0.00936802 -0.0174948 0.000352627 -0.000816054 -0.0174948 0.0873676 
0.0104588 -0.0187584 -0.000374232 0.000383286 -0.0187584 0.0906266 0.000382511 -0.000859772 -0.000374232 0.000382511 0.00937556 -0.0175157 0.000383286 -0.000859772 -0.0175157 0.0874665 
0.0104277 -0.0187283 -0.000405311 0.00042191 -0.0187283 0.0905102 0.000421528 -0.000963576 -0.000405311 0.000421528 0.00936531 -0.0174813 0.00042191 -0.000963576 -0.0174813 0.0873195 
0.0104194 -0.0187101 -0.000418184 0.000459164 -0.0187101 0.0905109 0.00046311 -0.00106909 -0.000418184 0.00046311 0.00935827 -0.0175054 0.000459164 -0.00106909 -0.0175054 0.0873939 
0.0104119 -0.018668 -0.000400456 0.000477432 -0.018668 0.0903423 0.000480925 -0.00114365 -0.000400456 0.000480925 0.0093215 -0.0174659 0.000477432 -0.00114365 -0.0174659 0.0872645 
0.0103891 -0.0186623 -0.000380967 0.000442137 -0.0186623 0.0902406 0.000445604 -0.00109749 -0.000380967 0.000445604 0.00930102 -0.0173914 0.000442137 -0.00109749 -0.0173914 0.0870284 
0.0103492 -0.0185701 -0.000355624 0.000412773 -0.0185701 0.0898559 0.000413859 -0.00101287 -0.000355624 0.000413859 0.00925973 -0.0173177 0.000412773 -0.00101287 -0.0173177 0.0866277 
0.0103168 -0.0184953 -0.00035942 0.000392599 -0.0184953 0.0895344 0.000388735 -0.000952022 -0.00035942 0.000388735 0.00924958 -0.0173022 0.000392599 -0.000952022 -0.0173022 0.0864862 
0.0104812 -0.0187595 -0.00033038 0.00039581 -0.0187595 0.0907851 0.000393741 -0.000929897 -0.00033038 0.000393741 0.00936037 -0.0175593 0.00039581 -0.000929897 -0.0175593 0.087766 
0.0104808 -0.0187955 -0.000307227 0.000359098 -0.0187955 0.0908629 0.000357793 -0.000872997 -0.000307227 0.000357793 0.00935411 -0.0175369 0.000359098 -0.000872997 -0.0175369 0.0877705 
0.0102989 -0.0185405 -0.000332972 0.000323516 -0.0185405 0.0896582 0.000320235 -0.000778504 -0.000332972 0.000320235 0.00923972 -0.0172806 0.000323516 -0.000778504 -0.0172806 0.0865213 
0.0103418 -0.0186383 -0.000341156 0.000357987 -0.0186383 0.0903046 0.00035384 -0.000792294 -0.000341156 0.00035384 0.00930681 -0.0174327 0.000357987 -0.000792294 -0.0174327 0.0872116 
0.0103536 -0.018632 -0.000347797 0.000374586 -0.018632 0.0904152 0.000377671 -0.00085457 -0.000347797 0.000377671 0.00932353 -0.0174782 0.000374586 -0.00085457 -0.0174782 0.087463 
0.010351 -0.0186088 -0.000360284 0.000371998 -0.0186088 0.0903036 0.000380355 -0.000867912 -0.000360284 0.000380355 0.00930981 -0.0174457 0.000371998 -0.000867912 -0.0174457 0.0873753 
0.0103177 -0.0185144 -0.000350668 0.000383807 -0.0185144 0.089852 0.000392016 -0.00088503 -0.000350668 0.000392016 0.00926077 -0.0173702 0.000383807 -0.00088503 -0.0173702 0.0869946 
0.0102728 -0.0184532 -0.000346812 0.000377363 -0.0184532 0.0894885 0.000380572 -0.000882561 -0.000346812 0.000380572 0.00922147 -0.0172882 0.000377363 -0.000882561 -0.0172882 0.0866222 
0.0102188 -0.0183953 -0.000372001 0.000369904 -0.0183953 0.0891855 0.000373397 -0.000859578 -0.000372001 0.000373397 0.00922869 -0.0172059 0.000369904 -0.000859578 -0.0172059 0.0862331 
0.0103863 -0.0186637 -0.000392415 0.000414779 -0.0186637 0.0905385 0.000418838 -0.000932981 -0.000392415 0.000418838 0.00938649 -0.0175068 0.000414779 -0.000932981 -0.0175068 0.0875482 
0.0103566 -0.0186433 -0.000438712 0.00044657 -0.0186433 0.0903397 0.000448031 -0.00103053 -0.000438712 0.000448031 0.00939231 -0.0174673 0.00044657 -0.00103053 -0.0174673 0.0873068 
0.0103753 -0.0186865 -0.000473169 0.000492537 -0.0186865 0.0905944 0.000492568 -0.00112416 -0.000473169 0.000492568 0.00944877 -0.0175751 0.000492537 -0.00112416 -0.0175751 0.0876634 
0.0103766 -0.0187274 -0.000507727 0.000521866 -0.0187274 0.0908422 0.000525889 -0.00119787 -0.000507727 0.000525889 0.00950321 -0.0176817 0.000521866 -0.00119787 -0.0176817 0.0880843 
0.0103775 -0.0186683 -0.000490344 0.000545573 -0.0186683 0.0906569 0.00055595 -0.00124839 -0.000490344 0.00055595 0.00943992 -0.0176821 0.000545573 -0.00124839 -0.0176821 0.0880498 
0.0102277 -0.0184151 -0.000458821 0.000515155 -0.0184151 0.0893246 0.000523725 -0.00121128 -0.000458821 0.000523725 0.00924381 -0.0173482 0.000515155 -0.00121128 -0.0173482 0.0866509 
0.0102374 -0.0184429 -0.000436368 0.000486104 -0.0184429 0.0894657 0.000488546 -0.00113793 -0.000436368 0.000488546 0.00922836 -0.0173031 0.000486104 -0.00113793 -0.0173031 0.0866127 
0.0102457 -0.0185227 -0.000397295 0.000469124 -0.0185227 0.0898456 0.000470392 -0.00108826 -0.000397295 0.000470392 0.00927689 -0.0173081 0.000469124 -0.00108826 -0.0173081 0.0867465 
0.0102336 -0.0184888 -0.000384329 0.000414088 -0.0184888 0.0898746 0.000415275 -0.000978492 -0.000384329 0.000415275 0.00930401 -0.0173685 0.000414088 -0.000978492 -0.0173685 0.0868768 
0.0102116 -0.018436 -0.000398633 0.000403143 -0.018436 0.0896877 0.000403713 -0.000914263 -0.000398633 0.000403713 0.00929964 -0.0173737 0.000403143 -0.000914263 -0.0173737 0.0868624 
0.0101972 -0.0184091 -0.000405336 0.000417779 -0.0184091 0.0895544 0.000418845 -0.000912366 -0.000405336 0.000418845 0.00929377 -0.0173529 0.000417779 -0.000912366 -0.0173529 0.0867927 
0.0103016 -0.0186139 -0.000438775 0.000433167 -0.0186139 0.0905462 0.000432997 -0.000946129 -0.000438775 0.000432997 0.00942762 -0.0175437 0.000433167 -0.000946129 -0.0175437 0.0877547 
0.0102554 -0.0185212 -0.000468 0.000469469 -0.0185212 0.0901409 0.00046622 -0.00100968 -0.000468 0.00046622 0.00940075 -0.0175108 0.000469469 -0.00100968 -0.0175108 0.0874523 
0.0102624 -0.0184922 -0.000475641 0.000501302 -0.0184922 0.0900489 0.000498128 -0.00108263 -0.000475641 0.000498128 0.00939304 -0.017559 0.000501302 -0.00108263 -0.017559 0.0876016 
0.0101374 -0.0182967 -0.000495892 0.000506147 -0.0182967 0.088964 0.000505436 -0.00112424 -0.000495892 0.000505436 0.00925013 -0.0172984 0.000506147 -0.00112424 -0.0172984 0.0864512 
0.0101303 -0.0183323 -0.000523701 0.000540591 -0.0183323 0.0891162 0.00054287 -0.00119909 -0.000523701 0.00054287 0.00927914 -0.0172673 0.000540591 -0.00119909 -0.0172673 0.0864014 
0.0102849 -0.0185236 -0.000506755 0.0005784 -0.0185236 0.0901761 0.00058287 -0.00129517 -0.000506755 0.00058287 0.00939258 -0.01752 0.0005784 -0.00129517 -0.01752 0.0874919 
0.010293 -0.01854 -0.000513015 0.00054706 -0.01854 0.0901037 0.000550105 -0.00127423 -0.000513015 0.000550105 0.00938218 -0.0174989 0.00054706 -0.00127423 -0.0174989 0.0874135 
0.0103001 -0.0185337 -0.000492001 0.000551062 -0.0185337 0.0900012 0.000551661 -0.00125449 -0.000492001 0.000551661 0.00934032 -0.0174638 0.000551062 -0.00125449 -0.0174638 0.0872371 
0.010304 -0.0185341 -0.000463778 0.000527165 -0.0185341 0.0899267 0.000525097 -0.00121374 -0.000463778 0.000525097 0.00929468 -0.0174099 0.000527165 -0.00121374 -0.0174099 0.0870572 
0.0103032 -0.0185469 -0.000417799 0.000493703 -0.0185469 0.0899423 0.000489996 -0.00113914 -0.000417799 0.000489996 0.00928518 -0.0173716 0.000493703 -0.00113914 -0.0173716 0.0869572 
0.0102814 -0.0185025 -0.000388782 0.000445644 -0.0185025 0.089721 0.000440789 -0.00104363 -0.000388782 0.000440789 0.00925519 -0.017309 0.000445644 -0.00104363 -0.017309 0.0866503 
0.010301 -0.0185888 -0.000409563 0.000411122 -0.0185888 0.0901423 0.000401723 -0.000941239 -0.000409563 0.000401723 0.00933464 -0.0174058 0.000411122 -0.000941239 -0.0174058 0.0870934 
0.0102977 -0.0186399 -0.00042865 0.000437769 -0.0186399 0.0905014 0.000425822 -0.000941628 -0.00042865 0.000425822 0.00940907 -0.0175242 0.000437769 -0.000941628 -0.0175242 0.0875583 
0.0102775 -0.0185721 -0.000442363 0.000459113 -0.0185721 0.0903573 0.00045596 -0.000997695 -0.000442363 0.00045596 0.00940506 -0.0175594 0.000459113 -0.000997695 -0.0175594 0.0876347 
0.0102813 -0.0185611 -0.000418815 0.000485365 -0.0185611 0.0903445 0.000492395 -0.00108866 -0.000418815 0.000492395 0.00939876 -0.0175845 0.000485365 -0.00108866 -0.0175845 0.0877984 
0.0102397 -0.0184512 -0.000371386 0.000453436 -0.0184512 0.0897916 0.000460401 -0.00107566 -0.000371386 0.000460401 0.00934871 -0.0174611 0.000453436 -0.00107566 -0.0174611 0.0872868 
0.0102451 -0.0184859 -0.000355354 0.000396907 -0.0184859 0.089852 0.000394378 -0.000961531 -0.000355354 0.000394378 0.00935424 -0.0174477 0.000396907 -0.000961531 -0.0174477 0.0872315 
0.0102783 -0.0185527 -0.000341887 0.000372072 -0.0185527 0.0902075 0.000362131 -0.000850799 -0.000341887 0.000362131 0.00938739 -0.0175338 0.000372072 -0.000850799 -0.0175338 0.0875905 
0.010315 -0.0186188 -0.000314834 0.000364773 -0.0186188 0.0905453 0.00035702 -0.000813199 -0.000314834 0.00035702 0.00941858 -0.0175914 0.000364773 -0.000813199 -0.0175914 0.0879145 
0.0101472 -0.0182841 -0.000311396 0.000330041 -0.0182841 0.0889712 0.00032652 -0.000758266 -0.000311396 0.00032652 0.00926645 -0.0173154 0.000330041 -0.000758266 -0.0173154 0.0865045 
0.010328 -0.0185949 -0.000300577 0.000339364 -0.0185949 0.0904214 0.000335087 -0.000759975 -0.000300577 0.000335087 0.00941975 -0.0175929 0.000339364 -0.000759975 -0.0175929 0.0879228 
0.0103201 -0.0185514 -0.000304548 0.000327253 -0.0185514 0.0901815 0.000322993 -0.000753882 -0.000304548 0.000322993 0.00941198 -0.0175697 0.000327253 -0.000753882 -0.0175697 0.0877598 
0.0103422 -0.0185627 -0.000310222 0.000331305 -0.0185627 0.0901403 0.000330642 -0.000758216 -0.000310222 0.000330642 0.00939202 -0.017563 0.000331305 -0.000758216 -0.017563 0.0876978 
0.0103763 -0.0186039 -0.000298764 0.000329317 -0.0186039 0.0902124 0.000331978 -0.000754592 -0.000298764 0.000331978 0.00936183 -0.0175407 0.000329317 -0.000754592 -0.0175407 0.087646 
0.0103916 -0.0186705 -0.00030009 0.000313928 -0.0186705 0.0904201 0.000318702 -0.000730212 -0.00030009 0.000318702 0.0093752 -0.0175242 0.000313928 -0.000730212 -0.0175242 0.0876616 
0.0104058 -0.0187061 -0.00032309 0.000310715 -0.0187061 0.0906393 0.000315707 -0.000705688 -0.00032309 0.000315707 0.00940416 -0.0175729 0.000310715 -0.000705688 -0.0175729 0.0878317 
0.010259 -0.0184266 -0.000297111 0.000330685 -0.0184266 0.0893082 0.000334817 -0.000720464 -0.000297111 0.000334817 0.00925682 -0.017323 0.000330685 -0.000720464 -0.017323 0.0865504 
0.0102651 -0.0184517 -0.000269749 0.00031525 -0.0184517 0.0894193 0.000313497 -0.000718239 -0.000269749 0.000313497 0.00925817 -0.0173381 0.00031525 -0.000718239 -0.0173381 0.08666 
0.010282 -0.0185 -0.000259387 0.000282933 -0.0185 0.0897031 0.000277555 -0.000655873 -0.000259387 0.000277555 0.00925033 -0.0173892 0.000282933 -0.000655873 -0.0173892 0.0869508 
0.0102484 -0.0184246 -0.000256078 0.000278309 -0.0184246 0.0894086 0.000268739 -0.000627131 -0.000256078 0.000268739 0.00919994 -0.0172956 0.000278309 -0.000627131 -0.0172956 0.086649 
0.0103859 -0.0186783 -0.000267165 0.00028869 -0.0186783 0.0906124 0.00027747 -0.000649364 -0.000267165 0.00027747 0.00931691 -0.0174726 0.00028869 -0.000649364 -0.0174726 0.0876652 
0.0102962 -0.0185728 -0.000307375 0.000307266 -0.0185728 0.0900695 0.000298515 -0.000704544 -0.000307375 0.000298515 0.00928012 -0.0173255 0.000307266 -0.000704544 -0.0173255 0.0869444 
0.0102402 -0.0184725 -0.000334558 0.000361671 -0.0184725 0.0897298 0.000357674 -0.000826136 -0.000334558 0.000357674 0.00928689 -0.0173243 0.000361671 -0.000826136 -0.0173243 0.086736 
0.0102011 -0.0184099 -0.000334713 0.000392534 -0.0184099 0.089494 0.000395192 -0.000937877 -0.000334713 0.000395192 0.00928685 -0.0173452 0.000392534 -0.000937877 -0.0173452 0.0867143 
0.0102015 -0.0183968 -0.000308696 0.000369321 -0.0183968 0.0894828 0.000377019 -0.000923704 -0.000308696 0.000377019 0.00926582 -0.0173762 0.000369321 -0.000923704 -0.0173762 0.0868567 
0.0101763 -0.018372 -0.000289752 0.000338857 -0.018372 0.0893428 0.000347062 -0.000859714 -0.000289752 0.000347062 0.00926145 -0.0173159 0.000338857 -0.000859714 -0.0173159 0.0867129 
0.0101493 -0.0183452 -0.00029962 0.000319992 -0.0183452 0.089258 0.000323017 -0.000796497 -0.00029962 0.000323017 0.00927714 -0.0173091 0.000319992 -0.000796497 -0.0173091 0.086633 
0.0100957 -0.0182561 -0.000358559 0.000325359 -0.0182561 0.0888909 0.000325002 -0.000764215 -0.000358559 0.000325002 0.0092805 -0.0172766 0.000325359 -0.000764215 -0.0172766 0.0863696 
0.0100649 -0.0182322 -0.000395499 0.000392836 -0.0182322 0.0888471 0.000393389 -0.000855567 -0.000395499 0.000393389 0.00931439 -0.0173412 0.000392836 -0.000855567 -0.0173412 0.0865376 
0.0100718 -0.0182541 -0.000393228 0.000443906 -0.0182541 0.0890387 0.000447951 -0.000998149 -0.000393228 0.000447951 0.00934589 -0.0174256 0.000443906 -0.000998149 -0.0174256 0.0869001 
0.01008 -0.0182574 -0.000370558 0.000444282 -0.0182574 0.0891273 0.000451575 -0.0010639 -0.000370558 0.000451575 0.00934227 -0.017462 0.000444282 -0.0010639 -0.017462 0.0871096 
0.0101106 -0.0182854 -0.00032734 0.00041116 -0.0182854 0.0893081 0.000420644 -0.0010237 -0.00032734 0.000420644 0.00935555 -0.0175029 0.00041116 -0.0010237 -0.0175029 0.0873921 
0.0101384 -0.0183363 -0.000294993 0.000346055 -0.0183363 0.0895519 0.000357986 -0.000886112 -0.000294993 0.000357986 0.00936931 -0.0175482 0.000346055 -0.000886112 -0.0175482 0.0876781 
0.0101174 -0.0182913 -0.000277097 0.000301319 -0.0182913 0.0892999 0.000310385 -0.000746142 -0.000277097 0.000310385 0.0093306 -0.0174512 0.000301319 -0.000746142 -0.0174512 0.0873131 
0.0101356 -0.0183363 -0.000259471 0.000296909 -0.0183363 0.089477 0.000294042 -0.000691296 -0.000259471 0.000294042 0.00932378 -0.0174481 0.000296909 -0.000691296 -0.0174481 0.0873334 
0.0101381 -0.0183617 -0.000249346 0.000282003 -0.0183617 0.0896059 0.000272123 -0.00065041 -0.000249346 0.000272123 0.00931976 -0.0174379 0.000282003 -0.00065041 -0.0174379 0.0873368 
0.0100865 -0.0182829 -0.000251711 0.00027499 -0.0182829 0.0892588 0.000266146 -0.000633152 -0.000251711 0.000266146 0.00928058 -0.0173409 0.00027499 -0.000633152 -0.0173409 0.0868956 
0.0100442 -0.0182141 -0.000252468 0.000278208 -0.0182141 0.0889702 0.000273168 -0.000636582 -0.000252468 0.000273168 0.00927106 -0.0172823 0.000278208 -0.000636582 -0.0172823 0.0865809 
0.0101568 -0.01842 -0.000270193 0.000285155 -0.01842 0.0900128 0.000284221 -0.000663259 -0.000270193 0.000284221 0.009408 -0.0175119 0.000285155 -0.000663259 -0.0175119 0.08764 
0.0101257 -0.0183838 -0.000310048 0.000294848 -0.0183838 0.0898666 0.000297593 -0.000679447 -0.000310048 0.000297593 0.00943602 -0.0175363 0.000294848 -0.000679447 -0.0175363 0.0876386 
0.0099508 -0.018063 -0.000308958 0.000327137 -0.018063 0.0883767 0.000331623 -0.000721671 -0.000308958 0.000331623 0.00930035 -0.0173215 0.000327137 -0.000721671 -0.0173215 0.0864153 
0.00999087 -0.018123 -0.000291887 0.000335771 -0.018123 0.0886831 0.000339568 -0.00076715 -0.000291887 0.000339568 0.00932258 -0.0174023 0.000335771 -0.00076715 -0.0174023 0.0868397 
0.00997366 -0.0181058 -0.000304478 0.00032492 -0.0181058 0.0885625 0.000325382 -0.000771544 -0.000304478 0.000325382 0.00931133 -0.0173494 0.00032492 -0.000771544 -0.0173494 0.0866869 
0.0100063 -0.0181522 -0.000309198 0.000337189 -0.0181522 0.0888337 0.000334351 -0.000775407 -0.000309198 0.000334351 0.00932929 -0.0174179 0.000337189 -0.000775407 -0.0174179 0.0869856 
0.0099973 -0.0181363 -0.000309433 0.000340757 -0.0181363 0.0887805 0.000339747 -0.000787694 -0.000309433 0.000339747 0.00932058 -0.0174157 0.000340757 -0.000787694 -0.0174157 0.0870094 
0.00997621 -0.0180483 -0.000283146 0.000340077 -0.0180483 0.0883503 0.000342741 -0.000796725 -0.000283146 0.000342741 0.00925844 -0.0173152 0.000340077 -0.000796725 -0.0173152 0.0865747 
0.010143 -0.0183294 -0.000267341 0.000309961 -0.0183294 0.0895888 0.000311976 -0.000751986 -0.000267341 0.000311976 0.00937869 -0.0175095 0.000309961 -0.000751986 -0.0175095 0.0876398 
0.010166 -0.0183713 -0.000240143 0.00028191 -0.0183713 0.0896679 0.000284921 -0.000675668 -0.000240143 0.000284921 0.0093703 -0.0174928 0.00028191 -0.000675668 -0.0174928 0.0875337 
0.010204 -0.0184589 -0.000250027 0.000240134 -0.0184589 0.0900189 0.000245864 -0.000573101 -0.000250027 0.000245864 0.0093912 -0.0175351 0.000240134 -0.000573101 -0.0175351 0.087732 
0.0100504 -0.018191 -0.000249305 0.00024464 -0.018191 0.0887243 0.000246513 -0.000522805 -0.000249305 0.000246513 0.00925516 -0.0172804 0.00024464 -0.000522805 -0.0172804 0.086437 
0.0102188 -0.0184907 -0.000254008 0.000263366 -0.0184907 0.0901865 0.000259735 -0.000552763 -0.000254008 0.000259735 0.00939928 -0.0175511 0.000263366 -0.000552763 -0.0175511 0.0878028 
0.0100584 -0.0182293 -0.000228073 0.00026679 -0.0182293 0.0888985 0.000255653 -0.000563122 -0.000228073 0.000255653 0.009265 -0.0172928 0.00026679 -0.000563122 -0.0172928 0.0865169 
0.0100405 -0.018161 -0.000238188 0.000248938 -0.018161 0.0886511 0.000234807 -0.000552305 -0.000238188 0.000234807 0.0092276 -0.0172657 0.000248938 -0.000552305 -0.0172657 0.0863446 
0.0101983 -0.0184322 -0.000243953 0.000260199 -0.0184322 0.0899468 0.000249795 -0.000561391 -0.000243953 0.000249795 0.0093585 -0.0175135 0.000260199 -0.000561391 -0.0175135 0.0876533 
0.0101631 -0.0183842 -0.000264216 0.000268205 -0.0183842 0.0896718 0.000261191 -0.000592887 -0.000264216 0.000261191 0.00934692 -0.01745 0.000268205 -0.000592887 -0.01745 0.0873691 
0.0101832 -0.0184536 -0.000282707 0.000286122 -0.0184536 0.0899946 0.000285704 -0.000631397 -0.000282707 0.000285704 0.00938369 -0.0175104 0.000286122 -0.000631397 -0.0175104 0.0876258 
0.0100331 -0.0181694 -0.000309168 0.000301646 -0.0181694 0.0887098 0.000302314 -0.000669958 -0.000309168 0.000302314 0.00925943 -0.0173017 0.000301646 -0.000669958 -0.0173017 0.0865026 
0.0100563 -0.0182104 -0.000306905 0.000334822 -0.0182104 0.0889476 0.000338889 -0.000737628 -0.000306905 0.000338889 0.00928675 -0.0173727 0.000334822 -0.000737628 -0.0173727 0.0868612 
0.0100422 -0.0182198 -0.00030241 0.000340001 -0.0182198 0.088984 0.000349896 -0.000795511 -0.00030241 0.000349896 0.00930758 -0.0173583 0.000340001 -0.000795511 -0.0173583 0.0868672 
0.0100194 -0.0181726 -0.000300091 0.000329147 -0.0181726 0.0888311 0.000339501 -0.000789657 -0.000300091 0.000339501 0.00933196 -0.0173566 0.000329147 -0.000789657 -0.0173566 0.0867728 
0.00999038 -0.0180761 -0.000262009 0.000323811 -0.0180761 0.0883952 0.000328075 -0.000767329 -0.000262009 0.000328075 0.0093126 -0.0173334 0.000323811 -0.000767329 -0.0173334 0.0865009 
0.0101563 -0.0183532 -0.000240542 0.000276924 -0.0183532 0.0896779 0.000277539 -0.00067834 -0.000240542 0.000277539 0.00942166 -0.0176148 0.000276924 -0.00067834 -0.0176148 0.0878524 
0.0101658 -0.0183563 -0.000246019 0.000247563 -0.0183563 0.0895958 0.000241763 -0.000577244 -0.000246019 0.000241763 0.00937216 -0.017556 0.000247563 -0.000577244 -0.017556 0.0877034 
0.0101322 -0.0183329 -0.000300253 0.000257516 -0.0183329 0.0893684 0.000245288 -0.000547567 -0.000300253 0.000245288 0.00930307 -0.0174196 0.000257516 -0.000547567 -0.0174196 0.0872009 
0.0100986 -0.0183248 -0.000338094 0.000318995 -0.0183248 0.0893541 0.000310089 -0.000633034 -0.000338094 0.000310089 0.00929599 -0.0173605 0.000318995 -0.000633034 -0.0173605 0.0869773 
0.0100852 -0.0182979 -0.000377044 0.000373826 -0.0182979 0.0893615 0.00037198 -0.000785473 -0.000377044 0.00037198 0.00930011 -0.017379 0.000373826 -0.000785473 -0.017379 0.0869933 
0.0100251 -0.0181585 -0.000384512 0.000423701 -0.0181585 0.0887435 0.000426715 -0.0009363 -0.000384512 0.000426715 0.00926373 -0.0172813 0.000423701 -0.0009363 -0.0172813 0.0864889 
0.0100512 -0.018231 -0.000376345 0.000435785 -0.018231 0.0890204 0.00043883 -0.00101844 -0.000376345 0.00043883 0.00930771 -0.0173379 0.000435785 -0.00101844 -0.0173379 0.0867346 
0.010087 -0.0182878 -0.000364015 0.000430378 -0.0182878 0.0892862 0.000432501 -0.00103972 -0.000364015 0.000432501 0.00935022 -0.0173912 0.000430378 -0.00103972 -0.0173912 0.0869454 
0.010181 -0.0184421 -0.000357161 0.000404826 -0.0184421 0.0900537 0.000407638 -0.00099038 -0.000357161 0.000407638 0.00941393 -0.0175889 0.000404826 -0.00099038 -0.0175889 0.0878006 
0.0102069 -0.0184826 -0.000374507 0.000383967 -0.0184826 0.0902251 0.000389981 -0.000920869 -0.000374507 0.000389981 0.00941833 -0.0176072 0.000383967 -0.000920869 -0.0176072 0.0879998 
0.0100473 -0.0182074 -0.000337753 0.000387521 -0.0182074 0.0888483 0.000396915 -0.000884871 -0.000337753 0.000396915 0.00925726 -0.0173043 0.000387521 -0.000884871 -0.0173043 0.0865719 
