0.00769726 0 0.000821042 0 0 0.010065 0 0 0.000821042 0 0.00656395 0 0 0 0 0.010065 
0.0107895 -0.0133757 0.0010283 -0.00125282 -0.0133757 0.0348063 -0.00125282 0.0024019 0.0010283 -0.00125282 0.00923845 -0.0114864 -0.00125282 0.0024019 -0.0114864 0.0311827 
0.0105909 -0.0195867 0.000870341 -0.00128795 -0.0195867 0.0716029 -0.00128795 0.00400661 0.000870341 -0.00128795 0.00927711 -0.0175539 -0.00128795 0.00400661 -0.0175539 0.065259 
0.00994598 -0.018925 0.000770392 -0.000791314 -0.018925 0.0840736 -0.000796577 0.00223734 0.000770392 -0.000796577 0.00883536 -0.0175407 -0.000791314 0.00223734 -0.0175407 0.0796674 
0.0098861 -0.0180959 0.000838224 -0.000712405 -0.0180959 0.0862153 -0.000725069 0.00124414 0.000838224 -0.000725069 0.00873975 -0.0168864 -0.000712405 0.00124414 -0.0168864 0.0829488 
0.0100669 -0.0181351 0.000910856 -0.00086492 -0.0181351 0.0876404 -0.000883767 0.00143087 0.000910856 -0.000883767 0.00892229 -0.0168656 -0.00086492 0.00143087 -0.0168656 0.0845501 
0.0103525 -0.0185592 0.000923054 -0.000985044 -0.0185592 0.0899426 -0.00100476 0.00187723 0.000923054 -0.00100476 0.00918826 -0.0173168 -0.000985044 0.00187723 -0.0173168 0.0869372 
0.0102232 -0.0183471 0.000856178 -0.000962987 -0.0183471 0.0889227 -0.000974923 0.00202409 0.000856178 -0.000974923 0.00910068 -0.0171017 -0.000962987 0.00202409 -0.0171017 0.085982 
0.0103564 -0.0185866 0.000837967 -0.000903611 -0.0185866 0.0901261 -0.000909061 0.00197646 0.000837967 -0.000909061 0.00924336 -0.017329 -0.000903611 0.00197646 -0.017329 0.0871363 
0.0102637 -0.0183523 0.000817441 -0.000852935 -0.0183523 0.0890109 -0.000853803 0.00183062 0.000817441 -0.000853803 0.00911886 -0.0171601 -0.000852935 0.00183062 -0.0171601 0.0861749 
0.0104135 -0.0186305 0.000813273 -0.000848422 -0.0186305 0.0902092 -0.000850699 0.00177815 0.000813273 -0.000850699 0.00922772 -0.0173766 -0.000848422 0.00177815 -0.0173766 0.0873356 
0.0103988 -0.0185985 0.000802397 -0.000829544 -0.0185985 0.0899727 -0.000835191 0.00172698 0.000802397 -0.000835191 0.00917799 -0.0172895 -0.000829544 0.00172698 -0.0172895 0.0869633 
0.0104039 -0.0186017 0.000814823 -0.000811106 -0.0186017 0.0899224 -0.000822084 0.00167653 0.000814823 -0.000822084 0.00913151 -0.0172421 -0.000811106 0.00167653 -0.0172421 0.086763 
0.0103891 -0.0185732 0.000838414 -0.000830957 -0.0185732 0.0897389 -0.000844313 0.00169768 0.000838414 -0.000844313 0.0090879 -0.0171618 -0.000830957 0.00169768 -0.0171618 0.086457 
0.0103318 -0.0184729 0.000817058 -0.000861074 -0.0184729 0.0892112 -0.000869088 0.00175715 0.000817058 -0.000869088 0.00902047 -0.0170196 -0.000861074 0.00175715 -0.0170196 0.0857996 
0.0103065 -0.0184994 0.000814035 -0.000850349 -0.0184994 0.0893208 -0.000847868 0.0017703 0.000814035 -0.000847868 0.00904785 -0.0170289 -0.000850349 0.0017703 -0.0170289 0.0858332 
0.0104481 -0.0187491 0.000810995 -0.00086503 -0.0187491 0.0906594 -0.000852931 0.00179074 0.000810995 -0.000852931 0.00920789 -0.0173116 -0.00086503 0.00179074 -0.0173116 0.0871632 
0.0103854 -0.0186934 0.000790795 -0.000841571 -0.0186934 0.0904586 -0.000827064 0.00174647 0.000790795 -0.000827064 0.009231 -0.0173279 -0.000841571 0.00174647 -0.0173279 0.0871386 
0.0103284 -0.0185834 0.000753966 -0.000814666 -0.0185834 0.0900706 -0.000800705 0.00168424 0.000753966 -0.000800705 0.00922396 -0.0173085 -0.000814666 0.00168424 -0.0173085 0.0869471 
0.0103483 -0.0185366 0.000772783 -0.000779953 -0.0185366 0.0899047 -0.000770224 0.00162224 0.000772783 -0.000770224 0.00919578 -0.0173277 -0.000779953 0.00162224 -0.0173277 0.0869732 
0.0103677 -0.0185913 0.00079152 -0.000801974 -0.0185913 0.0900126 -0.000804111 0.00164274 0.00079152 -0.000804111 0.00919859 -0.0173162 -0.000801974 0.00164274 -0.0173162 0.0870439 
0.0104009 -0.0187172 0.000815548 -0.000836315 -0.0187172 0.0906012 -0.000846675 0.00173814 0.000815548 -0.000846675 0.00927034 -0.0174143 -0.000836315 0.00173814 -0.0174143 0.0875455 
0.0102432 -0.0184465 0.000823694 -0.000851984 -0.0184465 0.0894374 -0.000860797 0.00179493 0.000823694 -0.000860797 0.00916722 -0.0172286 -0.000851984 0.00179493 -0.0172286 0.0865198 
0.0102376 -0.0184155 0.000845131 -0.00088245 -0.0184155 0.0894051 -0.000885951 0.00187558 0.000845131 -0.000885951 0.00919652 -0.017271 -0.00088245 0.00187558 -0.017271 0.0866918 
0.010207 -0.0183342 0.000849515 -0.000901007 -0.0183342 0.0889914 -0.000899413 0.00192462 0.000849515 -0.000899413 0.00917806 -0.0172035 -0.000901007 0.00192462 -0.0172035 0.0863458 
0.0102015 -0.018349 0.000856149 -0.000910905 -0.018349 0.0890105 -0.000905601 0.00195953 0.000856149 -0.000905601 0.00919187 -0.0172295 -0.000910905 0.00195953 -0.0172295 0.0863954 
0.0102066 -0.0183638 0.00089282 -0.000920859 -0.0183638 0.0891013 -0.000914745 0.00198679 0.00089282 -0.000914745 0.00920724 -0.0172602 -0.000920859 0.00198679 -0.0172602 0.086509 
0.0103564 -0.0186128 0.000879499 -0.000971708 -0.0186128 0.0903402 -0.000967429 0.00207598 0.000879499 -0.000967429 0.00932891 -0.0175187 -0.000971708 0.00207598 -0.0175187 0.0877754 
0.0101746 -0.0183262 0.000832573 -0.000922559 -0.0183262 0.0889259 -0.000923223 0.00202493 0.000832573 -0.000923223 0.00918393 -0.0172427 -0.000922559 0.00202493 -0.0172427 0.0864304 
0.0101484 -0.0183482 0.000815915 -0.000870662 -0.0183482 0.0891159 -0.000872895 0.00191086 0.000815915 -0.000872895 0.00922075 -0.0172811 -0.000870662 0.00191086 -0.0172811 0.0866383 
0.0101854 -0.0183743 0.000833642 -0.000859615 -0.0183743 0.0894257 -0.000860131 0.00184812 0.000833642 -0.000860131 0.00925308 -0.0173726 -0.000859615 0.00184812 -0.0173726 0.0870514 
0.0101658 -0.0182793 0.000827055 -0.000867762 -0.0182793 0.0889645 -0.000865886 0.00182375 0.000827055 -0.000865886 0.00918151 -0.0172789 -0.000867762 0.00182375 -0.0172789 0.0866512 
0.0102233 -0.0183691 0.000852666 -0.000864793 -0.0183691 0.0892624 -0.000868162 0.00182667 0.000852666 -0.000868162 0.00916174 -0.0172746 -0.000864793 0.00182667 -0.0172746 0.0867792 
0.0102392 -0.0184113 0.000901102 -0.000893358 -0.0184113 0.0893365 -0.000907272 0.00188208 0.000901102 -0.000907272 0.00914321 -0.0171875 -0.000893358 0.00188208 -0.0171875 0.0865229 
0.0102279 -0.0183766 0.000898653 -0.000937349 -0.0183766 0.0891481 -0.000954682 0.00196538 0.000898653 -0.000954682 0.00910121 -0.0171228 -0.000937349 0.00196538 -0.0171228 0.0861605 
0.0103776 -0.0186559 0.000911333 -0.000954791 -0.0186559 0.0904642 -0.000970704 0.00204389 0.000911333 -0.000970704 0.009236 -0.0173606 -0.000954791 0.00204389 -0.0173606 0.0873666 
0.0103307 -0.0186263 0.000878537 -0.000959561 -0.0186263 0.0903035 -0.000971648 0.00206497 0.000878537 -0.000971648 0.00925674 -0.0173222 -0.000959561 0.00206497 -0.0173222 0.0871538 
0.0102992 -0.0185362 0.000864542 -0.0009106 -0.0185362 0.0900017 -0.000921144 0.00198299 0.000864542 -0.000921144 0.0092413 -0.017344 -0.0009106 0.00198299 -0.017344 0.0870471 
0.010336 -0.018592 0.000879499 -0.000893685 -0.018592 0.0902677 -0.000907163 0.00191641 0.000879499 -0.000907163 0.00925856 -0.0174314 -0.000893685 0.00191641 -0.0174314 0.0874825 
0.0101564 -0.0183404 0.000916555 -0.000894965 -0.0183404 0.0890163 -0.000909553 0.00188324 0.000916555 -0.000909553 0.00915032 -0.0171692 -0.000894965 0.00188324 -0.0171692 0.0862883 
0.0102833 -0.0185495 0.000966569 -0.000977385 -0.0185495 0.0901898 -0.000985617 0.00202385 0.000966569 -0.000985617 0.00930175 -0.0174317 -0.000977385 0.00202385 -0.0174317 0.0875275 
0.0102141 -0.0183998 0.000938368 -0.00102334 -0.0183998 0.0894893 -0.00102311 0.00214629 0.000938368 -0.00102311 0.00925165 -0.0173369 -0.00102334 0.00214629 -0.0173369 0.0869768 
0.0101811 -0.0183952 0.000890962 -0.000999864 -0.0183952 0.0894061 -0.000994114 0.00216201 0.000890962 -0.000994114 0.00927603 -0.0173285 -0.000999864 0.00216201 -0.0173285 0.086913 
0.010172 -0.0183824 0.000862033 -0.000944109 -0.0183824 0.0894431 -0.000932742 0.00206192 0.000862033 -0.000932742 0.00930606 -0.0173892 -0.000944109 0.00206192 -0.0173892 0.0870681 
0.0102333 -0.0184577 0.000832771 -0.000910668 -0.0184577 0.0898676 -0.000892453 0.00195133 0.000832771 -0.000892453 0.0093377 -0.0175199 -0.000910668 0.00195133 -0.0175199 0.0876518 
0.0102964 -0.0185045 0.000811258 -0.000870799 -0.0185045 0.0900835 -0.000853557 0.0018447 0.000811258 -0.000853557 0.00931129 -0.0175663 -0.000870799 0.0018447 -0.0175663 0.0879752 
0.0101381 -0.0182537 0.000795303 -0.000830392 -0.0182537 0.0887157 -0.000822905 0.00174553 0.000795303 -0.000822905 0.00914369 -0.0172149 -0.000830392 0.00174553 -0.0172149 0.0864782 
0.0103039 -0.018534 0.000808426 -0.000850781 -0.018534 0.0901093 -0.000853398 0.00178757 0.000808426 -0.000853398 0.00928941 -0.0174592 -0.000850781 0.00178757 -0.0174592 0.0877316 
0.010304 -0.0185354 0.00082595 -0.000849727 -0.0185354 0.0900698 -0.000858037 0.00180628 0.00082595 -0.000858037 0.00928611 -0.0174364 -0.000849727 0.00180628 -0.0174364 0.0875991 
0.0101651 -0.0182561 0.000815728 -0.00085127 -0.0182561 0.0886763 -0.000854483 0.00179518 0.000815728 -0.000854483 0.00911605 -0.0171587 -0.00085127 0.00179518 -0.0171587 0.0861739 
0.010351 -0.0186199 0.000830266 -0.000881498 -0.0186199 0.0903369 -0.000877872 0.00186275 0.000830266 -0.000877872 0.00929372 -0.0174297 -0.000881498 0.00186275 -0.0174297 0.0876292 
0.0103266 -0.0185749 0.000827386 -0.000866885 -0.0185749 0.0901508 -0.000862236 0.00183517 0.000827386 -0.000862236 0.00928256 -0.0174125 -0.000866885 0.00183517 -0.0174125 0.0874255 
0.0103205 -0.0185927 0.000855315 -0.000873993 -0.0185927 0.0902537 -0.000865657 0.00183715 0.000855315 -0.000865657 0.00931791 -0.0174613 -0.000873993 0.00183715 -0.0174613 0.087606 
0.0102966 -0.0185202 0.000847428 -0.000906398 -0.0185202 0.0899782 -0.00088971 0.00187877 0.000847428 -0.00088971 0.00929195 -0.0174502 -0.000906398 0.00187877 -0.0174502 0.0874683 
0.0103034 -0.018461 0.000811796 -0.000899593 -0.018461 0.0896504 -0.000881948 0.00189564 0.000811796 -0.000881948 0.00920318 -0.0173774 -0.000899593 0.00189564 -0.0173774 0.0871599 
0.0102778 -0.0184708 0.000814671 -0.000849404 -0.0184708 0.0894894 -0.00084436 0.00182882 0.000814671 -0.00084436 0.00916489 -0.0172367 -0.000849404 0.00182882 -0.0172367 0.0867203 
0.0102516 -0.0184857 0.000832281 -0.000858363 -0.0184857 0.0895902 -0.000859805 0.00182178 0.000832281 -0.000859805 0.00919587 -0.0172274 -0.000858363 0.00182178 -0.0172274 0.0866346 
0.0102655 -0.0185177 0.000819907 -0.000888992 -0.0185177 0.0898836 -0.00089021 0.00188335 0.000819907 -0.00089021 0.00924716 -0.0173257 -0.000888992 0.00188335 -0.0173257 0.0869668 
0.0103273 -0.0185788 0.000850182 -0.000877155 -0.0185788 0.0902825 -0.000879899 0.001901 0.000850182 -0.000879899 0.00926835 -0.0174606 -0.000877155 0.001901 -0.0174606 0.0875528 
0.0101836 -0.018321 0.000877752 -0.000889447 -0.018321 0.0889729 -0.00089761 0.00190663 0.000877752 -0.00089761 0.00911848 -0.0171815 -0.000889447 0.00190663 -0.0171815 0.0863205 
0.0102006 -0.0183157 0.000914025 -0.000941468 -0.0183157 0.0889392 -0.000953541 0.00201687 0.000914025 -0.000953541 0.00911035 -0.0171531 -0.000941468 0.00201687 -0.0171531 0.0862545 
0.0103892 -0.0186271 0.000916532 -0.000994949 -0.0186271 0.0903843 -0.00100644 0.00214866 0.000916532 -0.00100644 0.00923519 -0.0174209 -0.000994949 0.00214866 -0.0174209 0.0876099 
0.0103234 -0.0185802 0.000879287 -0.000968907 -0.0185802 0.0900447 -0.000977751 0.00213419 0.000879287 -0.000977751 0.00920634 -0.0173016 -0.000968907 0.00213419 -0.0173016 0.0871119 
0.0102408 -0.0185202 0.000856261 -0.000922779 -0.0185202 0.0898225 -0.000927001 0.00203859 0.000856261 -0.000927001 0.00922875 -0.0172496 -0.000922779 0.00203859 -0.0172496 0.0867855 
0.0101944 -0.0184464 0.00084932 -0.000896166 -0.0184464 0.0896787 -0.000895891 0.00194571 0.00084932 -0.000895891 0.00926611 -0.0172994 -0.000896166 0.00194571 -0.0172994 0.0868028 
0.0101552 -0.0183799 0.000869293 -0.000891805 -0.0183799 0.0894861 -0.000886944 0.00189985 0.000869293 -0.000886944 0.00929942 -0.0173534 -0.000891805 0.00189985 -0.0173534 0.0869078 
0.0101302 -0.018369 0.000876491 -0.000913695 -0.018369 0.0895163 -0.000908037 0.00191275 0.000876491 -0.000908037 0.00934715 -0.0174369 -0.000913695 0.00191275 -0.0174369 0.0872154 
0.0102051 -0.0184108 0.000871599 -0.000932045 -0.0184108 0.0898617 -0.000929495 0.00196642 0.000871599 -0.000929495 0.00936267 -0.0175814 -0.000932045 0.00196642 -0.0175814 0.0878485 
0.010204 -0.0183837 0.000847541 -0.000914984 -0.0183837 0.0896061 -0.000922861 0.00196562 0.000847541 -0.000922861 0.00932735 -0.0175025 -0.000914984 0.00196562 -0.0175025 0.0876593 
0.0101607 -0.0183189 0.000829324 -0.000879386 -0.0183189 0.089201 -0.000892236 0.00190728 0.000829324 -0.000892236 0.00928615 -0.0173993 -0.000879386 0.00190728 -0.0173993 0.0871921 
0.0101539 -0.0183643 0.000818127 -0.000861896 -0.0183643 0.0893748 -0.000872279 0.0018513 0.000818127 -0.000872279 0.00932016 -0.0174085 -0.000861896 0.0018513 -0.0174085 0.0872383 
0.0101581 -0.0183882 0.000827703 -0.00085376 -0.0183882 0.0896043 -0.000856063 0.00181122 0.000827703 -0.000856063 0.00936714 -0.0174946 -0.00085376 0.00181122 -0.0174946 0.0875339 
0.010222 -0.0184496 0.000860107 -0.000871377 -0.0184496 0.0899843 -0.000864168 0.00181504 0.000860107 -0.000864168 0.00937857 -0.0176049 -0.000871377 0.00181504 -0.0176049 0.0880284 
0.0102195 -0.018478 0.000905537 -0.000905189 -0.018478 0.0900103 -0.000900852 0.00187239 0.000905537 -0.000900852 0.00937787 -0.0175474 -0.000905189 0.00187239 -0.0175474 0.087943 
0.0101979 -0.0184019 0.000910948 -0.00095721 -0.0184019 0.0897096 -0.000959615 0.00198982 0.000910948 -0.000959615 0.00933458 -0.0175063 -0.00095721 0.00198982 -0.0175063 0.0876661 
0.0101234 -0.0182858 0.000919552 -0.000962399 -0.0182858 0.0891019 -0.00097031 0.00206037 0.000919552 -0.00097031 0.00929082 -0.0173794 -0.000962399 0.00206037 -0.0173794 0.0870871 
0.0100792 -0.0182025 0.000918213 -0.000973274 -0.0182025 0.0887234 -0.000982187 0.00209988 0.000918213 -0.000982187 0.00926749 -0.0173353 -0.000973274 0.00209988 -0.0173353 0.0867818 
0.0100339 -0.0181266 0.000901218 -0.000968535 -0.0181266 0.0883615 -0.000975274 0.0021012 0.000901218 -0.000975274 0.00924285 -0.0172931 -0.000968535 0.0021012 -0.0172931 0.0865193 
0.0100404 -0.0181515 0.000879002 -0.000958902 -0.0181515 0.0884727 -0.000961067 0.00208729 0.000879002 -0.000961067 0.00925366 -0.0173151 -0.000958902 0.00208729 -0.0173151 0.0866323 
0.0100533 -0.0181496 0.000873134 -0.000927456 -0.0181496 0.0884493 -0.000929335 0.00202637 0.000873134 -0.000929335 0.00923148 -0.0172854 -0.000927456 0.00202637 -0.0172854 0.0865189 
0.0101339 -0.0182916 0.000897613 -0.000922467 -0.0182916 0.0890832 -0.000927101 0.00199241 0.000897613 -0.000927101 0.0092576 -0.0173837 -0.000922467 0.00199241 -0.0173837 0.0870438 
0.010201 -0.0183953 0.000904124 -0.000955758 -0.0183953 0.0895485 -0.000959019 0.00203491 0.000904124 -0.000959019 0.00925253 -0.0174161 -0.000955758 0.00203491 -0.0174161 0.0873438 
0.010245 -0.0185069 0.000901979 -0.00097642 -0.0185069 0.0900128 -0.000974183 0.0021012 0.000901979 -0.000974183 0.00927371 -0.0174155 -0.00097642 0.0021012 -0.0174155 0.0875329 
0.0102038 -0.0184483 0.000873238 -0.000966307 -0.0184483 0.0897668 -0.000963852 0.00210621 0.000873238 -0.000963852 0.00925828 -0.0173338 -0.000966307 0.00210621 -0.0173338 0.0871321 
0.010156 -0.0183444 0.000823141 -0.000924812 -0.0183444 0.0893575 -0.000923832 0.00203884 0.000823141 -0.000923832 0.00923495 -0.0173046 -0.000924812 0.00203884 -0.0173046 0.0868431 
0.0101511 -0.0183207 0.000794857 -0.000862704 -0.0183207 0.0892394 -0.000863309 0.00190794 0.000794857 -0.000863309 0.00921971 -0.0173028 -0.000862704 0.00190794 -0.0173028 0.0868174 
0.0101505 -0.0183173 0.000807886 -0.000825989 -0.0183173 0.0892071 -0.000832709 0.00179744 0.000807886 -0.000832709 0.0092181 -0.0173007 -0.000825989 0.00179744 -0.0173007 0.0868433 
0.0101031 -0.0182677 0.000814529 -0.000846488 -0.0182677 0.0889567 -0.000851537 0.00179213 0.000814529 -0.000851537 0.0092195 -0.0172517 -0.000846488 0.00179213 -0.0172517 0.0866167 
0.0101929 -0.0184026 0.000806153 -0.000885751 -0.0184026 0.0897288 -0.00088077 0.00188312 0.000806153 -0.00088077 0.00934114 -0.0174692 -0.000885751 0.00188312 -0.0174692 0.0875609 
0.0101676 -0.0183595 0.000762163 -0.000872717 -0.0183595 0.0895117 -0.00085918 0.00189633 0.000762163 -0.00085918 0.00933859 -0.0174837 -0.000872717 0.00189633 -0.0174837 0.0875307 
0.0101447 -0.0183119 0.000744145 -0.000816311 -0.0183119 0.0892826 -0.000799216 0.00179909 0.000744145 -0.000799216 0.00932033 -0.0174657 -0.000816311 0.00179909 -0.0174657 0.087422 
0.0101623 -0.0183441 0.000748837 -0.000788255 -0.0183441 0.0893778 -0.000773225 0.00170075 0.000748837 -0.000773225 0.00930776 -0.0174514 -0.000788255 0.00170075 -0.0174514 0.0874204 
0.0101379 -0.0183438 0.000749998 -0.000785417 -0.0183438 0.0893518 -0.000780768 0.00166518 0.000749998 -0.000780768 0.00930855 -0.0174199 -0.000785417 0.00166518 -0.0174199 0.0872983 
0.0101821 -0.0184656 0.000763577 -0.000787006 -0.0184656 0.0899798 -0.000788997 0.00166616 0.000763577 -0.000788997 0.00936926 -0.0175162 -0.000787006 0.00166616 -0.0175162 0.0877728 
0.00999747 -0.0181793 0.000766372 -0.00078291 -0.0181793 0.0887188 -0.000785347 0.00164531 0.000766372 -0.000785347 0.00926689 -0.0172968 -0.00078291 0.00164531 -0.0172968 0.0866115 
0.00997529 -0.0180925 0.000793961 -0.000807371 -0.0180925 0.0884676 -0.00080638 0.00169036 0.000793961 -0.00080638 0.00925409 -0.0172939 -0.000807371 0.00169036 -0.0172939 0.0865219 
0.0101222 -0.0182992 0.000804298 -0.000854348 -0.0182992 0.0894764 -0.000858375 0.0018004 0.000804298 -0.000858375 0.00935252 -0.017515 -0.000854348 0.0018004 -0.017515 0.0876349 
0.0101343 -0.0182709 0.000815917 -0.000855025 -0.0182709 0.0891951 -0.000867611 0.00185523 0.000815917 -0.000867611 0.0092904 -0.0174241 -0.000855025 0.00185523 -0.0174241 0.0872822 
0.0102245 -0.018418 0.000832642 -0.00087473 -0.018418 0.0897086 -0.000891668 0.0019103 0.000832642 -0.000891668 0.00929373 -0.017453 -0.00087473 0.0019103 -0.017453 0.0875403 
0.0102098 -0.0185043 0.000845421 -0.000889937 -0.0185043 0.0900467 -0.000904221 0.0019469 0.000845421 -0.000904221 0.00935861 -0.0174881 -0.000889937 0.0019469 -0.0174881 0.0877583 
0.010024 -0.0181957 0.000831273 -0.00089103 -0.0181957 0.0887183 -0.000896278 0.00194269 0.000831273 -0.000896278 0.00925675 -0.0172668 -0.00089103 0.00194269 -0.0172668 0.0865024 
0.0100431 -0.0181907 0.000867501 -0.000896719 -0.0181907 0.0888566 -0.00089438 0.00195774 0.000867501 -0.00089438 0.00929016 -0.0173777 -0.000896719 0.00195774 -0.0173777 0.0868994 
0.0100575 -0.0182015 0.000903713 -0.000930044 -0.0182015 0.0888976 -0.000927917 0.00199944 0.000903713 -0.000927917 0.00929265 -0.0174063 -0.000930044 0.00199944 -0.0174063 0.0870852 
0.0100074 -0.0181156 0.000906841 -0.000964959 -0.0181156 0.0884538 -0.000968174 0.00207581 0.000906841 -0.000968174 0.00925284 -0.0173105 -0.000964959 0.00207581 -0.0173105 0.0866746 
0.0101039 -0.018319 0.000850776 -0.000980909 -0.018319 0.0894707 -0.000987893 0.00214596 0.000850776 -0.000987893 0.00937705 -0.0175202 -0.000980909 0.00214596 -0.0175202 0.087702 
0.0100647 -0.0182866 0.000806223 -0.000898278 -0.0182866 0.0893192 -0.000902833 0.00202684 0.000806223 -0.000902833 0.00937376 -0.017471 -0.000898278 0.00202684 -0.017471 0.0874629 
0.0100265 -0.0182896 0.000779143 -0.000842074 -0.0182896 0.0894236 -0.00084318 0.00186458 0.000779143 -0.00084318 0.00942716 -0.0175159 -0.000842074 0.00186458 -0.0175159 0.0875955 
0.0100288 -0.0182464 0.000786894 -0.000819345 -0.0182464 0.08944 -0.000816064 0.00177391 0.000786894 -0.000816064 0.00944807 -0.0176063 -0.000819345 0.00177391 -0.0176063 0.0878634 
0.0100758 -0.0182372 0.000796482 -0.000838892 -0.0182372 0.0894107 -0.000834268 0.00178308 0.000796482 -0.000834268 0.00941694 -0.0176346 -0.000838892 0.00178308 -0.0176346 0.0880271 
0.00994513 -0.0179963 0.000792401 -0.000844396 -0.0179963 0.0880702 -0.000843281 0.00181165 0.000792401 -0.000843281 0.00925405 -0.0173383 -0.000844396 0.00181165 -0.0173383 0.086712 
0.00994361 -0.0180165 0.00077762 -0.000845524 -0.0180165 0.0880861 -0.000850159 0.00183562 0.00077762 -0.000850159 0.00924123 -0.017292 -0.000845524 0.00183562 -0.017292 0.0865845 
0.0099999 -0.018113 0.000751762 -0.000825122 -0.018113 0.0885353 -0.000833637 0.00181287 0.000751762 -0.000833637 0.00925048 -0.0173364 -0.000825122 0.00181287 -0.0173364 0.086845 
0.00996796 -0.0180889 0.000745458 -0.000785051 -0.0180889 0.0883855 -0.000793129 0.00172851 0.000745458 -0.000793129 0.00923364 -0.0172554 -0.000785051 0.00172851 -0.0172554 0.0865404 
0.0101061 -0.0183078 0.000755174 -0.000788723 -0.0183078 0.0895133 -0.000793202 0.00169804 0.000755174 -0.000793202 0.00934363 -0.0174715 -0.000788723 0.00169804 -0.0174715 0.0875723 
0.0100932 -0.0183351 0.000808049 -0.000791417 -0.0183351 0.089594 -0.000798506 0.00169205 0.000808049 -0.000798506 0.00937136 -0.0174768 -0.000791417 0.00169205 -0.0174768 0.0876033 
0.0100569 -0.0182995 0.000805707 -0.000854689 -0.0182995 0.0895071 -0.000859194 0.00178416 0.000805707 -0.000859194 0.00939704 -0.0174912 -0.000854689 0.00178416 -0.0174912 0.0875719 
0.00999823 -0.0181587 0.000811964 -0.000858617 -0.0181587 0.0889396 -0.000858515 0.00184536 0.000811964 -0.000858515 0.00937048 -0.0174507 -0.000858617 0.00184536 -0.0174507 0.0872292 
0.00996551 -0.0180882 0.000801997 -0.000868975 -0.0180882 0.0885815 -0.000865282 0.00187361 0.000801997 -0.000865282 0.00935841 -0.0174299 -0.000868975 0.00187361 -0.0174299 0.087063 
0.00998381 -0.0181206 0.000814494 -0.000862725 -0.0181206 0.0887079 -0.000856915 0.00187751 0.000814494 -0.000856915 0.00937426 -0.0174828 -0.000862725 0.00187751 -0.0174828 0.0872854 
0.0100059 -0.0181688 0.000832502 -0.000879275 -0.0181688 0.0889307 -0.000876115 0.0019049 0.000832502 -0.000876115 0.00940033 -0.0175367 -0.000879275 0.0019049 -0.0175367 0.0875625 
0.00994852 -0.0181109 0.000823046 -0.000891326 -0.0181109 0.088652 -0.000890694 0.00193299 0.000823046 -0.000890694 0.0093969 -0.0174747 -0.000891326 0.00193299 -0.0174747 0.0872775 
0.0100022 -0.0182152 0.000854823 -0.000893488 -0.0182152 0.0892007 -0.00089217 0.00196041 0.000854823 -0.00089217 0.00945167 -0.0175773 -0.000893488 0.00196041 -0.0175773 0.0877356 
0.0100024 -0.0182435 0.00085891 -0.00092176 -0.0182435 0.0893845 -0.000917797 0.0019977 0.00085891 -0.000917797 0.00948927 -0.0176277 -0.00092176 0.0019977 -0.0176277 0.0879471 
0.0100094 -0.0182582 0.00085745 -0.000921749 -0.0182582 0.0895335 -0.000918198 0.0020121 0.00085745 -0.000918198 0.00950976 -0.0176788 -0.000921749 0.0020121 -0.0176788 0.0881521 
0.00999378 -0.0182459 0.000834165 -0.000924465 -0.0182459 0.0895437 -0.000920587 0.00202332 0.000834165 -0.000920587 0.00953639 -0.0177109 -0.000924465 0.00202332 -0.0177109 0.0882946 
0.0100072 -0.0182033 0.000820323 -0.000898723 -0.0182033 0.0894389 -0.000899339 0.00199817 0.000820323 -0.000899339 0.00952076 -0.0177464 -0.000898723 0.00199817 -0.0177464 0.0883973 
0.0100012 -0.0181907 0.000825621 -0.000871536 -0.0181907 0.0892945 -0.000880325 0.00194256 0.000825621 -0.000880325 0.00949752 -0.0177063 -0.000871536 0.00194256 -0.0177063 0.0883102 
0.00998748 -0.0181843 0.000812301 -0.000871346 -0.0181843 0.0892024 -0.000882671 0.00191422 0.000812301 -0.000882671 0.0094734 -0.0176444 -0.000871346 0.00191422 -0.0176444 0.0880942 
0.00997015 -0.0181652 0.000809325 -0.000861559 -0.0181652 0.0891168 -0.000873259 0.00190221 0.000809325 -0.000873259 0.00946306 -0.0176041 -0.000861559 0.00190221 -0.0176041 0.0879124 
0.00995984 -0.0181475 0.000811087 -0.000864104 -0.0181475 0.0890466 -0.000875977 0.00190621 0.000811087 -0.000875977 0.00946901 -0.0175868 -0.000864104 0.00190621 -0.0175868 0.0878001 
0.00992334 -0.0180401 0.000807283 -0.000859431 -0.0180401 0.0885385 -0.000867642 0.00189245 0.000807283 -0.000867642 0.0094241 -0.0175119 -0.000859431 0.00189245 -0.0175119 0.0873436 
0.00995457 -0.0181477 0.000841507 -0.00085931 -0.0181477 0.088967 -0.000865231 0.00188249 0.000841507 -0.000865231 0.00948528 -0.0176006 -0.00085931 0.00188249 -0.0176006 0.0877619 
0.00995393 -0.0181129 0.000880588 -0.000896697 -0.0181129 0.0888809 -0.000896459 0.00192181 0.000880588 -0.000896459 0.00948245 -0.0176281 -0.000896697 0.00192181 -0.0176281 0.0877969 
0.0100022 -0.0181287 0.000920862 -0.000949491 -0.0181287 0.0889137 -0.000946105 0.00202642 0.000920862 -0.000946105 0.00945234 -0.0176429 -0.000949491 0.00202642 -0.0176429 0.0878887 
0.0100128 -0.0181585 0.000894326 -0.000998088 -0.0181585 0.0888764 -0.000994815 0.0021483 0.000894326 -0.000994815 0.00943215 -0.0175802 -0.000998088 0.0021483 -0.0175802 0.0877309 
0.0100306 -0.0182006 0.000882412 -0.000965133 -0.0182006 0.0890242 -0.000961915 0.00214573 0.000882412 -0.000961915 0.00943451 -0.0175866 -0.000965133 0.00214573 -0.0175866 0.0877587 
0.0100437 -0.0182015 0.000864103 -0.000935613 -0.0182015 0.0890099 -0.00093346 0.00206602 0.000864103 -0.00093346 0.00940783 -0.0175679 -0.000935613 0.00206602 -0.0175679 0.0876714 
0.00998844 -0.0181459 0.00083345 -0.000898389 -0.0181459 0.0886745 -0.000900865 0.00196495 0.00083345 -0.000900865 0.00937614 -0.0174678 -0.000898389 0.00196495 -0.0174678 0.0872464 
0.0100109 -0.0181981 0.000834728 -0.000864075 -0.0181981 0.0889973 -0.000870928 0.00187486 0.000834728 -0.000870928 0.00939449 -0.0175397 -0.000864075 0.00187486 -0.0175397 0.0875475 
0.0100396 -0.0182462 0.000857766 -0.000877031 -0.0182462 0.0892913 -0.000887445 0.00187666 0.000857766 -0.000887445 0.0094155 -0.017592 -0.000877031 0.00187666 -0.017592 0.0878653 
0.0100632 -0.0182538 0.000871712 -0.000909929 -0.0182538 0.0893394 -0.000916298 0.00193842 0.000871712 -0.000916298 0.0093915 -0.017576 -0.000909929 0.00193842 -0.017576 0.0878682 
0.0100506 -0.0182261 0.000894116 -0.000940473 -0.0182261 0.0891453 -0.000943439 0.00203286 0.000894116 -0.000943439 0.00936582 -0.0174973 -0.000940473 0.00203286 -0.0174973 0.0875806 
0.0100127 -0.0182417 0.000908297 -0.000967707 -0.0182417 0.0891955 -0.000971986 0.00211442 0.000908297 -0.000971986 0.00940578 -0.0174958 -0.000967707 0.00211442 -0.0174958 0.0875561 
0.0100143 -0.0182312 0.000934555 -0.000998234 -0.0182312 0.0893215 -0.00100131 0.00220881 0.000934555 -0.00100131 0.00944736 -0.017582 -0.000998234 0.00220881 -0.017582 0.0878075 
0.00987767 -0.0179994 0.000925726 -0.00101734 -0.0179994 0.0882281 -0.00101313 0.00225708 0.000925726 -0.00101313 0.00935065 -0.0174046 -0.00101734 0.00225708 -0.0174046 0.0868732 
0.00986323 -0.0179823 0.000900041 -0.00101784 -0.0179823 0.0881885 -0.0010074 0.00227781 0.000900041 -0.0010074 0.00936008 -0.0174058 -0.00101784 0.00227781 -0.0174058 0.0868871 
0.00983085 -0.0179401 0.000865786 -0.000981331 -0.0179401 0.0880182 -0.000975458 0.00222579 0.000865786 -0.000975458 0.00936754 -0.0173788 -0.000981331 0.00222579 -0.0173788 0.0867325 
0.00983413 -0.0179366 0.000861695 -0.000936784 -0.0179366 0.0880656 -0.000939072 0.00213605 0.000861695 -0.000939072 0.00939516 -0.017427 -0.000936784 0.00213605 -0.017427 0.0868697 
0.00984769 -0.017925 0.000876244 -0.000929471 -0.017925 0.0880722 -0.000935525 0.00208634 0.000876244 -0.000935525 0.00941752 -0.0175014 -0.000929471 0.00208634 -0.0175014 0.0871226 
0.0099342 -0.0180292 0.000899029 -0.000947022 -0.0180292 0.0885254 -0.000947012 0.00208631 0.000899029 -0.000947012 0.00943147 -0.0176071 -0.000947022 0.00208631 -0.0176071 0.0876735 
