0.00736679 0 -0.0005471 0 0 0.00995138 0 0 -0.0005471 0 0.00706202 0 0 0 0 0.00995138 
0.0105728 -0.0131173 -0.000790083 0.000958536 -0.0131173 0.034392 0.000958536 -0.00183806 -0.000790083 0.000958536 0.0101028 -0.0125506 0.000958536 -0.00183806 -0.0125506 0.0333046 
0.0104878 -0.0195195 -0.000703123 0.00100199 -0.0195195 0.0715691 0.00100199 -0.00310393 -0.000703123 0.00100199 0.0101103 -0.0189898 0.00100199 -0.00310393 -0.0189898 0.0699508 
0.00977232 -0.0187421 -0.000638889 0.000676103 -0.0187421 0.0836875 0.00067107 -0.00202605 -0.000638889 0.00067107 0.0094018 -0.0184062 0.000676103 -0.00202605 -0.0184062 0.0827098 
0.00975102 -0.0179883 -0.000646592 0.000699217 -0.0179883 0.0862522 0.000688786 -0.00179066 -0.000646592 0.000688786 0.00927057 -0.017575 0.000699217 -0.00179066 -0.017575 0.0851611 
0.0100538 -0.0180754 -0.000646413 0.000744229 -0.0180754 0.0878933 0.000738174 -0.00190442 -0.000646413 0.000738174 0.00935512 -0.0175074 0.000744229 -0.00190442 -0.0175074 0.0864508 
0.0102252 -0.0183558 -0.000635932 0.000742985 -0.0183558 0.0890029 0.000746358 -0.00194536 -0.000635932 0.000746358 0.00944584 -0.0175151 0.000742985 -0.00194536 -0.0175151 0.0870213 
0.0102526 -0.0185345 -0.00064221 0.000732744 -0.0185345 0.089807 0.000738003 -0.00192175 -0.00064221 0.000738003 0.00958193 -0.017593 0.000732744 -0.00192175 -0.017593 0.0874489 
0.0101831 -0.0183917 -0.000643063 0.000732397 -0.0183917 0.0893687 0.000727449 -0.00187269 -0.000643063 0.000727449 0.00958238 -0.0175949 0.000732397 -0.00187269 -0.0175949 0.0871377 
0.0102857 -0.0184554 -0.000625491 0.00074189 -0.0184554 0.0897534 0.000726182 -0.0018586 -0.000625491 0.000726182 0.00962311 -0.0177708 0.00074189 -0.0018586 -0.0177708 0.0878381 
0.0102668 -0.0183597 -0.000590373 0.000700205 -0.0183597 0.0890479 0.000689027 -0.00177618 -0.000590373 0.000689027 0.0094901 -0.0176156 0.000700205 -0.00177618 -0.0176156 0.0871884 
0.0103858 -0.0186311 -0.000586007 0.000668931 -0.0186311 0.0901259 0.00066796 -0.00171531 -0.000586007 0.00066796 0.00958585 -0.0177429 0.000668931 -0.00171531 -0.0177429 0.0880274 
0.0103876 -0.0186171 -0.000579618 0.000651598 -0.0186171 0.090065 0.00065224 -0.00165205 -0.000579618 0.00065224 0.00955482 -0.0177088 0.000651598 -0.00165205 -0.0177088 0.08782 
0.0104385 -0.0187061 -0.00056488 0.000654008 -0.0187061 0.0904583 0.000649986 -0.00164185 -0.00056488 0.000649986 0.0095517 -0.0177775 0.000654008 -0.00164185 -0.0177775 0.0881716 
0.0105093 -0.0188035 -0.000566035 0.000645835 -0.0188035 0.0908791 0.000638226 -0.00163976 -0.000566035 0.000638226 0.00951238 -0.0177907 0.000645835 -0.00163976 -0.0177907 0.0884259 
0.0104989 -0.0187997 -0.000563309 0.000648358 -0.0187997 0.0907697 0.000639732 -0.00163952 -0.000563309 0.000639732 0.00946543 -0.0176605 0.000648358 -0.00163952 -0.0176605 0.0880583 
0.0103953 -0.0187233 -0.000559746 0.000642608 -0.0187233 0.0903918 0.000635101 -0.0016329 -0.000559746 0.000635101 0.00947192 -0.0175395 0.000642608 -0.0016329 -0.0175395 0.0874938 
0.0102997 -0.0185755 -0.000569795 0.000629885 -0.0185755 0.0899068 0.000630049 -0.00160971 -0.000569795 0.000630049 0.00947982 -0.0175212 0.000629885 -0.00160971 -0.0175212 0.0871385 
0.0102991 -0.0185071 -0.00057767 0.000645774 -0.0185071 0.0897219 0.000650632 -0.00163463 -0.00057767 0.000650632 0.00945569 -0.0175757 0.000645774 -0.00163463 -0.0175757 0.0872284 
0.0102705 -0.0184932 -0.000584141 0.000661232 -0.0184932 0.0895686 0.000665009 -0.00167949 -0.000584141 0.000665009 0.00944838 -0.0175315 0.000661232 -0.00167949 -0.0175315 0.087147 
0.0102168 -0.0184761 -0.00057408 0.000664315 -0.0184761 0.0895323 0.000666622 -0.00169188 -0.00057408 0.000666622 0.00947505 -0.0175239 0.000664315 -0.00169188 -0.0175239 0.0871004 
0.0101619 -0.0183805 -0.000549032 0.000641408 -0.0183805 0.089258 0.000640878 -0.00164267 -0.000549032 0.000640878 0.00947826 -0.0175186 0.000641408 -0.00164267 -0.0175186 0.0869541 
0.0101594 -0.0183137 -0.000541752 0.000615588 -0.0183137 0.0890257 0.000615456 -0.00158392 -0.000541752 0.000615456 0.00943701 -0.0175207 0.000615588 -0.00158392 -0.0175207 0.0868888 
0.0103459 -0.0186097 -0.0005513 0.000620885 -0.0186097 0.0903925 0.000622665 -0.00158146 -0.0005513 0.000622665 0.00955143 -0.0177744 0.000620885 -0.00158146 -0.0177744 0.0882708 
0.0102686 -0.0185216 -0.000547727 0.000614205 -0.0185216 0.0898699 0.000612762 -0.00154719 -0.000547727 0.000612762 0.00953142 -0.0176346 0.000614205 -0.00154719 -0.0176346 0.0876985 
0.0102559 -0.0184675 -0.00055318 0.000618724 -0.0184675 0.0896552 0.000616362 -0.00155104 -0.00055318 0.000616362 0.0095129 -0.0176249 0.000618724 -0.00155104 -0.0176249 0.0874889 
0.0102668 -0.018514 -0.000573768 0.000644043 -0.018514 0.0898198 0.00064443 -0.00162243 -0.000573768 0.00064443 0.00952907 -0.0176638 0.000644043 -0.00162243 -0.0176638 0.0876678 
0.0103306 -0.0186103 -0.000557697 0.000660654 -0.0186103 0.0903207 0.000661173 -0.00166583 -0.000557697 0.000661173 0.00955769 -0.017769 0.000660654 -0.00166583 -0.017769 0.0881894 
0.0101925 -0.0183735 -0.000544456 0.000642207 -0.0183735 0.089156 0.000642611 -0.00166056 -0.000544456 0.000642611 0.00943326 -0.0175172 0.000642207 -0.00166056 -0.0175172 0.0870401 
0.0102038 -0.01839 -0.00054314 0.000620323 -0.01839 0.0892795 0.000624292 -0.0016143 -0.00054314 0.000624292 0.0094734 -0.0175575 0.000620323 -0.0016143 -0.0175575 0.0872205 
0.0101566 -0.018336 -0.000559264 0.000614176 -0.018336 0.0890356 0.00061862 -0.00158084 -0.000559264 0.00061862 0.00950231 -0.0175462 0.000614176 -0.00158084 -0.0175462 0.0870821 
0.0101401 -0.0183485 -0.000568629 0.000622444 -0.0183485 0.0891677 0.000623377 -0.00155976 -0.000568629 0.000623377 0.00958869 -0.0176426 0.000622444 -0.00155976 -0.0176426 0.0873818 
0.0101734 -0.0183353 -0.000570179 0.000634666 -0.0183353 0.0892143 0.000636297 -0.00157691 -0.000570179 0.000636297 0.00959458 -0.0177387 0.000634666 -0.00157691 -0.0177387 0.0876502 
0.0102483 -0.0184556 -0.000580674 0.000636304 -0.0184556 0.0896581 0.000639821 -0.00158943 -0.000580674 0.000639821 0.00958306 -0.017791 0.000636304 -0.00158943 -0.017791 0.0880383 
0.0102548 -0.0184971 -0.000588354 0.000653024 -0.0184971 0.0897695 0.000658444 -0.00162425 -0.000588354 0.000658444 0.00956739 -0.0177243 0.000653024 -0.00162425 -0.0177243 0.0879191 
0.0102128 -0.0184594 -0.000597939 0.000652335 -0.0184594 0.0896261 0.000660247 -0.0016311 -0.000597939 0.000660247 0.00955669 -0.0176671 0.000652335 -0.0016311 -0.0176671 0.087643 
0.0101815 -0.0183895 -0.00062187 0.000676389 -0.0183895 0.0893895 0.000682395 -0.0016823 -0.00062187 0.000682395 0.0095479 -0.0176413 0.000676389 -0.0016823 -0.0176413 0.0874387 
0.010245 -0.0184558 -0.000634547 0.000706754 -0.0184558 0.0897159 0.000705144 -0.00174212 -0.000634547 0.000705144 0.00955599 -0.0177217 0.000706754 -0.00174212 -0.0177217 0.0877997 
0.0102822 -0.0185311 -0.000627445 0.000723072 -0.0185311 0.0899694 0.000713808 -0.00178327 -0.000627445 0.000713808 0.00957742 -0.0177266 0.000723072 -0.00178327 -0.0177266 0.0879601 
0.0103418 -0.0185743 -0.00062165 0.00071175 -0.0185743 0.0901748 0.000703909 -0.00178216 -0.00062165 0.000703909 0.00953592 -0.0177637 0.00071175 -0.00178216 -0.0177637 0.0881142 
0.0104329 -0.0186943 -0.000601113 0.000707812 -0.0186943 0.0906046 0.000706715 -0.00178279 -0.000601113 0.000706715 0.00950855 -0.0177608 0.000707812 -0.00178279 -0.0177608 0.0883471 
0.0104405 -0.0186805 -0.000581815 0.000680281 -0.0186805 0.0903863 0.000683637 -0.00174855 -0.000581815 0.000683637 0.00941391 -0.017615 0.000680281 -0.00174855 -0.017615 0.0878367 
0.0104198 -0.0186822 -0.000561553 0.000670198 -0.0186822 0.0902492 0.00067297 -0.00173082 -0.000561553 0.00067297 0.00935757 -0.0174755 0.000670198 -0.00173082 -0.0174755 0.087334 
0.0103607 -0.0186368 -0.000545674 0.00064217 -0.0186368 0.0900447 0.000642765 -0.00167481 -0.000545674 0.000642765 0.00936274 -0.0173918 0.00064217 -0.00167481 -0.0173918 0.0869293 
0.0102507 -0.018503 -0.000538302 0.000610046 -0.018503 0.089531 0.000609732 -0.00158277 -0.000538302 0.000609732 0.00938862 -0.0173447 0.000610046 -0.00158277 -0.0173447 0.0864981 
0.0102425 -0.0184189 -0.000519809 0.000591469 -0.0184189 0.0893005 0.00058919 -0.00150064 -0.000519809 0.00058919 0.00938945 -0.0174108 0.000591469 -0.00150064 -0.0174108 0.0865379 
0.0102177 -0.0184351 -0.000542839 0.000580005 -0.0184351 0.0892946 0.000571831 -0.00145595 -0.000542839 0.000571831 0.00942022 -0.0174316 0.000580005 -0.00145595 -0.0174316 0.0866554 
0.0104003 -0.0187239 -0.00054306 0.000625316 -0.0187239 0.0907977 0.000613146 -0.00151804 -0.00054306 0.000613146 0.00959288 -0.0177708 0.000625316 -0.00151804 -0.0177708 0.0882424 
0.0102215 -0.0184137 -0.000567232 0.000626741 -0.0184137 0.0892485 0.000618502 -0.00157029 -0.000567232 0.000618502 0.0094405 -0.0174834 0.000626741 -0.00157029 -0.0174834 0.0868039 
0.0103899 -0.0186909 -0.000590864 0.00067953 -0.0186909 0.090632 0.000671739 -0.00169363 -0.000590864 0.000671739 0.00959955 -0.0177927 0.00067953 -0.00169363 -0.0177927 0.0882879 
0.0103378 -0.0186716 -0.000570912 0.000685362 -0.0186716 0.090527 0.000671612 -0.00172603 -0.000570912 0.000671612 0.00963239 -0.0178086 0.000685362 -0.00172603 -0.0178086 0.0883446 
0.0103454 -0.0185936 -0.000522033 0.000641443 -0.0185936 0.0903136 0.000630189 -0.00164622 -0.000522033 0.000630189 0.00960334 -0.0178381 0.000641443 -0.00164622 -0.0178381 0.0883658 
0.0103655 -0.0185815 -0.000483994 0.000579625 -0.0185815 0.0901421 0.000576121 -0.00152045 -0.000483994 0.000576121 0.00954798 -0.0178001 0.000579625 -0.00152045 -0.0178001 0.088291 
0.0103659 -0.0186314 -0.000470379 0.000537811 -0.0186314 0.0902208 0.000539745 -0.00141241 -0.000470379 0.000539745 0.00951747 -0.0177402 0.000537811 -0.00141241 -0.0177402 0.0881951 
0.0103991 -0.0186804 -0.000450724 0.000517534 -0.0186804 0.0904867 0.000518892 -0.00133279 -0.000450724 0.000518892 0.00950102 -0.0177411 0.000517534 -0.00133279 -0.0177411 0.0882898 
0.01037 -0.018706 -0.000473798 0.000508593 -0.018706 0.090567 0.000514758 -0.00131849 -0.000473798 0.000514758 0.00949737 -0.0176824 0.000508593 -0.00131849 -0.0176824 0.0881511 
0.0103863 -0.0186855 -0.000491659 0.000537221 -0.0186855 0.0906457 0.000548579 -0.0013624 -0.000491659 0.000548579 0.009487 -0.0177098 0.000537221 -0.0013624 -0.0177098 0.0882267 
0.0103194 -0.0186345 -0.000517145 0.000561263 -0.0186345 0.0903774 0.000569761 -0.0014257 -0.000517145 0.000569761 0.00950115 -0.0176412 0.000561263 -0.0014257 -0.0176412 0.087973 
0.0102821 -0.0185739 -0.000509788 0.00059638 -0.0185739 0.0902188 0.000595743 -0.00149754 -0.000509788 0.000595743 0.00954572 -0.0176614 0.00059638 -0.00149754 -0.0176614 0.0879194 
0.0103043 -0.0185257 -0.000493741 0.00059708 -0.0185257 0.0900817 0.000590877 -0.00153516 -0.000493741 0.000590877 0.009554 -0.0177371 0.00059708 -0.00153516 -0.0177371 0.0880684 
0.010339 -0.0185487 -0.000483326 0.000572857 -0.0185487 0.0900417 0.000568384 -0.00150141 -0.000483326 0.000568384 0.00954096 -0.0177433 0.000572857 -0.00150141 -0.0177433 0.088125 
0.0103633 -0.0185613 -0.000456657 0.000537194 -0.0185613 0.0899872 0.000533588 -0.00139944 -0.000456657 0.000533588 0.0095119 -0.0177322 0.000537194 -0.00139944 -0.0177322 0.0880949 
0.0104464 -0.0186551 -0.000430756 0.000513226 -0.0186551 0.0903033 0.000511109 -0.00133166 -0.000430756 0.000511109 0.00948302 -0.01775 0.000513226 -0.00133166 -0.01775 0.0882851 
0.0103524 -0.0184926 -0.00041554 0.000495984 -0.0184926 0.0893162 0.000491773 -0.00129876 -0.00041554 0.000491773 0.00930285 -0.0174569 0.000495984 -0.00129876 -0.0174569 0.0870371 
0.0103949 -0.0186065 -0.000431078 0.000484081 -0.0186065 0.089771 0.000481229 -0.00127704 -0.000431078 0.000481229 0.00929916 -0.0174358 0.000484081 -0.00127704 -0.0174358 0.0871367 
0.0104094 -0.0186525 -0.000441549 0.000498349 -0.0186525 0.090029 0.000497471 -0.00128857 -0.000441549 0.000497471 0.00928436 -0.0174212 0.000498349 -0.00128857 -0.0174212 0.087148 
0.0103975 -0.0186413 -0.000433556 0.000506778 -0.0186413 0.0900246 0.000508238 -0.00131054 -0.000433556 0.000508238 0.00927054 -0.0173718 0.000506778 -0.00131054 -0.0173718 0.0869952 
0.010332 -0.0184945 -0.000409381 0.000499491 -0.0184945 0.0893909 0.000504654 -0.00131664 -0.000409381 0.000504654 0.00920436 -0.0172542 0.000499491 -0.00131664 -0.0172542 0.0863889 
0.0104437 -0.0187182 -0.00038894 0.000461578 -0.0187182 0.0904444 0.00046859 -0.00124531 -0.00038894 0.00046859 0.00935273 -0.0174545 0.000461578 -0.00124531 -0.0174545 0.0874076 
0.010426 -0.0186756 -0.000366217 0.000440812 -0.0186756 0.0902682 0.000443726 -0.00118088 -0.000366217 0.000443726 0.00937126 -0.0174678 0.000440812 -0.00118088 -0.0174678 0.0873098 
0.010374 -0.0185985 -0.000369642 0.000419232 -0.0185985 0.089894 0.000420063 -0.00112687 -0.000369642 0.000420063 0.00936379 -0.0174539 0.000419232 -0.00112687 -0.0174539 0.0870995 
0.0103638 -0.0186344 -0.00039083 0.000421711 -0.0186344 0.0900796 0.00041743 -0.00109911 -0.00039083 0.00041743 0.00939733 -0.0175184 0.000421711 -0.00109911 -0.0175184 0.0873683 
0.0103364 -0.0185958 -0.00041878 0.00045641 -0.0185958 0.0900405 0.000444603 -0.00114615 -0.00041878 0.000444603 0.0093959 -0.0175553 0.00045641 -0.00114615 -0.0175553 0.087502 
0.0102784 -0.0184281 -0.000422375 0.000483513 -0.0184281 0.0893346 0.000464846 -0.00119614 -0.000422375 0.000464846 0.00930163 -0.0174397 0.000483513 -0.00119614 -0.0174397 0.0869756 
0.0104736 -0.0187135 -0.000415149 0.000508509 -0.0187135 0.0906168 0.000483139 -0.00126822 -0.000415149 0.000483139 0.00938715 -0.0176452 0.000508509 -0.00126822 -0.0176452 0.0881731 
0.0103684 -0.018508 -0.00038158 0.000482213 -0.018508 0.0894003 0.000460637 -0.00124029 -0.00038158 0.000460637 0.00919334 -0.0173031 0.000482213 -0.00124029 -0.0173031 0.0866741 
0.0104758 -0.0186802 -0.000347426 0.000438851 -0.0186802 0.0901088 0.000427477 -0.00116604 -0.000347426 0.000427477 0.00917175 -0.0173507 0.000438851 -0.00116604 -0.0173507 0.0870483 
0.0105303 -0.0187807 -0.000315168 0.000387818 -0.0187807 0.0904885 0.000389099 -0.00105901 -0.000315168 0.000389099 0.00913672 -0.0173029 0.000387818 -0.00105901 -0.0173029 0.0870765 
0.0104953 -0.0187471 -0.000299986 0.000343547 -0.0187471 0.0902716 0.000350924 -0.000946234 -0.000299986 0.000350924 0.00910069 -0.0171602 0.000343547 -0.000946234 -0.0171602 0.0865392 
0.010451 -0.0187658 -0.00031693 0.000345129 -0.0187658 0.0903701 0.00035119 -0.000928219 -0.00031693 0.00035119 0.00913279 -0.017144 0.000345129 -0.000928219 -0.017144 0.086416 
0.0104488 -0.018804 -0.000328615 0.000376467 -0.018804 0.0907777 0.000375744 -0.000978159 -0.000328615 0.000375744 0.00920886 -0.0172743 0.000376467 -0.000978159 -0.0172743 0.0868926 
0.0104185 -0.0187333 -0.000318952 0.000395957 -0.0187333 0.0906371 0.000395795 -0.00104496 -0.000318952 0.000395795 0.00922214 -0.0173167 0.000395957 -0.00104496 -0.0173167 0.0870074 
0.0103119 -0.0185586 -0.000315283 0.000379536 -0.0185586 0.0898828 0.000381796 -0.0010417 -0.000315283 0.000381796 0.0092088 -0.0172273 0.000379536 -0.0010417 -0.0172273 0.0865368 
0.0102263 -0.0183878 -0.000333711 0.000376922 -0.0183878 0.0891632 0.000377469 -0.00103096 -0.000333711 0.000377469 0.00919425 -0.0171812 0.000376922 -0.00103096 -0.0171812 0.0861344 
0.010312 -0.0185647 -0.000325873 0.000387429 -0.0185647 0.0900755 0.000382607 -0.00101892 -0.000325873 0.000382607 0.00936781 -0.017464 0.000387429 -0.00101892 -0.017464 0.0873849 
0.010323 -0.0185558 -0.000320089 0.000382039 -0.0185558 0.0901162 0.00037537 -0.00101375 -0.000320089 0.00037537 0.00939356 -0.017581 0.000382039 -0.00101375 -0.017581 0.0877789 
0.0103248 -0.0185631 -0.000311057 0.000372501 -0.0185631 0.0901293 0.000371448 -0.000999277 -0.000311057 0.000371448 0.0093815 -0.0176072 0.000372501 -0.000999277 -0.0176072 0.0879708 
0.0103403 -0.0185915 -0.000294494 0.000366627 -0.0185915 0.0902337 0.000367604 -0.000990301 -0.000294494 0.000367604 0.00936504 -0.0175786 0.000366627 -0.000990301 -0.0175786 0.0879904 
0.0103035 -0.0185851 -0.000316393 0.000348333 -0.0185851 0.0902048 0.000350188 -0.000961967 -0.000316393 0.000350188 0.00936861 -0.0175397 0.000348333 -0.000961967 -0.0175397 0.0878673 
0.0101498 -0.0182592 -0.000343918 0.000363888 -0.0182592 0.0887676 0.000365153 -0.000955494 -0.000343918 0.000365153 0.00920382 -0.0172866 0.000363888 -0.000955494 -0.0172866 0.0865297 
0.0101992 -0.0182495 -0.000336898 0.000406504 -0.0182495 0.0887044 0.000402461 -0.00102765 -0.000336898 0.000402461 0.00914221 -0.0172717 0.000406504 -0.00102765 -0.0172717 0.086536 
0.0102467 -0.018316 -0.000329337 0.000400194 -0.018316 0.0887779 0.000391261 -0.00104809 -0.000329337 0.000391261 0.00909218 -0.0171723 0.000400194 -0.00104809 -0.0171723 0.0863382 
0.0104114 -0.0186489 -0.000288656 0.000383533 -0.0186489 0.0902595 0.00037407 -0.00101212 -0.000288656 0.00037407 0.0092031 -0.0173752 0.000383533 -0.00101212 -0.0173752 0.0874765 
0.0103553 -0.0186478 -0.000270141 0.000329873 -0.0186478 0.0902554 0.000324747 -0.000913819 -0.000270141 0.000324747 0.00921722 -0.0173134 0.000329873 -0.000913819 -0.0173134 0.0872322 
0.0103033 -0.0185699 -0.000273086 0.000308666 -0.0185699 0.090076 0.000307934 -0.00084063 -0.000273086 0.000307934 0.00924182 -0.0173103 0.000308666 -0.00084063 -0.0173103 0.0870683 
0.0102536 -0.0184729 -0.000276183 0.00030582 -0.0184729 0.0897239 0.000305633 -0.000803411 -0.000276183 0.000305633 0.00924806 -0.017312 0.00030582 -0.000803411 -0.017312 0.0869086 
0.010182 -0.0183778 -0.00027163 0.00031755 -0.0183778 0.0893351 0.000315507 -0.000819207 -0.00027163 0.000315507 0.0092655 -0.0173163 0.00031755 -0.000819207 -0.0173163 0.0868001 
0.010149 -0.0183466 -0.000254829 0.000312297 -0.0183466 0.0892922 0.00031419 -0.000824489 -0.000254829 0.00031419 0.00930342 -0.0173841 0.000312297 -0.000824489 -0.0173841 0.0870066 
0.0101331 -0.0182467 -0.000233612 0.000290706 -0.0182467 0.0889055 0.000297902 -0.000798674 -0.000233612 0.000297902 0.00926035 -0.0173583 0.000290706 -0.000798674 -0.0173583 0.0868207 
0.010161 -0.0182785 -0.000234422 0.000266991 -0.0182785 0.0889315 0.000274905 -0.000752368 -0.000234422 0.000274905 0.00923087 -0.0173361 0.000266991 -0.000752368 -0.0173361 0.0868187 
0.0102613 -0.0183613 -0.000218933 0.00027128 -0.0183613 0.0892521 0.000274986 -0.000736934 -0.000218933 0.000274986 0.00916083 -0.0173529 0.00027128 -0.000736934 -0.0173529 0.0870075 
0.0103269 -0.018523 -0.000226282 0.000263557 -0.018523 0.0897877 0.000264837 -0.000732727 -0.000226282 0.000264837 0.00914092 -0.0173126 0.000263557 -0.000732727 -0.0173126 0.0871831 
0.0103255 -0.0185787 -0.000240548 0.000274378 -0.0185787 0.0900447 0.000276507 -0.000749205 -0.000240548 0.000276507 0.00913086 -0.0172567 0.000274378 -0.000749205 -0.0172567 0.0870836 
0.0102717 -0.0185171 -0.000248677 0.000290418 -0.0185171 0.0898449 0.000290153 -0.000777692 -0.000248677 0.000290153 0.00912874 -0.0171679 0.000290418 -0.000777692 -0.0171679 0.0866885 
0.0101601 -0.0183171 -0.000245619 0.000285396 -0.0183171 0.0890008 0.000279887 -0.000758886 -0.000245619 0.000279887 0.0090992 -0.0170478 0.000285396 -0.000758886 -0.0170478 0.0859293 
0.010256 -0.018572 -0.00023823 0.000280433 -0.018572 0.0902917 0.000276977 -0.000739642 -0.00023823 0.000276977 0.00932785 -0.0173693 0.000280433 -0.000739642 -0.0173693 0.0873432 
0.0102302 -0.0184852 -0.000226067 0.000270471 -0.0184852 0.0900785 0.000272757 -0.000722717 -0.000226067 0.000272757 0.00935344 -0.01747 0.000270471 -0.000722717 -0.01747 0.0874987 
0.0102418 -0.0184509 -0.000199781 0.000256496 -0.0184509 0.0899393 0.000257106 -0.000691746 -0.000199781 0.000257106 0.00933518 -0.0175292 0.000256496 -0.000691746 -0.0175292 0.0877148 
0.0100972 -0.0181785 -0.000190364 0.000224976 -0.0181785 0.0885172 0.000218366 -0.000618402 -0.000190364 0.000218366 0.00915692 -0.0172394 0.000224976 -0.000618402 -0.0172394 0.08641 
0.0101075 -0.0182217 -0.000210185 0.000233241 -0.0182217 0.0886539 0.000227249 -0.000623668 -0.000210185 0.000227249 0.00915779 -0.0172107 0.000233241 -0.000623668 -0.0172107 0.0864285 
0.0101371 -0.0182688 -0.00021689 0.000244734 -0.0182688 0.0889258 0.000245324 -0.000641738 -0.00021689 0.000245324 0.00917495 -0.017258 0.000244734 -0.000641738 -0.017258 0.0866591 
0.0101271 -0.0182392 -0.000229906 0.000244899 -0.0182392 0.0887745 0.000250535 -0.00065039 -0.000229906 0.000250535 0.00915799 -0.0172104 0.000244899 -0.00065039 -0.0172104 0.0864715 
0.0101648 -0.018329 -0.000262546 0.000262797 -0.018329 0.0891555 0.000270731 -0.000686156 -0.000262546 0.000270731 0.00918812 -0.0172558 0.000262797 -0.000686156 -0.0172558 0.0867226 
0.0101518 -0.0182808 -0.0002702 0.000295588 -0.0182808 0.0889574 0.00030204 -0.000740144 -0.0002702 0.00030204 0.00916728 -0.0172159 0.000295588 -0.000740144 -0.0172159 0.0864983 
0.0101424 -0.0182668 -0.000251946 0.000309071 -0.0182668 0.0888281 0.000312451 -0.000788961 -0.000251946 0.000312451 0.00914065 -0.0171679 0.000309071 -0.000788961 -0.0171679 0.0862747 
0.0101113 -0.0182809 -0.000263271 0.00029159 -0.0182809 0.0888591 0.000297465 -0.00078644 -0.000263271 0.000297465 0.00917402 -0.0171478 0.00029159 -0.00078644 -0.0171478 0.0861893 
0.0102199 -0.0185142 -0.000270468 0.000307285 -0.0185142 0.090138 0.000313394 -0.000804984 -0.000270468 0.000313394 0.00936504 -0.0174507 0.000307285 -0.000804984 -0.0174507 0.0875208 
0.0101895 -0.0184918 -0.000269398 0.000324017 -0.0184918 0.0901762 0.000322029 -0.00084426 -0.000269398 0.000322029 0.00942801 -0.0175533 0.000324017 -0.00084426 -0.0175533 0.0878202 
0.0100228 -0.0181397 -0.000276963 0.00031275 -0.0181397 0.0886045 0.00030482 -0.000821519 -0.000276963 0.00030482 0.00927683 -0.0173369 0.00031275 -0.000821519 -0.0173369 0.0865969 
0.010059 -0.0181226 -0.000277235 0.000319543 -0.0181226 0.0885113 0.000311774 -0.000815313 -0.000277235 0.000311774 0.0092235 -0.0173464 0.000319543 -0.000815313 -0.0173464 0.0867006 
0.0101109 -0.0182107 -0.000296849 0.000327365 -0.0182107 0.0887416 0.000325834 -0.000843316 -0.000296849 0.000325834 0.00919381 -0.0173013 0.000327365 -0.000843316 -0.0173013 0.0867562 
0.0101142 -0.0182527 -0.000309953 0.000336483 -0.0182527 0.0888531 0.00033668 -0.000850276 -0.000309953 0.00033668 0.00921163 -0.0172452 0.000336483 -0.000850276 -0.0172452 0.0866222 
0.0102463 -0.0185105 -0.000322933 0.000350107 -0.0185105 0.090136 0.000351453 -0.000876738 -0.000322933 0.000351453 0.00937885 -0.0174991 0.000350107 -0.000876738 -0.0174991 0.0877783 
0.0101069 -0.0182265 -0.000319542 0.00035149 -0.0182265 0.0887978 0.000352266 -0.000875228 -0.000319542 0.000352266 0.00923141 -0.0172922 0.00035149 -0.000875228 -0.0172922 0.0865592 
0.0101034 -0.018272 -0.000317325 0.000354126 -0.018272 0.088957 0.00035483 -0.000883647 -0.000317325 0.00035483 0.00925823 -0.0173107 0.000354126 -0.000883647 -0.0173107 0.0867222 
0.0102402 -0.0184709 -0.000276362 0.000359192 -0.0184709 0.0900379 0.000364583 -0.000908793 -0.000276362 0.000364583 0.00937744 -0.0175558 0.000359192 -0.000908793 -0.0175558 0.0878758 
0.0100964 -0.0182418 -0.000254455 0.00030252 -0.0182418 0.0888231 0.000311153 -0.000832051 -0.000254455 0.000311153 0.00923835 -0.0172962 0.00030252 -0.000832051 -0.0172962 0.0866303 
0.0100619 -0.0182302 -0.000256663 0.000276312 -0.0182302 0.0887705 0.000287969 -0.000753168 -0.000256663 0.000287969 0.00924416 -0.017251 0.000276312 -0.000753168 -0.017251 0.0864494 
0.0100603 -0.0182112 -0.000258448 0.000281729 -0.0182112 0.0887865 0.000294884 -0.000737079 -0.000258448 0.000294884 0.00924179 -0.0172717 0.000281729 -0.000737079 -0.0172717 0.0864552 
0.0101907 -0.0184698 -0.000285329 0.000293277 -0.0184698 0.0900593 0.000307007 -0.000764844 -0.000285329 0.000307007 0.00940357 -0.0175209 0.000293277 -0.000764844 -0.0175209 0.0877178 
0.0101241 -0.0184195 -0.000301556 0.000309329 -0.0184195 0.0898935 0.000316064 -0.000772479 -0.000301556 0.000316064 0.00944592 -0.0175404 0.000309329 -0.000772479 -0.0175404 0.0876855 
0.0100416 -0.0182695 -0.000297621 0.000324954 -0.0182695 0.0893952 0.000326378 -0.000791016 -0.000297621 0.000326378 0.00945097 -0.0175619 0.000324954 -0.000791016 -0.0175619 0.0875607 
0.0100221 -0.01821 -0.000310737 0.000344101 -0.01821 0.0891788 0.00034252 -0.000853301 -0.000310737 0.00034252 0.00945396 -0.0175794 0.000344101 -0.000853301 -0.0175794 0.0875977 
0.0100404 -0.0182054 -0.000315622 0.000361561 -0.0182054 0.0891652 0.00035647 -0.000899868 -0.000315622 0.00035647 0.00945204 -0.0176203 0.000361561 -0.000899868 -0.0176203 0.0877718 
0.0100922 -0.0183089 -0.000337904 0.000374387 -0.0183089 0.0895899 0.000369476 -0.000947083 -0.000337904 0.000369476 0.00950321 -0.0176955 0.000374387 -0.000947083 -0.0176955 0.0882217 
0.00997255 -0.018096 -0.000374379 0.000384079 -0.018096 0.0885406 0.000377651 -0.000959638 -0.000374379 0.000377651 0.00938427 -0.0174903 0.000384079 -0.000959638 -0.0174903 0.0871875 
0.0100166 -0.0181026 -0.000365908 0.000431308 -0.0181026 0.0885625 0.000426219 -0.00104271 -0.000365908 0.000426219 0.00934552 -0.0174746 0.000431308 -0.00104271 -0.0174746 0.0871597 
0.0100587 -0.018167 -0.000363291 0.000422365 -0.018167 0.0887021 0.000421835 -0.00107511 -0.000363291 0.000421835 0.00933122 -0.0174298 0.000422365 -0.00107511 -0.0174298 0.0870964 
0.0100859 -0.01819 -0.000352756 0.000414338 -0.01819 0.0887022 0.000421399 -0.00107075 -0.000352756 0.000421399 0.0093043 -0.0173782 0.000414338 -0.00107075 -0.0173782 0.0868712 
0.0100951 -0.0182791 -0.000363551 0.000390679 -0.0182791 0.0890112 0.000402525 -0.0010241 -0.000363551 0.000402525 0.00934635 -0.0173919 0.000390679 -0.0010241 -0.0173919 0.0869623 
0.0100945 -0.0183167 -0.000375369 0.000394882 -0.0183167 0.0893004 0.000404984 -0.000994205 -0.000375369 0.000404984 0.00941125 -0.0174797 0.000394882 -0.000994205 -0.0174797 0.087251 
0.0101071 -0.0182989 -0.000400778 0.000420093 -0.0182989 0.0893313 0.000420386 -0.00102737 -0.000400778 0.000420386 0.0094095 -0.0175368 0.000420093 -0.00102737 -0.0175368 0.0874109 
0.0100835 -0.01823 -0.00042777 0.000453384 -0.01823 0.0889766 0.000442998 -0.00108172 -0.00042777 0.000442998 0.00937077 -0.0174753 0.000453384 -0.00108172 -0.0174753 0.0871599 
0.0100909 -0.0181847 -0.000422455 0.000489991 -0.0181847 0.0886819 0.000471504 -0.00115518 -0.000422455 0.000471504 0.00932948 -0.0174017 0.000489991 -0.00115518 -0.0174017 0.0868379 
0.0101204 -0.0182646 -0.000430714 0.000486637 -0.0182646 0.0889127 0.000471525 -0.00119237 -0.000430714 0.000471525 0.00934511 -0.017423 0.000486637 -0.00119237 -0.017423 0.0869596 
0.0101433 -0.0184186 -0.000455481 0.000506916 -0.0184186 0.0896135 0.000498667 -0.00125506 -0.000455481 0.000498667 0.00945654 -0.0175307 0.000506916 -0.00125506 -0.0175307 0.0875051 
0.0101978 -0.0184826 -0.000445946 0.00052498 -0.0184826 0.0901552 0.000521545 -0.0013032 -0.000445946 0.000521545 0.00950919 -0.0177092 0.00052498 -0.0013032 -0.0177092 0.0881693 
0.0100409 -0.0181682 -0.000434225 0.000488587 -0.0181682 0.0886493 0.000493518 -0.00125066 -0.000434225 0.000493518 0.00934829 -0.0174193 0.000488587 -0.00125066 -0.0174193 0.0868056 
0.0102075 -0.0184404 -0.000457331 0.000482387 -0.0184404 0.0899625 0.000497086 -0.00122995 -0.000457331 0.000497086 0.00949422 -0.0176813 0.000482387 -0.00122995 -0.0176813 0.0881468 
0.0102103 -0.0184497 -0.000465169 0.00050264 -0.0184497 0.0899505 0.000518399 -0.00124824 -0.000465169 0.000518399 0.00949765 -0.0176872 0.00050264 -0.00124824 -0.0176872 0.0881566 
