0.0075991 0 -0.000726105 0 0 0.0100369 0 0 -0.000726105 0 0.00670707 0 0 0 0 0.0100369 
0.0105802 -0.0131221 -0.000997336 0.00121408 -0.0131221 0.0342916 0.00121408 -0.0023275 -0.000997336 0.00121408 0.00950567 -0.0118131 0.00121408 -0.0023275 -0.0118131 0.0317826 
0.0104362 -0.0192712 -0.000828045 0.00131674 -0.0192712 0.0705899 0.00131674 -0.00410543 -0.000828045 0.00131674 0.00955474 -0.0179971 0.00131674 -0.00410543 -0.0179971 0.0666389 
0.0099119 -0.0187735 -0.00070824 0.000831822 -0.0187735 0.0834117 0.00084117 -0.00270265 -0.00070824 0.00084117 0.00911265 -0.0179895 0.000831822 -0.00270265 -0.0179895 0.0813468 
0.0100118 -0.0182959 -0.000735521 0.00074611 -0.0182959 0.0869248 0.000759866 -0.00198529 -0.000735521 0.000759866 0.00915426 -0.0175825 0.00074611 -0.00198529 -0.0175825 0.0859997 
0.010204 -0.0183107 -0.000763411 0.000801937 -0.0183107 0.0882526 0.00080642 -0.00193671 -0.000763411 0.00080642 0.00924413 -0.0174588 0.000801937 -0.00193671 -0.0174588 0.0871583 
0.0103247 -0.0184935 -0.00077311 0.000848527 -0.0184935 0.0892574 0.000843987 -0.0020286 -0.00077311 0.000843987 0.00933311 -0.0174728 0.000848527 -0.0020286 -0.0174728 0.0875776 
0.0102268 -0.0184168 -0.000777921 0.000852682 -0.0184168 0.0889999 0.000842838 -0.002046 -0.000777921 0.000842838 0.00935726 -0.0173559 0.000852682 -0.002046 -0.0173559 0.0869322 
0.010292 -0.0185991 -0.000783565 0.000875483 -0.0185991 0.0901756 0.000862537 -0.00208207 -0.000783565 0.000862537 0.00958155 -0.0176715 0.000875483 -0.00208207 -0.0176715 0.0881556 
0.0101084 -0.0182202 -0.000781646 0.00085476 -0.0182202 0.0886041 0.00084873 -0.00204659 -0.000781646 0.00084873 0.0094673 -0.0175295 0.00085476 -0.00204659 -0.0175295 0.0870547 
0.0101915 -0.018334 -0.000781919 0.000872527 -0.018334 0.0891652 0.000877636 -0.00208633 -0.000781919 0.000877636 0.0095561 -0.0177218 0.000872527 -0.00208633 -0.0177218 0.0879556 
0.0101267 -0.0182613 -0.00079264 0.000863692 -0.0182613 0.0887433 0.000881272 -0.00210566 -0.00079264 0.000881272 0.00953763 -0.0176706 0.000863692 -0.00210566 -0.0176706 0.0876971 
0.0100992 -0.0182003 -0.000779435 0.000871108 -0.0182003 0.0884866 0.000893768 -0.00212455 -0.000779435 0.000893768 0.00949803 -0.0176365 0.000871108 -0.00212455 -0.0176365 0.0874954 
0.0102984 -0.018505 -0.000769581 0.000869181 -0.018505 0.0899506 0.000891871 -0.0021447 -0.000769581 0.000891871 0.00960882 -0.0179141 0.000869181 -0.0021447 -0.0179141 0.0889354 
0.0103215 -0.0185147 -0.000757079 0.000841207 -0.0185147 0.0898717 0.000859483 -0.00208349 -0.000757079 0.000859483 0.00955566 -0.0178369 0.000841207 -0.00208349 -0.0178369 0.0887216 
0.0101655 -0.018274 -0.000736473 0.000809854 -0.018274 0.0885768 0.000819391 -0.00197894 -0.000736473 0.000819391 0.00938971 -0.0175133 0.000809854 -0.00197894 -0.0175133 0.0872288 
0.0103179 -0.0186038 -0.000781263 0.000822439 -0.0186038 0.0901811 0.000822454 -0.00198173 -0.000781263 0.000822454 0.00955763 -0.0177812 0.000822439 -0.00198173 -0.0177812 0.0886098 
0.0100991 -0.0182862 -0.000779664 0.000848113 -0.0182862 0.0887457 0.000845287 -0.00199436 -0.000779664 0.000845287 0.00944434 -0.0175025 0.000848113 -0.00199436 -0.0175025 0.0871579 
0.0100847 -0.0182535 -0.000751605 0.000865805 -0.0182535 0.0887938 0.000861864 -0.00205162 -0.000751605 0.000861864 0.00947976 -0.0175721 0.000865805 -0.00205162 -0.0175721 0.0873422 
0.0100666 -0.0182588 -0.000733376 0.000838235 -0.0182588 0.0889139 0.00083084 -0.00203518 -0.000733376 0.00083084 0.00954999 -0.0176555 0.000838235 -0.00203518 -0.0176555 0.0876808 
0.0100607 -0.018226 -0.000718678 0.000815042 -0.018226 0.088922 0.000806893 -0.00198003 -0.000718678 0.000806893 0.00958279 -0.0177561 0.000815042 -0.00198003 -0.0177561 0.0880123 
0.010026 -0.0181234 -0.000717726 0.000803157 -0.0181234 0.0884492 0.00079941 -0.00195598 -0.000717726 0.00079941 0.0095394 -0.0176919 0.000803157 -0.00195598 -0.0176919 0.0877232 
0.0100024 -0.0181155 -0.000726886 0.000795521 -0.0181155 0.0883462 0.000798624 -0.00193698 -0.000726886 0.000798624 0.00953165 -0.0176673 0.000795521 -0.00193698 -0.0176673 0.0876507 
0.0100094 -0.018085 -0.00073065 0.000806935 -0.018085 0.088225 0.000809078 -0.00194751 -0.00073065 0.000809078 0.0094968 -0.0176303 0.000806935 -0.00194751 -0.0176303 0.0874846 
0.00999445 -0.0181132 -0.000718251 0.000811812 -0.0181132 0.0882704 0.000811479 -0.00195832 -0.000718251 0.000811479 0.00952304 -0.017602 0.000811812 -0.00195832 -0.017602 0.0874222 
0.0101813 -0.0183595 -0.000723909 0.000811799 -0.0183595 0.0895837 0.000812365 -0.00197842 -0.000723909 0.000812365 0.00962324 -0.0179144 0.000811799 -0.00197842 -0.0179144 0.088808 
0.0101618 -0.0183669 -0.000715662 0.000794576 -0.0183669 0.0894782 0.000797769 -0.00193402 -0.000715662 0.000797769 0.00960254 -0.0178511 0.000794576 -0.00193402 -0.0178511 0.0886827 
0.0102018 -0.0183802 -0.000728103 0.000790458 -0.0183802 0.0895706 0.000788234 -0.00190606 -0.000728103 0.000788234 0.0095738 -0.0178519 0.000790458 -0.00190606 -0.0178519 0.0887155 
0.0102782 -0.0184529 -0.000753222 0.000813664 -0.0184529 0.089801 0.000802773 -0.00192699 -0.000753222 0.000802773 0.00953249 -0.0178432 0.000813664 -0.00192699 -0.0178432 0.0888131 
0.0103 -0.0185001 -0.000745705 0.000839582 -0.0185001 0.0898272 0.000827103 -0.00197192 -0.000745705 0.000827103 0.00950324 -0.0177458 0.000839582 -0.00197192 -0.0177458 0.0885441 
0.0101631 -0.0183321 -0.000742142 0.000825205 -0.0183321 0.0889286 0.000816367 -0.00197441 -0.000742142 0.000816367 0.00939296 -0.0175146 0.000825205 -0.00197441 -0.0175146 0.0874025 
0.01018 -0.0183964 -0.000736509 0.000822291 -0.0183964 0.0893712 0.000818807 -0.00196726 -0.000736509 0.000818807 0.00945208 -0.0176038 0.000822291 -0.00196726 -0.0176038 0.0877977 
0.0101416 -0.0182971 -0.000731913 0.000820505 -0.0182971 0.0890537 0.000816653 -0.00197005 -0.000731913 0.000816653 0.00943681 -0.0175948 0.000820505 -0.00197005 -0.0175948 0.0876675 
0.0101304 -0.0181889 -0.000715968 0.000809478 -0.0181889 0.0885545 0.000806236 -0.00194749 -0.000715968 0.000806236 0.00936326 -0.0175288 0.000809478 -0.00194749 -0.0175288 0.0873428 
0.0101633 -0.0181969 -0.000708328 0.000785248 -0.0181969 0.0884233 0.000786942 -0.00189898 -0.000708328 0.000786942 0.00929815 -0.0174623 0.000785248 -0.00189898 -0.0174623 0.0871668 
0.0101598 -0.0182985 -0.000681343 0.000772074 -0.0182985 0.0886903 0.000776008 -0.00185284 -0.000681343 0.000776008 0.00933041 -0.017402 0.000772074 -0.00185284 -0.017402 0.0870957 
0.0101553 -0.0182654 -0.000679685 0.000748056 -0.0182654 0.0886717 0.000745627 -0.00180398 -0.000679685 0.000745627 0.0093212 -0.0174141 0.000748056 -0.00180398 -0.0174141 0.0869867 
0.0101115 -0.0182595 -0.000677984 0.000731532 -0.0182595 0.0886417 0.000724936 -0.00172989 -0.000677984 0.000724936 0.00933524 -0.0174085 0.000731532 -0.00172989 -0.0174085 0.0869631 
0.0100866 -0.0181956 -0.00068129 0.000729639 -0.0181956 0.0884885 0.000724895 -0.00170104 -0.00068129 0.000724895 0.00933197 -0.0174097 0.000729639 -0.00170104 -0.0174097 0.0868993 
0.0102248 -0.0184398 -0.000693734 0.000757701 -0.0184398 0.0897154 0.000753096 -0.00176221 -0.000693734 0.000753096 0.00947553 -0.0176777 0.000757701 -0.00176221 -0.0176777 0.088221 
0.0101887 -0.0183581 -0.00068971 0.000762902 -0.0183581 0.0893247 0.000761414 -0.0017962 -0.00068971 0.000761414 0.00944241 -0.017613 0.000762902 -0.0017962 -0.017613 0.0878928 
0.0101937 -0.0183598 -0.000676231 0.00075937 -0.0183598 0.0892784 0.000764048 -0.0018123 -0.000676231 0.000764048 0.00944085 -0.0175944 0.00075937 -0.0018123 -0.0175944 0.0878056 
0.0102089 -0.018359 -0.000699948 0.000747871 -0.018359 0.0892528 0.000754172 -0.00181012 -0.000699948 0.000754172 0.0094146 -0.0176008 0.000747871 -0.00181012 -0.0176008 0.0877826 
0.0101697 -0.018407 -0.000719969 0.000773057 -0.018407 0.0893755 0.000778697 -0.00184113 -0.000719969 0.000778697 0.009443 -0.0175636 0.000773057 -0.00184113 -0.0175636 0.0877315 
0.0100967 -0.0183294 -0.000737221 0.000803467 -0.0183294 0.0892082 0.000807722 -0.00191361 -0.000737221 0.000807722 0.00946407 -0.017559 0.000803467 -0.00191361 -0.017559 0.0875731 
0.0100714 -0.0182467 -0.00074922 0.000823576 -0.0182467 0.0889905 0.000830505 -0.00197742 -0.00074922 0.000830505 0.00945838 -0.0175709 0.000823576 -0.00197742 -0.0175709 0.0875059 
0.0100693 -0.0182483 -0.00076556 0.000846854 -0.0182483 0.0890261 0.000858431 -0.00205507 -0.00076556 0.000858431 0.00947964 -0.017614 0.000846854 -0.00205507 -0.017614 0.0876956 
0.010114 -0.0182841 -0.000774784 0.000870268 -0.0182841 0.0892343 0.000882126 -0.00212527 -0.000774784 0.000882126 0.00949223 -0.0176742 0.000870268 -0.00212527 -0.0176742 0.0879875 
0.0101482 -0.0183698 -0.000745597 0.000875495 -0.0183698 0.0895666 0.00088415 -0.00214774 -0.000745597 0.00088415 0.00953467 -0.0177172 0.000875495 -0.00214774 -0.0177172 0.0882818 
0.0101454 -0.0183644 -0.00073963 0.000834988 -0.0183644 0.089567 0.0008379 -0.00207931 -0.00073963 0.0008379 0.00955237 -0.0177299 0.000834988 -0.00207931 -0.0177299 0.0882906 
0.0101649 -0.0182525 -0.000738992 0.000820888 -0.0182525 0.0890529 0.000820547 -0.00200858 -0.000738992 0.000820547 0.00943778 -0.0176675 0.000820888 -0.00200858 -0.0176675 0.0878968 
0.010195 -0.0183019 -0.000720539 0.000824715 -0.0183019 0.0889923 0.000819718 -0.00198617 -0.000720539 0.000819718 0.00938295 -0.0175712 0.000824715 -0.00198617 -0.0175712 0.0876908 
0.0102161 -0.01839 -0.000708734 0.000798633 -0.01839 0.0892584 0.000792962 -0.00193322 -0.000708734 0.000792962 0.00938767 -0.0175356 0.000798633 -0.00193322 -0.0175356 0.0876517 
0.0102746 -0.0184481 -0.000696 0.000770377 -0.0184481 0.0895445 0.000768467 -0.00185098 -0.000696 0.000768467 0.00936152 -0.0175519 0.000770377 -0.00185098 -0.0175519 0.087722 
0.0102813 -0.0185227 -0.000677275 0.000755897 -0.0185227 0.0898233 0.000753395 -0.00179639 -0.000677275 0.000753395 0.00938438 -0.0175603 0.000755897 -0.00179639 -0.0175603 0.0878761 
0.0102649 -0.0185274 -0.000675874 0.000741186 -0.0185274 0.0899572 0.00073198 -0.00175467 -0.000675874 0.00073198 0.00941338 -0.017593 0.000741186 -0.00175467 -0.017593 0.0880079 
0.0102413 -0.0184542 -0.000667206 0.000734177 -0.0184542 0.0897316 0.000720053 -0.00171239 -0.000667206 0.000720053 0.00939347 -0.0175845 0.000734177 -0.00171239 -0.0175845 0.0879113 
0.0102382 -0.0183794 -0.000636887 0.000726632 -0.0183794 0.0893347 0.000712638 -0.00169047 -0.000636887 0.000712638 0.00932782 -0.0174924 0.000726632 -0.00169047 -0.0174924 0.0875248 
0.0102143 -0.0183884 -0.000631825 0.000703764 -0.0183884 0.0892154 0.000689515 -0.00166409 -0.000631825 0.000689515 0.0093322 -0.0174235 0.000703764 -0.00166409 -0.0174235 0.0872778 
0.0102259 -0.0184209 -0.000651197 0.000697671 -0.0184209 0.0894256 0.000685748 -0.00164192 -0.000651197 0.000685748 0.00936799 -0.0174979 0.000697671 -0.00164192 -0.0174979 0.087498 
0.010241 -0.0184325 -0.000684202 0.000718573 -0.0184325 0.0895175 0.00071187 -0.00167301 -0.000684202 0.00071187 0.00937328 -0.0175404 0.000718573 -0.00167301 -0.0175404 0.0876654 
0.0102785 -0.0184971 -0.00070011 0.000760573 -0.0184971 0.0898315 0.000760414 -0.00176323 -0.00070011 0.000760414 0.00941003 -0.0176145 0.000760573 -0.00176323 -0.0176145 0.0880555 
0.0102577 -0.0184762 -0.000672258 0.000776023 -0.0184762 0.0897155 0.000777875 -0.00182988 -0.000672258 0.000777875 0.00941655 -0.0175886 0.000776023 -0.00182988 -0.0175886 0.0879518 
0.0103084 -0.0184762 -0.000666661 0.000742912 -0.0184762 0.0897806 0.000745737 -0.00180568 -0.000666661 0.000745737 0.00939187 -0.0176513 0.000742912 -0.00180568 -0.0176513 0.0881551 
0.0102955 -0.0184914 -0.000666473 0.000722381 -0.0184914 0.0897001 0.000727127 -0.00173683 -0.000666473 0.000727127 0.00937758 -0.0175983 0.000722381 -0.00173683 -0.0175983 0.088068 
0.0102571 -0.0184068 -0.000700695 0.000727761 -0.0184068 0.0893288 0.000729776 -0.00172431 -0.000700695 0.000729776 0.00931362 -0.0175284 0.000727761 -0.00172431 -0.0175284 0.0877203 
0.010199 -0.0183691 -0.00073775 0.000775623 -0.0183691 0.0890936 0.000775969 -0.00179967 -0.00073775 0.000775969 0.00929952 -0.0174246 0.000775623 -0.00179967 -0.0174246 0.087358 
0.0101983 -0.0183464 -0.000773885 0.000827182 -0.0183464 0.0890692 0.000827941 -0.00192568 -0.000773885 0.000827941 0.00928865 -0.0174097 0.000827182 -0.00192568 -0.0174097 0.0872278 
0.0102172 -0.0183388 -0.00076885 0.000877639 -0.0183388 0.0890036 0.00087992 -0.0020686 -0.00076885 0.00087992 0.009264 -0.0173742 0.000877639 -0.0020686 -0.0173742 0.0870596 
0.010257 -0.0184155 -0.000748971 0.00088105 -0.0184155 0.0892902 0.000886253 -0.00214796 -0.000748971 0.000886253 0.00928026 -0.0174116 0.00088105 -0.00214796 -0.0174116 0.0872533 
0.0103001 -0.0184978 -0.00073118 0.000846325 -0.0184978 0.0896599 0.000850776 -0.00210052 -0.00073118 0.000850776 0.00931843 -0.0174682 0.000846325 -0.00210052 -0.0174682 0.0875436 
0.0103401 -0.0185506 -0.000717408 0.000816384 -0.0185506 0.0899039 0.000814413 -0.00200719 -0.000717408 0.000814413 0.00933395 -0.0175145 0.000816384 -0.00200719 -0.0175145 0.0877481 
0.0103093 -0.0184613 -0.000703956 0.000784657 -0.0184613 0.0894298 0.000782984 -0.00190331 -0.000703956 0.000782984 0.00928833 -0.0174174 0.000784657 -0.00190331 -0.0174174 0.0872751 
0.0103116 -0.0184952 -0.000685929 0.000751288 -0.0184952 0.0894991 0.00075383 -0.00179197 -0.000685929 0.00075383 0.00929288 -0.0174313 0.000751288 -0.00179197 -0.0174313 0.087315 
0.0103452 -0.0185971 -0.000684909 0.000745217 -0.0185971 0.0900437 0.000745657 -0.0017565 -0.000684909 0.000745657 0.00935227 -0.0175648 0.000745217 -0.0017565 -0.0175648 0.0879397 
0.0102927 -0.0185513 -0.000684611 0.000744038 -0.0185513 0.0899307 0.000740605 -0.00173834 -0.000684611 0.000740605 0.00938337 -0.0175564 0.000744038 -0.00173834 -0.0175564 0.0879322 
0.0102494 -0.0185351 -0.000690645 0.000750353 -0.0185351 0.0900011 0.000744668 -0.00174911 -0.000690645 0.000744668 0.00944424 -0.0176202 0.000750353 -0.00174911 -0.0176202 0.0881477 
0.0101795 -0.0183957 -0.000708613 0.000756145 -0.0183957 0.0895291 0.000752361 -0.00176484 -0.000708613 0.000752361 0.00944677 -0.0176041 0.000756145 -0.00176484 -0.0176041 0.0879242 
0.0101569 -0.0183075 -0.000708884 0.000778117 -0.0183075 0.0891831 0.000777646 -0.00181007 -0.000708884 0.000777646 0.00943924 -0.0176116 0.000778117 -0.00181007 -0.0176116 0.0878417 
0.010199 -0.0183815 -0.000705482 0.000785011 -0.0183815 0.0894654 0.000790057 -0.00185861 -0.000705482 0.000790057 0.00947486 -0.0176798 0.000785011 -0.00185861 -0.0176798 0.088191 
0.0102351 -0.0183983 -0.000694566 0.000784129 -0.0183983 0.0895006 0.000790239 -0.00188228 -0.000694566 0.000790239 0.00945897 -0.0176766 0.000784129 -0.00188228 -0.0176766 0.0881845 
0.0102847 -0.0184653 -0.000690943 0.000770994 -0.0184653 0.0897019 0.000770949 -0.00186173 -0.000690943 0.000770949 0.00944737 -0.0176857 0.000770994 -0.00186173 -0.0176857 0.0882826 
0.0103145 -0.0184952 -0.000671455 0.000764831 -0.0184952 0.089745 0.00075593 -0.00182586 -0.000671455 0.00075593 0.00941843 -0.017654 0.000764831 -0.00182586 -0.017654 0.0881969 
0.0103247 -0.0185611 -0.00067161 0.000737377 -0.0185611 0.0899826 0.000729745 -0.0017672 -0.00067161 0.000729745 0.00942935 -0.0176695 0.000737377 -0.0017672 -0.0176695 0.0883319 
0.0103154 -0.0185546 -0.000715547 0.00073641 -0.0185546 0.0900191 0.000735131 -0.00174536 -0.000715547 0.000735131 0.00943512 -0.0176711 0.00073641 -0.00174536 -0.0176711 0.0883476 
0.0102848 -0.0185 -0.000728594 0.000782666 -0.0185 0.0897928 0.000782687 -0.0018049 -0.000728594 0.000782687 0.00942362 -0.0176257 0.000782666 -0.0018049 -0.0176257 0.0881303 
0.010275 -0.0184649 -0.000727048 0.00080204 -0.0184649 0.0896272 0.00080019 -0.00187173 -0.000727048 0.00080019 0.00940316 -0.0175971 0.00080204 -0.00187173 -0.0175971 0.0879577 
0.0102839 -0.0184451 -0.000717421 0.000809158 -0.0184451 0.0894976 0.000810722 -0.00192363 -0.000717421 0.000810722 0.00936094 -0.0175656 0.000809158 -0.00192363 -0.0175656 0.0878062 
0.010284 -0.0184835 -0.000712975 0.000792156 -0.0184835 0.0895936 0.000798335 -0.00191385 -0.000712975 0.000798335 0.00935997 -0.0175427 0.000792156 -0.00191385 -0.0175427 0.0877953 
0.0102835 -0.0185057 -0.000702548 0.000788405 -0.0185057 0.0897397 0.000794122 -0.00190051 -0.000702548 0.000794122 0.00938692 -0.0175575 0.000788405 -0.00190051 -0.0175575 0.0878706 
0.0102143 -0.0184473 -0.000684428 0.000770802 -0.0184473 0.089514 0.000772965 -0.00185885 -0.000684428 0.000772965 0.00941559 -0.0175276 0.000770802 -0.00185885 -0.0175276 0.0876581 
0.0101195 -0.0183727 -0.000689334 0.000754322 -0.0183727 0.0893487 0.000755267 -0.00182047 -0.000689334 0.000755267 0.00949382 -0.0175925 0.000754322 -0.00182047 -0.0175925 0.087749 
0.0101099 -0.0183107 -0.000726572 0.000764095 -0.0183107 0.0893275 0.00076559 -0.0018232 -0.000726572 0.00076559 0.00952195 -0.0177149 0.000764095 -0.0018232 -0.0177149 0.0881023 
0.0101542 -0.0183329 -0.000759373 0.000817821 -0.0183329 0.089475 0.000822152 -0.00192512 -0.000759373 0.000822152 0.0095246 -0.0177854 0.000817821 -0.00192512 -0.0177854 0.0884939 
0.010162 -0.0182534 -0.00075325 0.000840483 -0.0182534 0.0889837 0.000850916 -0.00199887 -0.00075325 0.000850916 0.00941377 -0.0176408 0.000840483 -0.00199887 -0.0176408 0.0879494 
0.0101903 -0.0182705 -0.000740646 0.000825302 -0.0182705 0.0888234 0.000840301 -0.00199944 -0.000740646 0.000840301 0.00933216 -0.0175099 0.000825302 -0.00199944 -0.0175099 0.0875056 
0.0101904 -0.0183434 -0.000739335 0.000824277 -0.0183434 0.0890008 0.000837111 -0.00200501 -0.000739335 0.000837111 0.00934155 -0.0174563 0.000824277 -0.00200501 -0.0174563 0.0873668 
0.0101579 -0.0184042 -0.000732434 0.000832363 -0.0184042 0.0893751 0.000838625 -0.00202115 -0.000732434 0.000838625 0.00943057 -0.0175344 0.000832363 -0.00202115 -0.0175344 0.0876506 
0.0101788 -0.0183736 -0.00071803 0.000808172 -0.0183736 0.0894826 0.000806127 -0.00195928 -0.00071803 0.000806127 0.00943822 -0.0176249 0.000808172 -0.00195928 -0.0176249 0.0879022 
0.0102157 -0.0183824 -0.00072521 0.000796199 -0.0183824 0.0894862 0.000793323 -0.0019172 -0.00072521 0.000793323 0.00940484 -0.0176231 0.000796199 -0.0019172 -0.0176231 0.0879852 
0.0102462 -0.0183982 -0.000719194 0.000798935 -0.0183982 0.0894452 0.000794604 -0.00189456 -0.000719194 0.000794604 0.00935048 -0.0175664 0.000798935 -0.00189456 -0.0175664 0.0878562 
0.0103115 -0.0184528 -0.000706777 0.000795933 -0.0184528 0.0895769 0.000787574 -0.00188431 -0.000706777 0.000787574 0.00927782 -0.0175167 0.000795933 -0.00188431 -0.0175167 0.0877737 
0.0103656 -0.0185615 -0.000683217 0.000783918 -0.0185615 0.0899122 0.000770537 -0.00185749 -0.000683217 0.000770537 0.00924822 -0.0174668 0.000783918 -0.00185749 -0.0174668 0.0877866 
0.0103628 -0.01856 -0.000667089 0.000756769 -0.01856 0.0898334 0.000741977 -0.00180114 -0.000667089 0.000741977 0.00920919 -0.0173623 0.000756769 -0.00180114 -0.0173623 0.087403 
0.0103471 -0.0185382 -0.000659009 0.000729765 -0.0185382 0.0897044 0.000713421 -0.00172195 -0.000659009 0.000713421 0.00918886 -0.017307 0.000729765 -0.00172195 -0.017307 0.0871225 
0.010355 -0.0185313 -0.000661304 0.000732211 -0.0185313 0.0896683 0.000710098 -0.00170095 -0.000661304 0.000710098 0.00917574 -0.0173018 0.000732211 -0.00170095 -0.0173018 0.0870576 
0.0103809 -0.0185534 -0.000653716 0.000735915 -0.0185534 0.0897405 0.000713705 -0.00170175 -0.000653716 0.000713705 0.00915528 -0.0173161 0.000735915 -0.00170175 -0.0173161 0.0871391 
0.0104397 -0.018614 -0.000648408 0.000728112 -0.018614 0.0899651 0.000715754 -0.00170642 -0.000648408 0.000715754 0.00912171 -0.0173221 0.000728112 -0.00170642 -0.0173221 0.0872854 
0.0104607 -0.018704 -0.000655081 0.000716666 -0.018704 0.09029 0.000715095 -0.00169744 -0.000655081 0.000715095 0.00912388 -0.0173131 0.000716666 -0.00169744 -0.0173131 0.0874351 
0.0104387 -0.0186873 -0.000649335 0.000732914 -0.0186873 0.0902747 0.000734218 -0.0017319 -0.000649335 0.000734218 0.00912619 -0.0172739 0.000732914 -0.0017319 -0.0172739 0.0873058 
0.0103333 -0.018546 -0.0006264 0.000708638 -0.018546 0.0896421 0.000716008 -0.00170147 -0.0006264 0.000716008 0.00911417 -0.017141 0.000708638 -0.00170147 -0.017141 0.0866201 
0.0102357 -0.0184578 -0.000625443 0.000686594 -0.0184578 0.0893379 0.000692797 -0.0016545 -0.000625443 0.000692797 0.00918284 -0.0171579 0.000686594 -0.0016545 -0.0171579 0.0864594 
0.0101653 -0.0182999 -0.000641516 0.000682891 -0.0182999 0.0888182 0.000685304 -0.0016188 -0.000641516 0.000685304 0.00919761 -0.0172081 0.000682891 -0.0016188 -0.0172081 0.0863429 
0.0101621 -0.0182558 -0.000667841 0.000704897 -0.0182558 0.0886647 0.000700831 -0.00163323 -0.000667841 0.000700831 0.00920601 -0.0172922 0.000704897 -0.00163323 -0.0172922 0.0866106 
0.0101728 -0.018243 -0.000678631 0.000739324 -0.018243 0.0885641 0.000734325 -0.0016978 -0.000678631 0.000734325 0.00917712 -0.0172995 0.000739324 -0.0016978 -0.0172995 0.0867021 
0.0101761 -0.0182805 -0.000644741 0.000742396 -0.0182805 0.0886664 0.000745815 -0.00173135 -0.000644741 0.000745815 0.00916433 -0.0172837 0.000742396 -0.00173135 -0.0172837 0.0867711 
0.0103608 -0.0185584 -0.000648063 0.000715841 -0.0185584 0.0900422 0.000723344 -0.00172145 -0.000648063 0.000723344 0.00925915 -0.0175125 0.000715841 -0.00172145 -0.0175125 0.0880159 
0.0103645 -0.0185901 -0.000629029 0.000716576 -0.0185901 0.0900964 0.000718557 -0.00170055 -0.000629029 0.000718557 0.00925285 -0.0174661 0.000716576 -0.00170055 -0.0174661 0.0879328 
0.0103266 -0.0185699 -0.00062629 0.000693528 -0.0185699 0.0900002 0.000691392 -0.00165416 -0.00062629 0.000691392 0.00926145 -0.0174202 0.000693528 -0.00165416 -0.0174202 0.0877113 
0.0101471 -0.0182753 -0.000618677 0.000682069 -0.0182753 0.0886761 0.000681791 -0.00161239 -0.000618677 0.000681791 0.00915114 -0.0171979 0.000682069 -0.00161239 -0.0171979 0.0864614 
0.01014 -0.0182538 -0.000629609 0.000692962 -0.0182538 0.0886866 0.000696579 -0.00164047 -0.000629609 0.000696579 0.00918578 -0.0172482 0.000692962 -0.00164047 -0.0172482 0.0866208 
0.0101159 -0.0181975 -0.00064575 0.000698389 -0.0181975 0.0884574 0.000703285 -0.00165653 -0.00064575 0.000703285 0.00918592 -0.0172525 0.000698389 -0.00165653 -0.0172525 0.0865622 
0.0102852 -0.0184601 -0.00067436 0.000732271 -0.0184601 0.0897247 0.000735057 -0.00172336 -0.00067436 0.000735057 0.00932024 -0.017521 0.000732271 -0.00172336 -0.017521 0.0878882 
0.0102941 -0.0185225 -0.000673159 0.000732878 -0.0185225 0.0899098 0.00073373 -0.00171362 -0.000673159 0.00073373 0.00934393 -0.0175338 0.000732878 -0.00171362 -0.0175338 0.0879923 
0.0101519 -0.018282 -0.000660615 0.000721006 -0.018282 0.0887759 0.000722259 -0.00168187 -0.000660615 0.000722259 0.00921845 -0.0173078 0.000721006 -0.00168187 -0.0173078 0.0868171 
0.0101328 -0.0182414 -0.00065167 0.000719195 -0.0182414 0.0886412 0.000723679 -0.00168251 -0.00065167 0.000723679 0.00920317 -0.01729 0.000719195 -0.00168251 -0.01729 0.0867168 
0.0102919 -0.0185226 -0.000658417 0.000728928 -0.0185226 0.0900155 0.000736757 -0.00172455 -0.000658417 0.000736757 0.00935191 -0.0175527 0.000728928 -0.00172455 -0.0175527 0.0880651 
0.0102771 -0.0185107 -0.000658392 0.000724746 -0.0185107 0.0899419 0.000728854 -0.00171969 -0.000658392 0.000728854 0.00935391 -0.0175349 0.000724746 -0.00171969 -0.0175349 0.087965 
0.0101336 -0.0182631 -0.000650009 0.000725456 -0.0182631 0.0887519 0.00072559 -0.00171868 -0.000650009 0.00072559 0.00923158 -0.0173069 0.000725456 -0.00171868 -0.0173069 0.0867803 
0.0102035 -0.0183358 -0.000652826 0.000719656 -0.0183358 0.0891158 0.000723181 -0.00171583 -0.000652826 0.000723181 0.00924114 -0.0173676 0.000719656 -0.00171583 -0.0173676 0.0870891 
0.0102174 -0.0183336 -0.000680208 0.000724061 -0.0183336 0.0890147 0.000729541 -0.00172832 -0.000680208 0.000729541 0.00920684 -0.0173213 0.000724061 -0.00172832 -0.0173213 0.0869329 
0.0102368 -0.0183466 -0.000672485 0.000745182 -0.0183466 0.0889731 0.000743915 -0.00173981 -0.000672485 0.000743915 0.00917644 -0.0172709 0.000745182 -0.00173981 -0.0172709 0.0867557 
0.0102057 -0.0183857 -0.000666329 0.000745312 -0.0183857 0.0890697 0.000735249 -0.00174844 -0.000666329 0.000735249 0.00922326 -0.0172589 0.000745312 -0.00174844 -0.0172589 0.0867286 
0.0101859 -0.0184079 -0.000664344 0.000733534 -0.0184079 0.0893379 0.000718217 -0.00171709 -0.000664344 0.000718217 0.0092951 -0.0173689 0.000733534 -0.00171709 -0.0173689 0.0870759 
0.0101524 -0.0183808 -0.000664481 0.000732883 -0.0183808 0.0894132 0.000719638 -0.00170633 -0.000664481 0.000719638 0.00935233 -0.0174695 0.000732883 -0.00170633 -0.0174695 0.0874296 
0.0100978 -0.0183147 -0.000634236 0.000725684 -0.0183147 0.0892503 0.00072279 -0.00169799 -0.000634236 0.00072279 0.00940383 -0.0174986 0.000725684 -0.00169799 -0.0174986 0.0875141 
0.0100505 -0.0182522 -0.000637677 0.000707775 -0.0182522 0.0891349 0.000717942 -0.00171247 -0.000637677 0.000717942 0.00946787 -0.0175914 0.000707775 -0.00171247 -0.0175914 0.0877693 
0.0100554 -0.0182564 -0.000635344 0.000697008 -0.0182564 0.0893202 0.00071147 -0.00168299 -0.000635344 0.00071147 0.00953377 -0.0177428 0.000697008 -0.00168299 -0.0177428 0.0883566 
0.0100166 -0.0182033 -0.000637546 0.00070343 -0.0182033 0.0891508 0.000712634 -0.00168917 -0.000637546 0.000712634 0.00956115 -0.0177765 0.00070343 -0.00168917 -0.0177765 0.088505 
0.0100182 -0.0181456 -0.000643654 0.000694791 -0.0181456 0.0889636 0.000702215 -0.0016622 -0.000643654 0.000702215 0.00954404 -0.0177929 0.000694791 -0.0016622 -0.0177929 0.0885391 
0.00998764 -0.0180415 -0.000643018 0.000699459 -0.0180415 0.0883659 0.000707156 -0.00165704 -0.000643018 0.000707156 0.0094525 -0.0176563 0.000699459 -0.00165704 -0.0176563 0.0879661 
0.00996033 -0.0179835 -0.000647613 0.000698248 -0.0179835 0.0879345 0.000705635 -0.00165518 -0.000647613 0.000705635 0.00937742 -0.0175129 0.000698248 -0.00165518 -0.0175129 0.087376 
0.010093 -0.0182172 -0.000660724 0.000718133 -0.0182172 0.0889713 0.000724934 -0.00169645 -0.000660724 0.000724934 0.00945583 -0.0176578 0.000718133 -0.00169645 -0.0176578 0.0881676 
0.0100795 -0.0180962 -0.000664434 0.000736323 -0.0180962 0.0882851 0.000734471 -0.00174004 -0.000664434 0.000734471 0.00931082 -0.0174663 0.000736323 -0.00174004 -0.0174663 0.0872541 
0.0102889 -0.0184478 -0.000661455 0.000754412 -0.0184478 0.0897044 0.000751689 -0.00179563 -0.000661455 0.000751689 0.00936636 -0.0176262 0.000754412 -0.00179563 -0.0176262 0.0882594 
0.0103263 -0.0185376 -0.000645461 0.000747763 -0.0185376 0.0899544 0.000745427 -0.00180943 -0.000645461 0.000745427 0.00931823 -0.0175568 0.000747763 -0.00180943 -0.0175568 0.0880962 
0.0101845 -0.0183304 -0.000649625 0.000722828 -0.0183304 0.0888972 0.000722731 -0.00177177 -0.000649625 0.000722731 0.00916898 -0.017263 0.000722828 -0.00177177 -0.017263 0.0867455 
0.0101806 -0.0183189 -0.00063807 0.000727441 -0.0183189 0.0888774 0.000733376 -0.00176391 -0.00063807 0.000733376 0.0091409 -0.0171975 0.000727441 -0.00176391 -0.0171975 0.086487 
0.0101654 -0.0183359 -0.000623191 0.000722206 -0.0183359 0.0889668 0.000727637 -0.0017677 -0.000623191 0.000727637 0.00916413 -0.0171921 0.000722206 -0.0017677 -0.0171921 0.0864658 
0.0101122 -0.0183485 -0.000610606 0.000692236 -0.0183485 0.0890999 0.000690199 -0.0016962 -0.000610606 0.000690199 0.00923458 -0.0172238 0.000692236 -0.0016962 -0.0172238 0.0865543 
