0.0059484 0 -8.4409e-05 0 0 0.0100754 0 0 -8.4409e-05 0 0.00819496 0 0 0 0 0.0100754 
0.00851108 -0.0105957 -0.000104148 0.000127487 -0.0105957 0.0294975 0.000127487 -0.000244235 -0.000104148 0.000127487 0.0113786 -0.0140935 0.000127487 -0.000244235 -0.0140935 0.0362034 
0.00864581 -0.0165424 -8.44711e-05 0.000104259 -0.0165424 0.0620758 0.000104259 -0.000323409 -8.44711e-05 0.000104259 0.0110666 -0.0202373 0.000104259 -0.000323409 -0.0202373 0.0736055 
0.00825081 -0.0170005 -0.000121948 6.77261e-05 -0.0170005 0.0781038 6.21537e-05 -0.000131615 -0.000121948 6.21537e-05 0.0104262 -0.0192893 6.77261e-05 -0.000131615 -0.0192893 0.0848862 
0.00831929 -0.0167253 -0.000140953 0.00012258 -0.0167253 0.0840855 0.000112283 -0.00012783 -0.000140953 0.000112283 0.0106016 -0.0188835 0.00012258 -0.00012783 -0.0188835 0.0882923 
0.00844265 -0.0165422 -0.000108232 0.000165526 -0.0165422 0.0852682 0.000158779 -0.000282682 -0.000108232 0.000158779 0.0107849 -0.0189658 0.000165526 -0.000282682 -0.0189658 0.0897219 
0.00856857 -0.0166074 -7.16858e-05 0.000122656 -0.0166074 0.0857322 0.000121408 -0.000293158 -7.16858e-05 0.000121408 0.0108831 -0.0191446 0.000122656 -0.000293158 -0.0191446 0.0908688 
0.00849094 -0.0164259 -7.18645e-05 8.30475e-05 -0.0164259 0.0845519 8.09157e-05 -0.000226925 -7.18645e-05 8.09157e-05 0.0107256 -0.0188521 8.30475e-05 -0.000226925 -0.0188521 0.0897858 
0.00860295 -0.0167126 -0.000105288 8.38888e-05 -0.0167126 0.0858461 8.20174e-05 -0.000200052 -0.000105288 8.20174e-05 0.0108734 -0.0190619 8.38888e-05 -0.000200052 -0.0190619 0.0909498 
0.00854091 -0.016551 -0.000134124 0.000111585 -0.016551 0.0851222 0.000108481 -0.000219754 -0.000134124 0.000108481 0.0107621 -0.0189119 0.000111585 -0.000219754 -0.0189119 0.0901558 
0.0086768 -0.0167434 -0.000138087 0.000137467 -0.0167434 0.0860852 0.000136127 -0.000266521 -0.000138087 0.000136127 0.0108497 -0.0191256 0.000137467 -0.000266521 -0.0191256 0.0912082 
0.00863946 -0.0166706 -0.000124325 0.000148903 -0.0166706 0.0855474 0.000147146 -0.000314087 -0.000124325 0.000147146 0.0107642 -0.0189592 0.000148903 -0.000314087 -0.0189592 0.0905399 
0.00863461 -0.0166157 -0.000109266 0.000127262 -0.0166157 0.0852105 0.000129536 -0.000295549 -0.000109266 0.000129536 0.0107075 -0.0188728 0.000127262 -0.000295549 -0.0188728 0.0901179 
0.00861313 -0.0165835 -0.000100435 0.000102915 -0.0165835 0.0848914 0.000105882 -0.00023823 -0.000100435 0.000105882 0.0106578 -0.0187703 0.000102915 -0.00023823 -0.0187703 0.0896577 
0.00875464 -0.0168389 -0.000107345 9.53576e-05 -0.0168389 0.0861306 9.28767e-05 -0.000194621 -0.000107345 9.28767e-05 0.0108009 -0.0190295 9.53576e-05 -0.000194621 -0.0190295 0.0908679 
0.00874346 -0.0169179 -0.000137343 0.000123216 -0.0169179 0.0864027 0.000113977 -0.000237382 -0.000137343 0.000113977 0.0108178 -0.0190406 0.000123216 -0.000237382 -0.0190406 0.0909585 
0.00872874 -0.016925 -0.000159595 0.000162614 -0.016925 0.0866214 0.000148303 -0.00031855 -0.000159595 0.000148303 0.0108613 -0.0191064 0.000162614 -0.00031855 -0.0191064 0.0912165 
0.00858957 -0.016611 -0.000130125 0.000182578 -0.016611 0.0851779 0.0001668 -0.000380397 -0.000130125 0.0001668 0.0106716 -0.018836 0.000182578 -0.000380397 -0.018836 0.0898712 
0.00860565 -0.0166192 -0.000106127 0.000154304 -0.0166192 0.0852147 0.000136257 -0.00036438 -0.000106127 0.000136257 0.0106642 -0.0188417 0.000154304 -0.00036438 -0.0188417 0.0900079 
0.00872779 -0.0168695 -9.3347e-05 0.000125415 -0.0168695 0.0864634 0.000115357 -0.000314542 -9.3347e-05 0.000115357 0.0108251 -0.019093 0.000125415 -0.000314542 -0.019093 0.0913027 
0.0086641 -0.0167718 -8.05608e-05 9.76558e-05 -0.0167718 0.0859921 0.000100898 -0.000254294 -8.05608e-05 0.000100898 0.0107936 -0.0189951 9.76558e-05 -0.000254294 -0.0189951 0.0908111 
0.00863896 -0.016694 -8.77719e-05 8.45276e-05 -0.016694 0.0856768 9.52685e-05 -0.000224599 -8.77719e-05 9.52685e-05 0.0107726 -0.0189764 8.45276e-05 -0.000224599 -0.0189764 0.0906083 
0.00868296 -0.016692 -0.000100143 9.17171e-05 -0.016692 0.085636 9.94972e-05 -0.000218031 -0.000100143 9.94972e-05 0.0107279 -0.0189908 9.17171e-05 -0.000218031 -0.0189908 0.0906651 
0.00869057 -0.0167163 -8.76055e-05 0.000106694 -0.0167163 0.0855451 0.000106611 -0.000232469 -8.76055e-05 0.000106611 0.0106722 -0.0188955 0.000106694 -0.000232469 -0.0188955 0.0904116 
0.00867232 -0.0167206 -8.24173e-05 0.000100776 -0.0167206 0.0855064 9.16212e-05 -0.000230682 -8.24173e-05 9.16212e-05 0.0106631 -0.0188314 0.000100776 -0.000230682 -0.0188314 0.0901858 
0.0086478 -0.0166814 -5.15594e-05 8.93579e-05 -0.0166814 0.0853765 7.90696e-05 -0.000198787 -5.15594e-05 7.90696e-05 0.0106713 -0.0188164 8.93579e-05 -0.000198787 -0.0188164 0.0900368 
0.00865414 -0.0167208 -8.05771e-05 5.08746e-05 -0.0167208 0.0856065 5.1425e-05 -0.000141879 -8.05771e-05 5.1425e-05 0.0107175 -0.0188989 5.08746e-05 -0.000141879 -0.0188989 0.0903443 
0.00865412 -0.0167756 -0.00010197 8.31496e-05 -0.0167756 0.0859582 9.33709e-05 -0.000170197 -0.00010197 9.33709e-05 0.0107927 -0.0190088 8.31496e-05 -0.000170197 -0.0190088 0.0908275 
0.00862902 -0.0167091 -0.000146074 0.0001035 -0.0167091 0.0857973 0.00011827 -0.000224442 -0.000146074 0.00011827 0.0108114 -0.0190393 0.0001035 -0.000224442 -0.0190393 0.0908842 
0.00861204 -0.0166612 -0.000163401 0.000146184 -0.0166612 0.0855986 0.000164612 -0.000305739 -0.000163401 0.000164612 0.0108123 -0.0190487 0.000146184 -0.000305739 -0.0190487 0.0908778 
0.0086041 -0.0165921 -0.000145733 0.000179206 -0.0165921 0.0852429 0.000191718 -0.000398514 -0.000145733 0.000191718 0.0107811 -0.019007 0.000179206 -0.000398514 -0.019007 0.0906488 
0.00861393 -0.0166401 -0.00013645 0.000179798 -0.0166401 0.0853447 0.000179239 -0.000443763 -0.00013645 0.000179239 0.0107973 -0.0190169 0.000179798 -0.000443763 -0.0190169 0.0907216 
0.00863619 -0.0166961 -9.8561e-05 0.000149223 -0.0166961 0.0856093 0.000141741 -0.000372582 -9.8561e-05 0.000141741 0.0108133 -0.0190622 0.000149223 -0.000372582 -0.0190622 0.0909188 
0.00867217 -0.0167539 -4.97158e-05 0.000109468 -0.0167539 0.0859056 0.000105914 -0.000294629 -4.97158e-05 0.000105914 0.0108101 -0.0190999 0.000109468 -0.000294629 -0.0190999 0.0911393 
0.008704 -0.0167918 -9.02182e-06 3.2664e-05 -0.0167918 0.0860787 3.62239e-05 -0.000129006 -9.02182e-06 3.62239e-05 0.0107901 -0.0190887 3.2664e-05 -0.000129006 -0.0190887 0.091203 
0.00872008 -0.0167911 3.05403e-06 -2.39748e-05 -0.0167911 0.0860313 -1.18953e-05 2.94684e-05 3.05403e-06 -1.18953e-05 0.0107541 -0.0190275 -2.39748e-05 2.94684e-05 -0.0190275 0.0910161 
0.00872108 -0.0168219 -1.8513e-05 -3.86267e-05 -0.0168219 0.0860901 -1.86399e-05 0.000102536 -1.8513e-05 -1.86399e-05 0.0107488 -0.0189867 -3.86267e-05 0.000102536 -0.0189867 0.0908954 
0.00870139 -0.0167256 -6.06247e-05 -6.25687e-06 -0.0167256 0.0856196 1.55376e-05 6.38002e-05 -6.06247e-05 1.55376e-05 0.0106679 -0.0188672 -6.25687e-06 6.38002e-05 -0.0188672 0.090299 
0.00879926 -0.0167967 -9.03536e-05 5.60287e-05 -0.0167967 0.085868 6.90222e-05 -5.66026e-05 -9.03536e-05 6.90222e-05 0.0106206 -0.0188964 5.60287e-05 -5.66026e-05 -0.0188964 0.0904738 
0.00885914 -0.01696 -0.000137545 0.000116473 -0.01696 0.0863562 0.000113053 -0.00021034 -0.000137545 0.000113053 0.0106178 -0.0188617 0.000116473 -0.00021034 -0.0188617 0.0905996 
0.00889887 -0.0170943 -0.000181508 0.000181527 -0.0170943 0.0869659 0.000164848 -0.000364555 -0.000181508 0.000164848 0.0106355 -0.0188818 0.000181527 -0.000364555 -0.0188818 0.0908024 
0.00869083 -0.0168071 -0.000178388 0.000230187 -0.0168071 0.0856015 0.000207956 -0.0004933 -0.000178388 0.000207956 0.0104867 -0.0185296 0.000230187 -0.0004933 -0.0185296 0.0891575 
0.00876242 -0.0169638 -0.000168862 0.000219714 -0.0169638 0.0867317 0.000191503 -0.000505673 -0.000168862 0.000191503 0.0106902 -0.0188481 0.000219714 -0.000505673 -0.0188481 0.0905111 
0.00870752 -0.0168607 -0.000172608 0.000200477 -0.0168607 0.0864319 0.000171617 -0.000461363 -0.000172608 0.000171617 0.0107264 -0.0189057 0.000200477 -0.000461363 -0.0189057 0.0906049 
0.00868318 -0.016743 -0.000149296 0.000206024 -0.016743 0.0859822 0.000191471 -0.000473053 -0.000149296 0.000191471 0.0107102 -0.0189276 0.000206024 -0.000473053 -0.0189276 0.0905808 
0.00867027 -0.0166498 -0.000148276 0.00017284 -0.0166498 0.0854578 0.000172462 -0.000445605 -0.000148276 0.000172462 0.0106677 -0.018874 0.00017284 -0.000445605 -0.018874 0.0903309 
0.0086896 -0.0166661 -0.000148392 0.000154708 -0.0166661 0.085368 0.000161312 -0.000388435 -0.000148392 0.000161312 0.0106515 -0.0188578 0.000154708 -0.000388435 -0.0188578 0.0902875 
0.00872761 -0.0167295 -0.000140637 0.000164207 -0.0167295 0.0855365 0.000169125 -0.000388635 -0.000140637 0.000169125 0.0106371 -0.0188571 0.000164207 -0.000388635 -0.0188571 0.0903357 
0.00875316 -0.0168082 -0.000147075 0.000161649 -0.0168082 0.0858292 0.000164137 -0.000397754 -0.000147075 0.000164137 0.0106587 -0.0188686 0.000161649 -0.000397754 -0.0188686 0.0904639 
0.00875268 -0.0168628 -0.000176234 0.000173524 -0.0168628 0.086103 0.000171055 -0.000413627 -0.000176234 0.000171055 0.0107167 -0.018909 0.000173524 -0.000413627 -0.018909 0.0906304 
0.00875812 -0.016888 -0.000172753 0.000206157 -0.016888 0.0863158 0.000205816 -0.00047207 -0.000172753 0.000205816 0.0107596 -0.0189813 0.000206157 -0.00047207 -0.0189813 0.0908486 
0.00875986 -0.0169287 -0.0001646 0.000198467 -0.0169287 0.0865619 0.000202143 -0.000491204 -0.0001646 0.000202143 0.0107953 -0.0190467 0.000198467 -0.000491204 -0.0190467 0.0911184 
0.00865497 -0.0166533 -0.000143569 0.000175893 -0.0166533 0.0852614 0.000181729 -0.000447584 -0.000143569 0.000181729 0.0105955 -0.0187803 0.000175893 -0.000447584 -0.0187803 0.0898209 
0.00868383 -0.0166922 -0.0001235 0.000163429 -0.0166922 0.0853605 0.000167156 -0.00041837 -0.0001235 0.000167156 0.0105823 -0.0187531 0.000163429 -0.00041837 -0.0187531 0.0898643 
0.00868631 -0.01671 -0.000104896 0.000138662 -0.01671 0.0853806 0.000138057 -0.000360855 -0.000104896 0.000138057 0.0105812 -0.0187108 0.000138662 -0.000360855 -0.0187108 0.0897359 
0.00871293 -0.0167927 -0.000101744 0.000125047 -0.0167927 0.0857821 0.00011838 -0.000316184 -0.000101744 0.00011838 0.010625 -0.0187769 0.000125047 -0.000316184 -0.0187769 0.0900263 
0.00866557 -0.0167088 -0.00010395 0.000125081 -0.0167088 0.0854122 0.000117162 -0.000303485 -0.00010395 0.000117162 0.0105952 -0.0186939 0.000125081 -0.000303485 -0.0186939 0.0896055 
0.00878975 -0.0169295 -0.000108886 0.000120509 -0.0169295 0.0865901 0.000115095 -0.000288552 -0.000108886 0.000115095 0.0107616 -0.0189832 0.000120509 -0.000288552 -0.0189832 0.0909085 
0.00874366 -0.0168551 -8.65085e-05 0.000112133 -0.0168551 0.0861831 0.000117676 -0.00026866 -8.65085e-05 0.000117676 0.0107314 -0.0189136 0.000112133 -0.00026866 -0.0189136 0.0905279 
0.00866987 -0.0167725 -5.61705e-05 8.18478e-05 -0.0167725 0.0857797 9.69601e-05 -0.00022503 -5.61705e-05 9.69601e-05 0.0107294 -0.0188553 8.18478e-05 -0.00022503 -0.0188553 0.0901747 
0.0086346 -0.016765 -2.05885e-05 4.06834e-05 -0.016765 0.0858781 5.84138e-05 -0.000134862 -2.05885e-05 5.84138e-05 0.0107948 -0.0189541 4.06834e-05 -0.000134862 -0.0189541 0.0904752 
0.00865257 -0.0167808 -2.26013e-05 -4.14406e-06 -0.0167808 0.0861686 1.4771e-05 -2.60848e-05 -2.26013e-05 1.4771e-05 0.010861 -0.0191206 -4.14406e-06 -2.60848e-05 -0.0191206 0.0911278 
0.00868444 -0.016777 -3.74561e-05 3.34016e-06 -0.016777 0.0862213 1.8006e-05 9.06128e-06 -3.74561e-05 1.8006e-05 0.0108693 -0.0191876 3.34016e-06 9.06128e-06 -0.0191876 0.0914694 
0.00868343 -0.0167961 -3.7535e-05 2.14052e-05 -0.0167961 0.0862148 2.70251e-05 1.21426e-06 -3.7535e-05 2.70251e-05 0.0108776 -0.0191701 2.14052e-05 1.21426e-06 -0.0191701 0.0915058 
0.00865341 -0.0167556 -9.32656e-05 3.22028e-05 -0.0167556 0.0860036 3.62849e-05 -3.71273e-05 -9.32656e-05 3.62849e-05 0.0108701 -0.0191181 3.22028e-05 -3.71273e-05 -0.0191181 0.0912483 
0.0086503 -0.0167334 -0.000114592 9.30444e-05 -0.0167334 0.0859238 0.000102489 -0.000141304 -0.000114592 0.000102489 0.0108688 -0.0191259 9.30444e-05 -0.000141304 -0.0191259 0.0911986 
0.00870219 -0.016756 -0.000111704 0.000126374 -0.016756 0.086009 0.000133474 -0.000251114 -0.000111704 0.000133474 0.0108357 -0.0191519 0.000126374 -0.000251114 -0.0191519 0.0913096 
0.00875517 -0.0168526 -9.7924e-05 0.00014478 -0.0168526 0.0863125 0.000146618 -0.000340781 -9.7924e-05 0.000146618 0.0108345 -0.0191508 0.00014478 -0.000340781 -0.0191508 0.0914737 
0.00863891 -0.0166861 -7.57992e-05 0.000114962 -0.0166861 0.0853406 0.000109065 -0.000298797 -7.57992e-05 0.000109065 0.0106903 -0.0188595 0.000114962 -0.000298797 -0.0188595 0.0901777 
0.00865119 -0.0167234 -8.22516e-05 8.88103e-05 -0.0167234 0.0855847 7.75566e-05 -0.000227073 -8.22516e-05 7.75566e-05 0.0107065 -0.0188788 8.88103e-05 -0.000227073 -0.0188788 0.0902614 
0.00861322 -0.0167214 -8.06329e-05 8.81585e-05 -0.0167214 0.0856223 7.40852e-05 -0.000178977 -8.06329e-05 7.40852e-05 0.0107372 -0.0188708 8.81585e-05 -0.000178977 -0.0188708 0.0902208 
0.00860134 -0.0166579 -6.84386e-05 9.2715e-05 -0.0166579 0.0854979 7.95925e-05 -0.000180454 -6.84386e-05 7.95925e-05 0.0107458 -0.0189047 9.2715e-05 -0.000180454 -0.0189047 0.0902334 
0.00863431 -0.0167196 -6.93955e-05 7.48649e-05 -0.0167196 0.085822 6.6819e-05 -0.000161142 -6.93955e-05 6.6819e-05 0.0107955 -0.0190129 7.48649e-05 -0.000161142 -0.0190129 0.0907245 
0.00866401 -0.0167112 -8.51004e-05 7.34099e-05 -0.0167112 0.0857935 6.74352e-05 -0.000147101 -8.51004e-05 6.74352e-05 0.0107735 -0.019019 7.34099e-05 -0.000147101 -0.019019 0.090776 
0.0086795 -0.0167126 -0.000104928 9.88888e-05 -0.0167126 0.0856524 9.27035e-05 -0.000192287 -0.000104928 9.27035e-05 0.0107207 -0.0189397 9.88888e-05 -0.000192287 -0.0189397 0.0905203 
0.00866699 -0.0167059 -0.000138508 0.000115051 -0.0167059 0.0854929 0.000108057 -0.000227416 -0.000138508 0.000108057 0.0106862 -0.0188452 0.000115051 -0.000227416 -0.0188452 0.0901545 
0.00866816 -0.0166794 -0.000153054 0.000151311 -0.0166794 0.0853321 0.000143131 -0.000289349 -0.000153054 0.000143131 0.0106416 -0.0187885 0.000151311 -0.000289349 -0.0187885 0.089853 
0.00879193 -0.0169525 -0.000136244 0.000162163 -0.0169525 0.0866433 0.000152472 -0.00032359 -0.000136244 0.000152472 0.0108076 -0.0190448 0.000162163 -0.00032359 -0.0190448 0.0911206 
0.00860599 -0.0166693 -0.000125449 0.000151255 -0.0166693 0.0852181 0.000138894 -0.000328805 -0.000125449 0.000138894 0.0106527 -0.0187301 0.000151255 -0.000328805 -0.0187301 0.0895629 
0.00873849 -0.0169266 -0.000138773 0.000145647 -0.0169266 0.0867008 0.000135997 -0.00032765 -0.000138773 0.000135997 0.0108442 -0.0190981 0.000145647 -0.00032765 -0.0190981 0.091214 
0.00875352 -0.0168623 -0.000133904 0.000156961 -0.0168623 0.0864726 0.000155863 -0.00035269 -0.000133904 0.000155863 0.0107914 -0.0190864 0.000156961 -0.00035269 -0.0190864 0.0911567 
0.00876713 -0.0168716 -0.000112064 0.000134025 -0.0168716 0.0863987 0.000142276 -0.00032457 -0.000112064 0.000142276 0.0107727 -0.0190487 0.000134025 -0.00032457 -0.0190487 0.0911214 
0.00877785 -0.0169157 -9.35079e-05 0.000106658 -0.0169157 0.0865419 0.00011812 -0.000269416 -9.35079e-05 0.00011812 0.0107908 -0.0190545 0.000106658 -0.000269416 -0.0190545 0.0912023 
0.00876066 -0.0168159 -0.000103312 7.41257e-05 -0.0168159 0.0860577 9.24209e-05 -0.000194245 -0.000103312 9.24209e-05 0.0107264 -0.0189598 7.41257e-05 -0.000194245 -0.0189598 0.0907064 
0.00877128 -0.0168154 -0.000148349 9.52117e-05 -0.0168154 0.085879 0.000111479 -0.000201521 -0.000148349 0.000111479 0.0106709 -0.0188857 9.52117e-05 -0.000201521 -0.0188857 0.0904014 
0.00879574 -0.0169405 -0.000178829 0.000165027 -0.0169405 0.086354 0.000170483 -0.000323192 -0.000178829 0.000170483 0.0106942 -0.0189146 0.000165027 -0.000323192 -0.0189146 0.090638 
0.00881139 -0.0169838 -0.00021717 0.000218185 -0.0169838 0.0866824 0.000214925 -0.000473674 -0.00021717 0.000214925 0.0107124 -0.0189587 0.000218185 -0.000473674 -0.0189587 0.0908604 
0.00881425 -0.0169283 -0.000239459 0.000258804 -0.0169283 0.0865041 0.000249018 -0.000578349 -0.000239459 0.000249018 0.0106746 -0.0189241 0.000258804 -0.000578349 -0.0189241 0.0907166 
0.00881967 -0.0169374 -0.000268522 0.000290648 -0.0169374 0.0864709 0.000275945 -0.000669261 -0.000268522 0.000275945 0.0106632 -0.0188939 0.000290648 -0.000669261 -0.0188939 0.0906587 
0.0088275 -0.0169605 -0.000264517 0.000322706 -0.0169605 0.0865511 0.000307028 -0.000747479 -0.000264517 0.000307028 0.0106555 -0.0188862 0.000322706 -0.000747479 -0.0188862 0.090657 
0.00874437 -0.0168391 -0.000220149 0.000301782 -0.0168391 0.0859474 0.00028872 -0.000731794 -0.000220149 0.00028872 0.0106076 -0.0187409 0.000301782 -0.000731794 -0.0187409 0.0899874 
0.00871625 -0.0167869 -0.000169788 0.000251542 -0.0167869 0.0857817 0.000243572 -0.000651981 -0.000169788 0.000243572 0.0106091 -0.0187525 0.000251542 -0.000651981 -0.0187525 0.0899159 
0.00872002 -0.0167333 -0.000142804 0.000182383 -0.0167333 0.0855785 0.000176119 -0.000496815 -0.000142804 0.000176119 0.0105872 -0.0187608 0.000182383 -0.000496815 -0.0187608 0.0898991 
0.00871096 -0.0167191 -0.000152543 0.000151103 -0.0167191 0.085404 0.000150708 -0.000388593 -0.000152543 0.000150708 0.0105764 -0.0187211 0.000151103 -0.000388593 -0.0187211 0.0897713 
0.00868484 -0.0167439 -0.000178202 0.000161246 -0.0167439 0.085477 0.000167253 -0.000374369 -0.000178202 0.000167253 0.0106127 -0.0187333 0.000161246 -0.000374369 -0.0187333 0.0898167 
0.00867145 -0.0167401 -0.000191382 0.000201369 -0.0167401 0.0856013 0.000209696 -0.000455849 -0.000191382 0.000209696 0.0106563 -0.0188106 0.000201369 -0.000455849 -0.0188106 0.0900588 
0.00865134 -0.0166642 -0.000203982 0.000217686 -0.0166642 0.0853344 0.000221341 -0.000514759 -0.000203982 0.000221341 0.0106393 -0.0188091 0.000217686 -0.000514759 -0.0188091 0.0899851 
0.00865714 -0.0166462 -0.000205667 0.000220287 -0.0166462 0.0852221 0.000222735 -0.000519731 -0.000205667 0.000222735 0.0106315 -0.0188082 0.000220287 -0.000519731 -0.0188082 0.0899971 
0.00866548 -0.0166611 -0.000209579 0.000236512 -0.0166611 0.0852388 0.000245614 -0.000574164 -0.000209579 0.000245614 0.0106495 -0.0188179 0.000236512 -0.000574164 -0.0188179 0.0900564 
0.00873479 -0.0167645 -0.000182368 0.000234291 -0.0167645 0.0857154 0.000246037 -0.000587846 -0.000182368 0.000246037 0.0106824 -0.0189262 0.000234291 -0.000587846 -0.0189262 0.0905366 
0.00878991 -0.0168495 -0.000171247 0.000197145 -0.0168495 0.0860354 0.000203591 -0.000521581 -0.000171247 0.000203591 0.0106684 -0.0189421 0.000197145 -0.000521581 -0.0189421 0.090724 
0.00878902 -0.0168886 -0.000173792 0.000180374 -0.0168886 0.0861328 0.000177312 -0.00044297 -0.000173792 0.000177312 0.0106554 -0.0188815 0.000180374 -0.00044297 -0.0188815 0.0905858 
0.00877463 -0.0168281 -0.000192919 0.00019275 -0.0168281 0.0858778 0.000183198 -0.000435646 -0.000192919 0.000183198 0.0106132 -0.0188023 0.00019275 -0.000435646 -0.0188023 0.0901919 
0.00876973 -0.0168266 -0.000200616 0.000229742 -0.0168266 0.0857902 0.000216807 -0.000507368 -0.000200616 0.000216807 0.0105815 -0.0187503 0.000229742 -0.000507368 -0.0187503 0.0899613 
0.00875043 -0.0168479 -0.000224449 0.000248638 -0.0168479 0.0858826 0.000233897 -0.00058186 -0.000224449 0.000233897 0.0106064 -0.0187498 0.000248638 -0.00058186 -0.0187498 0.0899712 
0.00871008 -0.0168202 -0.000227588 0.000275794 -0.0168202 0.0858728 0.000263105 -0.000651072 -0.000227588 0.000263105 0.0106493 -0.0187818 0.000275794 -0.000651072 -0.0187818 0.0900298 
0.00866543 -0.0167491 -0.000243692 0.000263174 -0.0167491 0.0856882 0.000253662 -0.000645286 -0.000243692 0.000253662 0.0106804 -0.0188218 0.000263174 -0.000645286 -0.0188218 0.0900754 
0.00866396 -0.0167449 -0.000269415 0.000272926 -0.0167449 0.0857756 0.000267108 -0.000643367 -0.000269415 0.000267108 0.0107087 -0.0189122 0.000272926 -0.000643367 -0.0189122 0.0904147 
0.00867594 -0.0167212 -0.000258156 0.000304665 -0.0167212 0.0857442 0.000303006 -0.000700297 -0.000258156 0.000303006 0.0107126 -0.0189543 0.000304665 -0.000700297 -0.0189543 0.0906282 
0.00868596 -0.0167383 -0.000249096 0.000286495 -0.0167383 0.0857912 0.000286005 -0.000695439 -0.000249096 0.000286005 0.0107288 -0.0189718 0.000286495 -0.000695439 -0.0189718 0.09078 
0.00866894 -0.0167321 -0.000241269 0.000277538 -0.0167321 0.0857429 0.000276176 -0.000674466 -0.000241269 0.000276176 0.0107406 -0.0189619 0.000277538 -0.000674466 -0.0189619 0.0907481 
0.00872933 -0.0167242 -0.000258816 0.000268866 -0.0167242 0.0857611 0.000272751 -0.000661056 -0.000258816 0.000272751 0.0106935 -0.018992 0.000268866 -0.000661056 -0.018992 0.0908289 
0.00877062 -0.0167518 -0.000275181 0.000291571 -0.0167518 0.085648 0.00029778 -0.000695993 -0.000275181 0.00029778 0.0106222 -0.0188871 0.000291571 -0.000695993 -0.0188871 0.0905499 
0.0087778 -0.0167247 -0.000297726 0.000305195 -0.0167247 0.0852752 0.000306388 -0.000723065 -0.000297726 0.000306388 0.010517 -0.0187013 0.000305195 -0.000723065 -0.0187013 0.0898115 
0.00894182 -0.0170709 -0.000323355 0.000345737 -0.0170709 0.0868136 0.000343549 -0.00080585 -0.000323355 0.000343549 0.0106642 -0.018933 0.000345737 -0.00080585 -0.018933 0.0910205 
0.00881021 -0.0168266 -0.000310891 0.000361155 -0.0168266 0.0855246 0.000357644 -0.000850684 -0.000310891 0.000357644 0.0104598 -0.0185984 0.000361155 -0.000850684 -0.0185984 0.0893993 
0.00879535 -0.0168641 -0.000277658 0.000346786 -0.0168641 0.0856948 0.000341096 -0.000839917 -0.000277658 0.000341096 0.0104759 -0.018592 0.000346786 -0.000839917 -0.018592 0.0894286 
0.00891949 -0.0170647 -0.000237095 0.000315255 -0.0170647 0.0868814 0.00030729 -0.000788973 -0.000237095 0.00030729 0.0106369 -0.0188806 0.000315255 -0.000788973 -0.0188806 0.0907425 
0.00880363 -0.0168074 -0.000197549 0.000263846 -0.0168074 0.0855447 0.000259404 -0.000687987 -0.000197549 0.000259404 0.0104406 -0.0186048 0.000263846 -0.000687987 -0.0186048 0.0894065 
0.00893426 -0.0170948 -0.00018111 0.000220677 -0.0170948 0.0869205 0.000215449 -0.000581682 -0.00018111 0.000215449 0.0106016 -0.0188552 0.000220677 -0.000581682 -0.0188552 0.0907709 
0.00892205 -0.0170782 -0.000210959 0.000207554 -0.0170782 0.0868987 0.000197808 -0.000521402 -0.000210959 0.000197808 0.0106073 -0.0188494 0.000207554 -0.000521402 -0.0188494 0.0907277 
0.00876228 -0.0168149 -0.000260162 0.000234381 -0.0168149 0.0855882 0.000227411 -0.000534908 -0.000260162 0.000227411 0.0104631 -0.0185701 0.000234381 -0.000534908 -0.0185701 0.0893637 
0.00878 -0.0168584 -0.000279038 0.000294736 -0.0168584 0.0859438 0.00029665 -0.000654405 -0.000279038 0.00029665 0.0105287 -0.0186901 0.000294736 -0.000654405 -0.0186901 0.0898672 
0.00880005 -0.016807 -0.000272291 0.00032046 -0.016807 0.0857864 0.00032697 -0.000762785 -0.000272291 0.00032697 0.0104968 -0.0187016 0.00032046 -0.000762785 -0.0187016 0.0898901 
0.00874383 -0.0167618 -0.000243781 0.00031068 -0.0167618 0.0854079 0.000315594 -0.000780499 -0.000243781 0.000315594 0.0104811 -0.0185858 0.00031068 -0.000780499 -0.0185858 0.0894729 
0.00883364 -0.0169317 -0.000207601 0.000269716 -0.0169317 0.0863449 0.000270866 -0.000701033 -0.000207601 0.000270866 0.0106252 -0.0188196 0.000269716 -0.000701033 -0.0188196 0.0904675 
0.00886008 -0.0169126 -0.000191545 0.000222662 -0.0169126 0.0862771 0.000224479 -0.000587514 -0.000191545 0.000224479 0.0106162 -0.0188598 0.000222662 -0.000587514 -0.0188598 0.0905335 
0.00887264 -0.016943 -0.000188158 0.00021154 -0.016943 0.0862739 0.000216826 -0.000536147 -0.000188158 0.000216826 0.0106143 -0.0188452 0.00021154 -0.000536147 -0.0188452 0.0905197 
0.00890137 -0.0170419 -0.000195333 0.000207655 -0.0170419 0.0866898 0.000213918 -0.000517643 -0.000195333 0.000213918 0.0106644 -0.0189128 0.000207655 -0.000517643 -0.0189128 0.0908441 
0.00880911 -0.0168396 -0.000214878 0.000208377 -0.0168396 0.0857008 0.000213519 -0.000502687 -0.000214878 0.000213519 0.0105212 -0.0186976 0.000208377 -0.000502687 -0.0186976 0.0897631 
0.00884768 -0.0169309 -0.00024712 0.000221953 -0.0169309 0.0861062 0.000227845 -0.000506363 -0.00024712 0.000227845 0.010556 -0.0187518 0.000221953 -0.000506363 -0.0187518 0.090095 
0.008884 -0.0170099 -0.00027478 0.000271187 -0.0170099 0.0865127 0.00027786 -0.0006008 -0.00027478 0.00027786 0.0105952 -0.0188134 0.000271187 -0.0006008 -0.0188134 0.0904182 
0.00890191 -0.0170231 -0.000268406 0.000303034 -0.0170231 0.0865981 0.000309092 -0.00068946 -0.000268406 0.000309092 0.0105975 -0.0188166 0.000303034 -0.00068946 -0.0188166 0.0904384 
0.00889257 -0.0170102 -0.000281243 0.000296122 -0.0170102 0.0864748 0.000298667 -0.00071021 -0.000281243 0.000298667 0.0105772 -0.0187624 0.000296122 -0.00071021 -0.0187624 0.090201 
0.0088574 -0.0169831 -0.000260782 0.000312666 -0.0169831 0.0863137 0.000313115 -0.00073411 -0.000260782 0.000313115 0.0105653 -0.0187076 0.000312666 -0.00073411 -0.0187076 0.0899227 
0.00880197 -0.016939 -0.000240495 0.000292245 -0.016939 0.0861676 0.000289751 -0.000718797 -0.000240495 0.000289751 0.0105846 -0.0186949 0.000292245 -0.000718797 -0.0186949 0.0897828 
0.00875818 -0.0168847 -0.000231213 0.000269225 -0.0168847 0.0860667 0.000262802 -0.000667023 -0.000231213 0.000262802 0.0106121 -0.0187406 0.000269225 -0.000667023 -0.0187406 0.0898565 
0.00869019 -0.0168192 -0.000226709 0.000265981 -0.0168192 0.0858727 0.000256394 -0.000645651 -0.000226709 0.000256394 0.0106419 -0.018757 0.000265981 -0.000645651 -0.018757 0.0898711 
0.00869974 -0.016759 -0.000238365 0.000269461 -0.016759 0.0858353 0.000262936 -0.000661691 -0.000238365 0.000262936 0.0106667 -0.0188672 0.000269461 -0.000661691 -0.0188672 0.0902398 
0.00869285 -0.0167127 -0.00025653 0.000266471 -0.0167127 0.0855745 0.000264736 -0.000651381 -0.00025653 0.000264736 0.0106533 -0.0188575 0.000266471 -0.000651381 -0.0188575 0.090245 
0.0087222 -0.0166904 -0.000262556 0.000280608 -0.0166904 0.0854037 0.000277724 -0.000656629 -0.000262556 0.000277724 0.0106174 -0.018838 0.000280608 -0.000656629 -0.018838 0.0901831 
0.00871498 -0.0167413 -0.000265697 0.000292444 -0.0167413 0.085446 0.00029236 -0.000690939 -0.000265697 0.00029236 0.0106222 -0.0187931 0.000292444 -0.000690939 -0.0187931 0.0900951 
0.00874847 -0.0168131 -0.000272795 0.000305561 -0.0168131 0.0858471 0.000310585 -0.000742899 -0.000272795 0.000310585 0.0106674 -0.018876 0.000305561 -0.000742899 -0.018876 0.0904327 
0.00877943 -0.0169239 -0.000288672 0.000314226 -0.0169239 0.0864085 0.000323301 -0.000781402 -0.000288672 0.000323301 0.0107264 -0.0189795 0.000314226 -0.000781402 -0.0189795 0.0909455 
0.00876165 -0.0169276 -0.000309833 0.000329247 -0.0169276 0.0865522 0.000339336 -0.000816781 -0.000309833 0.000339336 0.0107551 -0.0190098 0.000329247 -0.000816781 -0.0190098 0.091101 
0.00871754 -0.0168168 -0.000307208 0.000333196 -0.0168168 0.0861826 0.000337907 -0.000801972 -0.000307208 0.000337907 0.0107489 -0.0189855 0.000333196 -0.000801972 -0.0189855 0.090912 
0.00869174 -0.0167107 -0.000278139 0.000332645 -0.0167107 0.0856935 0.000330005 -0.000787702 -0.000278139 0.000330005 0.0107139 -0.0189394 0.000332645 -0.000787702 -0.0189394 0.0906202 
0.00872804 -0.0166978 -0.000275928 0.000321088 -0.0166978 0.0855301 0.000307698 -0.000777678 -0.000275928 0.000307698 0.0106747 -0.0189282 0.000321088 -0.000777678 -0.0189282 0.0905561 
0.00877272 -0.0167254 -0.000272232 0.000318172 -0.0167254 0.0854245 0.000303856 -0.000764309 -0.000272232 0.000303856 0.0106085 -0.0188482 0.000318172 -0.000764309 -0.0188482 0.0903009 
0.0087828 -0.0168055 -0.000291747 0.000316197 -0.0168055 0.085574 0.000303405 -0.000763057 -0.000291747 0.000303405 0.010614 -0.0187844 0.000316197 -0.000763057 -0.0187844 0.09013 
