0.00811802 0 -0.000250103 0 0 0.0101197 0 0 -0.000250103 0 0.00608452 0 0 0 0 0.0101197 
0.0112783 -0.0139702 -0.000291053 0.000355034 -0.0139702 0.0360012 0.000355034 -0.0006805 -0.000291053 0.000355034 0.00867996 -0.0108037 0.000355034 -0.0006805 -0.0108037 0.0299292 
0.0111146 -0.0203579 -0.000208654 0.000348576 -0.0203579 0.0741425 0.000348576 -0.00108492 -0.000208654 0.000348576 0.00893828 -0.0169979 0.000348576 -0.00108492 -0.0169979 0.0636739 
0.0102427 -0.0190411 -0.000128193 0.000154225 -0.0190411 0.0839435 0.000155907 -0.000422948 -0.000128193 0.000155907 0.00837825 -0.0170598 0.000154225 -0.000422948 -0.0170598 0.0780803 
0.0103566 -0.0186083 -0.000141687 7.8308e-05 -0.0186083 0.0873326 8.10393e-05 3.45936e-05 -0.000141687 8.10393e-05 0.00848534 -0.0168219 7.8308e-05 3.45936e-05 -0.0168219 0.0839504 
0.010515 -0.0185718 -0.000181929 0.000119977 -0.0185718 0.0884215 0.000126018 2.11029e-05 -0.000181929 0.000126018 0.00857034 -0.0166596 0.000119977 2.11029e-05 -0.0166596 0.0850312 
0.0106485 -0.0187289 -0.000209256 0.000182088 -0.0187289 0.0893736 0.000190397 -0.000179187 -0.000209256 0.000190397 0.00863803 -0.0166872 0.000182088 -0.000179187 -0.0166872 0.0854339 
0.0108347 -0.0189968 -0.000200874 0.000213585 -0.0189968 0.0906966 0.000218121 -0.000327469 -0.000200874 0.000218121 0.00871237 -0.016851 0.000213585 -0.000327469 -0.016851 0.0862873 
0.0108716 -0.0190507 -0.00017411 0.00019216 -0.0190507 0.0908438 0.000190865 -0.000335747 -0.00017411 0.000190865 0.00869349 -0.0168006 0.00019216 -0.000335747 -0.0168006 0.0861153 
0.0107906 -0.0188948 -0.000153042 0.00016316 -0.0188948 0.0900116 0.000156352 -0.000283204 -0.000153042 0.000156352 0.00857025 -0.0166139 0.00016316 -0.000283204 -0.0166139 0.085145 
0.0108855 -0.0191704 -0.000126861 0.000138949 -0.0191704 0.09119 0.000125438 -0.000208102 -0.000126861 0.000125438 0.00871206 -0.0167591 0.000138949 -0.000208102 -0.0167591 0.086018 
0.0108261 -0.0190624 -0.000117364 0.00011368 -0.0190624 0.0908615 9.45417e-05 -0.000139766 -0.000117364 9.45417e-05 0.00869702 -0.0167672 0.00011368 -0.000139766 -0.0167672 0.0857906 
0.0107886 -0.0190281 -9.14764e-05 9.04411e-05 -0.0190281 0.0907474 7.64941e-05 -6.41366e-05 -9.14764e-05 7.64941e-05 0.00870765 -0.0167709 9.04411e-05 -6.41366e-05 -0.0167709 0.0857916 
0.010731 -0.0189443 -8.89634e-05 7.22123e-05 -0.0189443 0.0904515 6.49135e-05 -3.61353e-05 -8.89634e-05 6.49135e-05 0.0087098 -0.0167534 7.22123e-05 -3.61353e-05 -0.0167534 0.0856439 
0.010651 -0.0187851 -9.95506e-05 8.21495e-05 -0.0187851 0.0897892 7.74497e-05 -6.16287e-05 -9.95506e-05 7.74497e-05 0.00867118 -0.0166801 8.21495e-05 -6.16287e-05 -0.0166801 0.085188 
0.0108434 -0.0190848 -0.000101561 9.00874e-05 -0.0190848 0.0912146 8.78344e-05 -8.21316e-05 -0.000101561 8.78344e-05 0.00879624 -0.0169644 9.00874e-05 -8.21316e-05 -0.0169644 0.0866189 
0.010873 -0.0191312 -0.000121683 8.95219e-05 -0.0191312 0.0913531 8.97757e-05 -9.3288e-05 -0.000121683 8.97757e-05 0.00877514 -0.0169674 8.95219e-05 -9.3288e-05 -0.0169674 0.0867137 
0.0107718 -0.0190468 -0.00012871 0.000115473 -0.0190468 0.090889 0.000114379 -0.000138866 -0.00012871 0.000114379 0.00876439 -0.0168227 0.000115473 -0.000138866 -0.0168227 0.0861131 
0.0107862 -0.0190717 -0.00011751 0.000128332 -0.0190717 0.091181 0.000117807 -0.000171393 -0.00011751 0.000117807 0.00879505 -0.0169285 0.000128332 -0.000171393 -0.0169285 0.0864386 
0.0106481 -0.0187736 -9.58536e-05 0.000110576 -0.0187736 0.0898218 9.61714e-05 -0.000147562 -9.58536e-05 9.61714e-05 0.00863107 -0.0166879 0.000110576 -0.000147562 -0.0166879 0.0852338 
0.0107023 -0.0188556 -6.83593e-05 7.81072e-05 -0.0188556 0.0901108 6.99452e-05 -8.13286e-05 -6.83593e-05 6.99452e-05 0.00862362 -0.0166708 7.81072e-05 -8.13286e-05 -0.0166708 0.0853611 
0.0106854 -0.0188566 -5.8043e-05 4.30392e-05 -0.0188566 0.0900493 4.37073e-05 -9.56754e-06 -5.8043e-05 4.37073e-05 0.0086212 -0.0166035 4.30392e-05 -9.56754e-06 -0.0166035 0.0851046 
0.0108676 -0.0191351 -7.49112e-05 2.36672e-05 -0.0191351 0.0913963 2.81961e-05 5.82018e-05 -7.49112e-05 2.81961e-05 0.00873234 -0.0168396 2.36672e-05 5.82018e-05 -0.0168396 0.0862459 
0.010783 -0.0190479 -0.000118218 4.94448e-05 -0.0190479 0.0908935 5.11678e-05 3.85332e-05 -0.000118218 5.11678e-05 0.00871888 -0.016733 4.94448e-05 3.85332e-05 -0.016733 0.0857084 
0.0107338 -0.0190307 -0.000138081 0.000107355 -0.0190307 0.0908947 0.000104161 -6.61178e-05 -0.000138081 0.000104161 0.00876986 -0.0167743 0.000107355 -6.61178e-05 -0.0167743 0.0857472 
0.0106894 -0.0189549 -0.000150879 0.000148485 -0.0189549 0.0907512 0.000146976 -0.00020425 -0.000150879 0.000146976 0.00879118 -0.0168565 0.000148485 -0.00020425 -0.0168565 0.0859214 
0.0106875 -0.0189498 -0.000133257 0.00014761 -0.0189498 0.0908392 0.000152425 -0.000245197 -0.000133257 0.000152425 0.00882333 -0.0169365 0.00014761 -0.000245197 -0.0169365 0.0863004 
0.0106575 -0.0189205 -9.35529e-05 0.000127858 -0.0189205 0.090769 0.000136242 -0.00023277 -9.35529e-05 0.000136242 0.00885143 -0.0169621 0.000127858 -0.00023277 -0.0169621 0.0864452 
0.0106336 -0.0188515 -9.05928e-05 8.70212e-05 -0.0188515 0.0905203 9.62154e-05 -0.000171023 -9.05928e-05 9.62154e-05 0.00885771 -0.0169493 8.70212e-05 -0.000171023 -0.0169493 0.0863447 
0.0105972 -0.0187023 -9.92785e-05 7.49364e-05 -0.0187023 0.0898081 8.10199e-05 -0.000108285 -9.92785e-05 8.10199e-05 0.00878331 -0.0168622 7.49364e-05 -0.000108285 -0.0168622 0.0858129 
0.0106444 -0.0187778 -9.11602e-05 7.84329e-05 -0.0187778 0.0899824 8.21425e-05 -7.78054e-05 -9.11602e-05 8.21425e-05 0.00875911 -0.0168679 7.84329e-05 -7.78054e-05 -0.0168679 0.0859274 
0.0106249 -0.0188512 -9.81706e-05 7.55499e-05 -0.0188512 0.0902162 7.81591e-05 -7.49088e-05 -9.81706e-05 7.81591e-05 0.00879519 -0.0168397 7.55499e-05 -7.49088e-05 -0.0168397 0.0859406 
0.0106431 -0.0188924 -8.45065e-05 8.52017e-05 -0.0188924 0.0905745 7.99049e-05 -7.64109e-05 -8.45065e-05 7.99049e-05 0.00883763 -0.0169214 8.52017e-05 -7.64109e-05 -0.0169214 0.0862296 
0.0106312 -0.0189105 -5.78173e-05 7.9568e-05 -0.0189105 0.0907665 6.52705e-05 -7.27276e-05 -5.78173e-05 6.52705e-05 0.00888704 -0.0169934 7.9568e-05 -7.27276e-05 -0.0169934 0.0865318 
0.0106148 -0.0188544 -1.0927e-05 4.1694e-05 -0.0188544 0.0906294 2.3287e-05 4.4549e-06 -1.0927e-05 2.3287e-05 0.00889557 -0.017009 4.1694e-05 4.4549e-06 -0.017009 0.0865466 
0.0106237 -0.0188197 4.72072e-06 -1.4952e-05 -0.0188197 0.090483 -2.54128e-05 0.000116173 4.72072e-06 -2.54128e-05 0.00888852 -0.0170163 -1.4952e-05 0.000116173 -0.0170163 0.0865471 
0.0106419 -0.0188181 1.96214e-06 -4.87301e-05 -0.0188181 0.0903824 -4.64212e-05 0.000219463 1.96214e-06 -4.64212e-05 0.00886293 -0.0169972 -4.87301e-05 0.000219463 -0.0169972 0.0864748 
0.0106734 -0.0188288 -3.79609e-05 -3.06243e-05 -0.0188288 0.0903551 -2.10865e-05 0.000198241 -3.79609e-05 -2.10865e-05 0.00881338 -0.0169843 -3.06243e-05 0.000198241 -0.0169843 0.0864492 
0.0107187 -0.0189041 -3.0622e-05 1.69521e-05 -0.0189041 0.0905505 2.86539e-05 0.000107759 -3.0622e-05 2.86539e-05 0.0087723 -0.0169275 1.69521e-05 0.000107759 -0.0169275 0.0863943 
0.0107402 -0.0189915 -4.26643e-05 8.88691e-06 -0.0189915 0.0908561 1.94495e-05 7.58781e-05 -4.26643e-05 1.94495e-05 0.00876104 -0.0168785 8.88691e-06 7.58781e-05 -0.0168785 0.0863327 
0.0107399 -0.0190219 -7.43698e-05 3.04047e-05 -0.0190219 0.0910353 2.93025e-05 4.66572e-05 -7.43698e-05 2.93025e-05 0.00876156 -0.0168502 3.04047e-05 4.66572e-05 -0.0168502 0.0862421 
0.0107684 -0.0190574 -6.87292e-05 7.27064e-05 -0.0190574 0.0912793 5.66608e-05 -1.74675e-05 -6.87292e-05 5.66608e-05 0.00876459 -0.0168808 7.27064e-05 -1.74675e-05 -0.0168808 0.0863765 
0.0107589 -0.0190519 -7.4573e-05 6.84849e-05 -0.0190519 0.0912528 4.81628e-05 -3.88571e-05 -7.4573e-05 4.81628e-05 0.00876377 -0.0168485 6.84849e-05 -3.88571e-05 -0.0168485 0.0862759 
0.0107141 -0.0189394 -7.29313e-05 6.49366e-05 -0.0189394 0.0907413 4.91849e-05 -2.76506e-05 -7.29313e-05 4.91849e-05 0.00871137 -0.0167544 6.49366e-05 -2.76506e-05 -0.0167544 0.0857601 
0.010641 -0.0188273 -6.45343e-05 5.91294e-05 -0.0188273 0.0901386 4.95546e-05 -1.83242e-05 -6.45343e-05 4.95546e-05 0.00866601 -0.0166311 5.91294e-05 -1.83242e-05 -0.0166311 0.0851385 
0.010614 -0.018786 -7.32977e-05 5.48039e-05 -0.018786 0.089956 5.52056e-05 -3.00973e-05 -7.32977e-05 5.52056e-05 0.0086628 -0.0166222 5.48039e-05 -3.00973e-05 -0.0166222 0.0849954 
0.0107275 -0.0190499 -7.54024e-05 6.52587e-05 -0.0190499 0.0912465 7.13106e-05 -5.61263e-05 -7.54024e-05 7.13106e-05 0.00882976 -0.0168924 6.52587e-05 -5.61263e-05 -0.0168924 0.0863079 
0.0106717 -0.019026 -8.26663e-05 6.22976e-05 -0.019026 0.091268 7.51407e-05 -6.88842e-05 -8.26663e-05 7.51407e-05 0.00890052 -0.0169576 6.22976e-05 -6.88842e-05 -0.0169576 0.0864946 
0.0104101 -0.018633 -7.13078e-05 6.97224e-05 -0.018633 0.089606 8.13786e-05 -8.39299e-05 -7.13078e-05 8.13786e-05 0.008834 -0.016753 6.97224e-05 -8.39299e-05 -0.016753 0.0852298 
0.0103522 -0.0185252 -6.56713e-05 5.59991e-05 -0.0185252 0.0893867 6.31514e-05 -6.39357e-05 -6.56713e-05 6.31514e-05 0.00889231 -0.0168735 5.59991e-05 -6.39357e-05 -0.0168735 0.0855354 
0.0104955 -0.0187444 -5.38499e-05 5.22465e-05 -0.0187444 0.0905948 5.75002e-05 -4.41271e-05 -5.38499e-05 5.75002e-05 0.00906105 -0.01722 5.22465e-05 -4.41271e-05 -0.01722 0.087164 
0.0104504 -0.018667 -3.59575e-05 2.98262e-05 -0.018667 0.0902346 3.64528e-05 4.27385e-06 -3.59575e-05 3.64528e-05 0.0090663 -0.0172119 2.98262e-05 4.27385e-06 -0.0172119 0.087107 
0.0104237 -0.0185377 -3.45031e-05 2.07477e-05 -0.0185377 0.089648 3.38501e-05 1.38133e-05 -3.45031e-05 3.38501e-05 0.00900301 -0.0171538 2.07477e-05 1.38133e-05 -0.0171538 0.0867465 
0.0104681 -0.0185805 -1.40193e-05 9.3967e-06 -0.0185805 0.0896929 2.6971e-05 4.26924e-05 -1.40193e-05 2.6971e-05 0.00895419 -0.0171401 9.3967e-06 4.26924e-05 -0.0171401 0.0867839 
0.0104919 -0.0186186 -3.00761e-05 -1.17063e-05 -0.0186186 0.0897122 4.45005e-06 8.0608e-05 -3.00761e-05 4.45005e-06 0.00889922 -0.0170547 -1.17063e-05 8.0608e-05 -0.0170547 0.0865758 
0.0105077 -0.018669 -6.45244e-05 2.50303e-05 -0.018669 0.0898481 2.88408e-05 3.71346e-05 -6.45244e-05 2.88408e-05 0.00886445 -0.0169834 2.50303e-05 3.71346e-05 -0.0169834 0.0863811 
0.010499 -0.0186634 -8.17101e-05 6.8991e-05 -0.0186634 0.0897869 6.04143e-05 -4.14398e-05 -8.17101e-05 6.04143e-05 0.00882371 -0.0168888 6.8991e-05 -4.14398e-05 -0.0168888 0.0860065 
0.0105207 -0.0187064 -7.35231e-05 9.66983e-05 -0.0187064 0.0899631 8.60575e-05 -0.000125319 -7.35231e-05 8.60575e-05 0.00881288 -0.0168586 9.66983e-05 -0.000125319 -0.0168586 0.0859017 
0.0104907 -0.0186307 -8.60207e-05 9.02591e-05 -0.0186307 0.089593 7.76305e-05 -0.00015331 -8.60207e-05 7.76305e-05 0.00876194 -0.016759 9.02591e-05 -0.00015331 -0.016759 0.0853963 
0.0105266 -0.0187193 -9.68762e-05 8.86086e-05 -0.0187193 0.0899338 7.99906e-05 -0.000136467 -9.68762e-05 7.99906e-05 0.00879276 -0.0167865 8.86086e-05 -0.000136467 -0.0167865 0.0855535 
0.0105844 -0.0188066 -8.48361e-05 9.20118e-05 -0.0188066 0.0903554 8.56588e-05 -0.000128176 -8.48361e-05 8.56588e-05 0.00882941 -0.0168632 9.20118e-05 -0.000128176 -0.0168632 0.0858763 
0.0106173 -0.0188917 -6.21e-05 8.59673e-05 -0.0188917 0.0907516 8.11728e-05 -0.000129267 -6.21e-05 8.11728e-05 0.00887972 -0.0169567 8.59673e-05 -0.000129267 -0.0169567 0.0863019 
0.0106226 -0.0189584 -4.40934e-05 5.68181e-05 -0.0189584 0.0911449 4.95187e-05 -7.4303e-05 -4.40934e-05 4.95187e-05 0.00894474 -0.0170657 5.68181e-05 -7.4303e-05 -0.0170657 0.0868038 
0.0105435 -0.0189012 -3.12371e-05 3.42726e-05 -0.0189012 0.0910296 2.1193e-05 -5.90432e-06 -3.12371e-05 2.1193e-05 0.00901282 -0.0170882 3.42726e-05 -5.90432e-06 -0.0170882 0.0868678 
0.0104761 -0.0187444 -2.09424e-05 1.97914e-05 -0.0187444 0.0905617 8.39686e-06 4.22514e-05 -2.09424e-05 8.39686e-06 0.00901968 -0.0171309 1.97914e-05 4.22514e-05 -0.0171309 0.0868103 
0.0104865 -0.0186788 -2.14885e-05 -3.35154e-07 -0.0186788 0.0903173 -7.64112e-07 8.37785e-05 -2.14885e-05 -7.64112e-07 0.00899568 -0.0171652 -3.35154e-07 8.37785e-05 -0.0171652 0.0869234 
0.0104999 -0.0186807 -2.10936e-05 -6.15488e-06 -0.0186807 0.0902031 -4.83481e-06 0.000112903 -2.10936e-05 -4.83481e-06 0.00897066 -0.0171349 -6.15488e-06 0.000112903 -0.0171349 0.0869066 
0.0104957 -0.0187069 -1.02014e-05 5.05236e-06 -0.0187069 0.0902511 5.63128e-06 9.28462e-05 -1.02014e-05 5.63128e-06 0.00896838 -0.0171191 5.05236e-06 9.28462e-05 -0.0171191 0.0869084 
0.0104181 -0.0186043 -4.10339e-06 -2.1407e-06 -0.0186043 0.0897632 3.49871e-06 7.84638e-05 -4.10339e-06 3.49871e-06 0.00895142 -0.0169926 -2.1407e-06 7.84638e-05 -0.0169926 0.0863207 
0.0103842 -0.0185419 2.85198e-08 -9.56517e-06 -0.0185419 0.0895355 -7.44316e-07 8.23006e-05 2.85198e-08 -7.44316e-07 0.00896125 -0.0169928 -9.56517e-06 8.23006e-05 -0.0169928 0.0861379 
0.0104207 -0.0185532 5.42668e-06 -3.23658e-05 -0.0185532 0.0896017 -2.56774e-05 0.000144011 5.42668e-06 -2.56774e-05 0.00896072 -0.0170492 -3.23658e-05 0.000144011 -0.0170492 0.0863044 
0.0104737 -0.0186375 1.85901e-05 -2.76767e-05 -0.0186375 0.0898966 -2.61787e-05 0.000157686 1.85901e-05 -2.61787e-05 0.00896009 -0.0170924 -2.76767e-05 0.000157686 -0.0170924 0.0865853 
0.0105549 -0.0187336 3.69733e-05 -4.13139e-05 -0.0187336 0.0902604 -4.26144e-05 0.000182834 3.69733e-05 -4.26144e-05 0.00893266 -0.017096 -4.13139e-05 0.000182834 -0.017096 0.0867453 
0.0105694 -0.0187816 3.36811e-05 -4.54865e-05 -0.0187816 0.0903523 -4.84694e-05 0.000177654 3.36811e-05 -4.84694e-05 0.00891426 -0.0170367 -4.54865e-05 0.000177654 -0.0170367 0.0866084 
0.0106192 -0.0188964 4.95402e-05 -4.80123e-05 -0.0188964 0.0908956 -5.33278e-05 0.000192493 4.95402e-05 -5.33278e-05 0.00894126 -0.0171044 -4.80123e-05 0.000192493 -0.0171044 0.0869667 
0.0104353 -0.0186023 8.2537e-05 -8.05048e-05 -0.0186023 0.0895222 -8.26092e-05 0.000259026 8.2537e-05 -8.26092e-05 0.00880578 -0.0168154 -8.05048e-05 0.000259026 -0.0168154 0.0855604 
0.0105926 -0.0188859 0.000105214 -0.000121677 -0.0188859 0.0909645 -0.000123769 0.000353274 0.000105214 -0.000123769 0.00897563 -0.0170809 -0.000121677 0.000353274 -0.0170809 0.0869025 
0.0105629 -0.0188708 0.000116413 -0.00014198 -0.0188708 0.0909271 -0.00014898 0.000424744 0.000116413 -0.00014898 0.00902729 -0.0171052 -0.00014198 0.000424744 -0.0171052 0.0869078 
0.0103942 -0.0185335 0.000111107 -0.000147725 -0.0185335 0.0894272 -0.000158899 0.000456186 0.000111107 -0.000158899 0.00890003 -0.0169146 -0.000147725 0.000456186 -0.0169146 0.0857003 
0.0103991 -0.0184964 9.10077e-05 -0.000135 -0.0184964 0.0892437 -0.000143175 0.000435818 9.10077e-05 -0.000143175 0.00886746 -0.0169197 -0.000135 0.000435818 -0.0169197 0.0857155 
0.0104126 -0.0184987 6.52939e-05 -0.0001011 -0.0184987 0.0891705 -0.000107962 0.00035574 6.52939e-05 -0.000107962 0.00883549 -0.0168866 -0.0001011 0.00035574 -0.0168866 0.0856721 
0.010545 -0.0187937 6.2282e-05 -7.24022e-05 -0.0187937 0.0904914 -8.23585e-05 0.000283702 6.2282e-05 -8.23585e-05 0.00899051 -0.0170857 -7.24022e-05 0.000283702 -0.0170857 0.0868068 
0.0105175 -0.0187528 6.68498e-05 -8.17328e-05 -0.0187528 0.0903528 -9.17035e-05 0.000286398 6.68498e-05 -9.17035e-05 0.00899774 -0.0170725 -8.17328e-05 0.000286398 -0.0170725 0.0866049 
0.0105288 -0.0187601 8.29367e-05 -7.93955e-05 -0.0187601 0.0904261 -8.78163e-05 0.000278344 8.29367e-05 -8.78163e-05 0.00900866 -0.0171251 -7.93955e-05 0.000278344 -0.0171251 0.0867462 
0.010379 -0.0185327 8.75224e-05 -9.22334e-05 -0.0185327 0.0893227 -9.52233e-05 0.000279507 8.75224e-05 -9.52233e-05 0.00889821 -0.0169266 -9.22334e-05 0.000279507 -0.0169266 0.0857428 
0.0104191 -0.0185402 8.78133e-05 -0.000109946 -0.0185402 0.0894417 -0.000109184 0.000319805 8.78133e-05 -0.000109184 0.00887388 -0.0169521 -0.000109946 0.000319805 -0.0169521 0.0858973 
0.0105904 -0.0188396 8.03675e-05 -0.000129346 -0.0188396 0.0907701 -0.000128321 0.000389732 8.03675e-05 -0.000128321 0.00900079 -0.0171407 -0.000129346 0.000389732 -0.0171407 0.0870469 
0.0105591 -0.0188004 8.30462e-05 -0.000110344 -0.0188004 0.0905144 -0.000113493 0.000382232 8.30462e-05 -0.000113493 0.0089883 -0.0170694 -0.000110344 0.000382232 -0.0170694 0.0866567 
0.0105826 -0.0188557 8.33067e-05 -0.000100449 -0.0188557 0.0907971 -0.000103604 0.000343779 8.33067e-05 -0.000103604 0.00901574 -0.0171541 -0.000100449 0.000343779 -0.0171541 0.0869455 
0.0104631 -0.0185767 0.000101699 -0.000115298 -0.0185767 0.0894784 -0.000114309 0.000364102 0.000101699 -0.000114309 0.00884383 -0.0169117 -0.000115298 0.000364102 -0.0169117 0.085726 
0.0105293 -0.0186583 0.000106556 -0.000145932 -0.0186583 0.0897177 -0.000143875 0.000431696 0.000106556 -0.000143875 0.00881908 -0.0168828 -0.000145932 0.000431696 -0.0168828 0.0857925 
0.0105791 -0.0187549 0.000120008 -0.000142554 -0.0187549 0.0900401 -0.000140924 0.000445111 0.000120008 -0.000140924 0.00882246 -0.0168751 -0.000142554 0.000445111 -0.0168751 0.0858729 
0.0106093 -0.0188265 0.000108242 -0.000152159 -0.0188265 0.0903329 -0.000151882 0.000455598 0.000108242 -0.000151882 0.00883458 -0.016888 -0.000152159 0.000455598 -0.016888 0.0859681 
0.0106034 -0.0188667 8.85898e-05 -0.000144522 -0.0188667 0.0905206 -0.000151666 0.000471168 8.85898e-05 -0.000151666 0.00887289 -0.0168999 -0.000144522 0.000471168 -0.0168999 0.0860351 
0.0105882 -0.0188647 0.000101192 -0.000121227 -0.0188647 0.0906026 -0.00013459 0.000446653 0.000101192 -0.00013459 0.00892562 -0.0169425 -0.000121227 0.000446653 -0.0169425 0.0861323 
0.0105092 -0.0187546 0.000126819 -0.000127179 -0.0187546 0.0901957 -0.000139914 0.00042888 0.000126819 -0.000139914 0.00897092 -0.0169562 -0.000127179 0.00042888 -0.0169562 0.0859854 
0.0104878 -0.0186517 0.000143339 -0.000171978 -0.0186517 0.089859 -0.000174019 0.000501114 0.000143339 -0.000174019 0.00895769 -0.0170341 -0.000171978 0.000501114 -0.0170341 0.0860831 
0.0105183 -0.0186724 0.000158046 -0.000185314 -0.0186724 0.0899111 -0.000174504 0.000528427 0.000158046 -0.000174504 0.00894936 -0.0170848 -0.000185314 0.000528427 -0.0170848 0.0864022 
0.0105083 -0.0186966 0.000143898 -0.000201242 -0.0186966 0.0899416 -0.000185621 0.000550419 0.000143898 -0.000185621 0.00895421 -0.017061 -0.000201242 0.000550419 -0.017061 0.0864435 
0.010518 -0.0186983 9.48026e-05 -0.000186183 -0.0186983 0.0900106 -0.000171965 0.000543795 9.48026e-05 -0.000171965 0.00893594 -0.017071 -0.000186183 0.000543795 -0.017071 0.0864963 
0.0105183 -0.0186783 5.10037e-05 -0.000126339 -0.0186783 0.0898951 -0.000118124 0.000452033 5.10037e-05 -0.000118124 0.00889874 -0.0170102 -0.000126339 0.000452033 -0.0170102 0.0863144 
0.0105368 -0.0186633 3.52276e-05 -7.7404e-05 -0.0186633 0.0897789 -7.77021e-05 0.00034639 3.52276e-05 -7.77021e-05 0.00883979 -0.0169536 -7.7404e-05 0.00034639 -0.0169536 0.0861046 
0.0105172 -0.0186527 2.04684e-05 -6.22305e-05 -0.0186527 0.0895867 -6.48428e-05 0.000287924 2.04684e-05 -6.48428e-05 0.00881 -0.0168382 -6.22305e-05 0.000287924 -0.0168382 0.0857 
0.0106647 -0.0189479 1.84399e-05 -3.9569e-05 -0.0189479 0.0909954 -3.93712e-05 0.000228961 1.84399e-05 -3.93712e-05 0.00895909 -0.0170884 -3.9569e-05 0.000228961 -0.0170884 0.08692 
0.0104584 -0.0186185 1.64539e-05 -3.40382e-05 -0.0186185 0.0894813 -3.13101e-05 0.000187836 1.64539e-05 -3.13101e-05 0.00881958 -0.016828 -3.40382e-05 0.000187836 -0.016828 0.0854971 
0.0105915 -0.01887 1.49961e-05 -3.68743e-05 -0.01887 0.0907848 -3.23639e-05 0.00018322 1.49961e-05 -3.23639e-05 0.00897326 -0.017086 -3.68743e-05 0.00018322 -0.017086 0.0867951 
0.0105244 -0.0187338 7.11325e-06 -2.98761e-05 -0.0187338 0.0902158 -2.40784e-05 0.000162468 7.11325e-06 -2.40784e-05 0.00893799 -0.0170231 -2.98761e-05 0.000162468 -0.0170231 0.0863814 
0.0104368 -0.0185883 2.65176e-07 -2.88376e-05 -0.0185883 0.0895103 -2.54195e-05 0.000165941 2.65176e-07 -2.54195e-05 0.00889326 -0.0169095 -2.88376e-05 0.000165941 -0.0169095 0.0857828 
0.0104059 -0.0185965 2.89305e-05 -2.0814e-05 -0.0185965 0.0895721 -1.82464e-05 0.000156506 2.89305e-05 -1.82464e-05 0.00892594 -0.0169492 -2.0814e-05 0.000156506 -0.0169492 0.0859066 
0.0104399 -0.0186859 5.90516e-05 -5.12254e-05 -0.0186859 0.0901353 -4.59885e-05 0.000187039 5.90516e-05 -4.59885e-05 0.00899519 -0.0170886 -5.12254e-05 0.000187039 -0.0170886 0.0865372 
0.0104697 -0.0186618 5.77638e-05 -8.68988e-05 -0.0186618 0.0901403 -8.11213e-05 0.000259194 5.77638e-05 -8.11213e-05 0.00897458 -0.0171122 -8.68988e-05 0.000259194 -0.0171122 0.0866499 
0.0104932 -0.0186748 7.07784e-05 -8.75714e-05 -0.0186748 0.0901064 -8.49948e-05 0.000296933 7.07784e-05 -8.49948e-05 0.00894441 -0.0170721 -8.75714e-05 0.000296933 -0.0170721 0.0865856 
0.010515 -0.0187171 8.41074e-05 -0.000108654 -0.0187171 0.0901868 -0.000111123 0.000353097 8.41074e-05 -0.000111123 0.0089232 -0.0170208 -0.000108654 0.000353097 -0.0170208 0.0864552 
0.010545 -0.0188121 0.0001274 -0.000126088 -0.0188121 0.0905807 -0.000135468 0.000416129 0.0001274 -0.000135468 0.00895099 -0.0170397 -0.000126088 0.000416129 -0.0170397 0.0866078 
0.0105502 -0.0188214 0.000128046 -0.000153812 -0.0188214 0.0906929 -0.000165426 0.000453323 0.000128046 -0.000165426 0.00895656 -0.0170603 -0.000153812 0.000453323 -0.0170603 0.086658 
0.0105061 -0.0188054 0.000151627 -0.000155158 -0.0188054 0.0906574 -0.000165055 0.000472983 0.000151627 -0.000165055 0.00898965 -0.0170593 -0.000155158 0.000472983 -0.0170593 0.0866502 
0.0104381 -0.0186721 0.00016004 -0.000182306 -0.0186721 0.0901918 -0.000189142 0.000508948 0.00016004 -0.000189142 0.00898944 -0.0170407 -0.000182306 0.000508948 -0.0170407 0.0863968 
0.0103951 -0.0186107 0.000163122 -0.000200423 -0.0186107 0.0899371 -0.000203421 0.000560002 0.000163122 -0.000203421 0.00901404 -0.017045 -0.000200423 0.000560002 -0.017045 0.0863262 
0.01037 -0.0185024 0.000144952 -0.000193269 -0.0185024 0.089479 -0.000194467 0.000550967 0.000144952 -0.000194467 0.00898649 -0.0170297 -0.000193269 0.000550967 -0.0170297 0.0860942 
0.0105144 -0.0187633 0.000123177 -0.000172545 -0.0187633 0.0906256 -0.000172479 0.000513635 0.000123177 -0.000172479 0.0091177 -0.0172623 -0.000172545 0.000513635 -0.0172623 0.0872722 
0.010464 -0.0187538 0.000129975 -0.000143226 -0.0187538 0.09052 -0.000144449 0.000448791 0.000129975 -0.000144449 0.00914868 -0.0172484 -0.000143226 0.000448791 -0.0172484 0.0871547 
0.0103502 -0.0185283 0.000140006 -0.000146245 -0.0185283 0.0895775 -0.0001481 0.000417977 0.000140006 -0.0001481 0.00904855 -0.017138 -0.000146245 0.000417977 -0.017138 0.0863939 
0.0103925 -0.0185901 0.000142709 -0.000178866 -0.0185901 0.0898934 -0.000181213 0.00048834 0.000142709 -0.000181213 0.0090657 -0.0172048 -0.000178866 0.00048834 -0.0172048 0.0868058 
0.0104434 -0.0186852 0.000153806 -0.000188069 -0.0186852 0.0903114 -0.000190639 0.000545872 0.000153806 -0.000190639 0.00909027 -0.0172415 -0.000188069 0.000545872 -0.0172415 0.0871265 
0.0104864 -0.0187212 0.000147549 -0.000197602 -0.0187212 0.0904938 -0.00020308 0.000579057 0.000147549 -0.00020308 0.0090817 -0.0172576 -0.000197602 0.000579057 -0.0172576 0.087239 
0.0105189 -0.0187432 0.000134563 -0.000190804 -0.0187432 0.0905218 -0.000196494 0.00058484 0.000134563 -0.000196494 0.00905852 -0.0172271 -0.000190804 0.00058484 -0.0172271 0.0871744 
0.010533 -0.0187673 0.000124641 -0.000167736 -0.0187673 0.0905395 -0.000167922 0.000532733 0.000124641 -0.000167922 0.00903416 -0.0171958 -0.000167736 0.000532733 -0.0171958 0.0870815 
0.0105818 -0.0188155 0.000126056 -0.000157881 -0.0188155 0.090719 -0.000149808 0.000483088 0.000126056 -0.000149808 0.00900497 -0.0171921 -0.000157881 0.000483088 -0.0171921 0.0871321 
0.0106161 -0.0188258 0.000131131 -0.000160178 -0.0188258 0.0906706 -0.00014413 0.000457309 0.000131131 -0.00014413 0.00893529 -0.0171268 -0.000160178 0.000457309 -0.0171268 0.0869398 
0.010631 -0.0188885 0.000130811 -0.000182151 -0.0188885 0.0908128 -0.000157107 0.000490082 0.000130811 -0.000157107 0.00891086 -0.0170578 -0.000182151 0.000490082 -0.0170578 0.0868106 
0.0106108 -0.0188823 9.71079e-05 -0.000178795 -0.0188823 0.0907837 -0.000149632 0.000491904 9.71079e-05 -0.000149632 0.0088944 -0.0169974 -0.000178795 0.000491904 -0.0169974 0.0865681 
0.010597 -0.0188856 7.01437e-05 -0.000132159 -0.0188856 0.0908282 -0.00011329 0.000424809 7.01437e-05 -0.00011329 0.00891302 -0.0169775 -0.000132159 0.000424809 -0.0169775 0.0864732 
0.0105553 -0.0188341 4.57835e-05 -8.55737e-05 -0.0188341 0.090634 -8.5715e-05 0.0003274 4.57835e-05 -8.5715e-05 0.00894264 -0.0169591 -8.55737e-05 0.0003274 -0.0169591 0.0862736 
0.0105655 -0.0188728 3.65821e-05 -5.47158e-05 -0.0188728 0.0909024 -7.19422e-05 0.000264853 3.65821e-05 -7.19422e-05 0.00901573 -0.0170877 -5.47158e-05 0.000264853 -0.0170877 0.0866968 
0.0105544 -0.0188359 1.19186e-05 -3.91901e-05 -0.0188359 0.0908362 -6.25674e-05 0.000217282 1.19186e-05 -6.25674e-05 0.00904437 -0.0171687 -3.91901e-05 0.000217282 -0.0171687 0.0869374 
0.0105455 -0.0187895 -9.57617e-06 -3.16875e-06 -0.0187895 0.0906413 -2.50927e-05 0.000136747 -9.57617e-06 -2.50927e-05 0.00905237 -0.0171916 -3.16875e-06 0.000136747 -0.0171916 0.0870052 
0.0105761 -0.0187869 1.45621e-05 3.53666e-06 -0.0187869 0.0905982 -9.57293e-06 0.000105334 1.45621e-05 -9.57293e-06 0.00903693 -0.0172264 3.53666e-06 0.000105334 -0.0172264 0.0871434 
0.0106355 -0.0188679 6.17866e-05 -3.72886e-05 -0.0188679 0.0908322 -3.46533e-05 0.000151508 6.17866e-05 -3.46533e-05 0.00902821 -0.0172372 -3.72886e-05 0.000151508 -0.0172372 0.0873259 
0.0106485 -0.0189189 0.000113901 -0.000106909 -0.0189189 0.0909491 -9.50446e-05 0.000288036 0.000113901 -9.50446e-05 0.00902567 -0.017202 -0.000106909 0.000288036 -0.017202 0.0872624 
0.0105038 -0.0186967 0.000131414 -0.000168802 -0.0186967 0.089879 -0.000156898 0.000445201 0.000131414 -0.000156898 0.00890525 -0.0169801 -0.000168802 0.000445201 -0.0169801 0.0861221 
0.0105482 -0.0187572 0.000120546 -0.00019021 -0.0187572 0.0902451 -0.00018072 0.000547027 0.000120546 -0.00018072 0.00889683 -0.0170376 -0.00019021 0.000547027 -0.0170376 0.0864373 
0.0105578 -0.0187786 0.000120935 -0.000162666 -0.0187786 0.0903364 -0.000160244 0.000527739 0.000120935 -0.000160244 0.00890114 -0.0169974 -0.000162666 0.000527739 -0.0169974 0.086426 
0.0105368 -0.0187262 0.000113727 -0.000154429 -0.0187262 0.090093 -0.000159506 0.000497335 0.000113727 -0.000159506 0.00887988 -0.0169351 -0.000154429 0.000497335 -0.0169351 0.0861066 
0.0104986 -0.0186736 0.000101734 -0.000145304 -0.0186736 0.0898352 -0.00015324 0.000476227 0.000101734 -0.00015324 0.00888221 -0.0169044 -0.000145304 0.000476227 -0.0169044 0.0858872 
0.010583 -0.0187224 8.72865e-05 -0.000134853 -0.0187224 0.09008 -0.00014215 0.000458198 8.72865e-05 -0.00014215 0.00885523 -0.0169729 -0.000134853 0.000458198 -0.0169729 0.0861509 
0.0105657 -0.0187421 8.47743e-05 -0.000114436 -0.0187421 0.0899635 -0.00011671 0.00040509 8.47743e-05 -0.00011671 0.00884203 -0.0168852 -0.000114436 0.00040509 -0.0168852 0.085917 
0.0105721 -0.0187407 8.67978e-05 -0.000104704 -0.0187407 0.0899871 -0.000100309 0.000349668 8.67978e-05 -0.000100309 0.00882842 -0.0168923 -0.000104704 0.000349668 -0.0168923 0.085882 
0.0105822 -0.0187506 9.25783e-05 -0.00011594 -0.0187506 0.0900116 -0.000107733 0.000354316 9.25783e-05 -0.000107733 0.00879669 -0.016879 -0.00011594 0.000354316 -0.016879 0.0858672 
0.010567 -0.0186998 6.70806e-05 -0.000122216 -0.0186998 0.08972 -0.000112161 0.000366679 6.70806e-05 -0.000112161 0.00872493 -0.0167679 -0.000122216 0.000366679 -0.0167679 0.0854513 
0.0107065 -0.0189424 1.58298e-05 -9.36175e-05 -0.0189424 0.0907924 -8.87962e-05 0.000337931 1.58298e-05 -8.87962e-05 0.00880857 -0.0168953 -9.36175e-05 0.000337931 -0.0168953 0.0862448 
