0.00686919 0 0.000711298 0 0 0.00988373 0 0 0.000711298 0 0.00728284 0 0 0 0 0.00988373 
0.00993892 -0.0123429 0.000981197 -0.00119233 -0.0123429 0.0328608 -0.00119233 0.0022859 0.000981197 -0.00119233 0.0103761 -0.0128762 -0.00119233 0.0022859 -0.0128762 0.0338841 
0.00987588 -0.0185533 0.000868114 -0.00123606 -0.0185533 0.0684206 -0.00123606 0.00383463 0.000868114 -0.00123606 0.010247 -0.0190196 -0.00123606 0.00383463 -0.0190196 0.0698618 
0.00937937 -0.01826 0.000778831 -0.000848792 -0.01826 0.0822186 -0.000841015 0.00246203 0.000778831 -0.000841015 0.0096008 -0.0184873 -0.000848792 0.00246203 -0.0184873 0.0825098 
0.00945002 -0.0178586 0.000846467 -0.000834709 -0.0178586 0.0866061 -0.00082087 0.00194638 0.000846467 -0.00082087 0.00966465 -0.017927 -0.000834709 0.00194638 -0.017927 0.0859909 
0.00950743 -0.0177454 0.000893094 -0.000920629 -0.0177454 0.0877039 -0.000910756 0.00203548 0.000893094 -0.000910756 0.00987824 -0.0179173 -0.000920629 0.00203548 -0.0179173 0.0872453 
0.00957802 -0.0178017 0.000905209 -0.000999647 -0.0178017 0.0883964 -0.000994764 0.00228108 0.000905209 -0.000994764 0.010052 -0.0181565 -0.000999647 0.00228108 -0.0181565 0.0884598 
0.00951319 -0.0175858 0.000877903 -0.000998208 -0.0175858 0.0874296 -0.000995657 0.00235999 0.000877903 -0.000995657 0.0099803 -0.0180451 -0.000998208 0.00235999 -0.0180451 0.0879484 
0.00953114 -0.0176312 0.000848815 -0.000964635 -0.0176312 0.0875095 -0.000962665 0.00231307 0.000848815 -0.000962665 0.0100269 -0.0180767 -0.000964635 0.00231307 -0.0180767 0.0881878 
0.00953779 -0.0176518 0.000842654 -0.000927242 -0.0176518 0.0875743 -0.000928077 0.00222419 0.000842654 -0.000928077 0.010062 -0.0181208 -0.000927242 0.00222419 -0.0181208 0.0883054 
0.00963364 -0.0178041 0.000837024 -0.000918765 -0.0178041 0.0883084 -0.000919633 0.00216597 0.000837024 -0.000919633 0.0101438 -0.0183073 -0.000918765 0.00216597 -0.0183073 0.0891027 
0.00966443 -0.017841 0.000838745 -0.000902773 -0.017841 0.0883936 -0.000899142 0.00210818 0.000838745 -0.000899142 0.0100888 -0.0183088 -0.000902773 0.00210818 -0.0183088 0.089138 
0.00968558 -0.0178458 0.000847608 -0.000911843 -0.0178458 0.0883528 -0.000909089 0.00211108 0.000847608 -0.000909089 0.0100106 -0.0182368 -0.000911843 0.00211108 -0.0182368 0.0889784 
0.0096726 -0.0178917 0.000843687 -0.000931894 -0.0178917 0.0884588 -0.00093366 0.00216541 0.000843687 -0.00093366 0.0100005 -0.0181494 -0.000931894 0.00216541 -0.0181494 0.0887957 
0.00966475 -0.0179232 0.000836304 -0.000923574 -0.0179232 0.0886951 -0.00092956 0.00217714 0.000836304 -0.00092956 0.0100267 -0.0181655 -0.000923574 0.00217714 -0.0181655 0.0888555 
0.00964501 -0.0178715 0.000833836 -0.00090995 -0.0178715 0.0885908 -0.000916285 0.00215124 0.000833836 -0.000916285 0.0100353 -0.0181775 -0.00090995 0.00215124 -0.0181775 0.0888321 
0.00964745 -0.0179105 0.000818911 -0.000905378 -0.0179105 0.0887962 -0.000907114 0.00212183 0.000818911 -0.000907114 0.0100752 -0.0182343 -0.000905378 0.00212183 -0.0182343 0.0890961 
0.00960851 -0.0178495 0.000789209 -0.00088405 -0.0178495 0.0885555 -0.000887377 0.00207751 0.000789209 -0.000887377 0.0100717 -0.0181923 -0.00088405 0.00207751 -0.0181923 0.0888706 
0.00951157 -0.0176834 0.000797072 -0.00085154 -0.0176834 0.0877993 -0.000855696 0.00201556 0.000797072 -0.000855696 0.0100104 -0.01807 -0.00085154 0.00201556 -0.01807 0.0881865 
0.00960827 -0.0178478 0.000834075 -0.000877886 -0.0178478 0.0887107 -0.000880256 0.00203675 0.000834075 -0.000880256 0.0101343 -0.0183162 -0.000877886 0.00203675 -0.0183162 0.0892938 
0.00955185 -0.0176572 0.000842398 -0.00090531 -0.0176572 0.0877976 -0.000908083 0.00208004 0.000842398 -0.000908083 0.0100354 -0.0181789 -0.00090531 0.00208004 -0.0181789 0.0885907 
0.00958125 -0.0177445 0.000846358 -0.000923563 -0.0177445 0.0880692 -0.000924296 0.00213468 0.000846358 -0.000924296 0.0100653 -0.0182406 -0.000923563 0.00213468 -0.0182406 0.0889388 
0.00951143 -0.0177436 0.000851963 -0.000934575 -0.0177436 0.0880507 -0.000934943 0.00218349 0.000851963 -0.000934943 0.0101043 -0.0182207 -0.000934575 0.00218349 -0.0182207 0.0888832 
0.00952035 -0.0177898 0.000833178 -0.000937207 -0.0177898 0.0885388 -0.00093705 0.00219501 0.000833178 -0.00093705 0.0101833 -0.0183875 -0.000937207 0.00219501 -0.0183875 0.0895253 
0.00946891 -0.0177087 0.000827893 -0.000907937 -0.0177087 0.0883322 -0.000903349 0.00213935 0.000827893 -0.000903349 0.0102106 -0.0184077 -0.000907937 0.00213935 -0.0184077 0.0895931 
0.00952074 -0.0176607 0.000815661 -0.000903748 -0.0176607 0.0882355 -0.000895953 0.00210202 0.000815661 -0.000895953 0.0101767 -0.0184626 -0.000903748 0.00210202 -0.0184626 0.089775 
0.00958181 -0.0176348 0.000785608 -0.000896297 -0.0176348 0.0878603 -0.000890214 0.00209275 0.000785608 -0.000890214 0.0100587 -0.0183306 -0.000896297 0.00209275 -0.0183306 0.0893473 
0.00961505 -0.0177872 0.000792732 -0.000860916 -0.0177872 0.0881767 -0.000862537 0.00204793 0.000792732 -0.000862537 0.0100349 -0.0182361 -0.000860916 0.00204793 -0.0182361 0.0891831 
0.00961571 -0.0178614 0.000816689 -0.000862958 -0.0178614 0.0885425 -0.000869965 0.00202582 0.000816689 -0.000869965 0.0100458 -0.0182281 -0.000862958 0.00202582 -0.0182281 0.0891773 
0.00961642 -0.0178332 0.000827523 -0.000896886 -0.0178332 0.0885668 -0.000905146 0.00208097 0.000827523 -0.000905146 0.0100514 -0.018236 -0.000896886 0.00208097 -0.018236 0.0891673 
0.00954869 -0.0177201 0.000812826 -0.000910245 -0.0177201 0.0880028 -0.000914628 0.00212805 0.000812826 -0.000914628 0.0100342 -0.0181273 -0.000910245 0.00212805 -0.0181273 0.0886229 
0.00954257 -0.0177081 0.000798084 -0.00090467 -0.0177081 0.0879572 -0.000902555 0.00214165 0.000798084 -0.000902555 0.0100784 -0.0181727 -0.00090467 0.00214165 -0.0181727 0.0886655 
0.00961693 -0.0177996 0.000768341 -0.000875148 -0.0177996 0.088407 -0.000867455 0.00207148 0.000768341 -0.000867455 0.0101368 -0.0183329 -0.000875148 0.00207148 -0.0183329 0.089276 
0.00971357 -0.0178952 0.000766099 -0.0008266 -0.0178952 0.0887916 -0.000815996 0.00194772 0.000766099 -0.000815996 0.0101178 -0.0184248 -0.0008266 0.00194772 -0.0184248 0.0897436 
0.00960285 -0.017706 0.00076815 -0.000809139 -0.017706 0.0876331 -0.000796329 0.00185244 0.00076815 -0.000796329 0.00992477 -0.0180888 -0.000809139 0.00185244 -0.0180888 0.0883817 
0.00979827 -0.0180075 0.000803268 -0.000842863 -0.0180075 0.0890854 -0.000828814 0.00189859 0.000803268 -0.000828814 0.0100261 -0.018316 -0.000842863 0.00189859 -0.018316 0.0896318 
0.00979018 -0.0180429 0.000822465 -0.000885627 -0.0180429 0.0891039 -0.00087043 0.00199539 0.000822465 -0.00087043 0.0100207 -0.01823 -0.000885627 0.00199539 -0.01823 0.0893854 
0.00983692 -0.0180709 0.000830137 -0.000917112 -0.0180709 0.0892745 -0.000908849 0.00210889 0.000830137 -0.000908849 0.0100031 -0.0182526 -0.000917112 0.00210889 -0.0182526 0.0894187 
0.00981967 -0.0180869 0.000833873 -0.000918166 -0.0180869 0.0892468 -0.000917832 0.00215576 0.000833873 -0.000917832 0.0100302 -0.0182145 -0.000918166 0.00215576 -0.0182145 0.0893086 
0.00974425 -0.0179066 0.000816758 -0.000902062 -0.0179066 0.0883791 -0.000899319 0.00212291 0.000816758 -0.000899319 0.00989641 -0.0180524 -0.000902062 0.00212291 -0.0180524 0.0883868 
0.00979391 -0.0179971 0.00080054 -0.000895954 -0.0179971 0.0887343 -0.000892122 0.00211134 0.00080054 -0.000892122 0.00989367 -0.0180741 -0.000895954 0.00211134 -0.0180741 0.0886237 
0.00977803 -0.0179795 0.000791656 -0.000880411 -0.0179795 0.0886063 -0.00088277 0.00209817 0.000791656 -0.00088277 0.00985973 -0.0179835 -0.000880411 0.00209817 -0.0179835 0.0883025 
0.0098864 -0.0181612 0.00080512 -0.000876713 -0.0181612 0.0895413 -0.000884102 0.00209503 0.00080512 -0.000884102 0.00998029 -0.0181716 -0.000876713 0.00209503 -0.0181716 0.0891937 
0.00971103 -0.0178552 0.000787356 -0.000864498 -0.0178552 0.0879906 -0.0008757 0.00205618 0.000787356 -0.0008757 0.00981095 -0.0178665 -0.000864498 0.00205618 -0.0178665 0.0876307 
0.00987713 -0.0181514 0.000778839 -0.000883961 -0.0181514 0.0894527 -0.000892644 0.00210992 0.000778839 -0.000892644 0.00998374 -0.0181664 -0.000883961 0.00210992 -0.0181664 0.0890852 
0.0097206 -0.0179239 0.000761499 -0.000847954 -0.0179239 0.0882962 -0.000850223 0.00204682 0.000761499 -0.000850223 0.00986451 -0.0179338 -0.000847954 0.00204682 -0.0179338 0.0879119 
0.00967762 -0.0178407 0.000771862 -0.000833556 -0.0178407 0.0880317 -0.000825076 0.00198381 0.000771862 -0.000825076 0.00984474 -0.0179237 -0.000833556 0.00198381 -0.0179237 0.0877886 
0.00974282 -0.0180262 0.000805125 -0.000867577 -0.0180262 0.0890333 -0.000853448 0.00202593 0.000805125 -0.000853448 0.0100113 -0.0181642 -0.000867577 0.00202593 -0.0181642 0.0889746 
0.0096284 -0.0178125 0.00082354 -0.000886614 -0.0178125 0.088182 -0.000875076 0.00206368 0.00082354 -0.000875076 0.00996049 -0.0180773 -0.000886614 0.00206368 -0.0180773 0.0884 
0.00963994 -0.0177852 0.000831452 -0.000921124 -0.0177852 0.0881155 -0.000910784 0.00214532 0.000831452 -0.000910784 0.00996511 -0.018121 -0.000921124 0.00214532 -0.018121 0.0885632 
0.00965488 -0.017821 0.000844497 -0.000937852 -0.017821 0.0882121 -0.000929241 0.00221757 0.000844497 -0.000929241 0.00996673 -0.0181369 -0.000937852 0.00221757 -0.0181369 0.088701 
0.00971268 -0.0178847 0.000824077 -0.000949544 -0.0178847 0.0885055 -0.000944036 0.00225791 0.000824077 -0.000944036 0.00997026 -0.0181786 -0.000949544 0.00225791 -0.0181786 0.0889552 
0.00969988 -0.0177864 0.000821612 -0.000918487 -0.0177864 0.0879145 -0.000915362 0.00222621 0.000821612 -0.000915362 0.00986949 -0.0180098 -0.000918487 0.00222621 -0.0180098 0.0882306 
0.00970828 -0.0178516 0.000811175 -0.000913668 -0.0178516 0.0880179 -0.000913896 0.00219554 0.000811175 -0.000913896 0.00986964 -0.0179669 -0.000913668 0.00219554 -0.0179669 0.0880988 
0.00976203 -0.0179619 0.000792408 -0.000894139 -0.0179619 0.0885542 -0.000900438 0.00215542 0.000792408 -0.000900438 0.00991254 -0.0180611 -0.000894139 0.00215542 -0.0180611 0.0884959 
0.00979658 -0.0181048 0.00082024 -0.000872855 -0.0181048 0.0892457 -0.000882016 0.00211053 0.00082024 -0.000882016 0.00999228 -0.018173 -0.000872855 0.00211053 -0.018173 0.0890776 
0.00962216 -0.0178717 0.000844917 -0.000881523 -0.0178717 0.0882406 -0.000888725 0.00207309 0.000844917 -0.000888725 0.00990486 -0.0179692 -0.000881523 0.00207309 -0.0179692 0.0880453 
0.00960269 -0.0178472 0.000857391 -0.000924062 -0.0178472 0.0884054 -0.00093192 0.00214028 0.000857391 -0.00093192 0.00997263 -0.0180688 -0.000924062 0.00214028 -0.0180688 0.0884172 
0.00956752 -0.017762 0.000851208 -0.000940463 -0.017762 0.0881635 -0.000954 0.00221005 0.000851208 -0.000954 0.0100033 -0.0181009 -0.000940463 0.00221005 -0.0181009 0.0884675 
0.00950068 -0.0176695 0.00083367 -0.000932431 -0.0176695 0.0877705 -0.000951059 0.00222948 0.00083367 -0.000951059 0.0100438 -0.0181002 -0.000932431 0.00222948 -0.0181002 0.088351 
0.00951107 -0.0176556 0.0008289 -0.000915785 -0.0176556 0.0877988 -0.00092881 0.00220284 0.0008289 -0.00092881 0.0100968 -0.0182092 -0.000915785 0.00220284 -0.0182092 0.0886678 
0.00952355 -0.0175871 0.000810858 -0.000894326 -0.0175871 0.0874367 -0.000903254 0.00213046 0.000810858 -0.000903254 0.0100535 -0.018194 -0.000894326 0.00213046 -0.018194 0.0885124 
0.00955798 -0.0176729 0.000816215 -0.000863664 -0.0176729 0.0876418 -0.000874032 0.00204358 0.000816215 -0.000874032 0.0100485 -0.0182068 -0.000863664 0.00204358 -0.0182068 0.0886668 
0.00962844 -0.0177155 0.000833953 -0.000875281 -0.0177155 0.0877869 -0.000885851 0.00203208 0.000833953 -0.000885851 0.00996994 -0.0181799 -0.000875281 0.00203208 -0.0181799 0.088629 
0.00969972 -0.0178342 0.000817069 -0.000908839 -0.0178342 0.0881421 -0.000913842 0.00209098 0.000817069 -0.000913842 0.00993236 -0.0181214 -0.000908839 0.00209098 -0.0181214 0.0886423 
0.00970267 -0.0178799 0.000776897 -0.000902896 -0.0178799 0.0882429 -0.000897919 0.00211805 0.000776897 -0.000897919 0.00990961 -0.0180335 -0.000902896 0.00211805 -0.0180335 0.0883684 
0.00972244 -0.0179339 0.000757163 -0.000857136 -0.0179339 0.088515 -0.000842171 0.00204163 0.000757163 -0.000842171 0.00991974 -0.0180382 -0.000857136 0.00204163 -0.0180382 0.0883926 
0.00970455 -0.01788 0.000751035 -0.000834732 -0.01788 0.08829 -0.000813572 0.00196394 0.000751035 -0.000813572 0.00988003 -0.0179821 -0.000834732 0.00196394 -0.0179821 0.0880987 
0.00969832 -0.0178809 0.000774552 -0.000823947 -0.0178809 0.0882587 -0.000800572 0.00191056 0.000774552 -0.000800572 0.00987084 -0.0179538 -0.000823947 0.00191056 -0.0179538 0.0880044 
0.00972204 -0.0179074 0.000801304 -0.000848855 -0.0179074 0.088397 -0.000831279 0.00193194 0.000801304 -0.000831279 0.00988648 -0.0179742 -0.000848855 0.00193194 -0.0179742 0.0881028 
0.00973557 -0.0178397 0.000821561 -0.000876363 -0.0178397 0.0880591 -0.000866399 0.00199919 0.000821561 -0.000866399 0.00982543 -0.0179274 -0.000876363 0.00199919 -0.0179274 0.0878281 
0.00978737 -0.017941 0.000831451 -0.000916321 -0.017941 0.0883502 -0.000910854 0.00211383 0.000831451 -0.000910854 0.00982931 -0.017943 -0.000916321 0.00211383 -0.017943 0.088023 
0.00983644 -0.0180564 0.00082038 -0.000923864 -0.0180564 0.0888157 -0.000924423 0.00217543 0.00082038 -0.000924423 0.00986632 -0.017977 -0.000923864 0.00217543 -0.017977 0.0882742 
0.00980273 -0.0180538 0.000836344 -0.000901429 -0.0180538 0.0888275 -0.000911383 0.00216544 0.000836344 -0.000911383 0.009915 -0.0179788 -0.000901429 0.00216544 -0.0179788 0.0882292 
0.00979393 -0.0180627 0.000832885 -0.000912856 -0.0180627 0.0890341 -0.0009208 0.00215865 0.000832885 -0.0009208 0.0100027 -0.0181172 -0.000912856 0.00215865 -0.0181172 0.0886658 
0.00978254 -0.017966 0.000814712 -0.000915699 -0.017966 0.0886727 -0.000913526 0.00216413 0.000814712 -0.000913526 0.00998938 -0.0181345 -0.000915699 0.00216413 -0.0181345 0.0885986 
0.0098246 -0.0180013 0.000817707 -0.000897497 -0.0180013 0.0887335 -0.000884741 0.00212624 0.000817707 -0.000884741 0.00996034 -0.0181676 -0.000897497 0.00212624 -0.0181676 0.0887787 
0.00985868 -0.0181063 0.000837383 -0.000894859 -0.0181063 0.0890893 -0.000880845 0.00209132 0.000837383 -0.000880845 0.00995194 -0.0181573 -0.000894859 0.00209132 -0.0181573 0.0889403 
0.00988599 -0.0181677 0.000856531 -0.000920783 -0.0181677 0.0893997 -0.000915016 0.00213479 0.000856531 -0.000915016 0.00995099 -0.0181473 -0.000920783 0.00213479 -0.0181473 0.0890094 
0.0099535 -0.0182387 0.000874169 -0.000953472 -0.0182387 0.089762 -0.000955168 0.00223149 0.000874169 -0.000955168 0.00994742 -0.0181725 -0.000953472 0.00223149 -0.0181725 0.089192 
0.00977914 -0.0179442 0.000859577 -0.000959247 -0.0179442 0.0882258 -0.000959779 0.00226977 0.000859577 -0.000959779 0.00976094 -0.0178125 -0.000959247 0.00226977 -0.0178125 0.087525 
0.00989651 -0.0181953 0.000862133 -0.000977998 -0.0181953 0.0895065 -0.00097642 0.00234198 0.000862133 -0.00097642 0.00992876 -0.0180652 -0.000977998 0.00234198 -0.0180652 0.088762 
0.00973692 -0.0179734 0.000837071 -0.000950829 -0.0179734 0.0885303 -0.000949883 0.0022995 0.000837071 -0.000949883 0.0098977 -0.017921 -0.000950829 0.0022995 -0.017921 0.0879295 
0.00962329 -0.0178215 0.00083112 -0.000921847 -0.0178215 0.0879875 -0.00092085 0.00223277 0.00083112 -0.00092085 0.00994301 -0.0179282 -0.000921847 0.00223277 -0.0179282 0.0877094 
0.0095923 -0.0177301 0.000828619 -0.000912153 -0.0177301 0.0877598 -0.000913235 0.00218622 0.000828619 -0.000913235 0.00997934 -0.0180406 -0.000912153 0.00218622 -0.0180406 0.0879571 
0.00965818 -0.0178333 0.000832382 -0.000912162 -0.0178333 0.0882986 -0.000918686 0.00217843 0.000832382 -0.000918686 0.0100432 -0.0182333 -0.000912162 0.00217843 -0.0182333 0.0888456 
0.00972054 -0.0178924 0.00083264 -0.000905096 -0.0178924 0.0885912 -0.000916783 0.0021567 0.00083264 -0.000916783 0.0100529 -0.0183015 -0.000905096 0.0021567 -0.0183015 0.0892881 
0.00974504 -0.0178961 0.00082395 -0.000898082 -0.0178961 0.0884861 -0.000915397 0.00213768 0.00082395 -0.000915397 0.00998561 -0.0182233 -0.000898082 0.00213768 -0.0182233 0.0890757 
0.00969424 -0.0178636 0.00081444 -0.000889142 -0.0178636 0.0881728 -0.000906018 0.00212063 0.00081444 -0.000906018 0.00994664 -0.0180676 -0.000889142 0.00212063 -0.0180676 0.0884983 
0.00969431 -0.0178499 0.000807661 -0.000885272 -0.0178499 0.0881618 -0.000897952 0.00210933 0.000807661 -0.000897952 0.00991735 -0.0180578 -0.000885272 0.00210933 -0.0180578 0.0883628 
0.00970419 -0.0177848 0.000810821 -0.000884882 -0.0177848 0.0878085 -0.000893132 0.00210898 0.000810821 -0.000893132 0.00981473 -0.0179441 -0.000884882 0.00210898 -0.0179441 0.0878946 
0.00985776 -0.0181366 0.000844329 -0.000917331 -0.0181366 0.0893575 -0.000917063 0.00217309 0.000844329 -0.000917063 0.00998966 -0.0181791 -0.000917331 0.00217309 -0.0181791 0.0892309 
0.0098322 -0.0181229 0.000848528 -0.00093432 -0.0181229 0.0893832 -0.000928191 0.00219442 0.000848528 -0.000928191 0.0100149 -0.0182051 -0.00093432 0.00219442 -0.0182051 0.0892297 
0.00964428 -0.017794 0.000831541 -0.000925846 -0.017794 0.0878558 -0.00092407 0.0021879 0.000831541 -0.00092407 0.00988418 -0.0179328 -0.000925846 0.0021879 -0.0179328 0.0878039 
0.00965651 -0.0178203 0.000834475 -0.000923651 -0.0178203 0.0880349 -0.000927526 0.00220432 0.000834475 -0.000927526 0.00993419 -0.0180107 -0.000923651 0.00220432 -0.0180107 0.0880877 
0.00964245 -0.0178419 0.000842567 -0.000923966 -0.0178419 0.0881657 -0.000927245 0.00220526 0.000842567 -0.000927245 0.00999078 -0.0180725 -0.000923966 0.00220526 -0.0180725 0.0883207 
0.00962573 -0.0177889 0.00082985 -0.000920218 -0.0177889 0.0880377 -0.000915373 0.00217018 0.00082985 -0.000915373 0.0100114 -0.0181217 -0.000920218 0.00217018 -0.0181217 0.088414 
0.00962056 -0.0178029 0.000824105 -0.000912538 -0.0178029 0.0880954 -0.00090573 0.00215176 0.000824105 -0.00090573 0.0100462 -0.0181596 -0.000912538 0.00215176 -0.0181596 0.0885777 
0.0095665 -0.0177492 0.000842123 -0.000904369 -0.0177492 0.0878945 -0.000904318 0.00214103 0.000842123 -0.000904318 0.0100515 -0.018156 -0.000904369 0.00214103 -0.018156 0.0884826 
0.00954972 -0.0176682 0.000856772 -0.000925454 -0.0176682 0.0876213 -0.000925428 0.00216642 0.000856772 -0.000925428 0.00999669 -0.0181399 -0.000925454 0.00216642 -0.0181399 0.0883468 
0.00958321 -0.0177397 0.000869946 -0.000946611 -0.0177397 0.0879081 -0.000938422 0.00220405 0.000869946 -0.000938422 0.00998731 -0.0181541 -0.000946611 0.00220405 -0.0181541 0.088592 
0.00957592 -0.0177461 0.000873123 -0.000963075 -0.0177461 0.0879676 -0.000953803 0.00224315 0.000873123 -0.000953803 0.00998581 -0.0181229 -0.000963075 0.00224315 -0.0181229 0.0885673 
0.00960985 -0.0177082 0.000855323 -0.000957448 -0.0177082 0.0878774 -0.000955822 0.002247 0.000855323 -0.000955822 0.00997208 -0.0181275 -0.000957448 0.002247 -0.0181275 0.0885525 
0.00960248 -0.0177275 0.000850735 -0.000930369 -0.0177275 0.0877844 -0.000936619 0.00220898 0.000850735 -0.000936619 0.00998311 -0.0180811 -0.000930369 0.00220898 -0.0180811 0.0883951 
0.00961784 -0.0177586 0.000841238 -0.000922126 -0.0177586 0.0879 -0.000931868 0.00217633 0.000841238 -0.000931868 0.00999701 -0.0181045 -0.000922126 0.00217633 -0.0181045 0.0884117 
0.00962953 -0.0178452 0.000834338 -0.000909351 -0.0178452 0.088292 -0.000921824 0.00214591 0.000834338 -0.000921824 0.010053 -0.0181803 -0.000909351 0.00214591 -0.0181803 0.0887425 
0.0097009 -0.0179232 0.000833659 -0.000906204 -0.0179232 0.0887679 -0.000919003 0.00213526 0.000833659 -0.000919003 0.0100613 -0.0182797 -0.000906204 0.00213526 -0.0182797 0.0891824 
0.00970244 -0.0179265 0.00081585 -0.000897589 -0.0179265 0.0887357 -0.000901488 0.00209859 0.00081585 -0.000901488 0.0100394 -0.0182378 -0.000897589 0.00209859 -0.0182378 0.0891212 
0.00971944 -0.0179099 0.000775864 -0.000885402 -0.0179099 0.0886543 -0.00088262 0.00207 0.000775864 -0.00088262 0.00999026 -0.0181988 -0.000885402 0.00207 -0.0181988 0.0889845 
0.00968939 -0.0179252 0.00076731 -0.000839152 -0.0179252 0.0886241 -0.000840423 0.00199725 0.00076731 -0.000840423 0.00999247 -0.0181311 -0.000839152 0.00199725 -0.0181311 0.0888006 
0.00962943 -0.0178316 0.000771243 -0.000822738 -0.0178316 0.0882724 -0.0008318 0.00194029 0.000771243 -0.0008318 0.00998014 -0.0180718 -0.000822738 0.00194029 -0.0180718 0.0884261 
0.00953686 -0.0176704 0.000805663 -0.000834411 -0.0176704 0.0875616 -0.000844453 0.00195006 0.000805663 -0.000844453 0.0099336 -0.0179702 -0.000834411 0.00195006 -0.0179702 0.0878233 
0.00964499 -0.0178681 0.000838885 -0.000891807 -0.0178681 0.0886195 -0.000894163 0.00204496 0.000838885 -0.000894163 0.0100943 -0.0182502 -0.000891807 0.00204496 -0.0182502 0.0890833 
0.0096841 -0.0178742 0.000844512 -0.000918634 -0.0178742 0.0886914 -0.000912991 0.00210865 0.000844512 -0.000912991 0.010105 -0.0183354 -0.000918634 0.00210865 -0.0183354 0.089395 
0.00975267 -0.0179166 0.000848375 -0.00093548 -0.0179166 0.0887686 -0.000928121 0.00217095 0.000848375 -0.000928121 0.0100735 -0.0183417 -0.00093548 0.00217095 -0.0183417 0.089515 
0.00984449 -0.0180461 0.000834524 -0.000946969 -0.0180461 0.089156 -0.00093547 0.00221413 0.000834524 -0.00093547 0.0100416 -0.0183416 -0.000946969 0.00221413 -0.0183416 0.0896928 
0.00976204 -0.0178982 0.000810391 -0.000920438 -0.0178982 0.0882392 -0.00090172 0.00217292 0.000810391 -0.00090172 0.0098762 -0.0180551 -0.000920438 0.00217292 -0.0180551 0.0884726 
0.00979689 -0.0179793 0.000801428 -0.000896459 -0.0179793 0.0885515 -0.000875243 0.00211286 0.000801428 -0.000875243 0.00985471 -0.0180281 -0.000896459 0.00211286 -0.0180281 0.0884757 
0.0097663 -0.0179801 0.000780815 -0.000881258 -0.0179801 0.0885206 -0.000865846 0.00206909 0.000780815 -0.000865846 0.00984628 -0.0179388 -0.000881258 0.00206909 -0.0179388 0.0881619 
0.00981333 -0.0180048 0.000780116 -0.000853946 -0.0180048 0.0887206 -0.00084135 0.00201109 0.000780116 -0.00084135 0.00983239 -0.0179641 -0.000853946 0.00201109 -0.0179641 0.0882208 
0.00985435 -0.0180776 0.000792593 -0.000848398 -0.0180776 0.088992 -0.000845947 0.00198317 0.000792593 -0.000845947 0.00986492 -0.0179842 -0.000848398 0.00198317 -0.0179842 0.0883982 
0.00986289 -0.0180792 0.000807644 -0.000857805 -0.0180792 0.088981 -0.000862234 0.00199601 0.000807644 -0.000862234 0.0098702 -0.0179957 -0.000857805 0.00199601 -0.0179957 0.0883828 
0.00982822 -0.0180323 0.000838181 -0.000896783 -0.0180323 0.0887323 -0.00089966 0.00209184 0.000838181 -0.00089966 0.00986649 -0.0179655 -0.000896783 0.00209184 -0.0179655 0.0881902 
0.00983334 -0.0179747 0.000861948 -0.000944325 -0.0179747 0.088481 -0.000938839 0.00221021 0.000861948 -0.000938839 0.00983515 -0.0179564 -0.000944325 0.00221021 -0.0179564 0.0880575 
0.00987632 -0.0180545 0.000848932 -0.00097874 -0.0180545 0.0887311 -0.000962274 0.00230154 0.000848932 -0.000962274 0.00988193 -0.0179967 -0.00097874 0.00230154 -0.0179967 0.0883112 
0.00991988 -0.0181622 0.000827011 -0.000958635 -0.0181622 0.0891724 -0.00094251 0.00230544 0.000827011 -0.00094251 0.00992869 -0.0180821 -0.000958635 0.00230544 -0.0180821 0.0886707 
0.00993038 -0.0181901 0.000809249 -0.000906867 -0.0181901 0.0893316 -0.000905379 0.00220747 0.000809249 -0.000905379 0.00994975 -0.0181197 -0.000906867 0.00220747 -0.0181197 0.0888154 
0.00991724 -0.018132 0.000800588 -0.000870735 -0.018132 0.0890638 -0.000880401 0.00210707 0.000800588 -0.000880401 0.00989028 -0.0180637 -0.000870735 0.00210707 -0.0180637 0.0885352 
0.00984989 -0.0180307 0.000806497 -0.0008655 -0.0180307 0.0885386 -0.000873068 0.00206325 0.000806497 -0.000873068 0.00983746 -0.0179477 -0.0008655 0.00206325 -0.0179477 0.088034 
0.00984157 -0.0179885 0.000782589 -0.000880553 -0.0179885 0.0883681 -0.000877729 0.00206862 0.000782589 -0.000877729 0.00979133 -0.0179226 -0.000880553 0.00206862 -0.0179226 0.0878956 
0.00998092 -0.0182715 0.00075964 -0.000877386 -0.0182715 0.0896918 -0.000866262 0.00208641 0.00075964 -0.000866262 0.00993998 -0.0181438 -0.000877386 0.00208641 -0.0181438 0.0891229 
0.00981456 -0.0179854 0.000721036 -0.000822029 -0.0179854 0.0882968 -0.000812614 0.00198191 0.000721036 -0.000812614 0.00978271 -0.0178505 -0.000822029 0.00198191 -0.0178505 0.0876482 
0.00982788 -0.0180248 0.000730838 -0.000784518 -0.0180248 0.0885447 -0.000780174 0.00189222 0.000730838 -0.000780174 0.00979663 -0.01791 -0.000784518 0.00189222 -0.01791 0.0879072 
0.00982808 -0.0180167 0.000754277 -0.00079519 -0.0180167 0.0885823 -0.000798996 0.00187852 0.000754277 -0.000798996 0.00979155 -0.0179193 -0.00079519 0.00187852 -0.0179193 0.0880035 
0.00988887 -0.0180606 0.000742116 -0.000825999 -0.0180606 0.0888102 -0.000831748 0.00193399 0.000742116 -0.000831748 0.0097862 -0.0179524 -0.000825999 0.00193399 -0.0179524 0.0882375 
0.00989642 -0.0180466 0.000740119 -0.000817961 -0.0180466 0.0885788 -0.000823059 0.00196063 0.000740119 -0.000823059 0.00971978 -0.017832 -0.000817961 0.00196063 -0.017832 0.0878086 
0.0100238 -0.0183478 0.000737308 -0.000815331 -0.0183478 0.0899461 -0.000818962 0.00195027 0.000737308 -0.000818962 0.00988436 -0.0180533 -0.000815331 0.00195027 -0.0180533 0.0889611 
0.00999483 -0.0183164 0.000736557 -0.000803613 -0.0183164 0.0898661 -0.000807129 0.00192184 0.000736557 -0.000807129 0.00987078 -0.018046 -0.000803613 0.00192184 -0.018046 0.0888018 
0.00984284 -0.0179969 0.000706966 -0.000786505 -0.0179969 0.0883739 -0.000787642 0.00186553 0.000706966 -0.000787642 0.00966193 -0.0177572 -0.000786505 0.00186553 -0.0177572 0.0873696 
0.00998039 -0.0182437 0.000701604 -0.000780807 -0.0182437 0.0895453 -0.000784413 0.00186525 0.000701604 -0.000784413 0.00979373 -0.0179489 -0.000780807 0.00186525 -0.0179489 0.0884976 
0.00997272 -0.0182478 0.000717834 -0.000759045 -0.0182478 0.0895378 -0.000763393 0.00181531 0.000717834 -0.000763393 0.00979835 -0.01794 -0.000759045 0.00181531 -0.01794 0.0884288 
0.00999458 -0.0183068 0.000730561 -0.000795218 -0.0183068 0.0898597 -0.000794328 0.00186138 0.000730561 -0.000794328 0.0098393 -0.0180196 -0.000795218 0.00186138 -0.0180196 0.0887724 
0.0100016 -0.0182767 0.000748154 -0.000822577 -0.0182767 0.0897693 -0.000817651 0.00194044 0.000748154 -0.000817651 0.00985356 -0.0180221 -0.000822577 0.00194044 -0.0180221 0.0887622 
0.00984434 -0.0179885 0.000738873 -0.000818528 -0.0179885 0.0882981 -0.000812468 0.00193869 0.000738873 -0.000812468 0.00972079 -0.0177579 -0.000818528 0.00193869 -0.0177579 0.0873905 
0.00982953 -0.0179953 0.000729222 -0.00081381 -0.0179953 0.0883249 -0.000803845 0.00192773 0.000729222 -0.000803845 0.00978183 -0.0178147 -0.00081381 0.00192773 -0.0178147 0.0875593 
0.00988556 -0.0179972 0.000713769 -0.000802089 -0.0179972 0.0884021 -0.000790131 0.00190243 0.000713769 -0.000790131 0.00975523 -0.0179037 -0.000802089 0.00190243 -0.0179037 0.087828 
0.00993013 -0.0180244 0.000699055 -0.000773833 -0.0180244 0.0883598 -0.000763887 0.00183703 0.000699055 -0.000763887 0.00969203 -0.0178561 -0.000773833 0.00183703 -0.0178561 0.0877909 
0.0100144 -0.0181233 0.000681209 -0.000768826 -0.0181233 0.0886194 -0.000761552 0.00182076 0.000681209 -0.000761552 0.00963904 -0.0177929 -0.000768826 0.00182076 -0.0177929 0.0877316 
0.0101037 -0.0183033 0.000669337 -0.000745522 -0.0183033 0.0892419 -0.000746223 0.00179057 0.000669337 -0.000746223 0.00962316 -0.0177711 -0.000745522 0.00179057 -0.0177711 0.08785 
0.0101719 -0.0184446 0.000683184 -0.000739798 -0.0184446 0.0898438 -0.000749185 0.00179166 0.000683184 -0.000749185 0.00964908 -0.0177823 -0.000739798 0.00179166 -0.0177823 0.0880318 
