0.00800287 0 0.000271617 0 0 0.0100435 0 0 0.000271617 0 0.00617596 0 0 0 0 0.0100435 
0.0111419 -0.0138025 0.000307772 -0.000375225 -0.0138025 0.0356144 -0.000375225 0.000720195 0.000307772 -0.000375225 0.00879233 -0.0109426 -0.000375225 0.000720195 -0.0109426 0.0301312 
0.0110382 -0.0201991 0.000223708 -0.000369263 -0.0201991 0.0736021 -0.000369263 0.00114791 0.000223708 -0.000369263 0.00902282 -0.0172262 -0.000369263 0.00114791 -0.0172262 0.0643664 
0.0104293 -0.019276 0.000149289 -0.000176094 -0.019276 0.0849886 -0.000177091 0.000471786 0.000149289 -0.000177091 0.00851218 -0.0174391 -0.000176094 0.000471786 -0.0174391 0.0797863 
0.0105483 -0.0187394 0.000144731 -7.61667e-05 -0.0187394 0.0877238 -7.72635e-05 -0.000109871 0.000144731 -7.72635e-05 0.00839005 -0.0168376 -7.61667e-05 -0.000109871 -0.0168376 0.0841729 
0.0107976 -0.0189468 0.000158361 -0.000111264 -0.0189468 0.0895946 -0.000105604 -0.000132352 0.000158361 -0.000105604 0.00847802 -0.0165985 -0.000111264 -0.000132352 -0.0165985 0.0852207 
0.0109298 -0.0192146 0.000161771 -0.000136445 -0.0192146 0.0910476 -0.000128133 -5.24653e-06 0.000161771 -0.000128133 0.00857816 -0.0166212 -0.000136445 -5.24653e-06 -0.0166212 0.0856199 
0.0107748 -0.0190475 0.000155116 -0.000141811 -0.0190475 0.0905207 -0.000133043 9.08186e-05 0.000155116 -0.000133043 0.00857511 -0.0164622 -0.000141811 9.08186e-05 -0.0164622 0.0847008 
0.0107252 -0.0189326 0.000169578 -0.000141512 -0.0189326 0.0903594 -0.000138674 0.000152345 0.000169578 -0.000138674 0.00861608 -0.0165412 -0.000141512 0.000152345 -0.0165412 0.0847469 
0.0107582 -0.0189341 0.000166376 -0.000150566 -0.0189341 0.0904808 -0.000152169 0.00018347 0.000166376 -0.000152169 0.00866325 -0.0166654 -0.000150566 0.00018347 -0.0166654 0.0852218 
0.0108558 -0.0191254 0.000206295 -0.000144031 -0.0191254 0.0913287 -0.000146893 0.000179349 0.000206295 -0.000146893 0.00876602 -0.0168702 -0.000144031 0.000179349 -0.0168702 0.08625 
0.0107462 -0.0189828 0.00025665 -0.000200189 -0.0189828 0.0906605 -0.000200849 0.000271226 0.00025665 -0.000200849 0.00874286 -0.016772 -0.000200189 0.000271226 -0.016772 0.0857357 
0.0106958 -0.0188505 0.000250836 -0.00025442 -0.0188505 0.0901453 -0.000251197 0.000387852 0.000250836 -0.000251197 0.0086976 -0.0167399 -0.00025442 0.000387852 -0.0167399 0.0854278 
0.0106819 -0.0188086 0.000254416 -0.000250604 -0.0188086 0.0898982 -0.000253248 0.000443401 0.000254416 -0.000253248 0.00865765 -0.0166995 -0.000250604 0.000443401 -0.0166995 0.0852744 
0.0108117 -0.0190533 0.000239916 -0.000258258 -0.0190533 0.0910127 -0.000271891 0.000483175 0.000239916 -0.000271891 0.00876868 -0.0168831 -0.000258258 0.000483175 -0.0168831 0.0863039 
0.0108577 -0.0191473 0.000212956 -0.000221625 -0.0191473 0.0914387 -0.000244475 0.000433615 0.000212956 -0.000244475 0.00878527 -0.0169388 -0.000221625 0.000433615 -0.0169388 0.0865925 
0.0107083 -0.0189041 0.000199446 -0.000179221 -0.0189041 0.0902518 -0.000200108 0.000332104 0.000199446 -0.000200108 0.00865998 -0.0166698 -0.000179221 0.000332104 -0.0166698 0.0853025 
0.0107226 -0.0189303 0.00018486 -0.000172306 -0.0189303 0.0904245 -0.000182561 0.000272905 0.00018486 -0.000182561 0.00867486 -0.0167043 -0.000172306 0.000272905 -0.0167043 0.085438 
0.0106762 -0.018883 0.000194163 -0.000167148 -0.018883 0.0902611 -0.000164941 0.000245973 0.000194163 -0.000164941 0.0086811 -0.0167059 -0.000167148 0.000245973 -0.0167059 0.0854004 
0.0106167 -0.0187713 0.000213613 -0.000176222 -0.0187713 0.0898196 -0.000168694 0.000238081 0.000213613 -0.000168694 0.00866042 -0.0166466 -0.000176222 0.000238081 -0.0166466 0.0850821 
0.0107573 -0.0190004 0.000245183 -0.000220823 -0.0190004 0.0909429 -0.000209726 0.000326168 0.000245183 -0.000209726 0.00879848 -0.0168822 -0.000220823 0.000326168 -0.0168822 0.0862396 
0.0107494 -0.0189768 0.00025419 -0.000256849 -0.0189768 0.0908208 -0.000241577 0.000417079 0.00025419 -0.000241577 0.00877789 -0.0169024 -0.000256849 0.000417079 -0.0169024 0.0862377 
0.0107275 -0.0189415 0.00025925 -0.00027378 -0.0189415 0.0906135 -0.000258411 0.000490892 0.00025925 -0.000258411 0.0087463 -0.0168421 -0.00027378 0.000490892 -0.0168421 0.0860215 
0.010725 -0.0189534 0.000258954 -0.000272476 -0.0189534 0.0906292 -0.000262319 0.000513817 0.000258954 -0.000262319 0.00874935 -0.0168046 -0.000272476 0.000513817 -0.0168046 0.085897 
0.0107001 -0.0189056 0.000253143 -0.000264912 -0.0189056 0.0904171 -0.000261382 0.000508046 0.000253143 -0.000261382 0.00873184 -0.0167677 -0.000264912 0.000508046 -0.0167677 0.0856371 
0.0107582 -0.01902 0.000254105 -0.000252602 -0.01902 0.0909603 -0.000256176 0.000484878 0.000254105 -0.000256176 0.00876334 -0.0168746 -0.000252602 0.000484878 -0.0168746 0.0861412 
0.0106536 -0.0188326 0.000227096 -0.000251673 -0.0188326 0.0900709 -0.000254377 0.000473049 0.000227096 -0.000254377 0.00864325 -0.0166771 -0.000251673 0.000473049 -0.0166771 0.0852353 
0.01068 -0.018892 0.000226927 -0.00022719 -0.018892 0.0903652 -0.000226661 0.000436708 0.000226927 -0.000226661 0.0086617 -0.0166939 -0.00022719 0.000436708 -0.0166939 0.0854395 
0.0107263 -0.0189318 0.00025788 -0.000210762 -0.0189318 0.0905923 -0.000209947 0.000368263 0.00025788 -0.000209947 0.00865017 -0.0167188 -0.000210762 0.000368263 -0.0167188 0.0855954 
0.0107004 -0.0189307 0.0002817 -0.00024 -0.0189307 0.0904929 -0.000240486 0.000379714 0.0002817 -0.000240486 0.00866062 -0.0166375 -0.00024 0.000379714 -0.0166375 0.0853366 
0.0106741 -0.0188696 0.000270634 -0.000281084 -0.0188696 0.0903012 -0.000284466 0.000476383 0.000270634 -0.000284466 0.00866239 -0.016657 -0.000281084 0.000476383 -0.016657 0.0852385 
0.0106303 -0.0188001 0.000284604 -0.000269386 -0.0188001 0.0899789 -0.000278387 0.000511507 0.000284604 -0.000278387 0.0086684 -0.0166336 -0.000269386 0.000511507 -0.0166336 0.0850689 
0.0107885 -0.0190583 0.000303295 -0.000291283 -0.0190583 0.091255 -0.000302153 0.000553002 0.000303295 -0.000302153 0.00880933 -0.0169276 -0.000291283 0.000553002 -0.0169276 0.0864491 
0.0107488 -0.0190217 0.000298309 -0.000306614 -0.0190217 0.0910352 -0.000316051 0.000594055 0.000298309 -0.000316051 0.00882917 -0.0169029 -0.000306614 0.000594055 -0.0169029 0.0863211 
0.0105887 -0.0187385 0.000265208 -0.000292051 -0.0187385 0.0897576 -0.00030213 0.000579491 0.000265208 -0.00030213 0.00871745 -0.0167387 -0.000292051 0.000579491 -0.0167387 0.0852997 
0.0107931 -0.019028 0.000260911 -0.000268254 -0.019028 0.0911724 -0.000281264 0.000550945 0.000260911 -0.000281264 0.00884322 -0.0170226 -0.000268254 0.000550945 -0.0170226 0.0867779 
0.0107677 -0.0190228 0.00024343 -0.000253384 -0.0190228 0.0909875 -0.000261661 0.000495514 0.00024343 -0.000261661 0.00884741 -0.0169545 -0.000253384 0.000495514 -0.0169545 0.0865404 
0.0107048 -0.0189916 0.000228433 -0.000246667 -0.0189916 0.0908746 -0.000241229 0.0004649 0.000228433 -0.000241229 0.00889425 -0.0169746 -0.000246667 0.0004649 -0.0169746 0.0864839 
0.0106906 -0.0189368 0.000251391 -0.000232284 -0.0189368 0.0908198 -0.000216929 0.000420881 0.000251391 -0.000216929 0.00890514 -0.0170691 -0.000232284 0.000420881 -0.0170691 0.0867161 
0.0106671 -0.01889 0.000243738 -0.00025634 -0.01889 0.0906083 -0.00023925 0.000431365 0.000243738 -0.00023925 0.00888862 -0.0170467 -0.00025634 0.000431365 -0.0170467 0.0866683 
0.0107464 -0.0189921 0.000199306 -0.000239909 -0.0189921 0.0910869 -0.000225456 0.000410956 0.000199306 -0.000225456 0.0088886 -0.0171192 -0.000239909 0.000410956 -0.0171192 0.0871056 
0.0107822 -0.0189956 0.000173198 -0.000187493 -0.0189956 0.0910028 -0.000180636 0.000331918 0.000173198 -0.000180636 0.00882589 -0.0170223 -0.000187493 0.000331918 -0.0170223 0.0868258 
0.010812 -0.019075 0.000175954 -0.000151902 -0.019075 0.0911999 -0.000150172 0.00023836 0.000175954 -0.000150172 0.0088166 -0.0169643 -0.000151902 0.00023836 -0.0169643 0.0866921 
0.0108092 -0.0190898 0.000200079 -0.000155545 -0.0190898 0.0912419 -0.000153177 0.000205884 0.000200079 -0.000153177 0.008798 -0.0169297 -0.000155545 0.000205884 -0.0169297 0.0865078 
0.0107371 -0.0189789 0.000234758 -0.000191581 -0.0189789 0.0907216 -0.000182256 0.00025593 0.000234758 -0.000182256 0.00875933 -0.0168044 -0.000191581 0.00025593 -0.0168044 0.0858866 
0.0107363 -0.018989 0.000241026 -0.000238156 -0.018989 0.0907899 -0.000224081 0.000351393 0.000241026 -0.000224081 0.00877518 -0.0168309 -0.000238156 0.000351393 -0.0168309 0.0859223 
0.010772 -0.0190773 0.000215055 -0.000252889 -0.0190773 0.091257 -0.000237086 0.000422731 0.000215055 -0.000237086 0.00882278 -0.016945 -0.000252889 0.000422731 -0.016945 0.086434 
0.0105885 -0.0187641 0.000208206 -0.000211176 -0.0187641 0.0898521 -0.000203744 0.000385181 0.000208206 -0.000203744 0.00868727 -0.0167034 -0.000211176 0.000385181 -0.0167034 0.0852069 
0.0107526 -0.0190499 0.000213755 -0.000203798 -0.0190499 0.0912763 -0.000206605 0.000358522 0.000213755 -0.000206605 0.00883727 -0.0169578 -0.000203798 0.000358522 -0.0169578 0.0865774 
0.0107511 -0.0190402 0.000220172 -0.000194522 -0.0190402 0.091253 -0.000205235 0.000333004 0.000220172 -0.000205235 0.00884544 -0.0169671 -0.000194522 0.000333004 -0.0169671 0.0865883 
0.0107227 -0.0189459 0.000229732 -0.00021291 -0.0189459 0.090833 -0.000223823 0.000367467 0.000229732 -0.000223823 0.00879988 -0.0169223 -0.00021291 0.000367467 -0.0169223 0.0863051 
0.0106977 -0.0189336 0.000229995 -0.00022613 -0.0189336 0.0906611 -0.000238742 0.000409137 0.000229995 -0.000238742 0.00880503 -0.016856 -0.00022613 0.000409137 -0.016856 0.086067 
0.0107098 -0.0189598 0.000238652 -0.000227776 -0.0189598 0.0908281 -0.000240072 0.000427819 0.000238652 -0.000240072 0.00881788 -0.0169265 -0.000227776 0.000427819 -0.0169265 0.0862728 
0.0105723 -0.0187257 0.000256015 -0.00021955 -0.0187257 0.0897132 -0.00023219 0.000401642 0.000256015 -0.00023219 0.00869418 -0.0167113 -0.00021955 0.000401642 -0.0167113 0.0852247 
0.010719 -0.0190174 0.000277916 -0.000257873 -0.0190174 0.0911566 -0.000273684 0.000469327 0.000277916 -0.000273684 0.008862 -0.0169759 -0.000257873 0.000469327 -0.0169759 0.0866316 
0.0107089 -0.0189565 0.000284956 -0.000276354 -0.0189565 0.0909817 -0.000291262 0.000522446 0.000284956 -0.000291262 0.00884498 -0.0169987 -0.000276354 0.000522446 -0.0169987 0.0866257 
0.010724 -0.0189541 0.000257141 -0.000277777 -0.0189541 0.0909129 -0.000285937 0.000528292 0.000257141 -0.000285937 0.00882491 -0.0169744 -0.000277777 0.000528292 -0.0169744 0.0865949 
0.0107023 -0.018947 0.000263415 -0.000253473 -0.018947 0.0908184 -0.000259449 0.000499081 0.000263415 -0.000259449 0.00882107 -0.0169433 -0.000253473 0.000499081 -0.0169433 0.0864878 
0.0106655 -0.0189291 0.000283754 -0.000276144 -0.0189291 0.0907691 -0.000282199 0.00053376 0.000283754 -0.000282199 0.00884784 -0.0169364 -0.000276144 0.00053376 -0.0169364 0.0864302 
0.0106581 -0.018919 0.000278115 -0.0002992 -0.018919 0.0908267 -0.000300433 0.000581334 0.000278115 -0.000300433 0.00888486 -0.016989 -0.0002992 0.000581334 -0.016989 0.086574 
0.0107014 -0.0189331 0.000279264 -0.000289918 -0.0189331 0.0909309 -0.000287041 0.000579457 0.000279264 -0.000287041 0.00889268 -0.0170443 -0.000289918 0.000579457 -0.0170443 0.0867747 
0.0107107 -0.0189693 0.00027042 -0.000280317 -0.0189693 0.0909916 -0.000271809 0.000537202 0.00027042 -0.000271809 0.00891783 -0.0170544 -0.000280317 0.000537202 -0.0170544 0.0868592 
0.0106208 -0.0187576 0.000233236 -0.000253438 -0.0187576 0.0899569 -0.000243003 0.000457164 0.000233236 -0.000243003 0.00878563 -0.0168724 -0.000253438 0.000457164 -0.0168724 0.0858612 
0.0107074 -0.0189106 0.000218331 -0.000214865 -0.0189106 0.0905683 -0.000208225 0.000372156 0.000218331 -0.000208225 0.00881508 -0.0169513 -0.000214865 0.000372156 -0.0169513 0.0863699 
0.0106647 -0.0188344 0.000210641 -0.000207095 -0.0188344 0.0901839 -0.000202524 0.000341022 0.000210641 -0.000202524 0.00877225 -0.016858 -0.000207095 0.000341022 -0.016858 0.0859557 
0.0105952 -0.0186986 0.000232983 -0.000209517 -0.0186986 0.0895615 -0.00020361 0.00034974 0.000232983 -0.00020361 0.00870595 -0.0167628 -0.000209517 0.00034974 -0.0167628 0.085434 
0.0107567 -0.0189843 0.00024535 -0.000237921 -0.0189843 0.090883 -0.000229895 0.000393963 0.00024535 -0.000229895 0.00883673 -0.0169862 -0.000237921 0.000393963 -0.0169862 0.0866618 
0.0107711 -0.0189994 0.00026148 -0.000247753 -0.0189994 0.0909155 -0.000243539 0.00043089 0.00026148 -0.000243539 0.00882458 -0.0169768 -0.000247753 0.00043089 -0.0169768 0.0866069 
0.0108126 -0.0190447 0.000278906 -0.000271382 -0.0190447 0.0910899 -0.000270219 0.000490341 0.000278906 -0.000270219 0.00880059 -0.0169884 -0.000271382 0.000490341 -0.0169884 0.0866932 
0.0107964 -0.0191061 0.000270799 -0.000290042 -0.0191061 0.0912768 -0.000284808 0.000537106 0.000270799 -0.000284808 0.0088261 -0.0169476 -0.000290042 0.000537106 -0.0169476 0.0866508 
0.010746 -0.0190068 0.000270738 -0.00027944 -0.0190068 0.0909334 -0.00026776 0.000529968 0.000270738 -0.00026776 0.0087999 -0.0168861 -0.00027944 0.000529968 -0.0168861 0.0862295 
0.0107293 -0.0189964 0.000269853 -0.000280578 -0.0189964 0.0909174 -0.000269293 0.00052528 0.000269853 -0.000269293 0.00882241 -0.0169028 -0.000280578 0.00052528 -0.0169028 0.0862457 
0.010711 -0.0189887 0.000227923 -0.000274525 -0.0189887 0.0909358 -0.000266915 0.000513118 0.000227923 -0.000266915 0.00886298 -0.0169415 -0.000274525 0.000513118 -0.0169415 0.0863494 
0.0107565 -0.0190177 0.000155064 -0.000212415 -0.0190177 0.0911621 -0.000212336 0.000407466 0.000155064 -0.000212336 0.00887843 -0.0170413 -0.000212415 0.000407466 -0.0170413 0.0867225 
0.0107439 -0.0189566 0.00013558 -0.000138259 -0.0189566 0.0908191 -0.000142786 0.000266421 0.00013558 -0.000142786 0.00883166 -0.0169837 -0.000138259 0.000266421 -0.0169837 0.0864964 
0.0107413 -0.0189685 0.000122187 -0.000115136 -0.0189685 0.0907539 -0.000120501 0.000168856 0.000122187 -0.000120501 0.00881754 -0.016926 -0.000115136 0.000168856 -0.016926 0.0863206 
0.0107249 -0.0190063 0.000112013 -0.000100617 -0.0190063 0.0909137 -0.000104126 0.000117004 0.000112013 -0.000104126 0.00884641 -0.0169384 -0.000100617 0.000117004 -0.0169384 0.0863687 
0.0106874 -0.0189761 0.000119768 -8.82134e-05 -0.0189761 0.0909104 -9.23544e-05 8.03866e-05 0.000119768 -9.23544e-05 0.00886872 -0.0169692 -8.82134e-05 8.03866e-05 -0.0169692 0.0864209 
0.0106839 -0.0189292 0.000153757 -9.55423e-05 -0.0189292 0.0908238 -9.05065e-05 6.3801e-05 0.000153757 -9.05065e-05 0.00885865 -0.0169926 -9.55423e-05 6.3801e-05 -0.0169926 0.0864806 
0.0106741 -0.0189339 0.000156056 -0.000143203 -0.0189339 0.0908106 -0.000126686 0.000123994 0.000156056 -0.000126686 0.00887302 -0.0169787 -0.000143203 0.000123994 -0.0169787 0.0864947 
0.0106519 -0.0188548 0.000156455 -0.000149469 -0.0188548 0.090472 -0.000133652 0.000173665 0.000156455 -0.000133652 0.008851 -0.0169292 -0.000149469 0.000173665 -0.0169292 0.0861901 
0.0106426 -0.0188082 0.000150544 -0.000150031 -0.0188082 0.090199 -0.000142962 0.00019865 0.000150544 -0.000142962 0.00881586 -0.0168999 -0.000150031 0.00019865 -0.0168999 0.0859823 
0.0106408 -0.018776 0.000154121 -0.000150179 -0.018776 0.089964 -0.000157777 0.000238664 0.000154121 -0.000157777 0.00876437 -0.0168463 -0.000150179 0.000238664 -0.0168463 0.0857508 
0.0106927 -0.0188265 0.000168408 -0.000145287 -0.0188265 0.0900932 -0.000159034 0.000244906 0.000168408 -0.000159034 0.00869963 -0.0168189 -0.000145287 0.000244906 -0.0168189 0.0857322 
0.0107323 -0.0189276 0.000180378 -0.000166351 -0.0189276 0.090414 -0.000171775 0.000270866 0.000180378 -0.000171775 0.00866013 -0.0167577 -0.000166351 0.000270866 -0.0167577 0.0857127 
0.0107157 -0.0189889 0.000193482 -0.000187876 -0.0189889 0.0906645 -0.000181337 0.000313258 0.000193482 -0.000181337 0.0086858 -0.01669 -0.000187876 0.000313258 -0.01669 0.0855684 
0.0106944 -0.0190172 0.00018818 -0.000195659 -0.0190172 0.0909566 -0.000188499 0.000328219 0.00018818 -0.000188499 0.00874931 -0.0167403 -0.000195659 0.000328219 -0.0167403 0.085693 
0.0106114 -0.0188683 0.000157996 -0.000192508 -0.0188683 0.0904749 -0.000191778 0.000344834 0.000157996 -0.000191778 0.00876169 -0.0167303 -0.000192508 0.000344834 -0.0167303 0.085423 
0.0105447 -0.0187355 0.000138279 -0.000155453 -0.0187355 0.0899579 -0.000161978 0.000304035 0.000138279 -0.000161978 0.00876606 -0.0167307 -0.000155453 0.000304035 -0.0167307 0.0852404 
0.0107118 -0.0190051 0.000141342 -0.000118214 -0.0190051 0.0912741 -0.000133927 0.000215369 0.000141342 -0.000133927 0.00891399 -0.0170385 -0.000118214 0.000215369 -0.0170385 0.0867081 
0.0105211 -0.0187239 0.000163299 -0.000115421 -0.0187239 0.089902 -0.000133088 0.00017291 0.000163299 -0.000133088 0.00880444 -0.0168172 -0.000115421 0.00017291 -0.0168172 0.0855605 
0.010541 -0.0187803 0.000180581 -0.000148354 -0.0187803 0.0902891 -0.000153822 0.000201682 0.000180581 -0.000153822 0.00886113 -0.0169234 -0.000148354 0.000201682 -0.0169234 0.0860651 
0.0104941 -0.0186259 0.000175833 -0.000181289 -0.0186259 0.0896719 -0.000172778 0.000268285 0.000175833 -0.000172778 0.00880984 -0.0168571 -0.000181289 0.000268285 -0.0168571 0.0856874 
0.0106536 -0.0188811 0.000194856 -0.000187222 -0.0188811 0.0907881 -0.000175521 0.000311552 0.000194856 -0.000175521 0.00893165 -0.0170562 -0.000187222 0.000311552 -0.0170562 0.0867729 
0.0106945 -0.0189222 0.000199443 -0.000207334 -0.0189222 0.0908905 -0.000197091 0.000353797 0.000199443 -0.000197091 0.00891859 -0.0170894 -0.000207334 0.000353797 -0.0170894 0.0868671 
0.010537 -0.0187107 0.000167576 -0.000195043 -0.0187107 0.0897464 -0.000188512 0.000340483 0.000167576 -0.000188512 0.00879685 -0.0168283 -0.000195043 0.000340483 -0.0168283 0.0856459 
0.0105639 -0.0187262 0.000140769 -0.000168838 -0.0187262 0.0898929 -0.000165467 0.000310833 0.000140769 -0.000165467 0.00879488 -0.0168429 -0.000168838 0.000310833 -0.0168429 0.0857071 
0.0105617 -0.018765 0.000143546 -0.000142838 -0.018765 0.0900388 -0.000136894 0.000256966 0.000143546 -0.000136894 0.00882136 -0.016853 -0.000142838 0.000256966 -0.016853 0.0857945 
0.0105833 -0.0187752 0.000121932 -0.000128854 -0.0187752 0.0901473 -0.000116942 0.000181292 0.000121932 -0.000116942 0.00882643 -0.0168813 -0.000128854 0.000181292 -0.0168813 0.0858811 
0.0105451 -0.0187269 0.00010622 -0.000106443 -0.0187269 0.0898931 -9.58684e-05 0.000125465 0.00010622 -9.58684e-05 0.00880849 -0.0168334 -0.000106443 0.000125465 -0.0168334 0.0856479 
0.0105273 -0.0186909 6.8011e-05 -8.18638e-05 -0.0186909 0.0897715 -7.71724e-05 6.69487e-05 6.8011e-05 -7.71724e-05 0.00878968 -0.0168288 -8.18638e-05 6.69487e-05 -0.0168288 0.0855857 
0.0105245 -0.018694 3.40099e-05 -3.62139e-05 -0.018694 0.0897914 -4.4538e-05 -7.25807e-06 3.40099e-05 -4.4538e-05 0.00879256 -0.0168189 -3.62139e-05 -7.25807e-06 -0.0168189 0.0856004 
0.0105429 -0.0187389 3.79878e-06 7.84408e-06 -0.0187389 0.0900218 -7.18739e-06 -0.000102834 3.79878e-06 -7.18739e-06 0.00881643 -0.0168544 7.84408e-06 -0.000102834 -0.0168544 0.0857912 
0.0105312 -0.0187568 -7.15618e-06 3.0799e-05 -0.0187568 0.0901418 2.10083e-05 -0.000167313 -7.15618e-06 2.10083e-05 0.00885621 -0.0168814 3.0799e-05 -0.000167313 -0.0168814 0.0859172 
0.0105313 -0.0187014 7.12098e-06 3.70825e-05 -0.0187014 0.0899989 3.77111e-05 -0.000205621 7.12098e-06 3.77111e-05 0.00883823 -0.016904 3.70825e-05 -0.000205621 -0.016904 0.0859089 
0.0105008 -0.0186745 4.10324e-05 8.0317e-06 -0.0186745 0.0898093 1.74069e-05 -0.000170938 4.10324e-05 1.74069e-05 0.00882636 -0.0168582 8.0317e-06 -0.000170938 -0.0168582 0.0857595 
0.0106337 -0.0188838 9.1938e-05 -3.38607e-05 -0.0188838 0.0908605 -2.33192e-05 -8.51441e-05 9.1938e-05 -2.33192e-05 0.0089347 -0.0170648 -3.38607e-05 -8.51441e-05 -0.0170648 0.0867861 
0.0106056 -0.018866 0.000114417 -8.81331e-05 -0.018866 0.0907287 -8.39787e-05 3.59263e-05 0.000114417 -8.39787e-05 0.00893868 -0.0170424 -8.81331e-05 3.59263e-05 -0.0170424 0.0866604 
0.0105735 -0.0188282 0.000120465 -0.000100065 -0.0188282 0.0905781 -0.000105413 0.000100542 0.000120465 -0.000105413 0.00894368 -0.0170269 -0.000100065 0.000100542 -0.0170269 0.086522 
0.0105505 -0.0187839 0.00012278 -0.000103457 -0.0187839 0.0904149 -0.000111194 0.000125245 0.00012278 -0.000111194 0.00894864 -0.0170286 -0.000103457 0.000125245 -0.0170286 0.0864439 
0.0105678 -0.0188007 0.000129327 -0.000110414 -0.0188007 0.0905136 -0.000121179 0.000150923 0.000129327 -0.000121179 0.0089599 -0.01708 -0.000110414 0.000150923 -0.01708 0.0866357 
0.0105932 -0.0188555 0.000139851 -0.00012718 -0.0188555 0.0907672 -0.00013753 0.000196872 0.000139851 -0.00013753 0.00898173 -0.0171369 -0.00012718 0.000196872 -0.0171369 0.0869427 
0.0105543 -0.0188131 0.000111319 -0.000152227 -0.0188131 0.0905693 -0.000150382 0.000254744 0.000111319 -0.000150382 0.00898395 -0.0170874 -0.000152227 0.000254744 -0.0170874 0.0867425 
0.0105755 -0.0188467 8.43238e-05 -0.000119957 -0.0188467 0.0907956 -0.000105366 0.000215405 8.43238e-05 -0.000105366 0.00900582 -0.0171595 -0.000119957 0.000215405 -0.0171595 0.0870109 
0.0105599 -0.0187967 7.26747e-05 -8.825e-05 -0.0187967 0.0905792 -7.02343e-05 0.000137936 7.26747e-05 -7.02343e-05 0.00898377 -0.0171246 -8.825e-05 0.000137936 -0.0171246 0.0868566 
0.0105875 -0.0188337 6.8265e-05 -5.97649e-05 -0.0188337 0.0907194 -4.85075e-05 5.2192e-05 6.8265e-05 -4.85075e-05 0.00898568 -0.017141 -5.97649e-05 5.2192e-05 -0.017141 0.0869722 
0.0105756 -0.0188434 5.09947e-05 -5.93163e-05 -0.0188434 0.0907292 -5.30938e-05 3.19751e-05 5.09947e-05 -5.30938e-05 0.00899419 -0.017127 -5.93163e-05 3.19751e-05 -0.017127 0.0869389 
0.0105598 -0.0188449 1.13027e-05 -2.94916e-05 -0.0188449 0.0907803 -2.69956e-05 -2.21422e-05 1.13027e-05 -2.69956e-05 0.00902697 -0.0171444 -2.94916e-05 -2.21422e-05 -0.0171444 0.0869828 
0.0103482 -0.0185433 -3.97599e-05 2.32025e-05 -0.0185433 0.0893921 1.88934e-05 -0.000126717 -3.97599e-05 1.88934e-05 0.00894678 -0.0169113 2.32025e-05 -0.000126717 -0.0169113 0.0857045 
0.0103357 -0.018525 -5.40288e-05 9.21931e-05 -0.018525 0.089521 8.2252e-05 -0.00028093 -5.40288e-05 8.2252e-05 0.00901064 -0.0170373 9.21931e-05 -0.00028093 -0.0170373 0.0861004 
0.0103245 -0.0184265 -4.91159e-05 0.000104156 -0.0184265 0.0891847 9.85254e-05 -0.000365324 -4.91159e-05 9.85254e-05 0.00898191 -0.0170668 0.000104156 -0.000365324 -0.0170668 0.0861306 
0.0104946 -0.0186777 -2.0644e-05 8.06333e-05 -0.0186777 0.0903259 8.13169e-05 -0.000341467 -2.0644e-05 8.13169e-05 0.00907462 -0.0172957 8.06333e-05 -0.000341467 -0.0172957 0.0873989 
0.0105186 -0.0186936 2.15902e-05 4.1265e-05 -0.0186936 0.0902658 4.60965e-05 -0.000263864 2.15902e-05 4.60965e-05 0.00901298 -0.0172342 4.1265e-05 -0.000263864 -0.0172342 0.0872534 
0.0105464 -0.0187147 4.39971e-05 -6.84872e-06 -0.0187147 0.0902234 -3.87454e-06 -0.000153886 4.39971e-05 -3.87454e-06 0.00893992 -0.0171234 -6.84872e-06 -0.000153886 -0.0171234 0.0869181 
0.0105827 -0.0187588 2.99674e-05 -1.87367e-05 -0.0187588 0.0902646 -2.21562e-05 -9.60745e-05 2.99674e-05 -2.21562e-05 0.00888332 -0.0170063 -1.87367e-05 -9.60745e-05 -0.0170063 0.0865343 
0.0105384 -0.0187406 1.42832e-06 -8.13499e-06 -0.0187406 0.0900246 -1.80028e-05 -7.7845e-05 1.42832e-06 -1.80028e-05 0.0088646 -0.0168646 -8.13499e-06 -7.7845e-05 -0.0168646 0.0859108 
0.010447 -0.0186619 -4.36013e-05 1.58266e-05 -0.0186619 0.0897183 1.22027e-05 -0.000107234 -4.36013e-05 1.22027e-05 0.00889261 -0.0168361 1.58266e-05 -0.000107234 -0.0168361 0.0855494 
0.0104407 -0.0186607 -5.09944e-05 6.27719e-05 -0.0186607 0.0899205 6.723e-05 -0.000197627 -5.09944e-05 6.723e-05 0.00893938 -0.0169766 6.27719e-05 -0.000197627 -0.0169766 0.0859725 
0.0104363 -0.0186335 -2.87162e-05 6.65318e-05 -0.0186335 0.0899203 7.43219e-05 -0.000243257 -2.87162e-05 7.43219e-05 0.00894652 -0.0170404 6.65318e-05 -0.000243257 -0.0170404 0.0862614 
0.0103478 -0.0185597 -2.5642e-05 4.17128e-05 -0.0185597 0.0895698 4.96494e-05 -0.000217613 -2.5642e-05 4.96494e-05 0.00897152 -0.0169657 4.17128e-05 -0.000217613 -0.0169657 0.0859952 
0.0102717 -0.018434 -1.41725e-05 3.86805e-05 -0.018434 0.0891559 4.33748e-05 -0.000192068 -1.41725e-05 4.33748e-05 0.00898305 -0.016961 3.86805e-05 -0.000192068 -0.016961 0.0857552 
0.0102478 -0.0183918 -6.33899e-06 3.42699e-05 -0.0183918 0.0890546 3.65655e-05 -0.000187313 -6.33899e-06 3.65655e-05 0.00900942 -0.0170117 3.42699e-05 -0.000187313 -0.0170117 0.08587 
0.0104171 -0.0186847 -1.74101e-05 3.5726e-05 -0.0186847 0.0905215 3.92103e-05 -0.000203153 -1.74101e-05 3.92103e-05 0.00918209 -0.0173371 3.5726e-05 -0.000203153 -0.0173371 0.0874495 
0.0102687 -0.018413 -9.9989e-06 3.84598e-05 -0.018413 0.0892349 4.04312e-05 -0.000196979 -9.9989e-06 4.04312e-05 0.0090582 -0.0171356 3.84598e-05 -0.000196979 -0.0171356 0.0863707 
0.0103129 -0.0184685 -5.52937e-06 2.63149e-05 -0.0184685 0.0895173 2.24134e-05 -0.000166613 -5.52937e-06 2.24134e-05 0.00906966 -0.0172015 2.63149e-05 -0.000166613 -0.0172015 0.0867393 
0.0103096 -0.0184034 -1.68236e-05 1.74134e-05 -0.0184034 0.0891547 1.19e-05 -0.000127538 -1.68236e-05 1.19e-05 0.00901977 -0.0171012 1.74134e-05 -0.000127538 -0.0171012 0.0863541 
0.0103404 -0.0184465 -3.25949e-05 1.81325e-05 -0.0184465 0.0892081 1.66515e-05 -0.000103053 -3.25949e-05 1.66515e-05 0.0090037 -0.0170744 1.81325e-05 -0.000103053 -0.0170744 0.086266 
0.0104483 -0.0186084 -4.56084e-05 3.63583e-05 -0.0186084 0.0898912 4.25246e-05 -0.000134894 -4.56084e-05 4.25246e-05 0.00900012 -0.0171682 3.63583e-05 -0.000134894 -0.0171682 0.0867706 
0.0104855 -0.0187198 -5.5679e-05 5.35472e-05 -0.0187198 0.0903007 6.25427e-05 -0.000183391 -5.5679e-05 6.25427e-05 0.00899855 -0.0171437 5.35472e-05 -0.000183391 -0.0171437 0.0868957 
0.0104728 -0.0187232 -7.06355e-05 7.63743e-05 -0.0187232 0.0903248 8.11804e-05 -0.000245165 -7.06355e-05 8.11804e-05 0.00899572 -0.0170745 7.63743e-05 -0.000245165 -0.0170745 0.0866453 
0.010443 -0.0186931 -9.68583e-05 9.76682e-05 -0.0186931 0.0902383 9.88743e-05 -0.000302115 -9.68583e-05 9.88743e-05 0.00900906 -0.0170579 9.76682e-05 -0.000302115 -0.0170579 0.0864762 
0.0104163 -0.0186065 -8.23581e-05 0.000129024 -0.0186065 0.0899197 0.000130079 -0.000374679 -8.23581e-05 0.000130079 0.00897921 -0.0170516 0.000129024 -0.000374679 -0.0170516 0.0862963 
0.0104098 -0.0185902 -4.80501e-05 0.000124589 -0.0185902 0.0898093 0.000119254 -0.000409631 -4.80501e-05 0.000119254 0.0089507 -0.0170385 0.000124589 -0.000409631 -0.0170385 0.0862724 
0.0103612 -0.0185181 -1.42238e-05 8.10992e-05 -0.0185181 0.0894357 7.22832e-05 -0.000339238 -1.42238e-05 7.22832e-05 0.00892005 -0.0169386 8.10992e-05 -0.000339238 -0.0169386 0.085878 
0.0103535 -0.0185142 5.77976e-06 4.10192e-05 -0.0185142 0.0894273 3.58304e-05 -0.000248567 5.77976e-06 3.58304e-05 0.00892463 -0.0169363 4.10192e-05 -0.000248567 -0.0169363 0.0858338 
0.0103408 -0.0184959 1.45655e-05 1.05741e-05 -0.0184959 0.0893538 1.70656e-05 -0.000171457 1.45655e-05 1.70656e-05 0.00892453 -0.0169255 1.05741e-05 -0.000171457 -0.0169255 0.0857524 
0.0104825 -0.0187036 4.22608e-05 -1.8269e-05 -0.0187036 0.0903802 -2.65154e-06 -8.88565e-05 4.22608e-05 -2.65154e-06 0.00902993 -0.0171384 -1.8269e-05 -8.88565e-05 -0.0171384 0.0867851 
0.0104754 -0.0187138 3.47086e-05 -4.69451e-05 -0.0187138 0.0903387 -3.55359e-05 -1.40624e-05 3.47086e-05 -3.55359e-05 0.0090251 -0.0171317 -4.69451e-05 -1.40624e-05 -0.0171317 0.086747 
0.010458 -0.0187595 1.52282e-05 -3.8723e-05 -0.0187595 0.0905621 -3.80601e-05 2.3552e-05 1.52282e-05 -3.80601e-05 0.00906655 -0.0171697 -3.8723e-05 2.3552e-05 -0.0171697 0.086937 
0.0104572 -0.0187345 -1.03895e-05 -8.40011e-06 -0.0187345 0.0906015 -1.53036e-05 -9.24557e-06 -1.03895e-05 -1.53036e-05 0.00907728 -0.0172094 -8.40011e-06 -9.24557e-06 -0.0172094 0.0870503 
