0.00758546 0 0.00085714 0 0 0.0101014 0 0 0.00085714 0 0.00668744 0 0 0 0 0.0101014 
0.0106307 -0.0131821 0.00107687 -0.00131132 -0.0131821 0.0344662 -0.00131132 0.00251419 0.00107687 -0.00131132 0.00940895 -0.011695 -0.00131132 0.00251419 -0.011695 0.0316149 
0.0103874 -0.0192252 0.000863781 -0.00132843 -0.0192252 0.0704235 -0.00132843 0.00412818 0.000863781 -0.00132843 0.00938593 -0.0176753 -0.00132843 0.00412818 -0.0176753 0.0655991 
0.00981769 -0.0186632 0.000756532 -0.000760018 -0.0186632 0.0831191 -0.000755816 0.00215919 0.000756532 -0.000755816 0.00895154 -0.0177655 -0.000760018 0.00215919 -0.0177655 0.0803814 
0.00996683 -0.0182353 0.000858265 -0.00070607 -0.0182353 0.0870557 -0.000690277 0.00113426 0.000858265 -0.000690277 0.00899532 -0.0173762 -0.00070607 0.00113426 -0.0173762 0.0851245 
0.0101739 -0.0183001 0.000958394 -0.000893133 -0.0183001 0.0885538 -0.000873376 0.00137833 0.000958394 -0.000873376 0.0091141 -0.0172382 -0.000893133 0.00137833 -0.0172382 0.0862949 
0.0103274 -0.0185449 0.0010055 -0.00104949 -0.0185449 0.0898061 -0.00103086 0.00193118 0.0010055 -0.00103086 0.00923874 -0.0173241 -0.00104949 0.00193118 -0.0173241 0.0870249 
0.0102573 -0.0183946 0.000993684 -0.00109314 -0.0183946 0.0891293 -0.00108034 0.00226158 0.000993684 -0.00108034 0.00916672 -0.0171517 -0.00109314 0.00226158 -0.0171517 0.0861204 
0.0102816 -0.0184947 0.000961444 -0.00107193 -0.0184947 0.0895719 -0.0010659 0.00233965 0.000961444 -0.0010659 0.00921709 -0.0172225 -0.00107193 0.00233965 -0.0172225 0.0864283 
0.0103116 -0.0185648 0.000906485 -0.00102086 -0.0185648 0.089967 -0.00101457 0.00225605 0.000906485 -0.00101457 0.00928594 -0.0173008 -0.00102086 0.00225605 -0.0173008 0.0867607 
0.0102087 -0.0183455 0.000846488 -0.000922101 -0.0183455 0.0889948 -0.000916947 0.00202458 0.000846488 -0.000916947 0.00919926 -0.017194 -0.000922101 0.00202458 -0.017194 0.0860237 
0.01019 -0.0183497 0.000835867 -0.000853236 -0.0183497 0.0889738 -0.000850881 0.0018171 0.000835867 -0.000850881 0.00919116 -0.0172109 -0.000853236 0.0018171 -0.0172109 0.0861204 
0.0103306 -0.0185925 0.000841033 -0.000865889 -0.0185925 0.0902234 -0.000863601 0.00177551 0.000841033 -0.000863601 0.00931887 -0.0174527 -0.000865889 0.00177551 -0.0174527 0.0873924 
0.0102684 -0.0184696 0.000790087 -0.000858318 -0.0184696 0.089641 -0.000856907 0.00175733 0.000790087 -0.000856907 0.00925957 -0.0173409 -0.000858318 0.00175733 -0.0173409 0.0868626 
0.0102688 -0.0184869 0.000802186 -0.000813135 -0.0184869 0.0897269 -0.000815205 0.0017077 0.000802186 -0.000815205 0.00927038 -0.0173677 -0.000813135 0.0017077 -0.0173677 0.0869911 
0.0102671 -0.018505 0.000814964 -0.000828382 -0.018505 0.0898401 -0.000829172 0.00170207 0.000814964 -0.000829172 0.0092934 -0.0173869 -0.000828382 0.00170207 -0.0173869 0.0871112 
0.0102587 -0.0184615 0.000824912 -0.000843563 -0.0184615 0.0897092 -0.000840072 0.00172968 0.000824912 -0.000840072 0.00928057 -0.0173937 -0.000843563 0.00172968 -0.0173937 0.0870893 
0.0102069 -0.0184037 0.000837242 -0.000861078 -0.0184037 0.0893644 -0.000855538 0.00177706 0.000837242 -0.000855538 0.00926478 -0.0172964 -0.000861078 0.00177706 -0.0172964 0.0866916 
0.0101861 -0.0183495 0.000845353 -0.000882846 -0.0183495 0.0891676 -0.000878615 0.00184253 0.000845353 -0.000878615 0.00924172 -0.01729 -0.000882846 0.00184253 -0.01729 0.0865361 
0.0102119 -0.0183234 0.000841669 -0.000899828 -0.0183234 0.0890804 -0.000901092 0.00191038 0.000841669 -0.000901092 0.00920162 -0.017314 -0.000899828 0.00191038 -0.017314 0.0866285 
0.0102422 -0.018308 0.000794187 -0.000893477 -0.018308 0.0888594 -0.000899658 0.00193298 0.000794187 -0.000899658 0.00912 -0.0172184 -0.000893477 0.00193298 -0.0172184 0.0863558 
0.010305 -0.0184447 0.000771771 -0.000838903 -0.0184447 0.0892552 -0.000849516 0.00186414 0.000771771 -0.000849516 0.00910145 -0.0171638 -0.000838903 0.00186414 -0.0171638 0.0863447 
0.0102798 -0.0184898 0.000765132 -0.000795715 -0.0184898 0.0893865 -0.000804326 0.00173864 0.000765132 -0.000804326 0.00909985 -0.0170972 -0.000795715 0.00173864 -0.0170972 0.0861002 
0.0102961 -0.0185365 0.000794765 -0.000797779 -0.0185365 0.089759 -0.000802697 0.00169683 0.000794765 -0.000802697 0.00914578 -0.0171655 -0.000797779 0.00169683 -0.0171655 0.0863576 
0.0102808 -0.0184762 0.000807276 -0.000829022 -0.0184762 0.0895888 -0.000831741 0.0017282 0.000807276 -0.000831741 0.00912872 -0.0171726 -0.000829022 0.0017282 -0.0171726 0.0863041 
0.0102572 -0.018444 0.000776737 -0.000851047 -0.018444 0.089415 -0.000848527 0.00178336 0.000776737 -0.000848527 0.00912224 -0.0171383 -0.000851047 0.00178336 -0.0171383 0.0861904 
0.0102555 -0.0183984 0.000749126 -0.000821428 -0.0183984 0.0892341 -0.000810702 0.00175977 0.000749126 -0.000810702 0.00910112 -0.017128 -0.000821428 0.00175977 -0.017128 0.0860945 
0.0103371 -0.018581 0.000720151 -0.000791557 -0.018581 0.0899826 -0.000775549 0.00168631 0.000720151 -0.000775549 0.00920552 -0.017217 -0.000791557 0.00168631 -0.017217 0.086651 
0.0103219 -0.0185343 0.000697828 -0.000742059 -0.0185343 0.0897958 -0.000726895 0.00156702 0.000697828 -0.000726895 0.00920754 -0.0172356 -0.000742059 0.00156702 -0.0172356 0.086513 
0.0103496 -0.0185835 0.000693641 -0.000713704 -0.0185835 0.09 -0.000707798 0.00148178 0.000693641 -0.000707798 0.00923245 -0.0173083 -0.000713704 0.00148178 -0.0173083 0.0867943 
0.01031 -0.0185551 0.000697253 -0.000703153 -0.0185551 0.0898515 -0.000708407 0.00144496 0.000697253 -0.000708407 0.00925142 -0.0172978 -0.000703153 0.00144496 -0.0172978 0.0867271 
0.0102963 -0.0185332 0.000695733 -0.000710435 -0.0185332 0.0898353 -0.000717905 0.00145202 0.000695733 -0.000717905 0.00927386 -0.0173451 -0.000710435 0.00145202 -0.0173451 0.0868433 
0.0103311 -0.0186467 0.000716214 -0.00071972 -0.0186467 0.090428 -0.000721312 0.0014752 0.000716214 -0.000721312 0.00936043 -0.0174982 -0.00071972 0.0014752 -0.0174982 0.0875612 
0.0101823 -0.0183683 0.000711514 -0.000739026 -0.0183683 0.0892355 -0.000731824 0.00150506 0.000711514 -0.000731824 0.00926313 -0.0173283 -0.000739026 0.00150506 -0.0173283 0.0866371 
0.0101661 -0.0182876 0.000713649 -0.000745759 -0.0182876 0.0889168 -0.000731376 0.00153245 0.000713649 -0.000731376 0.00923492 -0.017308 -0.000745759 0.00153245 -0.017308 0.0865242 
0.0103421 -0.0185722 0.000720105 -0.000758758 -0.0185722 0.0902074 -0.000740732 0.00156228 0.000720105 -0.000740732 0.00935771 -0.0175384 -0.000758758 0.00156228 -0.0175384 0.0877679 
0.0102146 -0.0183404 0.000727696 -0.000752669 -0.0183404 0.08898 -0.000741461 0.00156941 0.000727696 -0.000741461 0.00919916 -0.0172716 -0.000752669 0.00156941 -0.0172716 0.0864697 
0.010225 -0.0183636 0.000713916 -0.000766974 -0.0183636 0.0890414 -0.00076175 0.00160321 0.000713916 -0.00076175 0.0091681 -0.017237 -0.000766974 0.00160321 -0.017237 0.0863889 
0.0103899 -0.0186887 0.00069564 -0.000768954 -0.0186887 0.0905972 -0.000767662 0.00164287 0.00069564 -0.000767662 0.00931989 -0.0174858 -0.000768954 0.00164287 -0.0174858 0.0877419 
0.0103645 -0.0186464 0.000678986 -0.000729543 -0.0186464 0.0904384 -0.000728223 0.00158263 0.000678986 -0.000728223 0.00930055 -0.0174428 -0.000729543 0.00158263 -0.0174428 0.0875066 
0.0103763 -0.0186465 0.000667233 -0.000710188 -0.0186465 0.090479 -0.000709113 0.00152291 0.000667233 -0.000709113 0.00930709 -0.0174666 -0.000710188 0.00152291 -0.0174666 0.0875914 
0.0102488 -0.0183597 0.000665483 -0.000689568 -0.0183597 0.0890496 -0.000689278 0.00147023 0.000665483 -0.000689278 0.00912209 -0.0171789 -0.000689568 0.00147023 -0.0171789 0.0861775 
0.0104668 -0.0187251 0.000695691 -0.000706725 -0.0187251 0.0906465 -0.000712231 0.00149326 0.000695691 -0.000712231 0.00925406 -0.0174112 -0.000706725 0.00149326 -0.0174112 0.0875115 
0.0104773 -0.0187712 0.000724135 -0.000724062 -0.0187712 0.0907256 -0.000736812 0.00152713 0.000724135 -0.000736812 0.00925784 -0.0173704 -0.000724062 0.00152713 -0.0173704 0.0873429 
0.0104771 -0.0187516 0.000710805 -0.00075087 -0.0187516 0.0906488 -0.000764177 0.00157688 0.000710805 -0.000764177 0.00925098 -0.01738 -0.00075087 0.00157688 -0.01738 0.087261 
0.0104906 -0.0187822 0.000702409 -0.000737779 -0.0187822 0.090734 -0.000742753 0.00157071 0.000702409 -0.000742753 0.00923239 -0.0173855 -0.000737779 0.00157071 -0.0173855 0.0873009 
0.0104987 -0.0187954 0.000677154 -0.000737433 -0.0187954 0.0907925 -0.000733258 0.00155962 0.000677154 -0.000733258 0.00922128 -0.0173771 -0.000737433 0.00155962 -0.0173771 0.0873292 
0.0105132 -0.0188456 0.000647495 -0.0007172 -0.0188456 0.091004 -0.000707873 0.00153017 0.000647495 -0.000707873 0.00924152 -0.0173777 -0.0007172 0.00153017 -0.0173777 0.087416 
0.0104977 -0.0188383 0.00064287 -0.000671493 -0.0188383 0.0910111 -0.0006608 0.00143128 0.00064287 -0.0006608 0.00926205 -0.0173814 -0.000671493 0.00143128 -0.0173814 0.0873873 
0.0104727 -0.0188088 0.000656705 -0.000661449 -0.0188088 0.0909403 -0.000648441 0.00136414 0.000656705 -0.000648441 0.00928656 -0.0174066 -0.000661449 0.00136414 -0.0174066 0.0874096 
0.0104059 -0.0187134 0.00064715 -0.000674922 -0.0187134 0.0905646 -0.000661488 0.00136071 0.00064715 -0.000661488 0.00927515 -0.0173865 -0.000674922 0.00136071 -0.0173865 0.0872105 
0.0103228 -0.0185604 0.000594872 -0.000664745 -0.0185604 0.089939 -0.000654893 0.00135787 0.000594872 -0.000654893 0.00924936 -0.0173217 -0.000664745 0.00135787 -0.0173217 0.0868252 
0.0103243 -0.0185424 0.000573687 -0.000618457 -0.0185424 0.0899005 -0.000609202 0.00130435 0.000573687 -0.000609202 0.00926558 -0.017365 -0.000618457 0.00130435 -0.017365 0.0869694 
0.0103163 -0.0185283 0.000554264 -0.000586499 -0.0185283 0.0898055 -0.00057728 0.00121843 0.000554264 -0.00057728 0.00925936 -0.0173612 -0.000586499 0.00121843 -0.0173612 0.0869523 
0.0103614 -0.0185654 0.000543492 -0.000581421 -0.0185654 0.0899935 -0.00057073 0.00119942 0.000543492 -0.00057073 0.00923748 -0.0174078 -0.000581421 0.00119942 -0.0174078 0.0871849 
0.0103866 -0.0186041 0.000531302 -0.000566037 -0.0186041 0.0900697 -0.000562747 0.00117954 0.000531302 -0.000562747 0.00921872 -0.0173516 -0.000566037 0.00117954 -0.0173516 0.0871145 
0.0103485 -0.0185545 0.000536904 -0.000535022 -0.0185545 0.0897603 -0.000540355 0.00111965 0.000536904 -0.000540355 0.00917693 -0.0172394 -0.000535022 0.00111965 -0.0172394 0.0866159 
0.0103242 -0.0185381 0.000585584 -0.000548871 -0.0185381 0.0896928 -0.000554274 0.0011235 0.000585584 -0.000554274 0.00917161 -0.0172205 -0.000548871 0.0011235 -0.0172205 0.0864724 
0.0103721 -0.0186125 0.000606409 -0.000623563 -0.0186125 0.0900932 -0.000621739 0.00125356 0.000606409 -0.000621739 0.00918282 -0.0172935 -0.000623563 0.00125356 -0.0172935 0.0868211 
0.0103738 -0.0186029 0.000634557 -0.000659737 -0.0186029 0.0900309 -0.000658128 0.00138856 0.000634557 -0.000658128 0.00916086 -0.0172425 -0.000659737 0.00138856 -0.0172425 0.0866836 
0.0103682 -0.0186324 0.000628922 -0.000692001 -0.0186324 0.0901494 -0.000695327 0.00149217 0.000628922 -0.000695327 0.00917555 -0.0172446 -0.000692001 0.00149217 -0.0172446 0.0867221 
0.0103676 -0.0186311 0.000621018 -0.000678863 -0.0186311 0.0902277 -0.000686723 0.00151246 0.000621018 -0.000686723 0.0091894 -0.0172729 -0.000678863 0.00151246 -0.0172729 0.0868213 
0.0103434 -0.0185604 0.000581979 -0.000652418 -0.0185604 0.0899215 -0.000666744 0.00146158 0.000581979 -0.000666744 0.00914294 -0.0172233 -0.000652418 0.00146158 -0.0172233 0.0865712 
0.0103408 -0.0185469 0.000577392 -0.000608113 -0.0185469 0.0898367 -0.000624555 0.00137553 0.000577392 -0.000624555 0.00913258 -0.0172027 -0.000608113 0.00137553 -0.0172027 0.086529 
0.010288 -0.0184897 0.000575793 -0.000602591 -0.0184897 0.0895371 -0.000613615 0.00131894 0.000575793 -0.000613615 0.00914876 -0.0171437 -0.000602591 0.00131894 -0.0171437 0.0862511 
0.0103368 -0.0185883 0.000615671 -0.000613755 -0.0185883 0.0900676 -0.00061361 0.00131854 0.000615671 -0.00061361 0.00922823 -0.0172952 -0.000613755 0.00131854 -0.0172952 0.0868338 
0.0103454 -0.0185785 0.000636963 -0.000653421 -0.0185785 0.090051 -0.000645929 0.0013612 0.000636963 -0.000645929 0.00922745 -0.0173199 -0.000653421 0.0013612 -0.0173199 0.0868971 
0.0103367 -0.0185671 0.000657802 -0.000676392 -0.0185671 0.0899949 -0.000672294 0.00142184 0.000657802 -0.000672294 0.00920921 -0.0173353 -0.000676392 0.00142184 -0.0173353 0.086959 
0.0102811 -0.0184955 0.000687249 -0.00069638 -0.0184955 0.0896768 -0.000697151 0.00147537 0.000687249 -0.000697151 0.00918434 -0.0172669 -0.00069638 0.00147537 -0.0172669 0.0867062 
0.0102664 -0.0184922 0.000699084 -0.000738431 -0.0184922 0.0896834 -0.000738221 0.00156587 0.000699084 -0.000738221 0.00918218 -0.0172388 -0.000738431 0.00156587 -0.0172388 0.0866152 
0.0102673 -0.0185217 0.00067818 -0.000758652 -0.0185217 0.0898543 -0.00075641 0.0016407 0.00067818 -0.00075641 0.00920283 -0.0172453 -0.000758652 0.0016407 -0.0172453 0.0866617 
0.0102694 -0.0185229 0.000664549 -0.000736038 -0.0185229 0.0899481 -0.00073581 0.00163907 0.000664549 -0.00073581 0.009229 -0.0172841 -0.000736038 0.00163907 -0.0172841 0.0867828 
0.0102836 -0.0185497 0.000680408 -0.00070907 -0.0185497 0.0901016 -0.000714897 0.00158299 0.000680408 -0.000714897 0.00925241 -0.0173273 -0.00070907 0.00158299 -0.0173273 0.0869624 
0.0102694 -0.0185073 0.000713588 -0.000728033 -0.0185073 0.0899286 -0.000736419 0.00159315 0.000713588 -0.000736419 0.00925869 -0.0173186 -0.000728033 0.00159315 -0.0173186 0.0868836 
0.0102629 -0.0185019 0.000757775 -0.00076944 -0.0185019 0.0899098 -0.0007771 0.00166774 0.000757775 -0.0007771 0.00927641 -0.0173634 -0.00076944 0.00166774 -0.0173634 0.0870155 
0.0101944 -0.0184297 0.000737485 -0.000816992 -0.0184297 0.0895947 -0.000822853 0.00176738 0.000737485 -0.000822853 0.00928468 -0.0173398 -0.000816992 0.00176738 -0.0173398 0.0868648 
0.0101177 -0.0182795 0.000701883 -0.000792306 -0.0182795 0.0889883 -0.000795721 0.00176989 0.000701883 -0.000795721 0.00925345 -0.0172762 -0.000792306 0.00176989 -0.0172762 0.0864496 
0.0102433 -0.0184822 0.00067592 -0.000751066 -0.0184822 0.0900289 -0.000747367 0.00168079 0.00067592 -0.000747367 0.00936445 -0.0175377 -0.000751066 0.00168079 -0.0175377 0.0876792 
0.0102079 -0.0184304 0.000648252 -0.000713427 -0.0184304 0.0897498 -0.000705766 0.00157146 0.000648252 -0.000705766 0.00933562 -0.017485 -0.000713427 0.00157146 -0.017485 0.087495 
0.0101948 -0.018437 0.000668643 -0.000683622 -0.018437 0.0897612 -0.000679047 0.00148847 0.000668643 -0.000679047 0.00934473 -0.0174572 -0.000683622 0.00148847 -0.0174572 0.0874256 
0.0102444 -0.0185155 0.000695506 -0.000711646 -0.0185155 0.0902127 -0.00071586 0.00151547 0.000695506 -0.00071586 0.00937542 -0.0175639 -0.000711646 0.00151547 -0.0175639 0.0878826 
0.0101043 -0.0182439 0.000709287 -0.000731923 -0.0182439 0.0889344 -0.000742621 0.00157092 0.000709287 -0.000742621 0.00922536 -0.0173238 -0.000731923 0.00157092 -0.0173238 0.0867312 
0.010076 -0.0182053 0.000721643 -0.000755565 -0.0182053 0.0887357 -0.000769937 0.00164178 0.000721643 -0.000769937 0.00920286 -0.0172588 -0.000755565 0.00164178 -0.0172588 0.0865288 
0.0100681 -0.0181689 0.000716981 -0.00076731 -0.0181689 0.0885558 -0.000779253 0.00168168 0.000716981 -0.000779253 0.00916828 -0.0171953 -0.00076731 0.00168168 -0.0171953 0.0862571 
0.010229 -0.01845 0.000664381 -0.000776798 -0.01845 0.0898658 -0.000782887 0.00171209 0.000664381 -0.000782887 0.00929559 -0.0174202 -0.000776798 0.00171209 -0.0174202 0.0874236 
0.0102181 -0.0183964 0.000620072 -0.000701773 -0.0183964 0.0895668 -0.000701413 0.00158817 0.000620072 -0.000701413 0.00925592 -0.0173556 -0.000701773 0.00158817 -0.0173556 0.0870767 
0.0102247 -0.0184553 0.000596104 -0.000647442 -0.0184553 0.089735 -0.000641999 0.00143073 0.000596104 -0.000641999 0.00927372 -0.0173582 -0.000647442 0.00143073 -0.0173582 0.0871149 
0.0102333 -0.018465 0.00060811 -0.000619898 -0.018465 0.0898303 -0.000610626 0.00132124 0.00060811 -0.000610626 0.00929608 -0.01739 -0.000619898 0.00132124 -0.01739 0.0871999 
0.0102211 -0.0184248 0.000623766 -0.000632099 -0.0184248 0.0896679 -0.000623902 0.00129974 0.000623766 -0.000623902 0.00928096 -0.0173994 -0.000632099 0.00129974 -0.0173994 0.0871579 
0.0102224 -0.018464 0.000664199 -0.000662461 -0.018464 0.0898427 -0.000658862 0.0013679 0.000664199 -0.000658862 0.00929816 -0.0174409 -0.000662461 0.0013679 -0.0174409 0.0873971 
0.0101746 -0.018421 0.000690946 -0.000712994 -0.018421 0.0896795 -0.000713782 0.00149009 0.000690946 -0.000713782 0.00930498 -0.0173933 -0.000712994 0.00149009 -0.0173933 0.0872175 
0.0101555 -0.0183881 0.000700716 -0.000754571 -0.0183881 0.0896345 -0.000755928 0.00162241 0.000700716 -0.000755928 0.00932549 -0.0174187 -0.000754571 0.00162241 -0.0174187 0.0872452 
0.0101844 -0.0184579 0.000696473 -0.00077229 -0.0184579 0.0900247 -0.000775187 0.0017083 0.000696473 -0.000775187 0.00938656 -0.0175285 -0.00077229 0.0017083 -0.0175285 0.0877267 
0.00998776 -0.0181609 0.000655226 -0.000741658 -0.0181609 0.0886749 -0.000746334 0.00166668 0.000655226 -0.000746334 0.00929191 -0.0173132 -0.000741658 0.00166668 -0.0173132 0.0865841 
0.00998492 -0.0181084 0.000646562 -0.000705353 -0.0181084 0.0886333 -0.000705982 0.00159441 0.000646562 -0.000705982 0.00931247 -0.0173984 -0.000705353 0.00159441 -0.0173984 0.0868648 
0.00998297 -0.0181109 0.000654395 -0.00068512 -0.0181109 0.088662 -0.000683328 0.00150976 0.000654395 -0.000683328 0.00932286 -0.017439 -0.00068512 0.00150976 -0.017439 0.0871087 
0.00995499 -0.0180419 0.000644398 -0.000696784 -0.0180419 0.0883394 -0.00069549 0.00150263 0.000644398 -0.00069549 0.00928212 -0.017361 -0.000696784 0.00150263 -0.017361 0.0868129 
0.0101055 -0.0182668 0.00063458 -0.000696402 -0.0182668 0.089407 -0.00069798 0.00152064 0.00063458 -0.00069798 0.00936755 -0.0175447 -0.000696402 0.00152064 -0.0175447 0.0877909 
0.0101008 -0.0182566 0.000643851 -0.000674484 -0.0182566 0.0891928 -0.000678821 0.00148851 0.000643851 -0.000678821 0.00932056 -0.0174278 -0.000674484 0.00148851 -0.0174278 0.0873309 
0.01011 -0.0182839 0.00067338 -0.000678506 -0.0182839 0.0892333 -0.000682789 0.00146848 0.00067338 -0.000682789 0.00930459 -0.0173902 -0.000678506 0.00146848 -0.0173902 0.0871415 
0.0101096 -0.0182973 0.000717038 -0.000719025 -0.0182973 0.0892601 -0.000722355 0.00153036 0.000717038 -0.000722355 0.00930806 -0.01737 -0.000719025 0.00153036 -0.01737 0.0870229 
0.0100825 -0.0182408 0.000751547 -0.00076975 -0.0182408 0.088981 -0.000771513 0.00163634 0.000751547 -0.000771513 0.00928355 -0.0173196 -0.00076975 0.00163634 -0.0173196 0.0866989 
0.0100394 -0.0181725 0.000777987 -0.000801309 -0.0181725 0.0886138 -0.000805804 0.00172159 0.000777987 -0.000805804 0.00924009 -0.0172497 -0.000801309 0.00172159 -0.0172497 0.0863095 
0.0100563 -0.0182485 0.000794726 -0.000841401 -0.0182485 0.0889736 -0.000849408 0.00182594 0.000794726 -0.000849408 0.00928797 -0.0173191 -0.000841401 0.00182594 -0.0173191 0.0866505 
0.0100718 -0.0183036 0.00077027 -0.000853351 -0.0183036 0.0893507 -0.000862789 0.00187562 0.00077027 -0.000862789 0.00933412 -0.017426 -0.000853351 0.00187562 -0.017426 0.0871153 
0.0100339 -0.0181938 0.000728418 -0.000826157 -0.0181938 0.0889562 -0.000833095 0.00185141 0.000728418 -0.000833095 0.00930919 -0.0173955 -0.000826157 0.00185141 -0.0173955 0.0869467 
0.0100212 -0.018176 0.000705111 -0.000778884 -0.018176 0.0888395 -0.00078465 0.00176413 0.000705111 -0.00078465 0.00931011 -0.0173809 -0.000778884 0.00176413 -0.0173809 0.0869139 
0.00996942 -0.0181005 0.000712494 -0.000746774 -0.0181005 0.0884636 -0.00075255 0.00167043 0.000712494 -0.00075255 0.00929649 -0.0173086 -0.000746774 0.00167043 -0.0173086 0.0865505 
0.010065 -0.0182698 0.000735034 -0.000770432 -0.0182698 0.0893528 -0.000772983 0.00167925 0.000735034 -0.000772983 0.00943508 -0.0175365 -0.000770432 0.00167925 -0.0175365 0.0875551 
0.0100623 -0.0182987 0.000717288 -0.000787263 -0.0182987 0.0895018 -0.000784099 0.00169973 0.000717288 -0.000784099 0.00947604 -0.0176229 -0.000787263 0.00169973 -0.0176229 0.087853 
0.0100845 -0.0183118 0.000710103 -0.000769011 -0.0183118 0.0896293 -0.000763781 0.00168344 0.000710103 -0.000763781 0.00947822 -0.0176784 -0.000769011 0.00168344 -0.0176784 0.0880937 
0.00995134 -0.0180925 0.000712244 -0.000742799 -0.0180925 0.0885131 -0.000743763 0.00162358 0.000712244 -0.000743763 0.00934546 -0.0174354 -0.000742799 0.00162358 -0.0174354 0.0869827 
0.0099959 -0.0181298 0.000708715 -0.000753301 -0.0181298 0.0887386 -0.000760722 0.00162665 0.000708715 -0.000760722 0.00932162 -0.0174581 -0.000753301 0.00162665 -0.0174581 0.0871572 
0.00996486 -0.0181044 0.000707466 -0.000746647 -0.0181044 0.0885612 -0.000760148 0.00163022 0.000707466 -0.000760148 0.00930197 -0.0173746 -0.000746647 0.00163022 -0.0173746 0.086907 
0.00995944 -0.018097 0.000702593 -0.000750646 -0.018097 0.0886017 -0.000764523 0.00164375 0.000702593 -0.000764523 0.00931484 -0.0173974 -0.000750646 0.00164375 -0.0173974 0.0869771 
0.0100243 -0.0181929 0.000731368 -0.000758875 -0.0181929 0.0890865 -0.000762151 0.00166276 0.000731368 -0.000762151 0.00934346 -0.0174855 -0.000758875 0.00166276 -0.0174855 0.0874393 
0.0100347 -0.0182365 0.000756529 -0.000792952 -0.0182365 0.0892476 -0.000789932 0.00171148 0.000756529 -0.000789932 0.00935248 -0.0174697 -0.000792952 0.00171148 -0.0174697 0.0874801 
0.00999335 -0.0182099 0.000761184 -0.000823839 -0.0182099 0.0891536 -0.000824369 0.00179289 0.000761184 -0.000824369 0.00937412 -0.0174383 -0.000823839 0.00179289 -0.0174383 0.0873157 
0.00993508 -0.0181467 0.000755515 -0.000826772 -0.0181467 0.0889559 -0.000830105 0.00183529 0.000755515 -0.000830105 0.00940427 -0.017437 -0.000826772 0.00183529 -0.017437 0.0871696 
0.00986399 -0.0179993 0.00072857 -0.000819881 -0.0179993 0.0883903 -0.000820143 0.00183511 0.00072857 -0.000820143 0.00940078 -0.0174147 -0.000819881 0.00183511 -0.0174147 0.0868567 
0.00984008 -0.0179187 0.000719815 -0.00077258 -0.0179187 0.0880384 -0.000771279 0.00173694 0.000719815 -0.000771279 0.00936978 -0.0174247 -0.00077258 0.00173694 -0.0174247 0.0867684 
0.00986546 -0.01794 0.000725586 -0.000764908 -0.01794 0.0880802 -0.000765316 0.00168103 0.000725586 -0.000765316 0.00935844 -0.0174361 -0.000764908 0.00168103 -0.0174361 0.0869005 
0.00990202 -0.0179879 0.000712424 -0.000777065 -0.0179879 0.0882286 -0.000776018 0.00168555 0.000712424 -0.000776018 0.00935119 -0.0174343 -0.000777065 0.00168555 -0.0174343 0.0869861 
0.00993081 -0.0180818 0.000697182 -0.000754707 -0.0180818 0.0885978 -0.000754617 0.00164772 0.000697182 -0.000754617 0.00937192 -0.0174591 -0.000754707 0.00164772 -0.0174591 0.087195 
0.00992309 -0.0180221 0.000703383 -0.000738855 -0.0180221 0.0883744 -0.000737316 0.00160706 0.000703383 -0.000737316 0.0093324 -0.0174136 -0.000738855 0.00160706 -0.0174136 0.086951 
0.00996961 -0.0180986 0.000721447 -0.000750053 -0.0180986 0.0886797 -0.000752689 0.00161743 0.000721447 -0.000752689 0.00935265 -0.0174568 -0.000750053 0.00161743 -0.0174568 0.0872232 
0.00998915 -0.0181342 0.000728771 -0.000769782 -0.0181342 0.0888016 -0.000778695 0.00166321 0.000728771 -0.000778695 0.00936326 -0.0174595 -0.000769782 0.00166321 -0.0174595 0.0872708 
0.0100122 -0.0181794 0.000774171 -0.000790315 -0.0181794 0.0890207 -0.000794736 0.00172381 0.000774171 -0.000794736 0.00940778 -0.0175197 -0.000790315 0.00172381 -0.0175197 0.0875205 
0.0100757 -0.0182434 0.000762522 -0.000844646 -0.0182434 0.0893273 -0.000836081 0.00180958 0.000762522 -0.000836081 0.00940738 -0.0175983 -0.000844646 0.00180958 -0.0175983 0.0878491 
0.0101228 -0.0182733 0.000717914 -0.000824819 -0.0182733 0.0893511 -0.000811819 0.00180897 0.000717914 -0.000811819 0.00934034 -0.0175491 -0.000824819 0.00180897 -0.0175491 0.0877625 
0.010139 -0.0183241 0.000705462 -0.000763477 -0.0183241 0.0894354 -0.000757457 0.00170552 0.000705462 -0.000757457 0.00930434 -0.0174714 -0.000763477 0.00170552 -0.0174714 0.0875981 
0.0101063 -0.0182801 0.000716418 -0.000750553 -0.0182801 0.0891818 -0.000748093 0.00164317 0.000716418 -0.000748093 0.0092624 -0.0173482 -0.000750553 0.00164317 -0.0173482 0.0870783 
0.0101842 -0.0184447 0.000695148 -0.000768321 -0.0184447 0.0899842 -0.0007657 0.00165327 0.000695148 -0.0007657 0.00935438 -0.0174759 -0.000768321 0.00165327 -0.0174759 0.0876931 
0.0100093 -0.0181566 0.00064206 -0.000732535 -0.0181566 0.0885974 -0.000725388 0.00160323 0.00064206 -0.000725388 0.00921728 -0.0172113 -0.000732535 0.00160323 -0.0172113 0.0862768 
0.0100662 -0.0182773 0.000638342 -0.000690472 -0.0182773 0.0892586 -0.000677454 0.00152214 0.000638342 -0.000677454 0.00928676 -0.0173605 -0.000690472 0.00152214 -0.0173605 0.0869612 
0.010106 -0.0183502 0.000648612 -0.000691475 -0.0183502 0.0896957 -0.0006743 0.00148537 0.000648612 -0.0006743 0.00934563 -0.0174616 -0.000691475 0.00148537 -0.0174616 0.0874716 
0.0100968 -0.0183318 0.000665899 -0.000697921 -0.0183318 0.0896417 -0.00068527 0.00148643 0.000665899 -0.00068527 0.00934938 -0.0174579 -0.000697921 0.00148643 -0.0174579 0.0874533 
0.0100649 -0.0182826 0.000664265 -0.000715095 -0.0182826 0.0894458 -0.000712405 0.00152939 0.000664265 -0.000712405 0.00935322 -0.0174486 -0.000715095 0.00152939 -0.0174486 0.0873603 
0.0100444 -0.0182875 0.000660083 -0.000711991 -0.0182875 0.0895037 -0.000716971 0.00155492 0.000660083 -0.000716971 0.00938713 -0.0174841 -0.000711991 0.00155492 -0.0174841 0.0874931 
0.0100213 -0.018242 0.000646287 -0.000702173 -0.018242 0.0893861 -0.000706758 0.00153992 0.000646287 -0.000706758 0.00938288 -0.0174944 -0.000702173 0.00153992 -0.0174944 0.0874769 
0.00995985 -0.0180988 0.000625454 -0.000682148 -0.0180988 0.0887008 -0.000681636 0.00149282 0.000625454 -0.000681636 0.00929902 -0.0173515 -0.000682148 0.00149282 -0.0173515 0.0868109 
0.0100472 -0.0182482 0.000593553 -0.00066581 -0.0182482 0.0893699 -0.000666895 0.00145688 0.000593553 -0.000666895 0.00936226 -0.0174516 -0.00066581 0.00145688 -0.0174516 0.0873787 
0.00993881 -0.0180561 0.000570506 -0.000615914 -0.0180561 0.0884137 -0.000621914 0.00136578 0.000570506 -0.000621914 0.0092842 -0.0172784 -0.000615914 0.00136578 -0.0172784 0.0864599 
0.0100387 -0.0182647 0.00056488 -0.000599652 -0.0182647 0.0894313 -0.000607623 0.00131003 0.00056488 -0.000607623 0.00941907 -0.0175098 -0.000599652 0.00131003 -0.0175098 0.0875224 
0.0100515 -0.0183081 0.000570159 -0.000581181 -0.0183081 0.0897024 -0.000589698 0.00125095 0.000570159 -0.000589698 0.00945109 -0.0176158 -0.000581181 0.00125095 -0.0176158 0.0879393 
0.00988725 -0.0180661 0.000568121 -0.000584834 -0.0180661 0.088606 -0.000592549 0.00123552 0.000568121 -0.000592549 0.00936361 -0.0174346 -0.000584834 0.00123552 -0.0174346 0.087052 
0.00984331 -0.0179938 0.000534805 -0.000599015 -0.0179938 0.0884389 -0.000602887 0.00126741 0.000534805 -0.000602887 0.00938727 -0.017456 -0.000599015 0.00126741 -0.017456 0.0871183 
0.00981612 -0.0179079 0.000516943 -0.000562573 -0.0179079 0.0880886 -0.000565965 0.00123141 0.000516943 -0.000565965 0.00936265 -0.0174163 -0.000562573 0.00123141 -0.0174163 0.0868947 
0.00982977 -0.0178871 0.000514152 -0.00053633 -0.0178871 0.0879528 -0.000539405 0.00116149 0.000514152 -0.000539405 0.00932344 -0.0173988 -0.00053633 0.00116149 -0.0173988 0.0868134 
0.0100197 -0.0182103 0.000500899 -0.000551688 -0.0182103 0.0894166 -0.000553812 0.00117407 0.000500899 -0.000553812 0.00945142 -0.0176397 -0.000551688 0.00117407 -0.0176397 0.0881497 
