0.00809899 0 -0.000254856 0 0 0.0100749 0 0 -0.000254856 0 0.00616972 0 0 0 0 0.0100749 
0.0112522 -0.0139386 -0.000287835 0.000350915 -0.0139386 0.0358909 0.000350915 -0.00067273 -0.000287835 0.000350915 0.00877899 -0.010929 0.000350915 -0.00067273 -0.010929 0.03012 
0.0111276 -0.0203952 -0.000214688 0.000341872 -0.0203952 0.0742544 0.000341872 -0.0010593 -0.000214688 0.000341872 0.00906342 -0.017285 0.000341872 -0.0010593 -0.017285 0.0645943 
0.010307 -0.019157 -0.000170514 0.000138033 -0.019157 0.0844842 0.000140686 -0.000315852 -0.000170514 0.000140686 0.00846232 -0.0173614 0.000138033 -0.000315852 -0.0173614 0.0793663 
0.0103137 -0.0183667 -0.000191048 0.000102364 -0.0183667 0.0862246 0.000109633 0.000108601 -0.000191048 0.000109633 0.00827479 -0.0166484 0.000102364 0.000108601 -0.0166484 0.083185 
0.010558 -0.0185397 -0.00023355 0.00015534 -0.0185397 0.0879138 0.00017305 2.89044e-05 -0.00023355 0.00017305 0.00834363 -0.0163873 0.00015534 2.89044e-05 -0.0163873 0.0841669 
0.0106921 -0.0187912 -0.000275602 0.000232401 -0.0187912 0.0892517 0.000248767 -0.000238691 -0.000275602 0.000248767 0.00843416 -0.0163697 0.000232401 -0.000238691 -0.0163697 0.0844293 
0.01079 -0.0190019 -0.000291806 0.000289022 -0.0190019 0.0904718 0.000291592 -0.000450615 -0.000291806 0.000291592 0.00854581 -0.0165119 0.000289022 -0.000450615 -0.0165119 0.0850558 
0.0108668 -0.0191806 -0.00027395 0.000302833 -0.0191806 0.0914952 0.000295729 -0.000539568 -0.00027395 0.000295729 0.00870953 -0.0167002 0.000302833 -0.000539568 -0.0167002 0.0858929 
0.0107454 -0.0189511 -0.000245053 0.00026398 -0.0189511 0.0905324 0.000259869 -0.000493355 -0.000245053 0.000259869 0.00867536 -0.0166186 0.00026398 -0.000493355 -0.0166186 0.0851418 
0.0106866 -0.0188044 -0.000231017 0.000221192 -0.0188044 0.0898286 0.00021654 -0.000386063 -0.000231017 0.00021654 0.00864126 -0.0165728 0.000221192 -0.000386063 -0.0165728 0.0847075 
0.0108452 -0.0190396 -0.000229582 0.000207854 -0.0190396 0.0908745 0.000199706 -0.000313877 -0.000229582 0.000199706 0.00874417 -0.0168295 0.000207854 -0.000313877 -0.0168295 0.0859064 
0.0108683 -0.0190925 -0.000227435 0.000203801 -0.0190925 0.0910131 0.000197416 -0.000282303 -0.000227435 0.000197416 0.00873662 -0.0168698 0.000203801 -0.000282303 -0.0168698 0.0861351 
0.0108548 -0.0190988 -0.000243216 0.000210788 -0.0190988 0.0910087 0.000212047 -0.000303641 -0.000243216 0.000212047 0.0087092 -0.016839 0.000210788 -0.000303641 -0.016839 0.0860945 
0.0108017 -0.0190654 -0.000269033 0.00022721 -0.0190654 0.0908821 0.000234646 -0.000346064 -0.000269033 0.000234646 0.00870834 -0.0167776 0.00022721 -0.000346064 -0.0167776 0.0858884 
0.0107541 -0.0190114 -0.000282405 0.000259451 -0.0190114 0.0907445 0.000269555 -0.000421835 -0.000282405 0.000269555 0.00873427 -0.0167633 0.000259451 -0.000421835 -0.0167633 0.0857521 
0.0107318 -0.0189307 -0.000287196 0.000277678 -0.0189307 0.0904988 0.000287454 -0.000486597 -0.000287196 0.000287454 0.00872627 -0.0167906 0.000277678 -0.000486597 -0.0167906 0.0857088 
0.0107033 -0.0188784 -0.000269316 0.000267773 -0.0188784 0.0902226 0.000280515 -0.000480867 -0.000269316 0.000280515 0.00870842 -0.0167577 0.000267773 -0.000480867 -0.0167577 0.0855592 
0.010711 -0.0188791 -0.000271902 0.000242663 -0.0188791 0.090212 0.000261753 -0.000440883 -0.000271902 0.000261753 0.00869266 -0.0167564 0.000242663 -0.000440883 -0.0167564 0.0855645 
0.0106819 -0.0188847 -0.0002867 0.000254287 -0.0188847 0.0902084 0.00027377 -0.000451101 -0.0002867 0.00027377 0.00871057 -0.0167385 0.000254287 -0.000451101 -0.0167385 0.0855355 
0.0106618 -0.0188724 -0.000296308 0.000285177 -0.0188724 0.0902603 0.000289694 -0.000503312 -0.000296308 0.000289694 0.00874066 -0.0167759 0.000285177 -0.000503312 -0.0167759 0.0856401 
0.0106714 -0.0188691 -0.000284551 0.000306067 -0.0188691 0.090349 0.00029647 -0.000553774 -0.000284551 0.00029647 0.00876043 -0.0168381 0.000306067 -0.000553774 -0.0168381 0.0858748 
0.0106895 -0.0188873 -0.000295672 0.000294834 -0.0188873 0.0904451 0.000286174 -0.000560804 -0.000295672 0.000286174 0.00877428 -0.0168725 0.000294834 -0.000560804 -0.0168725 0.086069 
0.0107056 -0.018896 -0.000284374 0.000289135 -0.018896 0.090452 0.000286058 -0.00053265 -0.000284374 0.000286058 0.00876797 -0.0168664 0.000289135 -0.00053265 -0.0168664 0.0860712 
0.010774 -0.0189383 -0.000303531 0.00027406 -0.0189383 0.0906192 0.000274551 -0.000504984 -0.000303531 0.000274551 0.00873003 -0.0168975 0.00027406 -0.000504984 -0.0168975 0.0862381 
0.0107516 -0.018954 -0.000307103 0.000294706 -0.018954 0.0905222 0.000295427 -0.000521418 -0.000307103 0.000295427 0.0087029 -0.0168072 0.000294706 -0.000521418 -0.0168072 0.0860017 
0.0107135 -0.018872 -0.000321359 0.000312296 -0.018872 0.0901866 0.000317784 -0.00058603 -0.000321359 0.000317784 0.00864954 -0.0167261 0.000312296 -0.00058603 -0.0167261 0.0855931 
0.0106827 -0.0187912 -0.000341306 0.000331723 -0.0187912 0.0897672 0.000343965 -0.000651868 -0.000341306 0.000343965 0.00858412 -0.0166073 0.000331723 -0.000651868 -0.0166073 0.085077 
0.0108424 -0.0191232 -0.000353919 0.000349048 -0.0191232 0.0912477 0.00036297 -0.000695719 -0.000353919 0.00036297 0.00872281 -0.016822 0.000349048 -0.000695719 -0.016822 0.0862693 
0.0107718 -0.0190548 -0.000349491 0.000361136 -0.0190548 0.0909734 0.000375544 -0.000734339 -0.000349491 0.000375544 0.00872389 -0.016764 0.000361136 -0.000734339 -0.016764 0.0859019 
0.0107181 -0.0190061 -0.0003633 0.00036155 -0.0190061 0.0908745 0.000378336 -0.000759893 -0.0003633 0.000378336 0.00876408 -0.0167878 0.00036155 -0.000759893 -0.0167878 0.0858709 
0.0107084 -0.0189806 -0.000380794 0.000378071 -0.0189806 0.0909198 0.000391243 -0.000788896 -0.000380794 0.000391243 0.0088042 -0.016884 0.000378071 -0.000788896 -0.016884 0.0861588 
0.0107172 -0.0189995 -0.000385103 0.000393438 -0.0189995 0.0910718 0.00039852 -0.000808021 -0.000385103 0.00039852 0.00884466 -0.0169654 0.000393438 -0.000808021 -0.0169654 0.0865232 
0.0105745 -0.0186976 -0.000363467 0.000387134 -0.0186976 0.0896725 0.000384612 -0.000786018 -0.000363467 0.000384612 0.00868995 -0.0167372 0.000387134 -0.000786018 -0.0167372 0.0853402 
0.0106052 -0.0187279 -0.000328352 0.000374494 -0.0187279 0.0897543 0.00036831 -0.00076335 -0.000328352 0.00036831 0.00866732 -0.0167308 0.000374494 -0.00076335 -0.0167308 0.0854374 
0.0106195 -0.0187199 -0.000317431 0.000336041 -0.0187199 0.0896618 0.000333635 -0.000703984 -0.000317431 0.000333635 0.00861167 -0.0166749 0.000336041 -0.000703984 -0.0166749 0.0852785 
0.0107533 -0.0189736 -0.000361182 0.000339211 -0.0189736 0.0907815 0.000336081 -0.000695116 -0.000361182 0.000336081 0.00870311 -0.016811 0.000339211 -0.000695116 -0.016811 0.0861666 
0.0106987 -0.0189564 -0.00036512 0.000378175 -0.0189564 0.0906476 0.000372116 -0.000735915 -0.00036512 0.000372116 0.00871349 -0.0167256 0.000378175 -0.000735915 -0.0167256 0.0857844 
0.0106778 -0.018883 -0.000373142 0.000395905 -0.018883 0.0904505 0.000386044 -0.000806087 -0.000373142 0.000386044 0.00869461 -0.016738 0.000395905 -0.000806087 -0.016738 0.0856299 
0.0106594 -0.0188473 -0.000365745 0.000394392 -0.0188473 0.090235 0.00038697 -0.000817439 -0.000365745 0.00038697 0.00867258 -0.0166809 0.000394392 -0.000817439 -0.0166809 0.0853901 
0.0105849 -0.0187625 -0.000361553 0.000389611 -0.0187625 0.0898129 0.00038724 -0.000825205 -0.000361553 0.00038724 0.00866331 -0.0166041 0.000389611 -0.000825205 -0.0166041 0.0849641 
0.0107398 -0.0190612 -0.00034667 0.000390734 -0.0190612 0.0913305 0.000393075 -0.000836123 -0.00034667 0.000393075 0.00883993 -0.0169257 0.000390734 -0.000836123 -0.0169257 0.0864625 
0.0105842 -0.0187732 -0.000310014 0.000358536 -0.0187732 0.0900413 0.000363212 -0.000783469 -0.000310014 0.000363212 0.00871582 -0.0167388 0.000358536 -0.000783469 -0.0167388 0.0853946 
0.0106615 -0.0188948 -0.000268639 0.000324708 -0.0188948 0.0906545 0.000325492 -0.000710926 -0.000268639 0.000325492 0.00875039 -0.0168659 0.000324708 -0.000710926 -0.0168659 0.0860932 
0.0106714 -0.0189463 -0.000235524 0.000266061 -0.0189463 0.0908843 0.000263228 -0.000574523 -0.000235524 0.000263228 0.00877068 -0.0168642 0.000266061 -0.000574523 -0.0168642 0.0862594 
0.0105459 -0.0188119 -0.000235851 0.000217623 -0.0188119 0.0902889 0.000215201 -0.000433357 -0.000235851 0.000215201 0.00879282 -0.0167278 0.000217623 -0.000433357 -0.0167278 0.0855909 
0.0104431 -0.0186365 -0.000237287 0.000228277 -0.0186365 0.0896912 0.000223272 -0.000402669 -0.000237287 0.000223272 0.00882383 -0.0167482 0.000228277 -0.000402669 -0.0167482 0.0852897 
0.010569 -0.01884 -0.000259303 0.000253073 -0.01884 0.0908437 0.000247692 -0.000463368 -0.000259303 0.000247692 0.00900049 -0.017128 0.000253073 -0.000463368 -0.017128 0.0869049 
0.0104191 -0.0184924 -0.000279772 0.000266154 -0.0184924 0.0892017 0.000265142 -0.000503924 -0.000279772 0.000265142 0.00881721 -0.0168954 0.000266154 -0.000503924 -0.0168954 0.0856745 
0.0104592 -0.0185425 -0.000282442 0.000295388 -0.0185425 0.0892741 0.000294375 -0.000571673 -0.000282442 0.000294375 0.00878633 -0.0168593 0.000295388 -0.000571673 -0.0168593 0.0857243 
0.0104579 -0.01857 -0.0002628 0.000296312 -0.01857 0.0892759 0.00029676 -0.000602575 -0.0002628 0.00029676 0.00876858 -0.0167838 0.000296312 -0.000602575 -0.0167838 0.0855026 
0.0106239 -0.0188469 -0.000282771 0.000272857 -0.0188469 0.090623 0.000279029 -0.000578983 -0.000282771 0.000279029 0.00888145 -0.0170218 0.000272857 -0.000578983 -0.0170218 0.0866783 
0.0106455 -0.0188513 -0.000286852 0.000282603 -0.0188513 0.090581 0.000295787 -0.000570935 -0.000286852 0.000295787 0.00884161 -0.0169772 0.000282603 -0.000570935 -0.0169772 0.0865118 
0.0106941 -0.0189246 -0.000300326 0.000293204 -0.0189246 0.0908229 0.000305943 -0.000596836 -0.000300326 0.000305943 0.00881969 -0.0169699 0.000293204 -0.000596836 -0.0169699 0.0865716 
0.0106795 -0.0189582 -0.000272615 0.000314253 -0.0189582 0.0909032 0.000319405 -0.000637161 -0.000272615 0.000319405 0.00882059 -0.016925 0.000314253 -0.000637161 -0.016925 0.0864569 
0.0106598 -0.0189979 -0.000236149 0.000279346 -0.0189979 0.0911719 0.000280342 -0.000593412 -0.000236149 0.000280342 0.00887231 -0.0169637 0.000279346 -0.000593412 -0.0169637 0.0866203 
0.0106033 -0.0189319 -0.00024457 0.000236703 -0.0189319 0.0910411 0.000237456 -0.00050327 -0.00024457 0.000237456 0.00891369 -0.0169789 0.000236703 -0.00050327 -0.0169789 0.0865751 
0.0105308 -0.0188343 -0.000255932 0.000239376 -0.0188343 0.0907526 0.00023546 -0.000451622 -0.000255932 0.00023546 0.00895247 -0.0170207 0.000239376 -0.000451622 -0.0170207 0.0865766 
0.010483 -0.0187295 -0.000287023 0.000262892 -0.0187295 0.0904433 0.000254988 -0.000484126 -0.000287023 0.000254988 0.00896551 -0.0170792 0.000262892 -0.000484126 -0.0170792 0.0866814 
0.0104856 -0.0187236 -0.000268214 0.000289849 -0.0187236 0.0904583 0.000284839 -0.000531684 -0.000268214 0.000284839 0.00898257 -0.0171281 0.000289849 -0.000531684 -0.0171281 0.0869363 
0.0104453 -0.0187125 -0.000240212 0.000271229 -0.0187125 0.0904084 0.000270957 -0.000538468 -0.000240212 0.000270957 0.00902478 -0.0171305 0.000271229 -0.000538468 -0.0171305 0.0869876 
0.0102837 -0.0183684 -0.000241899 0.000236142 -0.0183684 0.0889122 0.000238652 -0.000483732 -0.000241899 0.000238652 0.00887554 -0.0169183 0.000236142 -0.000483732 -0.0169183 0.0857439 
0.0104776 -0.0186421 -0.000257748 0.000233908 -0.0186421 0.0901739 0.000236193 -0.00044382 -0.000257748 0.000236193 0.00896672 -0.0171406 0.000233908 -0.00044382 -0.0171406 0.0869919 
0.0103987 -0.0185162 -0.000273702 0.000268157 -0.0185162 0.0894028 0.000268023 -0.000505884 -0.000273702 0.000268023 0.00888632 -0.0169431 0.000268157 -0.000505884 -0.0169431 0.0861285 
0.0103814 -0.0184754 -0.000277536 0.000301132 -0.0184754 0.0891494 0.000300011 -0.000603859 -0.000277536 0.000300011 0.00884191 -0.0168715 0.000301132 -0.000603859 -0.0168715 0.0857371 
0.0104479 -0.0185642 -0.000285645 0.000301881 -0.0185642 0.089522 0.000301735 -0.000640055 -0.000285645 0.000301735 0.00881992 -0.0169195 0.000301881 -0.000640055 -0.0169195 0.0859912 
0.0105341 -0.018727 -0.000301961 0.000296349 -0.018727 0.0901626 0.000298323 -0.000623886 -0.000301961 0.000298323 0.00881794 -0.0169295 0.000296349 -0.000623886 -0.0169295 0.086297 
0.0105206 -0.0187584 -0.000303784 0.000315111 -0.0187584 0.0902507 0.000322967 -0.000652711 -0.000303784 0.000322967 0.00881712 -0.0168465 0.000315111 -0.000652711 -0.0168465 0.0860357 
0.0104949 -0.0187355 -0.00031329 0.000315584 -0.0187355 0.0902125 0.000321301 -0.000665555 -0.00031329 0.000321301 0.00883377 -0.0168244 0.000315584 -0.000665555 -0.0168244 0.085838 
0.0104891 -0.018734 -0.000321942 0.000340523 -0.018734 0.0903064 0.000335491 -0.00070626 -0.000321942 0.000335491 0.00887248 -0.0168992 0.000340523 -0.00070626 -0.0168992 0.0860393 
0.0104662 -0.0186596 -0.000337451 0.000354843 -0.0186596 0.0900319 0.000343277 -0.000744439 -0.000337451 0.000343277 0.00885925 -0.0169071 0.000354843 -0.000744439 -0.0169071 0.0859814 
0.0104387 -0.0186073 -0.000340339 0.000369721 -0.0186073 0.0897396 0.000362172 -0.000781155 -0.000340339 0.000362172 0.00884291 -0.0168614 0.000369721 -0.000781155 -0.0168614 0.0857845 
0.0104095 -0.0186023 -0.000342648 0.000363922 -0.0186023 0.0896893 0.000366465 -0.000790615 -0.000342648 0.000366465 0.00886648 -0.0168609 0.000363922 -0.000790615 -0.0168609 0.0857596 
0.0103932 -0.0186104 -0.000364638 0.000361276 -0.0186104 0.0898217 0.00037409 -0.000795676 -0.000364638 0.00037409 0.00891517 -0.0169313 0.000361276 -0.000795676 -0.0169313 0.0859937 
0.010407 -0.0185967 -0.000384477 0.000385816 -0.0185967 0.0898837 0.000399852 -0.000834134 -0.000384477 0.000399852 0.00892856 -0.017003 0.000385816 -0.000834134 -0.017003 0.0862456 
0.0104113 -0.0185962 -0.00038296 0.00041467 -0.0185962 0.0898785 0.000420138 -0.000894446 -0.00038296 0.000420138 0.00892495 -0.0170241 0.00041467 -0.000894446 -0.0170241 0.0863895 
0.0103846 -0.0185532 -0.000363942 0.000424956 -0.0185532 0.0896588 0.000423105 -0.000941004 -0.000363942 0.000423105 0.00890786 -0.016972 0.000424956 -0.000941004 -0.016972 0.0862026 
0.0104019 -0.0185043 -0.000355071 0.000414326 -0.0185043 0.0894374 0.000414599 -0.000958576 -0.000355071 0.000414599 0.00885333 -0.016933 0.000414326 -0.000958576 -0.016933 0.0859965 
0.0104054 -0.0185035 -0.000355802 0.000387194 -0.0185035 0.0892398 0.000392321 -0.000904933 -0.000355802 0.000392321 0.0088031 -0.0168259 0.000387194 -0.000904933 -0.0168259 0.0856214 
0.010445 -0.0185682 -0.000357853 0.00038123 -0.0185682 0.0894261 0.000381138 -0.000855802 -0.000357853 0.000381138 0.00877981 -0.0167965 0.00038123 -0.000855802 -0.0167965 0.0855362 
0.0104122 -0.018645 -0.000356301 0.000372826 -0.018645 0.0896872 0.000369608 -0.000806977 -0.000356301 0.000369608 0.00884011 -0.0167726 0.000372826 -0.000806977 -0.0167726 0.0854989 
0.0103575 -0.0185892 -0.000352588 0.00036554 -0.0185892 0.0896579 0.000362592 -0.000770543 -0.000352588 0.000362592 0.00889443 -0.0168351 0.00036554 -0.000770543 -0.0168351 0.0855344 
0.0103303 -0.0184829 -0.000356979 0.000375711 -0.0184829 0.0893579 0.000373642 -0.000792858 -0.000356979 0.000373642 0.00890561 -0.0168964 0.000375711 -0.000792858 -0.0168964 0.0856032 
0.0103177 -0.0184414 -0.000375234 0.000383032 -0.0184414 0.0891758 0.000381046 -0.000816437 -0.000375234 0.000381046 0.00890455 -0.0169447 0.000383032 -0.000816437 -0.0169447 0.0857798 
0.010451 -0.018736 -0.000368622 0.000406616 -0.018736 0.0905725 0.000408089 -0.000865981 -0.000368622 0.000408089 0.00907718 -0.0172213 0.000406616 -0.000865981 -0.0172213 0.0872559 
0.0103057 -0.0184048 -0.000354636 0.000389845 -0.0184048 0.0891089 0.000405018 -0.000879913 -0.000354636 0.000405018 0.00890593 -0.0169992 0.000389845 -0.000879913 -0.0169992 0.0860253 
0.010321 -0.0184078 -0.000344248 0.000372438 -0.0184078 0.0890135 0.00039614 -0.000862377 -0.000344248 0.00039614 0.00886536 -0.0169298 0.000372438 -0.000862377 -0.0169298 0.0858884 
0.010317 -0.0184982 -0.000341841 0.000351232 -0.0184982 0.0893403 0.00037183 -0.000805417 -0.000341841 0.00037183 0.00891014 -0.0169244 0.000351232 -0.000805417 -0.0169244 0.0859962 
0.0103178 -0.0184711 -0.000341563 0.000365129 -0.0184711 0.0893656 0.00037307 -0.000806075 -0.000341563 0.00037307 0.00891585 -0.0169437 0.000365129 -0.000806075 -0.0169437 0.0859751 
0.0103057 -0.0184302 -0.000369006 0.000363975 -0.0184302 0.0891846 0.000363444 -0.000798633 -0.000369006 0.000363444 0.0088936 -0.0169254 0.000363975 -0.000798633 -0.0169254 0.0858533 
0.0103133 -0.0184223 -0.000414063 0.000401003 -0.0184223 0.0891183 0.000393134 -0.00084587 -0.000414063 0.000393134 0.00886346 -0.016902 0.000401003 -0.00084587 -0.016902 0.0857782 
0.0103521 -0.018515 -0.000432265 0.000462967 -0.018515 0.0894743 0.000450321 -0.000966328 -0.000432265 0.000450321 0.00888255 -0.0169108 0.000462967 -0.000966328 -0.0169108 0.0859515 
0.0103049 -0.0184494 -0.0004345 0.000489658 -0.0184494 0.0891587 0.000475277 -0.00106952 -0.0004345 0.000475277 0.0088705 -0.0168221 0.000489658 -0.00106952 -0.0168221 0.0855062 
0.0103471 -0.0185458 -0.000417968 0.000482913 -0.0185458 0.0896476 0.000472184 -0.00108544 -0.000417968 0.000472184 0.00893418 -0.0169338 0.000482913 -0.00108544 -0.0169338 0.0859429 
0.0103614 -0.0186103 -0.000402999 0.000447803 -0.0186103 0.0900175 0.000449378 -0.00103032 -0.000402999 0.000449378 0.00900898 -0.0170378 0.000447803 -0.00103032 -0.0170378 0.0863785 
0.0104209 -0.0185597 -0.000425862 0.000428921 -0.0185597 0.0899343 0.000442954 -0.000991388 -0.000425862 0.000442954 0.00895466 -0.0171152 0.000428921 -0.000991388 -0.0171152 0.0865921 
0.0104404 -0.0185921 -0.000455284 0.000452224 -0.0185921 0.0898248 0.000470473 -0.00101354 -0.000455284 0.000470473 0.00890562 -0.0170292 0.000452224 -0.00101354 -0.0170292 0.0864681 
0.0104066 -0.0185353 -0.000488131 0.00049711 -0.0185353 0.0894113 0.000508909 -0.00110486 -0.000488131 0.000508909 0.008841 -0.0168649 0.00049711 -0.00110486 -0.0168649 0.0858083 
0.0104017 -0.0185183 -0.000488555 0.000539137 -0.0185183 0.0892457 0.000541836 -0.00119885 -0.000488555 0.000541836 0.00880052 -0.0167832 0.000539137 -0.00119885 -0.0167832 0.0854029 
0.0104158 -0.0185535 -0.000490634 0.000553601 -0.0185535 0.0893543 0.000556261 -0.00127842 -0.000490634 0.000556261 0.00880267 -0.0167851 0.000553601 -0.00127842 -0.0167851 0.0853828 
0.0104003 -0.0186013 -0.000471304 0.000547351 -0.0186013 0.0895582 0.000551704 -0.00128522 -0.000471304 0.000551704 0.0088567 -0.0168134 0.000547351 -0.00128522 -0.0168134 0.0855094 
0.0103624 -0.0185619 -0.000451229 0.000515699 -0.0185619 0.0895401 0.000518197 -0.00122343 -0.000451229 0.000518197 0.00890026 -0.0168845 0.000515699 -0.00122343 -0.0168845 0.0856645 
0.0103888 -0.0185982 -0.00044362 0.000488655 -0.0185982 0.0898499 0.000486553 -0.00114102 -0.00044362 0.000486553 0.0089607 -0.0170215 0.000488655 -0.00114102 -0.0170215 0.086234 
0.0104597 -0.0186444 -0.000424482 0.000481276 -0.0186444 0.0901348 0.000474496 -0.00108852 -0.000424482 0.000474496 0.0089698 -0.0171296 0.000481276 -0.00108852 -0.0171296 0.086753 
0.0104975 -0.0187249 -0.000432777 0.000458213 -0.0187249 0.0903924 0.000451616 -0.00103538 -0.000432777 0.000451616 0.00898337 -0.0171473 0.000458213 -0.00103538 -0.0171473 0.0870231 
0.0105271 -0.0187714 -0.00039661 0.000462918 -0.0187714 0.0906005 0.000456757 -0.00101145 -0.00039661 0.000456757 0.00898253 -0.0171591 0.000462918 -0.00101145 -0.0171591 0.0871478 
0.010555 -0.0187601 -0.000372454 0.000421861 -0.0187601 0.090509 0.000417421 -0.000954053 -0.000372454 0.000417421 0.00893544 -0.0171007 0.000421861 -0.000954053 -0.0171007 0.0869365 
0.0105801 -0.0188121 -0.000378321 0.000400341 -0.0188121 0.0906119 0.000398558 -0.000901114 -0.000378321 0.000398558 0.00893042 -0.0170663 0.000400341 -0.000901114 -0.0170663 0.086869 
0.0105762 -0.0187884 -0.000382926 0.000405419 -0.0187884 0.0904516 0.000404935 -0.000888264 -0.000382926 0.000404935 0.00890092 -0.0170172 0.000405419 -0.000888264 -0.0170172 0.0866039 
0.0105918 -0.0188575 -0.000389575 0.000410383 -0.0188575 0.09071 0.000410955 -0.000897694 -0.000389575 0.000410955 0.0089363 -0.0170456 0.000410383 -0.000897694 -0.0170456 0.0867585 
0.0106056 -0.0188504 -0.00040787 0.000416059 -0.0188504 0.0907548 0.000415084 -0.00090533 -0.00040787 0.000415084 0.00893364 -0.0170919 0.000416059 -0.00090533 -0.0170919 0.0868799 
0.0104215 -0.0185809 -0.000406884 0.000427898 -0.0185809 0.0894398 0.000427673 -0.000917212 -0.000406884 0.000427673 0.00882091 -0.0168538 0.000427898 -0.000917212 -0.0168538 0.0857104 
0.0105739 -0.0188322 -0.000413619 0.000443285 -0.0188322 0.0907531 0.000440851 -0.000957551 -0.000413619 0.000440851 0.00896359 -0.0171133 0.000443285 -0.000957551 -0.0171133 0.0870241 
0.0103919 -0.0185261 -0.000410807 0.000428715 -0.0185261 0.0892742 0.000422684 -0.000920602 -0.000410807 0.000422684 0.00883357 -0.0168452 0.000428715 -0.000920602 -0.0168452 0.0856411 
0.0103871 -0.0185588 -0.000427815 0.00043314 -0.0185588 0.0894692 0.000421281 -0.000907918 -0.000427815 0.000421281 0.00887909 -0.0168998 0.00043314 -0.000907918 -0.0168998 0.0858743 
0.0103583 -0.0184641 -0.000427778 0.000454673 -0.0184641 0.0891185 0.000442893 -0.000940296 -0.000427778 0.000442893 0.00885299 -0.0168686 0.000454673 -0.000940296 -0.0168686 0.0856324 
0.0105004 -0.0187007 -0.000438192 0.000456677 -0.0187007 0.0902219 0.0004546 -0.000970521 -0.000438192 0.0004546 0.00896661 -0.0170883 0.000456677 -0.000970521 -0.0170883 0.0867488 
0.0104896 -0.0187207 -0.000448974 0.000460854 -0.0187207 0.0902764 0.000465686 -0.000989869 -0.000448974 0.000465686 0.00897707 -0.0171025 0.000460854 -0.000989869 -0.0171025 0.0868162 
0.0104614 -0.0186809 -0.000456683 0.000483349 -0.0186809 0.0901359 0.000486232 -0.00104466 -0.000456683 0.000486232 0.00896958 -0.0170759 0.000483349 -0.00104466 -0.0170759 0.0866773 
0.010452 -0.0186663 -0.000466675 0.00050567 -0.0186663 0.0901023 0.000506597 -0.00111692 -0.000466675 0.000506597 0.00897808 -0.0170748 0.00050567 -0.00111692 -0.0170748 0.0866504 
0.010454 -0.0186123 -0.000452168 0.000514619 -0.0186123 0.0898735 0.000517738 -0.00116002 -0.000452168 0.000517738 0.00893803 -0.0170555 0.000514619 -0.00116002 -0.0170555 0.0864903 
0.0104661 -0.0185822 -0.000456114 0.000492649 -0.0185822 0.0896283 0.000497886 -0.00114274 -0.000456114 0.000497886 0.00886378 -0.0169873 0.000492649 -0.00114274 -0.0169873 0.0862327 
0.0104965 -0.0186835 -0.000453994 0.000494556 -0.0186835 0.0899391 0.000498173 -0.00112498 -0.000453994 0.000498173 0.00885709 -0.0169546 0.000494556 -0.00112498 -0.0169546 0.0862876 
0.010452 -0.0186383 -0.000469612 0.000507243 -0.0186383 0.0897447 0.000508464 -0.00115673 -0.000469612 0.000508464 0.00883584 -0.0168688 0.000507243 -0.00115673 -0.0168688 0.0859048 
0.0104361 -0.0186182 -0.000459211 0.000522883 -0.0186182 0.0897216 0.00052472 -0.00119128 -0.000459211 0.00052472 0.00883481 -0.0168644 0.000522883 -0.00119128 -0.0168644 0.0858246 
0.0104754 -0.0186453 -0.00043965 0.000504855 -0.0186453 0.0898973 0.000509357 -0.00117554 -0.00043965 0.000509357 0.00882171 -0.0168996 0.000504855 -0.00117554 -0.0168996 0.0859896 
0.010414 -0.0185788 -0.000405657 0.000477192 -0.0185788 0.0894906 0.000483001 -0.00112046 -0.000405657 0.000483001 0.00879815 -0.0167704 0.000477192 -0.00112046 -0.0167704 0.0854814 
0.0105388 -0.0188425 -0.000395351 0.000451726 -0.0188425 0.0908107 0.000461177 -0.0010761 -0.000395351 0.000461177 0.00897543 -0.0170335 0.000451726 -0.0010761 -0.0170335 0.0867035 
0.0103314 -0.0185361 -0.000370715 0.000413591 -0.0185361 0.0894319 0.000424138 -0.000972941 -0.000370715 0.000424138 0.00890416 -0.0168466 0.000413591 -0.000972941 -0.0168466 0.0855304 
0.0103817 -0.0186438 -0.00036376 0.000380509 -0.0186438 0.0901587 0.000386337 -0.000865492 -0.00036376 0.000386337 0.0090068 -0.0170958 0.000380509 -0.000865492 -0.0170958 0.0865555 
0.0103382 -0.0186108 -0.000367774 0.000383529 -0.0186108 0.090156 0.000384321 -0.000834359 -0.000367774 0.000384321 0.00906295 -0.0171588 0.000383529 -0.000834359 -0.0171588 0.0868741 
0.0102663 -0.0184675 -0.000351699 0.00039412 -0.0184675 0.0896511 0.000388276 -0.000843514 -0.000351699 0.000388276 0.00906602 -0.0171348 0.00039412 -0.000843514 -0.0171348 0.0866654 
0.0102435 -0.0183744 -0.000338942 0.000376318 -0.0183744 0.0892672 0.000366904 -0.00082017 -0.000338942 0.000366904 0.00905093 -0.0171265 0.000376318 -0.00082017 -0.0171265 0.0865275 
0.0102601 -0.0183499 -0.000346289 0.000358044 -0.0183499 0.0890949 0.000349457 -0.000776808 -0.000346289 0.000349457 0.00901856 -0.0171286 0.000358044 -0.000776808 -0.0171286 0.0865159 
0.0102719 -0.0183406 -0.000368177 0.000369578 -0.0183406 0.0888953 0.000365037 -0.000785158 -0.000368177 0.000365037 0.00897367 -0.0170509 0.000369578 -0.000785158 -0.0170509 0.0862544 
0.0102801 -0.0183361 -0.000400729 0.000406322 -0.0183361 0.0887494 0.000403969 -0.000864047 -0.000400729 0.000403969 0.00893252 -0.016989 0.000406322 -0.000864047 -0.016989 0.0859897 
0.01033 -0.018461 -0.000404755 0.000444488 -0.018461 0.0892409 0.000438521 -0.000951279 -0.000404755 0.000438521 0.00895825 -0.0170397 0.000444488 -0.000951279 -0.0170397 0.0863035 
0.0103857 -0.0185557 -0.000430508 0.000449006 -0.0185557 0.0897055 0.000442787 -0.000996911 -0.000430508 0.000442787 0.00897459 -0.0170973 0.000449006 -0.000996911 -0.0170973 0.086631 
0.0104514 -0.018632 -0.000457294 0.000473903 -0.018632 0.0900614 0.000471806 -0.00104213 -0.000457294 0.000471806 0.00896178 -0.0171307 0.000473903 -0.00104213 -0.0171307 0.08688 
0.0104434 -0.0186921 -0.000472307 0.00049585 -0.0186921 0.0902322 0.000498773 -0.00109143 -0.000472307 0.000498773 0.00898582 -0.0170783 0.00049585 -0.00109143 -0.0170783 0.0868109 
0.0104107 -0.0186231 -0.000471038 0.000509977 -0.0186231 0.0900273 0.000514175 -0.00113261 -0.000471038 0.000514175 0.00897206 -0.0170612 0.000509977 -0.00113261 -0.0170612 0.0865887 
0.0103257 -0.0184864 -0.000445212 0.000505156 -0.0184864 0.0894119 0.000510886 -0.00113982 -0.000445212 0.000510886 0.00893686 -0.0169687 0.000505156 -0.00113982 -0.0169687 0.0860825 
0.0102649 -0.0183948 -0.000424432 0.000480219 -0.0183948 0.0890261 0.000488762 -0.00111288 -0.000424432 0.000488762 0.00892593 -0.0169319 0.000480219 -0.00111288 -0.0169319 0.085821 
0.0104257 -0.018668 -0.000386765 0.000461472 -0.018668 0.0903849 0.000473385 -0.00107563 -0.000386765 0.000473385 0.00907673 -0.0172112 0.000461472 -0.00107563 -0.0172112 0.0871909 
0.0102963 -0.0183729 -0.000348789 0.000412212 -0.0183729 0.0889516 0.000421798 -0.000984088 -0.000348789 0.000421798 0.00890649 -0.016962 0.000412212 -0.000984088 -0.016962 0.085879 
0.0103342 -0.0183998 -0.000353837 0.00037716 -0.0183998 0.088941 0.000376858 -0.000887786 -0.000353837 0.000376858 0.0088626 -0.0169192 0.00037716 -0.000887786 -0.0169192 0.0857924 
0.0103649 -0.018519 -0.00035344 0.000372497 -0.018519 0.0893441 0.000363606 -0.000812956 -0.00035344 0.000363606 0.00888667 -0.0169155 0.000372497 -0.000812956 -0.0169155 0.0859294 
0.0104283 -0.018604 -0.00038368 0.000383108 -0.018604 0.0898251 0.000372743 -0.000816712 -0.00038368 0.000372743 0.00889749 -0.0169981 0.000383108 -0.000816712 -0.0169981 0.0862954 
0.0103852 -0.0185706 -0.000406808 0.000432819 -0.0185706 0.0896454 0.000421375 -0.000912456 -0.000406808 0.000421375 0.00888952 -0.0169334 0.000432819 -0.000912456 -0.0169334 0.0860763 
0.0104014 -0.0186155 -0.000423533 0.000459878 -0.0186155 0.0899314 0.000447706 -0.000998615 -0.000423533 0.000447706 0.00892061 -0.0169854 0.000459878 -0.000998615 -0.0169854 0.0863083 
