0.00671416 0 -0.000359195 0 0 0.0100676 0 0 -0.000359195 0 0.00772597 0 0 0 0 0.0100676 
0.00936947 -0.0116501 -0.000471725 0.000573453 -0.0116501 0.0314679 0.000573453 -0.00109911 -0.000471725 0.000573453 0.0108365 -0.0134319 0.000573453 -0.00109911 -0.0134319 0.0348838 
0.00949543 -0.0178687 -0.000413212 0.000592993 -0.0178687 0.0663132 0.000592993 -0.00183544 -0.000413212 0.000592993 0.0107531 -0.0198407 0.000592993 -0.00183544 -0.0198407 0.072451 
0.00897804 -0.0176024 -0.00041054 0.000381833 -0.0176024 0.079568 0.000381242 -0.00108563 -0.00041054 0.000381242 0.00999756 -0.0189107 0.000381833 -0.00108563 -0.0189107 0.0838883 
0.00908504 -0.0173305 -0.000480613 0.000421627 -0.0173305 0.0842824 0.00042183 -0.000860033 -0.000480613 0.00042183 0.0101188 -0.0184523 0.000421627 -0.000860033 -0.0184523 0.0877137 
0.00923606 -0.0172928 -0.000533055 0.000532741 -0.0172928 0.0857446 0.000533297 -0.00108429 -0.000533055 0.000533297 0.0103086 -0.0184872 0.000532741 -0.00108429 -0.0184872 0.089119 
0.00940441 -0.0175256 -0.000551405 0.000593346 -0.0175256 0.0871662 0.000590502 -0.00129318 -0.000551405 0.000590502 0.0104867 -0.0187474 0.000593346 -0.00129318 -0.0187474 0.090491 
0.00938505 -0.0174764 -0.000547395 0.000598682 -0.0174764 0.08702 0.000595865 -0.00136472 -0.000547395 0.000595865 0.0104588 -0.0186965 0.000598682 -0.00136472 -0.0186965 0.0902467 
0.00936857 -0.0174526 -0.000532557 0.000595159 -0.0174526 0.0869739 0.000591923 -0.00137436 -0.000532557 0.000591923 0.0104674 -0.0186813 0.000595159 -0.00137436 -0.0186813 0.0901644 
0.00939785 -0.0175394 -0.000518248 0.00058509 -0.0175394 0.0874451 0.000579564 -0.00135929 -0.000518248 0.000579564 0.0105424 -0.0188048 0.00058509 -0.00135929 -0.0188048 0.0906802 
0.00928507 -0.0173675 -0.000496072 0.000558812 -0.0173675 0.0866476 0.000551223 -0.00129562 -0.000496072 0.000551223 0.0104736 -0.0186615 0.000558812 -0.00129562 -0.0186615 0.0899247 
0.00936864 -0.0174845 -0.000476958 0.000537002 -0.0174845 0.0873848 0.000527412 -0.00123346 -0.000476958 0.000527412 0.0105903 -0.0189066 0.000537002 -0.00123346 -0.0189066 0.0909737 
0.0093161 -0.0174078 -0.000477864 0.000506221 -0.0174078 0.0869677 0.000498693 -0.00115828 -0.000477864 0.000498693 0.0105454 -0.0188452 0.000506221 -0.00115828 -0.0188452 0.0906979 
0.00926877 -0.0173102 -0.00050033 0.000504824 -0.0173102 0.0865044 0.000500115 -0.00112419 -0.00050033 0.000500115 0.0104943 -0.0187466 0.000504824 -0.00112419 -0.0187466 0.0902627 
0.00923941 -0.0172556 -0.000498644 0.00052552 -0.0172556 0.0861825 0.000525779 -0.00114757 -0.000498644 0.000525779 0.0104425 -0.0186521 0.00052552 -0.00114757 -0.0186521 0.0898356 
0.00934707 -0.0175127 -0.000495169 0.000534504 -0.0175127 0.0874797 0.000541433 -0.00119707 -0.000495169 0.000541433 0.0105954 -0.0189426 0.000534504 -0.00119707 -0.0189426 0.0912109 
0.00933687 -0.0174751 -0.000476158 0.000521542 -0.0174751 0.0874172 0.000531328 -0.00118919 -0.000476158 0.000531328 0.0105676 -0.0189372 0.000521542 -0.00118919 -0.0189372 0.0912069 
0.0092213 -0.017235 -0.000450281 0.000488647 -0.017235 0.0862202 0.000497351 -0.00112232 -0.000450281 0.000497351 0.0103872 -0.0186495 0.000488647 -0.00112232 -0.0186495 0.0899325 
0.00926144 -0.0173357 -0.000450452 0.000470937 -0.0173357 0.0866509 0.000475114 -0.00107091 -0.000450452 0.000475114 0.0103929 -0.0186685 0.000470937 -0.00107091 -0.0186685 0.0901868 
0.00929637 -0.017384 -0.000459809 0.000487637 -0.017384 0.0869075 0.000488027 -0.00109225 -0.000459809 0.000488027 0.0103832 -0.018653 0.000487637 -0.00109225 -0.018653 0.090233 
0.00931804 -0.0174238 -0.00048098 0.000489472 -0.0174238 0.0870817 0.000485337 -0.00108937 -0.00048098 0.000485337 0.010381 -0.0186353 0.000489472 -0.00108937 -0.0186353 0.0902265 
0.00925962 -0.0172747 -0.000483415 0.000507825 -0.0172747 0.0863643 0.000505001 -0.0011116 -0.000483415 0.000505001 0.0103281 -0.0184857 0.000507825 -0.0011116 -0.0184857 0.0894737 
0.00922337 -0.017275 -0.000495027 0.000503757 -0.017275 0.0862987 0.000505723 -0.0011159 -0.000495027 0.000505723 0.0103257 -0.0185104 0.000503757 -0.0011159 -0.0185104 0.0894645 
0.00931374 -0.0174619 -0.000471527 0.000522879 -0.0174619 0.087374 0.000526514 -0.00114481 -0.000471527 0.000526514 0.0104883 -0.018782 0.000522879 -0.00114481 -0.018782 0.0907521 
0.00924204 -0.0172996 -0.000459917 0.000491827 -0.0172996 0.0867012 0.000494792 -0.00111172 -0.000459917 0.000494792 0.0104438 -0.0187189 0.000491827 -0.00111172 -0.0187189 0.0903502 
0.00924562 -0.0172339 -0.000466712 0.000483211 -0.0172339 0.0863686 0.000484362 -0.00108157 -0.000466712 0.000484362 0.0103964 -0.0186863 0.000483211 -0.00108157 -0.0186863 0.0901828 
0.00928822 -0.0173096 -0.000457954 0.000499764 -0.0173096 0.0865672 0.000504579 -0.0011128 -0.000457954 0.000504579 0.010394 -0.0186881 0.000499764 -0.0011128 -0.0186881 0.0903066 
0.00929572 -0.0173529 -0.000496792 0.00049647 -0.0173529 0.0866709 0.000506969 -0.00114438 -0.000496792 0.000506969 0.0103689 -0.0186458 0.00049647 -0.00114438 -0.0186458 0.0901884 
0.00929206 -0.017396 -0.00050421 0.000534747 -0.017396 0.0868764 0.00054084 -0.00119324 -0.00050421 0.00054084 0.0103838 -0.0186295 0.000534747 -0.00119324 -0.0186295 0.0901773 
0.00927766 -0.0173671 -0.000487958 0.00055278 -0.0173671 0.0868292 0.000553074 -0.00125344 -0.000487958 0.000553074 0.010396 -0.0186193 0.00055278 -0.00125344 -0.0186193 0.0900665 
0.00935746 -0.0175304 -0.00047452 0.000533834 -0.0175304 0.087666 0.000528858 -0.00123736 -0.00047452 0.000528858 0.0104767 -0.018817 0.000533834 -0.00123736 -0.018817 0.0909461 
0.00928605 -0.0172686 -0.000490854 0.00050963 -0.0172686 0.0864117 0.000501214 -0.00117518 -0.000490854 0.000501214 0.010263 -0.0185385 0.00050963 -0.00117518 -0.0185385 0.0896718 
0.00930527 -0.017316 -0.000497218 0.00053062 -0.017316 0.0864058 0.000519738 -0.00117753 -0.000497218 0.000519738 0.0102217 -0.0184401 0.00053062 -0.00117753 -0.0184401 0.08946 
0.00931615 -0.0173664 -0.000480886 0.00053338 -0.0173664 0.0865914 0.000524855 -0.00118609 -0.000480886 0.000524855 0.0102369 -0.0184211 0.00053338 -0.00118609 -0.0184211 0.0894274 
0.00944612 -0.0176275 -0.000482463 0.000520139 -0.0176275 0.0879392 0.000516869 -0.00117858 -0.000482463 0.000516869 0.0104091 -0.018711 0.000520139 -0.00117858 -0.018711 0.0907704 
0.00939684 -0.017542 -0.00048861 0.000520633 -0.017542 0.08757 0.000520845 -0.00117862 -0.00048861 0.000520845 0.0103908 -0.0186567 0.000520633 -0.00117862 -0.0186567 0.0904438 
0.00939406 -0.0175767 -0.000474029 0.000534017 -0.0175767 0.0877489 0.000529682 -0.00119928 -0.000474029 0.000529682 0.0104214 -0.0187063 0.000534017 -0.00119928 -0.0187063 0.0906387 
0.00937122 -0.0174633 -0.000490676 0.000517379 -0.0174633 0.0872918 0.000506483 -0.00117975 -0.000490676 0.000506483 0.0103801 -0.0186423 0.000517379 -0.00117975 -0.0186423 0.0902705 
0.00943941 -0.0175317 -0.000536956 0.00053479 -0.0175317 0.0874983 0.000523434 -0.00118843 -0.000536956 0.000523434 0.0103674 -0.0186739 0.00053479 -0.00118843 -0.0186739 0.0904387 
0.00940794 -0.0175251 -0.000574595 0.000580416 -0.0175251 0.0872617 0.000575839 -0.001268 -0.000574595 0.000575839 0.0103184 -0.0185492 0.000580416 -0.001268 -0.0185492 0.0899693 
0.00946013 -0.0176453 -0.000606732 0.000629921 -0.0176453 0.0879242 0.000629277 -0.00138672 -0.000606732 0.000629277 0.0104366 -0.0186999 0.000629921 -0.00138672 -0.0186999 0.090628 
0.00938485 -0.017493 -0.000598642 0.000647555 -0.017493 0.0871917 0.000642475 -0.00142963 -0.000598642 0.000642475 0.0103319 -0.0185806 0.000647555 -0.00142963 -0.0185806 0.0899077 
0.00948592 -0.0176898 -0.000591026 0.000647786 -0.0176898 0.0881417 0.000641606 -0.00144786 -0.000591026 0.000641606 0.0103914 -0.0187636 0.000647786 -0.00144786 -0.0187636 0.0908833 
0.00938846 -0.0174498 -0.000559685 0.000626459 -0.0174498 0.0869642 0.000622323 -0.00141383 -0.000559685 0.000622323 0.0101997 -0.018454 0.000626459 -0.00141383 -0.018454 0.089578 
0.00936925 -0.0174674 -0.000546046 0.000601385 -0.0174674 0.0869444 0.000597519 -0.00137223 -0.000546046 0.000597519 0.0101934 -0.01837 0.000601385 -0.00137223 -0.01837 0.0893556 
0.009332 -0.0174596 -0.000519644 0.000581702 -0.0174596 0.0869617 0.000580799 -0.00132314 -0.000519644 0.000580799 0.0102068 -0.0183484 0.000581702 -0.00132314 -0.0183484 0.0892171 
0.00931929 -0.017427 -0.000486371 0.000547444 -0.017427 0.0870103 0.000552776 -0.00125751 -0.000486371 0.000552776 0.0102409 -0.0184249 0.000547444 -0.00125751 -0.0184249 0.0894434 
0.00944767 -0.017604 -0.000476464 0.00051182 -0.017604 0.0879782 0.000522182 -0.00118569 -0.000476464 0.000522182 0.0103925 -0.0186795 0.00051182 -0.00118569 -0.0186795 0.0906456 
0.00943288 -0.0175413 -0.000466405 0.000491515 -0.0175413 0.0875914 0.00050192 -0.00111504 -0.000466405 0.00050192 0.010356 -0.018647 0.000491515 -0.00111504 -0.018647 0.0904148 
0.00939667 -0.017543 -0.000459139 0.000477477 -0.017543 0.0874427 0.000485504 -0.0010646 -0.000459139 0.000485504 0.010336 -0.0185752 0.000477477 -0.0010646 -0.0185752 0.0901464 
0.00943216 -0.0176015 -0.000502716 0.000479313 -0.0176015 0.0878153 0.000487792 -0.00106289 -0.000502716 0.000487792 0.0103625 -0.018657 0.000479313 -0.00106289 -0.018657 0.0904908 
0.00943063 -0.0175537 -0.000522893 0.000542281 -0.0175537 0.0876085 0.00055119 -0.00117557 -0.000522893 0.00055119 0.0103448 -0.0186145 0.000542281 -0.00117557 -0.0186145 0.0903134 
0.00941373 -0.0175062 -0.000532928 0.000579287 -0.0175062 0.087287 0.000582654 -0.00130067 -0.000532928 0.000582654 0.0103184 -0.0185493 0.000579287 -0.00130067 -0.0185493 0.0899799 
0.00940905 -0.0175382 -0.000561879 0.000594674 -0.0175382 0.0873598 0.000593084 -0.00136863 -0.000561879 0.000593084 0.010317 -0.0185603 0.000594674 -0.00136863 -0.0185603 0.0900002 
0.00938245 -0.0175579 -0.000602148 0.000631261 -0.0175579 0.0875037 0.000625456 -0.00144213 -0.000602148 0.000625456 0.0103655 -0.0185879 0.000631261 -0.00144213 -0.0185879 0.0901371 
0.00938577 -0.0175406 -0.000611153 0.000672674 -0.0175406 0.0875847 0.00066358 -0.00152339 -0.000611153 0.00066358 0.0104118 -0.0186621 0.000672674 -0.00152339 -0.0186621 0.0903549 
0.00941375 -0.0175522 -0.000566305 0.000672605 -0.0175522 0.0876824 0.000661257 -0.00154055 -0.000566305 0.000661257 0.0104564 -0.0187521 0.000672605 -0.00154055 -0.0187521 0.0906828 
0.00941346 -0.0175611 -0.000556732 0.000611127 -0.0175611 0.0876445 0.000603418 -0.00144154 -0.000556732 0.000603418 0.0104605 -0.0187667 0.000611127 -0.00144154 -0.0187667 0.090734 
0.00943281 -0.0176334 -0.00053909 0.000593077 -0.0176334 0.0879952 0.000586589 -0.00135388 -0.00053909 0.000586589 0.0104962 -0.0188535 0.000593077 -0.00135388 -0.0188535 0.0911452 
0.00939079 -0.0175727 -0.000518488 0.000576382 -0.0175727 0.0877505 0.000572126 -0.00130708 -0.000518488 0.000572126 0.0104818 -0.0187878 0.000576382 -0.00130708 -0.0187878 0.0908873 
0.00942832 -0.01756 -0.000499894 0.000551449 -0.01756 0.0877716 0.00055265 -0.00125766 -0.000499894 0.00055265 0.0104882 -0.0188313 0.000551449 -0.00125766 -0.0188313 0.0910127 
0.00946273 -0.0176223 -0.000502625 0.000516013 -0.0176223 0.0879426 0.000521896 -0.00117236 -0.000502625 0.000521896 0.010482 -0.0188632 0.000516013 -0.00117236 -0.0188632 0.0912021 
0.00946455 -0.0176095 -0.000533804 0.000511394 -0.0176095 0.0878312 0.000518711 -0.00112131 -0.000533804 0.000518711 0.0104258 -0.018808 0.000511394 -0.00112131 -0.018808 0.0910323 
0.00945378 -0.0176459 -0.000552449 0.000551735 -0.0176459 0.0879221 0.000557845 -0.00116823 -0.000552449 0.000557845 0.0104124 -0.0187421 0.000551735 -0.00116823 -0.0187421 0.0908921 
0.00928607 -0.0173928 -0.000532951 0.000574806 -0.0173928 0.0867556 0.000572885 -0.00122485 -0.000532951 0.000572885 0.0103096 -0.0184819 0.000574806 -0.00122485 -0.0184819 0.0896102 
0.00928942 -0.0173416 -0.000551523 0.000572258 -0.0173416 0.0867008 0.000561582 -0.00125203 -0.000551523 0.000561582 0.01033 -0.0185504 0.000572258 -0.00125203 -0.0185504 0.0897576 
0.00932415 -0.0173694 -0.000582674 0.000595819 -0.0173694 0.0868274 0.000584555 -0.00129007 -0.000582674 0.000584555 0.0103356 -0.0186246 0.000595819 -0.00129007 -0.0186246 0.0900927 
0.00933387 -0.0173407 -0.000592743 0.000626401 -0.0173407 0.086606 0.000618997 -0.00135705 -0.000592743 0.000618997 0.0102884 -0.0185516 0.000626401 -0.00135705 -0.0185516 0.0898642 
0.00935166 -0.0173653 -0.000611569 0.000637056 -0.0173653 0.0865613 0.000634958 -0.00140842 -0.000611569 0.000634958 0.0102622 -0.0184743 0.000637056 -0.00140842 -0.0184743 0.0896001 
0.00938946 -0.0174216 -0.000650661 0.000667066 -0.0174216 0.0867404 0.000665648 -0.00148125 -0.000650661 0.000665648 0.0102702 -0.0184704 0.000667066 -0.00148125 -0.0184704 0.0895736 
0.00944674 -0.0175082 -0.000706868 0.000708072 -0.0175082 0.0870704 0.00070707 -0.00156685 -0.000706868 0.00070707 0.010263 -0.0185097 0.000708072 -0.00156685 -0.0185097 0.0897365 
0.00944078 -0.0175883 -0.000729444 0.000767732 -0.0175883 0.087356 0.000766222 -0.0016823 -0.000729444 0.000766222 0.0102792 -0.0185009 0.000767732 -0.0016823 -0.0185009 0.0898109 
0.00941691 -0.0175441 -0.000753742 0.000795768 -0.0175441 0.0872921 0.000789397 -0.0017705 -0.000753742 0.000789397 0.0102657 -0.0184871 0.000795768 -0.0017705 -0.0184871 0.0897073 
0.00952756 -0.0176914 -0.000739031 0.000829272 -0.0176914 0.0881122 0.000818966 -0.00184468 -0.000739031 0.000818966 0.0103711 -0.0186812 0.000829272 -0.00184468 -0.0186812 0.0906433 
0.00944967 -0.0175279 -0.000683801 0.000794096 -0.0175279 0.0872351 0.000784609 -0.00181037 -0.000683801 0.000784609 0.0102721 -0.0185168 0.000794096 -0.00181037 -0.0185168 0.0898319 
0.00943827 -0.0175625 -0.000643001 0.00072142 -0.0175625 0.087305 0.000720086 -0.00167597 -0.000643001 0.000720086 0.0102593 -0.0185049 0.00072142 -0.00167597 -0.0185049 0.0898209 
0.00946944 -0.0175829 -0.000611966 0.000678406 -0.0175829 0.0874683 0.000685063 -0.00156319 -0.000611966 0.000685063 0.0102576 -0.0185148 0.000678406 -0.00156319 -0.0185148 0.0899125 
0.00940816 -0.0175071 -0.000579497 0.000635033 -0.0175071 0.087061 0.000641138 -0.00144902 -0.000579497 0.000641138 0.0102087 -0.0184213 0.000635033 -0.00144902 -0.0184213 0.0894903 
0.00937753 -0.0174965 -0.000584848 0.000599533 -0.0174965 0.087083 0.000603481 -0.00134889 -0.000584848 0.000603481 0.0102251 -0.0184309 0.000599533 -0.00134889 -0.0184309 0.0895353 
0.00943722 -0.017683 -0.000575091 0.000612771 -0.017683 0.088139 0.000612381 -0.00132691 -0.000575091 0.000612381 0.0104018 -0.018673 0.000612771 -0.00132691 -0.018673 0.0906854 
0.00939186 -0.0175654 -0.000566509 0.000609741 -0.0175654 0.0877906 0.000610119 -0.00133904 -0.000566509 0.000610119 0.0104034 -0.0186926 0.000609741 -0.00133904 -0.0186926 0.0905876 
0.00941615 -0.0175567 -0.000545614 0.000601883 -0.0175567 0.0877621 0.000606871 -0.00134192 -0.000545614 0.000606871 0.0103929 -0.0187284 0.000601883 -0.00134192 -0.0187284 0.0907253 
0.00944717 -0.0176061 -0.000534453 0.000574524 -0.0176061 0.0879216 0.000584646 -0.0013066 -0.000534453 0.000584646 0.0104045 -0.0187525 0.000574524 -0.0013066 -0.0187525 0.0909216 
0.00929075 -0.0173328 -0.000496771 0.000548996 -0.0173328 0.0864946 0.000559229 -0.00124179 -0.000496771 0.000559229 0.0102313 -0.0184204 0.000548996 -0.00124179 -0.0184204 0.0893602 
0.00928711 -0.0173771 -0.00046136 0.000509319 -0.0173771 0.0867401 0.000521209 -0.00116032 -0.00046136 0.000521209 0.0102753 -0.0184755 0.000509319 -0.00116032 -0.0184755 0.0895966 
0.0092921 -0.0174182 -0.000446028 0.000471826 -0.0174182 0.0870317 0.000483762 -0.00107401 -0.000446028 0.000483762 0.0103063 -0.0185378 0.000471826 -0.00107401 -0.0185378 0.0898794 
0.00929147 -0.0173336 -0.00044881 0.000458429 -0.0173336 0.0867664 0.000468093 -0.00102314 -0.00044881 0.000468093 0.0102588 -0.0185206 0.000458429 -0.00102314 -0.0185206 0.0897683 
0.00941583 -0.0175716 -0.000439794 0.000468106 -0.0175716 0.0878356 0.000476661 -0.00102496 -0.000439794 0.000476661 0.0103881 -0.0187079 0.000468106 -0.00102496 -0.0187079 0.0908319 
0.00940793 -0.0175388 -0.000473916 0.000455446 -0.0175388 0.0876394 0.000462277 -0.00101041 -0.000473916 0.000462277 0.0103484 -0.018659 0.000455446 -0.00101041 -0.018659 0.0905636 
0.00939764 -0.0175124 -0.000518048 0.00050418 -0.0175124 0.087443 0.000502493 -0.00107279 -0.000518048 0.000502493 0.0102886 -0.0185868 0.00050418 -0.00107279 -0.0185868 0.0902657 
0.00946221 -0.0176197 -0.000555971 0.000574743 -0.0176197 0.0879075 0.000564849 -0.00122088 -0.000555971 0.000564849 0.0103006 -0.018624 0.000574743 -0.00122088 -0.018624 0.090558 
0.00935481 -0.0174516 -0.000545524 0.000596553 -0.0174516 0.0869842 0.000586771 -0.00129513 -0.000545524 0.000586771 0.0101692 -0.0183568 0.000596553 -0.00129513 -0.0183568 0.0893634 
0.00939793 -0.017544 -0.000525663 0.000578182 -0.017544 0.0874824 0.000572025 -0.00128543 -0.000525663 0.000572025 0.0102141 -0.0184391 0.000578182 -0.00128543 -0.0184391 0.0897534 
0.00938907 -0.0175039 -0.000479227 0.000555628 -0.0175039 0.0873907 0.000551313 -0.00124174 -0.000479227 0.000551313 0.0102211 -0.0184605 0.000555628 -0.00124174 -0.0184605 0.0898031 
0.00939239 -0.0174628 -0.00049178 0.000509255 -0.0174628 0.0871859 0.000504219 -0.00116221 -0.00049178 0.000504219 0.0102023 -0.0184385 0.000509255 -0.00116221 -0.0184385 0.0896982 
0.00937619 -0.0174259 -0.000544712 0.000524211 -0.0174259 0.0868908 0.000517534 -0.00114469 -0.000544712 0.000517534 0.0101609 -0.0183626 0.000524211 -0.00114469 -0.0183626 0.0893672 
0.0093355 -0.0173692 -0.000563354 0.000589041 -0.0173692 0.0865785 0.00058201 -0.00124948 -0.000563354 0.00058201 0.0101221 -0.0183018 0.000589041 -0.00124948 -0.0183018 0.0890569 
0.00948576 -0.0176711 -0.000570132 0.000623205 -0.0176711 0.0880384 0.000616526 -0.00136445 -0.000570132 0.000616526 0.0102793 -0.0185601 0.000623205 -0.00136445 -0.0185601 0.090387 
0.00933459 -0.0174044 -0.000543046 0.000611649 -0.0174044 0.0867146 0.000605866 -0.00137397 -0.000543046 0.000605866 0.0101306 -0.018257 0.000611649 -0.00137397 -0.018257 0.0888996 
0.00936884 -0.0174782 -0.000552285 0.000586838 -0.0174782 0.0871084 0.000582903 -0.00133962 -0.000552285 0.000582903 0.0101757 -0.0183507 0.000586838 -0.00133962 -0.0183507 0.0892793 
0.00938619 -0.0175087 -0.000545549 0.00058822 -0.0175087 0.0873609 0.000589104 -0.00131743 -0.000545549 0.000589104 0.0102239 -0.0184609 0.00058822 -0.00131743 -0.0184609 0.0897393 
0.00942199 -0.0175468 -0.000538705 0.000581512 -0.0175468 0.0875867 0.000584615 -0.00130951 -0.000538705 0.000584615 0.0102406 -0.0185252 0.000581512 -0.00130951 -0.0185252 0.0900828 
0.00946272 -0.0175931 -0.000564467 0.000582127 -0.0175931 0.0877844 0.000583018 -0.00131415 -0.000564467 0.000583018 0.0102382 -0.0185518 0.000582127 -0.00131415 -0.0185518 0.0903011 
0.00945486 -0.0176265 -0.000579394 0.00060548 -0.0176265 0.0878614 0.000605136 -0.00133857 -0.000579394 0.000605136 0.0102297 -0.0185092 0.00060548 -0.00133857 -0.0185092 0.0902313 
0.00938834 -0.0174971 -0.000613841 0.000623299 -0.0174971 0.08726 0.000622914 -0.00138321 -0.000613841 0.000622914 0.0101648 -0.0183407 0.000623299 -0.00138321 -0.0183407 0.0894483 
0.00950736 -0.0176479 -0.000636085 0.000682455 -0.0176479 0.088041 0.00068494 -0.00151249 -0.000636085 0.00068494 0.0102811 -0.0185355 0.000682455 -0.00151249 -0.0185355 0.0902783 
0.00934434 -0.017385 -0.000613724 0.000690442 -0.017385 0.0865924 0.000692033 -0.00156853 -0.000613724 0.000692033 0.0101253 -0.018262 0.000690442 -0.00156853 -0.018262 0.0888459 
0.00936643 -0.0174442 -0.00056596 0.000669111 -0.0174442 0.0869189 0.000667389 -0.00154903 -0.00056596 0.000667389 0.0101799 -0.0183615 0.000669111 -0.00154903 -0.0183615 0.0892673 
0.00938267 -0.0174817 -0.000567747 0.000611434 -0.0174817 0.0871485 0.000605223 -0.00143661 -0.000567747 0.000605223 0.010208 -0.0184366 0.000611434 -0.00143661 -0.0184366 0.0896043 
0.00943485 -0.0175786 -0.000560504 0.000607841 -0.0175786 0.0876154 0.000594816 -0.00135609 -0.000560504 0.000594816 0.0102438 -0.0185037 0.000607841 -0.00135609 -0.0185037 0.0900092 
0.00948186 -0.0176484 -0.00056313 0.000605177 -0.0176484 0.0879676 0.000596616 -0.00134411 -0.00056313 0.000596616 0.0102821 -0.0185596 0.000605177 -0.00134411 -0.0185596 0.090313 
0.00949419 -0.0176579 -0.000585517 0.000594882 -0.0176579 0.0879885 0.000594967 -0.00132155 -0.000585517 0.000594967 0.0102685 -0.0185568 0.000594882 -0.00132155 -0.0185568 0.090292 
0.00943456 -0.0175709 -0.000582861 0.000608892 -0.0175709 0.0875481 0.000615072 -0.00132835 -0.000582861 0.000615072 0.0102524 -0.0184668 0.000608892 -0.00132835 -0.0184668 0.0898682 
0.00938467 -0.0174853 -0.000580045 0.000606209 -0.0174853 0.0871768 0.00061838 -0.00134022 -0.000580045 0.00061838 0.0102378 -0.0184354 0.000606209 -0.00134022 -0.0184354 0.0895894 
0.00934319 -0.017456 -0.000565728 0.000609552 -0.017456 0.0870399 0.000625369 -0.00136253 -0.000565728 0.000625369 0.0102381 -0.018428 0.000609552 -0.00136253 -0.018428 0.0895115 
0.00938409 -0.0174997 -0.000591679 0.000604511 -0.0174997 0.0873556 0.00061782 -0.00137344 -0.000591679 0.00061782 0.0102521 -0.0185153 0.000604511 -0.00137344 -0.0185153 0.0899033 
0.00937215 -0.0174781 -0.00060708 0.000637385 -0.0174781 0.0872244 0.000642516 -0.00141835 -0.00060708 0.000642516 0.0102333 -0.0184612 0.000637385 -0.00141835 -0.0184612 0.0897591 
0.00930624 -0.0173623 -0.000604441 0.000656176 -0.0173623 0.0866919 0.000652696 -0.00146338 -0.000604441 0.000652696 0.0101787 -0.0183703 0.000656176 -0.00146338 -0.0183703 0.089292 
0.00928273 -0.0173043 -0.000631846 0.000657688 -0.0173043 0.0864366 0.000649393 -0.00147949 -0.000631846 0.000649393 0.0101454 -0.0183246 0.000657688 -0.00147949 -0.0183246 0.0890795 
0.0094166 -0.0175685 -0.000641236 0.00069764 -0.0175685 0.0877372 0.000687288 -0.00154042 -0.000641236 0.000687288 0.0103074 -0.0185904 0.00069764 -0.00154042 -0.0185904 0.0904125 
0.00930826 -0.0173151 -0.000623752 0.000689224 -0.0173151 0.0864716 0.000678963 -0.00154123 -0.000623752 0.000678963 0.0101364 -0.0183212 0.000689224 -0.00154123 -0.0183212 0.089075 
0.0094095 -0.0174725 -0.00063262 0.000686426 -0.0174725 0.0871104 0.000675346 -0.00154621 -0.00063262 0.000675346 0.0101761 -0.0184053 0.000686426 -0.00154621 -0.0184053 0.0895745 
0.00944722 -0.017551 -0.000623588 0.000685791 -0.017551 0.087385 0.00067327 -0.00152945 -0.000623588 0.00067327 0.0101932 -0.0184196 0.000685791 -0.00152945 -0.0184196 0.0896958 
0.00946283 -0.0175981 -0.000614297 0.00066603 -0.0175981 0.0875952 0.000657073 -0.00148776 -0.000614297 0.000657073 0.0101911 -0.0184509 0.00066603 -0.00148776 -0.0184509 0.0898296 
0.00944462 -0.0176167 -0.000615842 0.000646843 -0.0176167 0.0877328 0.000646995 -0.00144358 -0.000615842 0.000646995 0.0102094 -0.0184678 0.000646843 -0.00144358 -0.0184678 0.089967 
0.00944205 -0.0176076 -0.000616085 0.000648367 -0.0176076 0.0878305 0.000658549 -0.00144036 -0.000616085 0.000658549 0.0102322 -0.0185055 0.000648367 -0.00144036 -0.0185055 0.090141 
0.00940247 -0.0174982 -0.000583411 0.000643272 -0.0174982 0.0873256 0.000653515 -0.0014296 -0.000583411 0.000653515 0.0101789 -0.0184009 0.000643272 -0.0014296 -0.0184009 0.0896554 
0.00932513 -0.0173849 -0.000577478 0.000608669 -0.0173849 0.0866867 0.000615834 -0.00137421 -0.000577478 0.000615834 0.0101124 -0.0182474 0.000608669 -0.00137421 -0.0182474 0.0889317 
0.00945003 -0.017592 -0.000609629 0.00061419 -0.017592 0.0877652 0.000614841 -0.00135357 -0.000609629 0.000614841 0.010227 -0.0184926 0.00061419 -0.00135357 -0.0184926 0.0900536 
0.00944275 -0.0175653 -0.000631201 0.000654205 -0.0175653 0.0875929 0.000651485 -0.00141215 -0.000631201 0.000651485 0.0101907 -0.0184513 0.000654205 -0.00141215 -0.0184513 0.0898876 
0.009453 -0.0175781 -0.000642655 0.00068432 -0.0175781 0.0876326 0.000678944 -0.00149192 -0.000642655 0.000678944 0.0101886 -0.0184519 0.00068432 -0.00149192 -0.0184519 0.0899286 
0.00944064 -0.0175673 -0.000645119 0.000693305 -0.0175673 0.0875699 0.000688563 -0.00153412 -0.000645119 0.000688563 0.0101696 -0.0184439 0.000693305 -0.00153412 -0.0184439 0.0898974 
0.00946487 -0.0176227 -0.000652678 0.000698102 -0.0176227 0.0878862 0.000696353 -0.00156074 -0.000652678 0.000696353 0.0102008 -0.0185098 0.000698102 -0.00156074 -0.0185098 0.0902653 
0.00948006 -0.0175721 -0.000665878 0.000700765 -0.0175721 0.0876926 0.000706241 -0.00157539 -0.000665878 0.000706241 0.0101681 -0.0184771 0.000700765 -0.00157539 -0.0184771 0.0901302 
0.00950085 -0.0176073 -0.000657041 0.000714876 -0.0176073 0.0877176 0.000723385 -0.00160413 -0.000657041 0.000723385 0.0101716 -0.0184551 0.000714876 -0.00160413 -0.0184551 0.0900977 
0.00941321 -0.0174212 -0.000637563 0.000698411 -0.0174212 0.0866649 0.000705819 -0.0015882 -0.000637563 0.000705819 0.0100294 -0.0181866 0.000698411 -0.0015882 -0.0181866 0.0887987 
0.00944822 -0.0175318 -0.000612765 0.000684735 -0.0175318 0.0870999 0.000690249 -0.00156023 -0.000612765 0.000690249 0.0100731 -0.0182462 0.000684735 -0.00156023 -0.0182462 0.0890758 
0.00948643 -0.0175608 -0.000632119 0.000654001 -0.0175608 0.08727 0.000654551 -0.00149197 -0.000632119 0.000654551 0.0100689 -0.0182675 0.000654001 -0.00149197 -0.0182675 0.0891446 
0.00951025 -0.0176386 -0.000689883 0.000670517 -0.0176386 0.0875665 0.000666975 -0.00146936 -0.000689883 0.000666975 0.0100669 -0.0182973 0.000670517 -0.00146936 -0.0182973 0.0893459 
0.00949873 -0.0176324 -0.000731576 0.000735463 -0.0176324 0.087572 0.00073105 -0.00156134 -0.000731576 0.00073105 0.0100451 -0.0182559 0.000735463 -0.00156134 -0.0182559 0.0892431 
0.00949247 -0.0176291 -0.000731996 0.000796133 -0.0176291 0.0876221 0.000788497 -0.00170908 -0.000731996 0.000788497 0.0100536 -0.0182538 0.000796133 -0.00170908 -0.0182538 0.0892667 
0.00946171 -0.0176155 -0.000737127 0.000802056 -0.0176155 0.0875806 0.000790231 -0.00178032 -0.000737127 0.000790231 0.0100781 -0.0182338 0.000802056 -0.00178032 -0.0182338 0.0891817 
0.00945251 -0.0175885 -0.000753652 0.000808749 -0.0175885 0.0875752 0.000792804 -0.00180099 -0.000753652 0.000792804 0.0101108 -0.0182914 0.000808749 -0.00180099 -0.0182914 0.0893125 
0.00947966 -0.0175778 -0.00076315 0.000827668 -0.0175778 0.0875615 0.000808783 -0.00183152 -0.00076315 0.000808783 0.0101167 -0.0183374 0.000827668 -0.00183152 -0.0183374 0.0894613 
0.0094777 -0.0175572 -0.000771346 0.000837693 -0.0175572 0.0873436 0.000825249 -0.00187061 -0.000771346 0.000825249 0.0100944 -0.0182916 0.000837693 -0.00187061 -0.0182916 0.0892737 
0.00950331 -0.0175628 -0.000759419 0.000838808 -0.0175628 0.0873277 0.000831888 -0.00188209 -0.000759419 0.000831888 0.0100914 -0.018318 0.000838808 -0.00188209 -0.018318 0.0893449 
0.00955294 -0.0176317 -0.000739237 0.000812506 -0.0176317 0.0875599 0.000806628 -0.00182988 -0.000739237 0.000806628 0.010075 -0.0183639 0.000812506 -0.00182988 -0.0183639 0.0895992 
0.00961221 -0.0177537 -0.000731097 0.000782118 -0.0177537 0.0880395 0.000777907 -0.00174918 -0.000731097 0.000777907 0.0100678 -0.0183835 0.000782118 -0.00174918 -0.0183835 0.0898979 
0.00956515 -0.0176924 -0.000724647 0.000766145 -0.0176924 0.0876778 0.000765584 -0.00169046 -0.000724647 0.000765584 0.0100052 -0.0182026 0.000766145 -0.00169046 -0.0182026 0.0892117 
0.00954582 -0.0177091 -0.000727731 0.000768868 -0.0177091 0.0877949 0.000771074 -0.00168818 -0.000727731 0.000771074 0.0100312 -0.0182058 0.000768868 -0.00168818 -0.0182058 0.0891767 
